939.270000000 7.750000000 -0.019266620300
939.020000000 7.750000000 0.165083885200
939.270000000 7.500000000 -0.024849558200
939.020000000 7.500000000 0.160366132900
939.520000000 7.750000000 -0.188413485900
937.020000000 7.500000000 -0.147722005800
938.770000000 7.750000000 0.338368564800
937.270000000 7.500000000 0.052802316800
939.520000000 7.500000000 -0.193752452700
938.770000000 7.500000000 0.334834784300
939.270000000 8.000000000 -0.013436463700
939.770000000 7.750000000 -0.323120534400
937.520000000 7.500000000 0.252799719600
937.270000000 7.750000000 0.047810584300
936.770000000 7.500000000 -0.313047409100
939.520000000 8.000000000 -0.180845424500
937.020000000 7.750000000 -0.149866804500
939.020000000 8.000000000 0.167875275000
941.020000000 8.000000000 -0.228946343100
937.020000000 7.250000000 -0.142749264800
937.270000000 7.250000000 0.057327244400
937.520000000 7.750000000 0.247072115500
938.520000000 7.750000000 0.470059812100
941.020000000 7.750000000 -0.222921878100
939.770000000 7.500000000 -0.326493918900
939.270000000 7.250000000 -0.029985640200
939.770000000 8.000000000 -0.315828174400
936.770000000 7.750000000 -0.311369419100
939.020000000 7.250000000 0.153886050000
938.520000000 7.500000000 0.467771112900
937.770000000 7.500000000 0.416414946300
940.020000000 7.750000000 -0.410473197700
938.770000000 8.000000000 0.337738990800
937.520000000 7.250000000 0.255129128700
936.770000000 7.250000000 -0.309231281300
937.770000000 7.750000000 0.412050664400
936.520000000 7.500000000 -0.415787220000
940.770000000 8.000000000 -0.345593035200
940.770000000 7.750000000 -0.339348465200
939.520000000 7.250000000 -0.196598738400
938.020000000 7.500000000 0.515135884300
941.020000000 8.250000000 -0.232886210100
940.270000000 7.750000000 -0.442706167700
938.270000000 7.500000000 0.532662630100
938.270000000 7.750000000 0.533225357500
940.020000000 8.000000000 -0.405697584200
940.520000000 7.750000000 -0.417380988600
938.770000000 7.250000000 0.327345043400
938.020000000 7.750000000 0.513267934300
937.270000000 8.000000000 0.042968779800
939.270000000 8.250000000 -0.007586692000
940.020000000 7.500000000 -0.410145849000
935.270000000 7.500000000 0.021460566700
939.520000000 8.250000000 -0.171386733700
940.520000000 8.000000000 -0.421064823900
935.020000000 7.500000000 0.142354413900
935.270000000 7.250000000 0.023348601500
936.520000000 7.750000000 -0.410967916300
937.020000000 8.000000000 -0.148911118500
941.020000000 7.500000000 -0.215476721500
935.020000000 7.250000000 0.143604785200
937.770000000 7.250000000 0.415347009900
940.270000000 8.000000000 -0.442093372300
937.520000000 8.000000000 0.238630652400
935.520000000 7.500000000 -0.129354015000
938.520000000 8.000000000 0.466348022200
936.520000000 7.250000000 -0.413797795800
939.020000000 8.250000000 0.168579012200
937.270000000 7.000000000 0.060892261600
936.270000000 7.500000000 -0.441782802300
937.020000000 7.000000000 -0.135271921800
939.770000000 7.250000000 -0.325621068500
940.770000000 7.500000000 -0.329518944000
935.520000000 7.250000000 -0.143843308100
939.770000000 8.250000000 -0.305077016400
940.770000000 8.250000000 -0.347581058700
938.520000000 7.250000000 0.459780752700
940.270000000 7.500000000 -0.437769889800
937.770000000 8.000000000 0.402698993700
939.270000000 7.000000000 -0.034487191600
936.770000000 8.000000000 -0.304341971900
935.270000000 7.750000000 0.017642309900
935.770000000 7.500000000 -0.278204292100
940.520000000 7.500000000 -0.408637315000
938.020000000 7.250000000 0.510511457900
935.020000000 7.750000000 0.137565180700
936.020000000 7.500000000 -0.391201704700
939.020000000 7.000000000 0.145807907000
937.520000000 7.000000000 0.253539353600
934.770000000 7.500000000 0.212717309600
936.270000000 7.750000000 -0.435813874000
935.270000000 7.000000000 0.009029950000
935.520000000 7.750000000 -0.130891457200
938.270000000 8.000000000 0.526958704000
938.270000000 7.250000000 0.525513529800
934.770000000 7.250000000 0.213287502500
938.020000000 8.000000000 0.504963874800
935.020000000 7.000000000 0.141349822300
936.770000000 7.000000000 -0.299967199600
941.020000000 8.500000000 -0.234133377700
935.770000000 7.250000000 -0.276903033300
940.020000000 8.250000000 -0.396258413800
936.270000000 7.250000000 -0.441106140600
939.520000000 7.000000000 -0.196723297200
938.770000000 8.250000000 0.332820028100
940.520000000 8.250000000 -0.419364720600
935.770000000 7.750000000 -0.276504665600
936.020000000 7.750000000 -0.386513143800
940.020000000 7.250000000 -0.404429256900
941.020000000 7.250000000 -0.207241922600
936.020000000 7.250000000 -0.390650540600
937.270000000 8.250000000 0.038964055500
935.520000000 7.000000000 -0.140973731900
940.270000000 8.250000000 -0.436084032100
939.270000000 8.500000000 -0.001980384300
939.520000000 8.500000000 -0.160478696200
936.520000000 8.000000000 -0.399772584400
938.770000000 7.000000000 0.316155672100
934.770000000 7.750000000 0.207940951000
937.520000000 8.250000000 0.228274315600
937.770000000 7.000000000 0.408498227600
937.020000000 8.250000000 -0.144657284000
935.270000000 8.000000000 0.011999694600
940.770000000 7.250000000 -0.316855877600
936.520000000 7.000000000 -0.404784113200
934.770000000 7.000000000 0.209745794500
937.270000000 6.750000000 0.063121654100
939.770000000 8.500000000 -0.291463643300
940.770000000 8.500000000 -0.344847887800
939.020000000 8.500000000 0.167065382000
938.520000000 8.250000000 0.456520319000
939.770000000 7.000000000 -0.320279419400
935.020000000 8.000000000 0.129340529400
940.270000000 7.250000000 -0.427274912600
935.520000000 8.000000000 -0.131989345000
937.020000000 6.750000000 -0.125744625900
937.770000000 8.250000000 0.388910532000
935.270000000 6.750000000 0.008179434600
940.520000000 7.250000000 -0.395280420800
939.270000000 6.750000000 -0.038144744900
935.770000000 7.000000000 -0.285290896900
936.270000000 8.000000000 -0.423730135000
938.520000000 7.000000000 0.446470320200
935.020000000 6.750000000 0.128926083400
936.770000000 8.250000000 -0.292303353500
938.020000000 7.000000000 0.499388068900
935.770000000 8.000000000 -0.271984964600
939.020000000 6.750000000 0.136408358800
937.520000000 6.750000000 0.247767090800
934.520000000 7.500000000 0.233162254100
934.520000000 7.250000000 0.233874961700
938.020000000 8.250000000 0.490412980300
936.020000000 8.000000000 -0.377005428100
938.270000000 8.250000000 0.513811171100
941.020000000 8.750000000 -0.232169166200
938.270000000 7.000000000 0.512082219100
936.270000000 7.000000000 -0.433428108700
940.020000000 8.500000000 -0.382729947600
939.520000000 6.750000000 -0.193966880400
936.770000000 6.750000000 -0.285640180100
941.020000000 7.000000000 -0.198712483000
936.020000000 7.000000000 -0.384543448700
935.520000000 6.750000000 -0.137762293200
940.520000000 8.500000000 -0.412159264100
934.770000000 8.000000000 0.199112042800
938.770000000 8.500000000 0.323621928700
937.270000000 8.500000000 0.036448169500
939.520000000 8.750000000 -0.148646369600
940.020000000 7.000000000 -0.393195867500
940.270000000 8.500000000 -0.424974113700
939.270000000 8.750000000 0.003060390900
934.520000000 7.750000000 0.223533824100
937.520000000 8.500000000 0.216837376400
938.770000000 6.750000000 0.301716536300
935.270000000 8.250000000 -0.016778344300
936.520000000 8.250000000 -0.382863283200
934.770000000 6.750000000 0.202857688100
937.020000000 8.500000000 -0.137023568200
937.770000000 6.750000000 0.395778447400
940.770000000 7.000000000 -0.302061289500
935.520000000 8.250000000 -0.154230386000
934.520000000 7.000000000 0.230270609300
935.020000000 8.250000000 0.117955394100
939.770000000 8.750000000 -0.275642365200
937.270000000 6.500000000 0.063807450200
937.770000000 8.500000000 0.371349871200
940.770000000 8.750000000 -0.337163865600
939.770000000 6.750000000 -0.310447365000
935.270000000 6.500000000 0.005789213800
936.520000000 6.750000000 -0.388926982900
939.020000000 8.750000000 0.163207501200
940.270000000 7.000000000 -0.411356598100
937.020000000 6.500000000 -0.114648923300
935.770000000 6.750000000 -0.277972191600
939.270000000 6.500000000 -0.040762674100
940.520000000 7.000000000 -0.377806872100
935.020000000 6.500000000 0.121370844500
935.770000000 8.250000000 -0.264902412900
938.520000000 8.500000000 0.440728813400
934.270000000 7.500000000 0.206147059800
936.270000000 8.250000000 -0.406253099400
938.520000000 6.750000000 0.428427130000
936.770000000 8.500000000 -0.275782257300
939.020000000 6.500000000 0.126019075500
934.270000000 7.250000000 0.205413267000
938.020000000 6.750000000 0.481968879700
937.520000000 6.500000000 0.237835094300
922.770000000 6.750000000 0.032245706800
941.020000000 9.000000000 -0.233283802900
936.020000000 8.250000000 -0.363228797900
922.770000000 6.500000000 0.035477060800
941.020000000 6.750000000 -0.190262362400
938.020000000 8.500000000 0.470031112400
923.020000000 6.500000000 0.074973344800
940.020000000 8.750000000 -0.365712672500
923.020000000 6.750000000 0.074411109100
939.520000000 6.500000000 -0.188254043500
922.520000000 6.750000000 -0.018642809200
934.520000000 8.000000000 0.215773388700
938.270000000 8.500000000 0.494041532300
922.520000000 6.500000000 -0.013946357200
934.770000000 8.250000000 0.186538144900
922.770000000 7.000000000 0.029202248900
935.520000000 6.500000000 -0.133935898500
938.270000000 6.750000000 0.492859125100
922.770000000 6.250000000 0.045294791500
936.270000000 6.750000000 -0.418748140300
939.520000000 9.000000000 -0.136512339100
936.770000000 6.500000000 -0.266852676900
922.520000000 6.250000000 -0.000237218000
937.270000000 8.750000000 0.035950955000
940.520000000 8.750000000 -0.399520486600
936.020000000 6.750000000 -0.379905551700
923.020000000 6.250000000 0.074479319200
922.520000000 7.000000000 -0.022057043400
934.270000000 7.750000000 0.203695684700
923.270000000 6.500000000 0.098837509800
935.270000000 8.500000000 -0.027618842200
939.270000000 9.000000000 0.007096044300
923.020000000 7.000000000 0.072666041600
937.520000000 8.750000000 0.205096051100
922.270000000 6.500000000 -0.056886162600
938.770000000 8.750000000 0.310244351600
923.270000000 6.750000000 0.100479945500
940.020000000 6.750000000 -0.376644760400
940.270000000 8.750000000 -0.409131526900
922.270000000 6.750000000 -0.068308152300
922.770000000 6.000000000 0.048649173200
934.520000000 6.750000000 0.222309902300
922.520000000 6.000000000 0.005785466600
922.270000000 6.250000000 -0.051426660300
935.520000000 8.500000000 -0.156511530300
934.770000000 6.500000000 0.191841915200
938.770000000 6.500000000 0.284545332200
937.020000000 8.750000000 -0.126025900200
923.270000000 6.250000000 0.095398820900
940.770000000 6.750000000 -0.285836249600
934.270000000 7.000000000 0.201330676700
934.020000000 7.500000000 0.146628260600
936.520000000 8.500000000 -0.361129373300
935.020000000 8.500000000 0.103874549300
923.520000000 6.500000000 0.106022611300
922.770000000 7.250000000 0.026522385000
939.770000000 9.000000000 -0.258283287300
937.770000000 6.500000000 0.377364486500
922.270000000 7.000000000 -0.070852443600
923.020000000 6.000000000 0.076873183300
922.270000000 6.000000000 -0.044944901000
934.020000000 7.250000000 0.144319534300
922.520000000 7.250000000 -0.023916056400
923.520000000 6.750000000 0.108031556000
923.270000000 7.000000000 0.099933505100
922.770000000 5.750000000 0.051334206000
937.770000000 8.750000000 0.350747436300
922.520000000 5.750000000 0.018456403200
940.770000000 9.000000000 -0.333374887700
923.520000000 6.250000000 0.102083429700
923.770000000 6.500000000 0.099087476700
933.520000000 7.250000000 0.006100300200
933.770000000 7.250000000 0.071850247700
933.770000000 7.500000000 0.075631327900
939.770000000 6.500000000 -0.296275854100
937.270000000 6.250000000 0.062844976800
922.020000000 6.500000000 -0.104427062000
922.020000000 6.250000000 -0.097095973800
923.020000000 7.250000000 0.069695696200
935.770000000 8.500000000 -0.255618870300
939.020000000 9.000000000 0.156827136900
939.270000000 6.250000000 -0.042116411000
935.270000000 6.250000000 0.002248787600
922.020000000 6.750000000 -0.107253968700
940.270000000 6.750000000 -0.390484184000
940.520000000 6.750000000 -0.356902748300
933.520000000 7.500000000 0.011064900100
922.270000000 5.750000000 -0.031429544100
937.020000000 6.250000000 -0.102493844900
934.020000000 7.750000000 0.147211387800
923.270000000 6.000000000 0.090650819200
933.520000000 7.000000000 0.002186298400
923.770000000 6.250000000 0.097151361400
935.020000000 6.250000000 0.111017957300
935.770000000 6.500000000 -0.267576873300
923.770000000 6.750000000 0.099595233800
922.020000000 6.000000000 -0.092178709800
936.520000000 6.500000000 -0.366709440900
923.020000000 5.750000000 0.075485639300
933.270000000 7.000000000 -0.045535262700
933.270000000 7.250000000 -0.041838016400
941.020000000 6.500000000 -0.182017713800
922.270000000 7.250000000 -0.071412697400
938.520000000 8.750000000 0.419322997300
939.020000000 6.250000000 0.115049853900
924.020000000 6.500000000 0.081770427500
936.770000000 8.750000000 -0.255397379400
924.020000000 6.250000000 0.082777895000
934.270000000 8.000000000 0.198354110100
933.770000000 7.750000000 0.079208597500
936.270000000 8.500000000 -0.384302943900
941.020000000 9.250000000 -0.225368276200
938.520000000 6.500000000 0.406262606400
933.770000000 7.000000000 0.067813292100
923.520000000 7.000000000 0.107739456000
934.520000000 8.250000000 0.204645380400
922.020000000 7.000000000 -0.108296409200
934.020000000 7.000000000 0.140170887100
936.020000000 8.500000000 -0.345885038400
922.020000000 5.750000000 -0.086276315200
940.020000000 9.000000000 -0.345766127100
937.520000000 6.250000000 0.223976090600
938.020000000 8.750000000 0.444439470800
922.770000000 7.500000000 0.024293068800
923.520000000 6.000000000 0.096689961900
938.020000000 6.500000000 0.458597421600
934.770000000 8.500000000 0.170709624900
939.520000000 6.250000000 -0.179557398000
933.270000000 7.500000000 -0.036227308200
933.520000000 7.750000000 0.017050331500
921.770000000 6.250000000 -0.126044705500
921.770000000 6.500000000 -0.128238663100
922.520000000 7.500000000 -0.024115165700
933.270000000 6.750000000 -0.047232236700
923.270000000 7.250000000 0.097006335900
923.770000000 6.000000000 0.093933232100
921.770000000 6.000000000 -0.125118508900
924.020000000 6.750000000 0.080148257300
924.020000000 6.000000000 0.082945235100
939.520000000 9.250000000 -0.124727323700
933.520000000 6.750000000 -0.000716429200
935.270000000 8.750000000 -0.039674136800
937.270000000 9.000000000 0.037837062000
938.270000000 8.750000000 0.468174129700
940.520000000 9.000000000 -0.389382600800
921.770000000 6.750000000 -0.129164978900
921.770000000 5.750000000 -0.121730811900
935.520000000 6.250000000 -0.129172399600
938.270000000 6.500000000 0.468371659500
937.520000000 9.000000000 0.193721786100
923.770000000 7.000000000 0.098564259700
939.270000000 9.250000000 0.009659104000
936.770000000 6.250000000 -0.244374394400
923.270000000 5.750000000 0.085721239400
923.020000000 7.500000000 0.065553121300
924.270000000 6.250000000 0.059921953800
936.020000000 6.500000000 -0.363490343100
921.270000000 6.000000000 -0.126830995100
921.270000000 5.750000000 -0.132128626100
935.520000000 8.750000000 -0.158528432300
936.270000000 6.500000000 -0.397426366800
921.520000000 6.000000000 -0.133236423100
934.270000000 6.750000000 0.193801268900
921.520000000 6.250000000 -0.133638247800
921.520000000 5.750000000 -0.137169972100
940.270000000 9.000000000 -0.388945788100
924.270000000 6.000000000 0.062567569300
940.770000000 6.500000000 -0.268713921300
940.020000000 6.500000000 -0.355245292200
921.270000000 6.250000000 -0.124398708300
934.020000000 8.000000000 0.146231338400
922.020000000 7.250000000 -0.107504986200
934.520000000 6.500000000 0.210137084100
938.770000000 9.000000000 0.292829901000
924.270000000 6.500000000 0.056981105400
937.020000000 9.000000000 -0.111758284300
938.770000000 6.250000000 0.265190333100
921.520000000 6.500000000 -0.133276298600
935.020000000 8.750000000 0.067223168900
922.270000000 7.500000000 -0.069941036400
939.770000000 9.250000000 -0.240037366700
933.770000000 8.000000000 0.082601852700
933.020000000 7.000000000 -0.071126982600
933.270000000 7.750000000 -0.028857344800
934.770000000 6.250000000 0.177071571400
933.020000000 7.250000000 -0.068090610200
924.020000000 5.750000000 0.082081750000
921.770000000 7.000000000 -0.128734692900
933.770000000 6.750000000 0.063412837700
921.270000000 6.500000000 -0.121446490300
933.520000000 8.000000000 0.023950701600
923.520000000 7.250000000 0.104971520600
936.520000000 8.750000000 -0.335564643100
924.270000000 5.750000000 0.064527854300
924.020000000 7.000000000 0.078086331500
927.520000000 9.000000000 -0.023476749700
923.520000000 5.750000000 0.090413048900
933.270000000 6.500000000 -0.046929229100
921.520000000 6.750000000 -0.132186383000
923.770000000 5.750000000 0.089662909500
937.770000000 9.000000000 0.327899873300
937.770000000 6.250000000 0.353653997200
927.520000000 9.250000000 -0.028457218800
927.770000000 9.000000000 -0.070773832500
924.270000000 6.750000000 0.056639321100
940.770000000 9.250000000 -0.318192035000
935.770000000 8.750000000 -0.244559273100
927.770000000 9.250000000 -0.086472369700
933.020000000 6.750000000 -0.071665108200
939.770000000 6.250000000 -0.278043061500
922.770000000 7.750000000 0.022523211300
934.020000000 6.750000000 0.134063348200
921.270000000 6.750000000 -0.118111766900
933.020000000 7.500000000 -0.062771655600
933.520000000 6.500000000 -0.002712459500
941.020000000 6.250000000 -0.173863515300
923.270000000 7.500000000 0.091734632800
939.270000000 6.000000000 -0.041929371700
940.520000000 6.500000000 -0.333319962000
937.270000000 6.000000000 0.060183789600
922.520000000 7.750000000 -0.022710135200
939.020000000 9.250000000 0.147812947600
927.520000000 8.750000000 -0.018431335700
927.770000000 8.750000000 -0.066173128800
934.270000000 8.250000000 0.190461516400
940.270000000 6.500000000 -0.365373432600
927.270000000 9.250000000 0.021704988600
927.520000000 9.500000000 -0.032964460600
921.520000000 7.000000000 -0.126967117200
924.520000000 6.000000000 0.033563800200
924.520000000 6.250000000 0.030677774900
937.020000000 6.000000000 -0.089851550800
928.020000000 9.000000000 -0.110666953000
927.270000000 9.000000000 0.027041761200
935.270000000 6.000000000 -0.002007269500
927.770000000 9.500000000 -0.089374020700
928.020000000 9.250000000 -0.111700758300
923.770000000 7.250000000 0.095959246200
921.770000000 7.250000000 -0.124451220000
935.020000000 6.000000000 0.098318740700
939.020000000 6.000000000 0.104018248600
934.520000000 8.500000000 0.190589055400
935.770000000 6.250000000 -0.253987580500
936.770000000 9.000000000 -0.231766238800
933.270000000 8.000000000 -0.019963076300
924.520000000 5.750000000 0.036564808300
936.520000000 6.250000000 -0.331484556200
922.020000000 7.500000000 -0.104894898800
938.520000000 9.000000000 0.392790824200
941.020000000 9.500000000 -0.213412508400
921.270000000 7.000000000 -0.112028293300
940.020000000 9.250000000 -0.323448956000
927.270000000 9.500000000 0.015826556800
923.020000000 7.750000000 0.060380518400
938.520000000 6.250000000 0.380537092700
934.770000000 8.750000000 0.152280256200
936.270000000 8.750000000 -0.358898252200
924.520000000 6.500000000 0.028215514500
936.020000000 8.750000000 -0.325763285200
938.020000000 9.000000000 0.414461642500
924.270000000 7.000000000 0.054792277500
928.020000000 8.750000000 -0.107718609300
935.270000000 9.000000000 -0.052458584300
939.520000000 6.000000000 -0.167921304700
939.520000000 9.500000000 -0.090387657300
933.770000000 8.250000000 0.085774257800
937.520000000 6.000000000 0.206602707500
927.270000000 8.750000000 0.031401183500
928.020000000 9.500000000 -0.110714383400
937.270000000 9.250000000 0.042189564600
933.520000000 8.250000000 0.031568177000
922.270000000 7.750000000 -0.066484533300
938.020000000 6.250000000 0.429722458100
921.520000000 7.250000000 -0.124638624500
934.020000000 8.250000000 0.143847569800
924.020000000 7.250000000 0.079697154500
927.770000000 8.500000000 -0.060860276200
927.520000000 9.750000000 -0.054254446200
933.020000000 7.750000000 -0.055448703500
928.270000000 9.000000000 -0.116019606600
933.020000000 6.500000000 -0.069602295800
940.520000000 9.250000000 -0.369076579800
938.270000000 9.000000000 0.436951488300
927.520000000 8.500000000 -0.013733625400
937.520000000 9.250000000 0.183211565000
921.270000000 7.250000000 -0.108664833000
928.270000000 9.250000000 -0.113614335700
935.520000000 9.000000000 -0.131522774700
927.770000000 9.750000000 -0.090558521400
924.520000000 6.750000000 0.026458784900
939.270000000 9.500000000 0.036414764800
923.520000000 7.500000000 0.099759414800
940.770000000 6.250000000 -0.251035064500
933.770000000 6.500000000 0.058505184900
927.270000000 9.750000000 -0.006825014900
935.020000000 9.000000000 0.047073859700
927.020000000 9.250000000 0.064568430200
938.270000000 6.250000000 0.439123630500
940.270000000 9.250000000 -0.369207650400
933.270000000 6.250000000 -0.044707883100
928.270000000 8.750000000 -0.116194777200
934.270000000 6.500000000 0.182847097500
927.020000000 9.500000000 0.058872509700
936.770000000 6.000000000 -0.205142810900
939.770000000 9.500000000 -0.206058532000
928.020000000 8.500000000 -0.103111028700
940.020000000 6.250000000 -0.329667568200
937.020000000 9.250000000 -0.094527117900
935.520000000 6.000000000 -0.123101584600
921.770000000 7.500000000 -0.121249213800
927.020000000 9.000000000 0.068830475200
928.520000000 9.000000000 -0.097633019100
938.770000000 6.000000000 0.244260504800
936.270000000 6.250000000 -0.370709359600
936.020000000 6.250000000 -0.341968119100
924.770000000 6.000000000 -0.003179327800
928.270000000 9.500000000 -0.109188750400
938.770000000 9.250000000 0.271705240000
924.770000000 5.750000000 -0.001051148200
934.520000000 6.250000000 0.194075316200
928.520000000 9.250000000 -0.092767179000
922.770000000 8.000000000 0.021165903700
923.270000000 7.750000000 0.084353618300
928.020000000 9.750000000 -0.107756547600
924.270000000 7.250000000 0.053770124900
933.270000000 8.250000000 -0.009859517200
934.020000000 8.750000000 -0.006866551900
921.270000000 7.500000000 -0.104808621100
928.770000000 9.000000000 -0.061267782000
927.270000000 8.500000000 0.027324914900
934.020000000 8.500000000 -0.002161150100
924.770000000 6.250000000 -0.004465349900
934.770000000 6.000000000 0.159020558000
937.770000000 9.250000000 0.303686142000
927.020000000 9.750000000 0.052203755800
933.520000000 6.250000000 -0.003949285500
922.520000000 8.000000000 -0.019932171300
929.020000000 9.000000000 -0.017857790000
936.520000000 9.000000000 -0.307151287800
921.520000000 7.500000000 -0.121123395900
928.520000000 8.750000000 -0.100647889100
929.020000000 8.750000000 -0.022768607400
923.770000000 10.000000000 0.027745315800
924.520000000 7.000000000 0.025637039900
934.020000000 9.000000000 -0.013143752700
935.770000000 9.000000000 -0.232208654300
927.520000000 10.000000000 -0.058026369700
928.770000000 9.250000000 -0.055661555400
928.770000000 8.750000000 -0.066017247700
941.020000000 6.000000000 -0.165520906400
923.770000000 7.500000000 0.095626138200
922.020000000 7.750000000 -0.100484348800
923.520000000 10.000000000 -0.007367451200
929.270000000 8.750000000 0.016752934100
934.020000000 6.500000000 0.125905931000
927.270000000 10.000000000 -0.014109852700
940.770000000 9.500000000 -0.298366487000
939.770000000 6.000000000 -0.256202280500
934.270000000 8.500000000 0.180375829300
928.270000000 8.500000000 -0.114137373900
927.020000000 8.750000000 0.066418774400
937.770000000 6.000000000 0.325296014500
933.020000000 8.000000000 -0.046451333900
924.020000000 10.000000000 0.058695681400
928.520000000 9.500000000 -0.086503483400
932.770000000 7.250000000 -0.074493981900
927.770000000 8.250000000 -0.063967332200
940.520000000 6.250000000 -0.307828724400
927.770000000 10.000000000 -0.089928746200
932.770000000 7.000000000 -0.076017096600
924.770000000 6.500000000 -0.004843351400
929.270000000 9.000000000 0.020397784200
929.020000000 9.250000000 -0.013275666200
929.270000000 8.500000000 0.012158423700
923.020000000 8.000000000 0.054436791700
934.270000000 8.750000000 -0.072467289900
927.520000000 8.250000000 -0.017679750900
934.520000000 8.750000000 0.174660429400
929.020000000 8.500000000 -0.027558928400
939.020000000 9.500000000 0.159185066800
939.270000000 5.750000000 -0.039941139500
933.770000000 8.750000000 0.047126919000
934.020000000 9.250000000 -0.020816061600
933.770000000 8.500000000 0.051313899500
940.270000000 6.250000000 -0.336918503000
933.520000000 8.500000000 0.039628185300
923.770000000 9.750000000 0.027394162500
926.770000000 9.500000000 0.087448932200
928.270000000 9.750000000 -0.103112690200
934.270000000 9.000000000 -0.077928222700
934.770000000 9.000000000 0.119538113500
923.520000000 9.750000000 -0.004962794500
927.020000000 10.000000000 0.031531147700
924.020000000 7.500000000 0.078082524200
940.020000000 9.500000000 -0.294805526700
937.270000000 5.750000000 0.055879771700
928.020000000 8.250000000 -0.097183466000
928.770000000 9.500000000 -0.049710307300
926.770000000 9.250000000 0.091082625100
924.020000000 9.750000000 0.055498879400
933.770000000 9.000000000 0.040940098500
928.520000000 8.500000000 -0.101531863200
921.270000000 7.750000000 -0.100384660100
936.770000000 9.250000000 -0.205587193400
928.770000000 8.500000000 -0.069448575400
926.770000000 9.750000000 0.082138396800
922.270000000 8.000000000 -0.061245203000
933.020000000 6.250000000 -0.064961023600
937.020000000 5.750000000 -0.059297196600
935.270000000 9.250000000 -0.065457783600
932.770000000 7.500000000 -0.070759639100
939.020000000 5.750000000 0.093438878700
936.020000000 9.000000000 -0.008305898900
929.270000000 9.250000000 0.022822037300
938.020000000 9.250000000 0.381185948800
938.520000000 9.250000000 0.361880630300
924.270000000 10.000000000 0.084698118300
924.770000000 6.750000000 -0.004299846900
924.520000000 7.250000000 0.025885935900
936.270000000 9.000000000 -0.331078380300
938.520000000 6.000000000 0.351829916200
941.020000000 9.750000000 -0.197389081100
934.270000000 9.250000000 -0.083827391300
928.020000000 10.000000000 -0.103078469600
925.020000000 5.750000000 -0.037605788600
936.520000000 6.000000000 -0.299549728600
921.770000000 7.750000000 -0.116426408300
923.270000000 10.000000000 -0.038920614900
923.520000000 7.750000000 0.093730367700
932.770000000 6.750000000 -0.075094319900
939.520000000 9.750000000 -0.079113565400
927.270000000 8.250000000 0.030487464700
929.520000000 8.750000000 0.043045811400
929.270000000 8.250000000 0.007019201800
927.020000000 8.500000000 0.068333528900
929.020000000 9.500000000 -0.009388633100
939.520000000 5.750000000 -0.153504625000
924.270000000 9.750000000 0.081124477100
929.520000000 8.500000000 0.031001010900
925.020000000 9.750000000 0.072487041400
925.020000000 9.500000000 0.074331201600
935.770000000 6.000000000 -0.237088456700
934.020000000 9.500000000 -0.029595520300
935.020000000 5.750000000 0.083863221100
935.270000000 5.750000000 -0.006488836400
921.520000000 7.750000000 -0.116354361200
937.270000000 9.500000000 0.048883598300
925.270000000 9.500000000 0.049333833200
925.020000000 6.000000000 -0.037822254000
926.770000000 9.000000000 0.092645756900
933.770000000 9.250000000 0.032901413700
924.270000000 7.500000000 0.053639929700
928.520000000 9.750000000 -0.079380534600
925.270000000 9.750000000 0.043890696000
923.770000000 9.500000000 0.027214031700
926.770000000 10.000000000 0.068435803100
923.520000000 9.500000000 -0.001723774800
935.020000000 9.250000000 0.026140732700
933.270000000 8.500000000 0.001078306700
924.770000000 9.750000000 0.090176954900
935.520000000 9.250000000 -0.130331575900
937.520000000 9.500000000 0.173906058100
924.770000000 9.500000000 0.088345065700
929.020000000 8.250000000 -0.031739976300
928.270000000 8.250000000 -0.110014863300
924.520000000 9.750000000 0.092920899400
940.520000000 9.500000000 -0.344382047700
940.770000000 6.000000000 -0.233017712800
925.020000000 9.250000000 0.076842017500
923.270000000 9.750000000 -0.034336004400
929.520000000 9.000000000 0.044648118300
938.270000000 9.250000000 0.401413917500
925.270000000 9.250000000 0.053789567200
924.020000000 9.500000000 0.051864262700
925.020000000 10.000000000 0.069273993400
936.020000000 9.250000000 0.002193212500
938.020000000 6.000000000 0.395992368500
937.520000000 5.750000000 0.186306789500
933.770000000 6.250000000 0.052938189400
925.270000000 10.000000000 0.037262089600
940.270000000 9.500000000 -0.343339949800
924.520000000 10.000000000 0.095677323600
939.270000000 9.750000000 0.037511851600
929.520000000 8.250000000 0.026908634200
923.270000000 8.000000000 0.071524620100
939.770000000 9.750000000 -0.186763629300
924.520000000 9.500000000 0.088624313500
933.270000000 6.000000000 -0.040726702700
924.270000000 9.500000000 0.076387941800
933.020000000 8.250000000 -0.036130044600
924.770000000 10.000000000 0.090373560800
925.020000000 6.250000000 -0.036655359000
922.770000000 8.250000000 0.005500215600
928.770000000 9.750000000 -0.043879147600
934.270000000 9.500000000 -0.089792951900
926.520000000 9.500000000 0.097515650100
926.520000000 9.750000000 0.095529958600
924.770000000 7.000000000 -0.002874399100
924.770000000 9.250000000 0.085010960700
938.270000000 6.000000000 0.405693471400
937.020000000 9.500000000 -0.074752606500
929.270000000 9.500000000 0.023872857900
928.770000000 8.250000000 -0.071196489000
940.020000000 6.000000000 -0.300798624800
928.270000000 10.000000000 -0.095916375500
921.270000000 8.000000000 -0.095363579700
932.770000000 7.750000000 -0.065090641400
925.520000000 9.500000000 0.016039855800
928.520000000 8.250000000 -0.100184880200
933.770000000 9.500000000 0.023197684400
926.770000000 8.750000000 0.091049142200
922.520000000 8.250000000 -0.029197683600
925.520000000 9.750000000 0.009856927200
923.770000000 7.750000000 0.091247476600
927.770000000 8.000000000 -0.057573940600
922.020000000 8.000000000 -0.094360567600
923.270000000 9.500000000 -0.028605448100
934.270000000 6.250000000 0.168620497000
936.770000000 5.750000000 -0.178234189700
925.270000000 9.000000000 0.057096533500
926.520000000 10.000000000 0.089652165800
925.020000000 9.000000000 0.076501928300
936.270000000 9.250000000 0.103614918900
938.770000000 5.750000000 0.222316235300
927.520000000 8.000000000 -0.013214709200
925.270000000 5.750000000 -0.063116513200
938.770000000 9.500000000 0.247196763800
934.020000000 9.750000000 -0.039118263900
935.770000000 9.250000000 -0.095540843900
926.520000000 9.250000000 0.097374871400
924.520000000 7.500000000 0.029080450500
925.520000000 9.250000000 0.021941125400
933.520000000 8.750000000 0.085293114200
923.520000000 9.250000000 0.002221213900
929.520000000 9.250000000 0.044617254300
929.020000000 9.750000000 -0.006437024600
934.520000000 9.000000000 -0.144799098400
937.770000000 9.500000000 0.278989851500
923.770000000 9.250000000 0.027217621000
929.270000000 8.000000000 0.001825050300
941.020000000 5.750000000 -0.156591191900
936.520000000 9.250000000 -0.276889413600
936.270000000 6.000000000 -0.338706284800
923.020000000 8.250000000 0.037214290400
925.520000000 10.000000000 0.001963872500
928.020000000 8.000000000 -0.090338692100
927.020000000 8.250000000 0.067753441600
924.520000000 9.250000000 0.082997016600
936.020000000 9.500000000 0.012904712000
936.020000000 6.000000000 -0.315656453400
933.520000000 9.000000000 0.080143488900
934.520000000 6.000000000 0.174544587700
933.520000000 6.000000000 -0.004603173600
925.020000000 6.500000000 -0.034315284300
935.520000000 5.750000000 -0.115383423900
932.770000000 6.500000000 -0.071597874200
924.020000000 7.750000000 0.076436899600
934.770000000 9.250000000 0.096025832000
924.020000000 9.250000000 0.047913815800
929.520000000 8.000000000 0.021966487200
928.520000000 10.000000000 -0.071986317600
925.270000000 6.000000000 -0.061452362700
939.770000000 5.750000000 -0.231390744400
924.270000000 9.250000000 0.070190139100
925.520000000 9.000000000 0.027352044400
927.270000000 8.000000000 0.031560648200
940.520000000 6.000000000 -0.281240403700
923.270000000 9.250000000 -0.015192196700
926.270000000 9.750000000 0.092105634500
921.520000000 8.000000000 -0.110306754700
934.770000000 5.750000000 0.138327375100
924.770000000 9.000000000 0.080313786900
929.020000000 8.000000000 -0.034877948500
924.770000000 7.250000000 -0.000649766200
934.520000000 9.250000000 -0.147801026700
934.270000000 9.750000000 -0.095414534200
940.770000000 9.750000000 -0.274245321800
926.270000000 9.500000000 0.089763775500
924.270000000 7.750000000 0.058737810700
934.020000000 6.250000000 0.115654133300
923.020000000 10.000000000 -0.062842778900
921.770000000 8.000000000 -0.109996363500
933.770000000 9.750000000 0.012062594300
940.020000000 9.750000000 -0.269501209300
926.520000000 9.000000000 0.094991348700
933.520000000 9.250000000 0.072979942000
940.270000000 6.000000000 -0.306195199500
936.270000000 9.500000000 0.108765430700
925.270000000 8.750000000 0.059132937300
926.270000000 10.000000000 0.093405902400
929.770000000 8.500000000 0.048054583400
928.270000000 8.000000000 -0.104157507400
939.020000000 9.750000000 0.147992417200
935.770000000 9.500000000 -0.081857077800
937.770000000 5.750000000 0.293167889100
922.270000000 8.250000000 -0.061852317300
923.520000000 8.000000000 0.085496716200
933.270000000 8.750000000 0.012439921500
926.770000000 8.500000000 0.088936075600
928.770000000 10.000000000 -0.038561832200
935.270000000 9.500000000 -0.078152954600
925.020000000 8.750000000 0.074691005100
929.770000000 8.750000000 0.049014955800
929.270000000 9.750000000 0.023500667900
925.770000000 9.500000000 -0.018246525900
923.020000000 9.750000000 -0.057618748400
936.770000000 9.500000000 -0.177494511000
923.520000000 9.000000000 0.006715291200
925.770000000 9.250000000 -0.013082799500
933.020000000 8.500000000 -0.024829629800
925.520000000 5.750000000 -0.067871198100
932.770000000 8.000000000 -0.057781755900
929.770000000 8.250000000 0.045617740600
926.270000000 9.250000000 0.085306577400
933.020000000 6.000000000 -0.057887353000
921.270000000 8.250000000 -0.089775674000
925.020000000 6.750000000 -0.031060436700
934.020000000 10.000000000 -0.048926554600
932.270000000 8.500000000 0.030937155700
924.520000000 7.750000000 0.031108317900
932.270000000 8.250000000 0.028230058000
929.520000000 9.500000000 0.042940139800
928.770000000 8.000000000 -0.071068599800
923.270000000 9.000000000 -0.009439433900
925.770000000 9.750000000 -0.022908974400
923.770000000 9.000000000 0.027421766900
935.020000000 9.500000000 0.005237998900
938.020000000 9.500000000 0.345799446100
936.020000000 9.750000000 0.023366732500
932.020000000 8.250000000 0.002259134800
923.020000000 9.500000000 -0.045588295900
925.520000000 8.750000000 0.032089930000
932.020000000 8.500000000 0.005082412600
924.520000000 9.000000000 0.076259680100
928.520000000 8.000000000 -0.096719503400
938.520000000 9.500000000 0.327393740400
925.270000000 6.250000000 -0.058207958900
934.520000000 9.500000000 -0.149495229100
926.020000000 9.750000000 0.074210248900
932.270000000 8.750000000 0.034546397600
929.020000000 10.000000000 -0.004558499900
926.020000000 9.500000000 0.068270131900
923.270000000 8.250000000 0.061715941900
938.520000000 5.750000000 0.320687264200
925.770000000 9.000000000 -0.007569979900
939.520000000 10.000000000 -0.069921672300
932.270000000 8.000000000 0.026604631900
929.770000000 9.000000000 0.048396263300
933.520000000 9.500000000 0.063939221200
932.020000000 8.000000000 0.000977690200
935.520000000 9.500000000 -0.128880605100
937.270000000 9.750000000 0.057585943500
932.020000000 8.750000000 0.009227209700
940.770000000 5.750000000 -0.214749068000
924.770000000 7.500000000 0.002267734400
922.770000000 8.500000000 -0.016105724500
924.020000000 9.000000000 0.047130815700
941.020000000 10.000000000 -0.177433848400
936.520000000 5.750000000 -0.264379471500
929.270000000 7.750000000 -0.002898655800
937.520000000 9.750000000 0.166046902500
924.270000000 9.000000000 0.063394770000
923.020000000 9.250000000 -0.040008205900
924.770000000 8.750000000 0.077739454800
925.770000000 10.000000000 -0.026912480600
927.020000000 8.000000000 0.064646229100
926.020000000 10.000000000 0.078163839900
933.770000000 10.000000000 -0.000192593200
929.520000000 7.750000000 0.016671344600
932.270000000 9.000000000 0.038868427300
940.520000000 9.750000000 -0.315865218600
940.270000000 9.750000000 -0.314630478600
938.270000000 9.500000000 0.362688064600
936.270000000 9.750000000 0.113091610400
927.770000000 7.750000000 -0.051666557800
926.020000000 9.250000000 0.060904417200
935.770000000 9.750000000 -0.067463085100
929.770000000 8.000000000 0.041892033100
927.520000000 7.750000000 -0.010248026800
926.520000000 8.750000000 0.090438626700
934.270000000 10.000000000 -0.100236482900
939.770000000 10.000000000 -0.168072074700
923.770000000 8.000000000 0.085831537800
932.520000000 8.500000000 0.062048975400
925.270000000 8.500000000 0.059811044500
923.520000000 8.750000000 0.017273327300
923.270000000 8.750000000 -0.003432644800
932.020000000 9.000000000 0.014446369400
932.020000000 7.750000000 0.001395141500
932.270000000 7.750000000 0.026214072500
925.520000000 6.000000000 -0.065366610900
926.270000000 9.000000000 0.079088553800
922.020000000 8.250000000 -0.086633227800
939.270000000 10.000000000 0.035606231500
932.520000000 8.250000000 0.059862114500
924.270000000 8.000000000 0.060371603800
935.770000000 5.750000000 -0.216888159500
932.520000000 8.750000000 0.064539134500
923.020000000 8.500000000 0.013604185500
925.020000000 7.000000000 -0.027182331300
922.520000000 8.500000000 -0.041304748500
938.020000000 5.750000000 0.358247101300
925.770000000 8.750000000 -0.001861713800
937.020000000 9.750000000 -0.053048916200
932.520000000 7.250000000 -0.066226676100
924.020000000 8.000000000 0.081463232600
928.020000000 7.750000000 -0.082998342800
931.770000000 8.000000000 -0.021148502800
926.770000000 8.250000000 0.084389172500
929.020000000 7.750000000 -0.036627076600
931.770000000 8.250000000 -0.020020933800
925.020000000 8.500000000 0.071453169000
940.020000000 5.750000000 -0.269675552800
933.770000000 6.000000000 0.046564124500
921.520000000 8.250000000 -0.103021122500
934.770000000 9.500000000 0.072157762900
923.020000000 9.000000000 -0.033876963000
933.270000000 9.000000000 0.102132186300
931.770000000 8.500000000 -0.010003633800
933.520000000 9.750000000 0.053183484800
932.520000000 7.000000000 -0.065340235800
925.520000000 8.500000000 0.036005247400
938.270000000 5.750000000 0.368726283300
927.270000000 7.750000000 0.030370976800
929.770000000 9.250000000 0.046182371700
932.270000000 9.250000000 0.043701298500
929.270000000 10.000000000 0.021744826800
934.520000000 9.750000000 -0.149572238300
924.520000000 8.000000000 0.033625487200
932.520000000 9.000000000 0.067202888400
932.520000000 8.000000000 0.058096986300
923.770000000 8.750000000 0.027828233300
932.770000000 6.250000000 -0.065529279400
936.520000000 9.500000000 0.190744474500
931.770000000 8.750000000 -0.006318061100
936.020000000 10.000000000 0.033240579100
933.020000000 8.750000000 -0.006448566000
926.020000000 9.000000000 -0.040378533300
925.270000000 6.500000000 -0.053711343600
932.020000000 9.250000000 0.020483929700
931.770000000 7.750000000 -0.020416190800
938.770000000 9.750000000 0.219746664200
937.770000000 9.750000000 0.254747539800
924.770000000 7.750000000 0.004727693700
933.270000000 5.750000000 -0.035246431800
929.520000000 9.750000000 0.039701648100
932.770000000 8.250000000 -0.049114733900
924.520000000 8.750000000 0.070250734700
932.020000000 7.500000000 -0.002100341300
932.520000000 7.500000000 -0.065231248700
938.020000000 9.750000000 0.045903492700
921.770000000 8.250000000 -0.102021038500
921.270000000 8.500000000 -0.083711519800
928.270000000 7.750000000 -0.096978202500
933.270000000 9.250000000 0.096791185400
923.520000000 8.250000000 0.076590910600
932.270000000 7.500000000 0.027181210000
922.770000000 9.750000000 -0.070177391200
922.770000000 10.000000000 -0.073015593000
934.270000000 6.000000000 0.151352003200
923.270000000 8.500000000 0.002591842100
931.770000000 9.000000000 -0.001298785800
928.770000000 7.750000000 -0.069030560600
940.520000000 5.750000000 -0.254307121000
923.020000000 8.750000000 -0.027403933900
923.520000000 8.500000000 0.020983904600
924.020000000 8.750000000 0.043136186900
925.020000000 7.250000000 -0.022971047100
932.520000000 9.250000000 0.069887071800
922.770000000 9.500000000 -0.066554069500
932.270000000 9.500000000 0.048809450100
926.020000000 8.750000000 -0.035323128100
936.270000000 5.750000000 -0.302463531500
935.770000000 10.000000000 -0.052918434100
925.770000000 8.500000000 0.003898045000
938.270000000 9.750000000 -0.048526037500
928.520000000 7.750000000 -0.091395750600
924.270000000 8.750000000 0.056126732400
929.770000000 7.750000000 0.037180867000
925.770000000 5.750000000 -0.050998933600
932.520000000 7.750000000 0.056859634800
935.270000000 9.750000000 -0.090020760900
932.020000000 9.500000000 0.027079641800
936.270000000 10.000000000 0.116537407000
924.770000000 8.500000000 0.071053765700
926.520000000 8.500000000 0.085664629900
940.020000000 10.000000000 -0.243297219300
932.770000000 8.500000000 0.090161643900
931.770000000 7.500000000 -0.017878521200
932.520000000 6.750000000 -0.062498178300
935.020000000 9.750000000 -0.014790073000
921.270000000 9.000000000 -0.011296148400
922.270000000 8.500000000 -0.055427532600
932.770000000 8.750000000 0.091417565900
935.520000000 9.750000000 -0.144216805700
936.020000000 5.750000000 -0.285085439700
933.520000000 10.000000000 0.040905438400
934.520000000 5.750000000 0.152107238800
922.770000000 8.750000000 -0.036148134600
921.270000000 9.250000000 -0.007569738700
940.270000000 5.750000000 -0.274338275200
921.270000000 8.750000000 -0.014930197000
926.270000000 8.750000000 0.071661829900
931.770000000 9.250000000 0.004798923200
921.270000000 9.500000000 -0.004486139400
936.770000000 9.750000000 -0.148187160500
925.270000000 8.250000000 0.059114594000
940.770000000 10.000000000 -0.246276766100
933.270000000 9.500000000 0.089607395200
922.770000000 9.250000000 -0.062251448600
925.520000000 6.250000000 -0.061658196200
933.520000000 5.750000000 -0.004883660900
921.270000000 9.750000000 -0.002068887900
939.020000000 10.000000000 0.133757203800
932.020000000 7.250000000 0.001085397400
927.020000000 7.750000000 0.059212267400
929.270000000 7.500000000 -0.006683249500
932.770000000 9.000000000 0.092092223500
924.770000000 8.000000000 0.007454052600
923.770000000 8.250000000 0.086314573900
924.270000000 8.250000000 0.062016509500
936.520000000 9.750000000 0.188000470400
929.770000000 9.500000000 0.042488895400
929.520000000 7.500000000 0.011579691400
925.520000000 8.250000000 0.039002746300
934.020000000 6.000000000 0.103299424100
933.020000000 9.000000000 0.105587318500
924.020000000 8.250000000 0.080612286900
921.270000000 10.000000000 0.000033038000
932.020000000 9.750000000 0.033987339600
931.520000000 8.250000000 -0.023143215100
923.770000000 8.500000000 0.028444578900
934.520000000 10.000000000 -0.147770330300
931.520000000 8.000000000 -0.023447956900
932.520000000 9.500000000 0.072390727700
931.770000000 9.500000000 0.011703416700
932.270000000 9.750000000 0.053954057400
926.770000000 8.000000000 0.077785275900
932.270000000 7.250000000 0.029568826800
924.520000000 8.250000000 0.036324176900
925.020000000 8.250000000 0.066882245200
921.520000000 9.500000000 -0.032486677200
921.520000000 9.750000000 -0.027276692900
930.020000000 8.500000000 0.050028383700
921.520000000 9.250000000 -0.037658933600
921.520000000 10.000000000 -0.027305755800
938.520000000 9.750000000 0.290316134700
921.520000000 9.000000000 -0.042624194200
925.270000000 6.750000000 -0.048367288000
922.770000000 9.000000000 -0.057370878800
925.020000000 7.500000000 -0.018679793900
926.020000000 8.500000000 -0.029324468200
934.770000000 9.750000000 0.048843842000
927.520000000 7.500000000 -0.009016379700
930.020000000 8.250000000 0.049997083800
921.520000000 8.750000000 -0.047208540100
922.520000000 8.750000000 -0.052545268100
931.520000000 8.500000000 -0.021133810300
937.270000000 10.000000000 0.067816510800
929.020000000 7.500000000 -0.036813844000
927.770000000 7.500000000 -0.046609368200
932.770000000 9.250000000 0.092058941700
930.020000000 8.750000000 0.048689074800
931.770000000 7.250000000 -0.013722029500
921.520000000 8.500000000 -0.094616368400
933.020000000 9.250000000 0.102741971600
938.020000000 10.000000000 0.037006862500
931.770000000 5.750000000 0.031197747200
924.520000000 8.500000000 0.061869520700
931.770000000 9.750000000 0.019147995900
933.270000000 9.750000000 0.080731444100
933.020000000 5.750000000 -0.046618819200
932.020000000 10.000000000 0.040949888500
937.520000000 10.000000000 0.159783124900
931.520000000 7.750000000 -0.022148851300
921.770000000 10.000000000 -0.046397917000
929.520000000 5.750000000 0.039991144100
931.520000000 5.750000000 0.012551446400
929.520000000 10.000000000 0.025293568100
929.270000000 5.750000000 0.018667522800
925.770000000 8.250000000 0.009568977200
927.270000000 7.500000000 0.026987362700
922.520000000 10.000000000 -0.083419501800
940.270000000 10.000000000 -0.283738315100
922.520000000 9.750000000 -0.082489296800
922.020000000 8.500000000 -0.077478669600
935.520000000 10.000000000 -0.127400189600
921.770000000 9.750000000 -0.051690798300
925.770000000 6.000000000 -0.048929732300
932.020000000 7.000000000 0.005853428500
928.020000000 7.500000000 -0.075603440400
924.020000000 8.500000000 0.039226878400
931.770000000 10.000000000 0.026871774300
940.520000000 10.000000000 -0.284147650000
932.270000000 10.000000000 0.058867640800
938.270000000 10.000000000 -0.048276804400
922.020000000 8.750000000 0.069201856900
922.520000000 9.500000000 -0.080926969600
921.770000000 9.500000000 -0.056983143100
922.020000000 9.000000000 0.066988721500
930.020000000 8.000000000 0.048608720300
924.770000000 8.250000000 0.010136528900
924.270000000 8.500000000 0.048662342100
937.020000000 10.000000000 -0.030175445600
932.520000000 9.750000000 0.074519768400
921.770000000 8.750000000 0.033433865800
931.520000000 8.750000000 -0.010270680300
931.770000000 7.000000000 0.006069298400
926.520000000 8.250000000 0.078349694600
921.770000000 9.000000000 0.028990492200
925.020000000 7.750000000 -0.014535122600
921.770000000 9.250000000 -0.062096845400
929.770000000 7.500000000 0.031887680300
930.020000000 9.000000000 0.046037111400
933.020000000 9.500000000 0.098410360500
928.770000000 7.500000000 -0.065257199100
932.520000000 6.500000000 -0.057694554300
932.770000000 9.500000000 0.091184802400
921.770000000 8.500000000 0.036688629500
928.270000000 7.500000000 -0.088965356300
932.270000000 7.000000000 0.028800366400
922.020000000 10.000000000 -0.073859728900
926.270000000 8.500000000 0.063758015600
932.020000000 5.750000000 0.049715679100
931.520000000 9.000000000 -0.006589497900
922.020000000 9.250000000 0.062710918500
922.520000000 9.250000000 -0.078755751300
922.020000000 9.750000000 -0.076709456700
936.520000000 10.000000000 0.184170886900
933.270000000 10.000000000 0.070331320200
922.270000000 10.000000000 -0.084049150300
932.770000000 6.000000000 -0.055832963400
931.520000000 7.000000000 0.029054302700
937.770000000 10.000000000 0.209261179000
931.520000000 7.500000000 -0.019475491700
925.270000000 8.000000000 0.057073492600
922.270000000 9.750000000 -0.085231319100
928.520000000 7.500000000 -0.084631584600
935.020000000 10.000000000 -0.033202946200
922.270000000 9.000000000 0.088544540100
926.020000000 8.250000000 -0.022536348600
931.520000000 7.250000000 0.025549789900
938.770000000 10.000000000 0.189861431700
922.270000000 8.750000000 0.089228019100
931.770000000 6.750000000 0.010804444600
931.520000000 9.250000000 -0.001673774600
926.520000000 6.000000000 0.012514450600
929.770000000 9.750000000 0.037550535100
922.020000000 9.500000000 -0.079095706300
931.770000000 6.000000000 0.026049029100
932.770000000 10.000000000 0.047041516800
925.520000000 8.000000000 0.041025545400
935.270000000 10.000000000 -0.100603416600
931.520000000 10.000000000 0.018060246500
922.270000000 9.500000000 -0.085859656300
934.770000000 10.000000000 -0.008128861900
926.520000000 6.250000000 0.008234511100
929.020000000 5.750000000 -0.010803023400
925.520000000 6.500000000 -0.057043101600
932.020000000 6.750000000 0.011977994800
931.520000000 9.500000000 0.004253631500
925.270000000 7.000000000 -0.042583245800
926.520000000 5.750000000 0.016035029700
922.520000000 9.000000000 -0.075982764400
933.020000000 10.000000000 0.074058592300
922.270000000 9.250000000 0.085949860500
931.520000000 9.750000000 0.010924878500
926.270000000 6.000000000 0.039690945300
925.020000000 8.000000000 -0.013782328000
932.520000000 10.000000000 0.019181285100
927.020000000 7.500000000 0.051943529400
926.770000000 6.000000000 -0.020444741500
926.770000000 6.250000000 -0.024937093300
931.520000000 6.750000000 0.032769065400
926.020000000 5.750000000 -0.018732802900
933.020000000 9.750000000 0.092659756500
926.270000000 5.750000000 0.041260559100
929.770000000 5.750000000 0.051143009200
926.270000000 6.250000000 0.036680508400
930.020000000 7.750000000 0.045947551700
929.270000000 7.250000000 -0.009164753400
932.020000000 6.000000000 0.042559534300
933.770000000 5.750000000 0.039266806100
926.770000000 7.750000000 0.069725692300
932.770000000 9.750000000 0.089394286300
936.770000000 10.000000000 -0.118411310000
926.520000000 6.500000000 0.003345864100
932.270000000 6.750000000 -0.040468603400
931.520000000 6.000000000 0.010908262800
926.770000000 5.750000000 -0.015780001900
925.770000000 8.000000000 0.015014312200
929.520000000 7.250000000 0.013363018600
926.770000000 6.500000000 -0.029127320300
930.020000000 9.250000000 0.042241584500
931.270000000 5.750000000 -0.004105159100
932.020000000 6.500000000 0.027011727900
929.270000000 6.000000000 0.016744097700
931.770000000 6.250000000 0.020178437200
932.020000000 6.250000000 0.034846257400
926.270000000 6.500000000 0.032340817200
934.270000000 5.750000000 0.131392389500
926.270000000 8.250000000 -0.049009744100
927.020000000 6.000000000 -0.049821190500
927.020000000 6.250000000 -0.053259115700
929.520000000 6.000000000 0.035886593200
929.020000000 7.250000000 -0.035418923900
932.270000000 5.750000000 0.065494693800
938.520000000 10.000000000 -0.130600571600
927.520000000 7.250000000 -0.009613549300
931.270000000 7.250000000 0.043800447100
931.770000000 6.500000000 0.013847500100
931.270000000 7.000000000 0.044470377300
925.770000000 6.250000000 -0.046524651300
926.520000000 6.750000000 -0.001957681500
927.770000000 5.750000000 -0.051541395500
928.770000000 5.750000000 -0.042322851700
928.020000000 5.750000000 -0.074666187200
927.020000000 5.750000000 -0.045405123400
927.270000000 7.250000000 0.021714717100
927.770000000 7.250000000 -0.042728450100
927.020000000 6.500000000 -0.055671129400
926.770000000 6.750000000 -0.032887145900
925.270000000 7.250000000 -0.037943627700
926.520000000 8.000000000 0.070336528100
926.020000000 8.000000000 -0.015137469400
926.020000000 6.000000000 0.052862133800
931.270000000 8.000000000 -0.017345482500
932.270000000 6.500000000 0.038611859100
926.020000000 6.250000000 0.051591556500
931.520000000 6.500000000 0.032969009100
931.270000000 7.500000000 0.040338993100
927.520000000 5.750000000 -0.017619412400
929.020000000 6.000000000 -0.008725225900
932.270000000 6.000000000 0.058485724000
931.270000000 8.250000000 -0.017266983200
926.270000000 6.750000000 0.026853140400
928.270000000 5.750000000 -0.080654546600
925.520000000 6.750000000 0.051598597300
928.020000000 7.250000000 -0.068581886600
925.270000000 7.750000000 0.051887869800
928.770000000 7.250000000 -0.060049410900
929.770000000 10.000000000 0.031737636800
927.270000000 6.000000000 -0.068836607000
925.520000000 7.750000000 0.044409375600
928.520000000 5.750000000 -0.067789599300
927.270000000 6.250000000 -0.070325605600
930.770000000 6.250000000 0.044926021200
929.770000000 7.250000000 0.026506291700
930.770000000 6.000000000 0.043872185100
932.270000000 6.250000000 0.051346514400
925.520000000 7.000000000 0.050532929600
931.270000000 6.750000000 0.043066583600
927.270000000 5.750000000 0.020412400400
931.270000000 7.750000000 -0.016370700700
931.520000000 6.250000000 0.008622847500
927.020000000 6.750000000 -0.057043407100
930.770000000 5.750000000 0.036001760500
926.020000000 6.500000000 0.048775401000
930.020000000 7.500000000 0.042155120500
934.020000000 5.750000000 0.088919125500
932.520000000 6.250000000 -0.051000624900
926.520000000 7.000000000 -0.007479175000
930.520000000 6.250000000 0.052367787800
928.270000000 7.250000000 -0.080603160000
927.270000000 6.500000000 -0.070459857600
928.520000000 7.250000000 -0.076894894200
930.020000000 9.500000000 0.037615865500
926.770000000 7.000000000 -0.036135189200
930.520000000 6.500000000 0.056914903200
930.770000000 6.500000000 0.044982098000
925.270000000 7.500000000 -0.033214956500
930.520000000 6.750000000 0.058637350800
925.770000000 7.750000000 0.026379579700
931.270000000 10.000000000 0.013052670300
925.770000000 6.750000000 0.062904290900
931.270000000 8.500000000 -0.011406837000
926.270000000 8.000000000 -0.041473083200
925.520000000 7.250000000 0.047719094900
930.520000000 6.000000000 0.050411343600
927.020000000 7.250000000 0.043531674900
925.770000000 6.500000000 0.062398623700
930.020000000 5.750000000 0.053372740700
929.770000000 6.000000000 0.045573446900
927.520000000 6.000000000 -0.074780091600
930.270000000 8.250000000 0.046536050700
926.270000000 7.000000000 0.020450022100
926.770000000 7.500000000 0.060988511900
927.520000000 6.250000000 -0.074102208000
930.520000000 5.750000000 0.044848620900
928.270000000 6.000000000 -0.030985588200
925.770000000 7.000000000 0.061566472100
932.520000000 5.750000000 0.075067870300
930.270000000 8.500000000 0.040149312500
929.270000000 6.250000000 0.016986507900
931.020000000 5.750000000 0.023672845200
931.020000000 7.250000000 0.049776773900
926.020000000 6.750000000 0.044528305500
928.020000000 6.000000000 -0.052786413600
930.520000000 7.000000000 0.059232141800
931.270000000 6.000000000 -0.001753992100
930.270000000 8.000000000 0.047183539700
927.770000000 6.000000000 -0.068518266100
930.770000000 6.750000000 0.050404835500
928.770000000 6.000000000 -0.035730481100
929.270000000 7.000000000 -0.010135510900
931.020000000 6.000000000 0.030295210000
931.020000000 7.500000000 0.049171898500
927.270000000 6.750000000 -0.069320067800
926.020000000 7.750000000 0.000728831700
927.020000000 7.000000000 -0.057431023600
928.270000000 6.250000000 -0.028076956000
928.020000000 6.250000000 -0.049454994500
927.770000000 6.250000000 -0.066066362000
928.520000000 6.000000000 -0.007142516300
927.520000000 6.500000000 -0.072118453700
931.270000000 8.750000000 -0.009510978100
931.020000000 6.250000000 0.029232874500
925.520000000 7.500000000 0.043265879200
930.270000000 8.750000000 0.036704130500
929.520000000 6.250000000 0.030154509500
931.270000000 9.750000000 0.008070210000
926.520000000 7.250000000 -0.013013215700
929.520000000 7.000000000 0.009411108700
931.020000000 7.000000000 0.048126537400
929.020000000 7.000000000 -0.032595019800
932.770000000 5.750000000 -0.045567207000
930.270000000 5.750000000 0.050544612100
925.770000000 7.250000000 0.058437075500
932.520000000 6.000000000 0.070438280700
926.770000000 7.250000000 -0.038800496600
929.020000000 6.250000000 -0.004724771700
927.520000000 7.000000000 -0.011921660000
930.270000000 6.750000000 0.054949522000
931.270000000 6.500000000 0.039715580600
930.270000000 6.250000000 0.052034635100
928.520000000 6.250000000 -0.005966886900
927.270000000 7.000000000 0.015123514500
926.520000000 7.750000000 0.062382351600
930.270000000 6.500000000 0.052736502100
926.020000000 7.000000000 0.039032015900
930.270000000 7.000000000 0.056449201000
930.270000000 6.000000000 0.050102949100
926.270000000 7.250000000 0.013394892200
926.270000000 7.750000000 -0.026125842700
930.270000000 7.750000000 0.046262435600
927.770000000 6.500000000 -0.062605224500
928.270000000 6.500000000 -0.025107348300
928.020000000 6.500000000 -0.045560039600
930.770000000 7.000000000 0.048844687600
925.770000000 7.500000000 0.031878810400
930.520000000 7.250000000 0.058496188400
930.020000000 6.000000000 0.049371484700
931.020000000 7.750000000 0.046317867900
931.020000000 6.500000000 0.027149211600
930.270000000 7.500000000 0.017597222700
927.770000000 7.000000000 -0.040275957400
931.270000000 9.500000000 0.003687398700
927.520000000 6.750000000 -0.068946853300
930.770000000 7.500000000 0.045854214600
930.020000000 9.750000000 0.032555926600
926.020000000 7.500000000 0.009464958700
930.270000000 9.000000000 0.032550532400
928.770000000 7.000000000 -0.053827263400
931.270000000 9.000000000 -0.006383900100
930.770000000 7.250000000 0.044391058400
928.520000000 6.500000000 -0.005177363800
930.270000000 7.250000000 0.057026289400
930.020000000 7.250000000 0.003244868900
931.270000000 9.250000000 0.000130425000
930.520000000 7.500000000 0.033595625300
929.770000000 6.250000000 0.038921706400
926.020000000 7.250000000 0.026833852800
926.270000000 7.500000000 -0.005710701000
926.520000000 7.500000000 -0.018350362800
928.020000000 7.000000000 -0.062366899100
931.020000000 6.750000000 0.044339429600
927.770000000 6.750000000 -0.058266878100
930.520000000 7.750000000 0.035489264900
930.020000000 6.250000000 0.045314040000
930.770000000 7.750000000 0.045656058900
928.020000000 6.750000000 -0.041245810700
928.270000000 6.750000000 -0.022205853800
930.770000000 9.500000000 -0.017277060100
930.770000000 9.250000000 -0.012174337200
929.770000000 7.000000000 0.023448443000
928.770000000 6.250000000 -0.029241319700
928.520000000 7.000000000 -0.068704962700
928.270000000 7.000000000 -0.072395868600
930.770000000 9.000000000 -0.010445865800
929.270000000 6.500000000 0.012725150200
930.270000000 10.000000000 0.022575574000
931.270000000 6.250000000 0.000139746800
930.020000000 6.500000000 0.044614624200
930.770000000 9.750000000 -0.010770502500
931.020000000 8.250000000 -0.003732957600
931.020000000 8.000000000 -0.002292750600
930.270000000 9.250000000 0.019898148300
930.020000000 6.750000000 0.041894178800
929.520000000 6.500000000 0.022727455900
928.520000000 6.750000000 -0.004817462500
930.020000000 7.000000000 0.002824886200
930.520000000 9.250000000 -0.009331281300
930.520000000 9.500000000 -0.011927626100
929.770000000 6.500000000 0.031622838200
930.520000000 8.000000000 0.036525148900
930.770000000 8.750000000 -0.007337736400
930.520000000 9.000000000 0.003678765100
929.270000000 6.750000000 -0.009563495400
930.770000000 10.000000000 -0.007689788000
931.020000000 9.250000000 -0.011544636500
931.020000000 8.500000000 -0.004737011200
931.020000000 9.500000000 -0.009198241900
928.770000000 6.500000000 0.010877876500
931.020000000 10.000000000 -0.050559368000
929.020000000 6.500000000 -0.005666817100
930.020000000 10.000000000 0.028620937800
930.520000000 8.750000000 0.008194855400
929.020000000 6.750000000 -0.028625471500
931.020000000 9.000000000 -0.012540683200
931.020000000 9.750000000 -0.005606097600
930.520000000 10.000000000 0.004039812800
930.520000000 8.250000000 0.035206437100
930.770000000 8.000000000 0.043799068800
930.520000000 9.750000000 -0.013022131300
930.520000000 8.500000000 0.023172462400
931.020000000 8.750000000 -0.010346918400
929.770000000 6.750000000 0.024428138500
929.520000000 6.750000000 0.006967074700
930.770000000 8.500000000 -0.003220326700
930.270000000 9.500000000 0.015727875800
928.770000000 6.750000000 -0.047055501500
930.770000000 8.250000000 0.008337707300
930.270000000 9.750000000 0.025648836000
