1118.150000000 7.400000000 -0.307128220800
1118.400000000 7.200000000 -0.369136631500
1118.400000000 7.400000000 -0.368950814000
1118.150000000 7.200000000 -0.305561035900
1118.150000000 7.600000000 -0.306329459000
1118.400000000 7.000000000 -0.366959601600
1118.400000000 7.600000000 -0.369219780000
1118.150000000 7.000000000 -0.303638577500
1118.150000000 7.800000000 -0.306227654200
1118.400000000 6.800000000 -0.363685727100
1118.400000000 7.800000000 -0.364508092400
1118.150000000 6.800000000 -0.300537765000
1118.150000000 8.000000000 -0.301663219900
1118.400000000 6.600000000 -0.358736455400
1117.900000000 7.600000000 -0.231115341200
1117.900000000 7.800000000 -0.231599897100
1117.900000000 7.400000000 -0.233219474600
1118.400000000 8.000000000 -0.362307488900
1118.150000000 8.200000000 -0.299128979400
1117.900000000 7.200000000 -0.234915837600
1117.900000000 8.000000000 -0.228066191100
1118.150000000 6.600000000 -0.296650677900
1118.400000000 6.400000000 -0.355064749700
1118.400000000 8.200000000 -0.359159499400
1117.900000000 8.200000000 -0.227267980600
1117.900000000 7.000000000 -0.236230135000
1118.650000000 7.200000000 -0.392534434800
1118.650000000 7.000000000 -0.388911098200
1118.150000000 8.400000000 -0.295677006200
1118.650000000 7.400000000 -0.390766680200
1118.650000000 6.800000000 -0.386981129600
1118.150000000 6.400000000 -0.293928027200
1118.650000000 7.600000000 -0.392224580000
1118.400000000 8.400000000 -0.348047137300
1118.650000000 6.600000000 -0.381505519200
1117.900000000 8.400000000 -0.225948840400
1118.400000000 6.200000000 -0.351503163600
1117.900000000 6.800000000 -0.237133830800
1118.650000000 7.800000000 -0.386406213000
1118.150000000 8.600000000 -0.291197091300
1118.650000000 6.400000000 -0.376614838800
1118.400000000 8.600000000 -0.342491447900
1118.650000000 8.000000000 -0.385688900900
1117.650000000 7.800000000 -0.155500635500
1118.150000000 6.200000000 -0.291885078000
1117.900000000 8.600000000 -0.218665733900
1117.650000000 7.600000000 -0.161072954500
1118.400000000 6.000000000 -0.348090916900
1117.650000000 8.000000000 -0.150387436200
1117.900000000 6.600000000 -0.237595021700
1117.650000000 7.400000000 -0.166812926500
1118.650000000 6.200000000 -0.370163112900
1118.150000000 8.800000000 -0.278536558200
1117.650000000 8.200000000 -0.148800015400
1118.650000000 8.200000000 -0.384131103800
1118.150000000 6.000000000 -0.325520336600
1118.400000000 8.800000000 -0.336182773100
1118.150000000 5.800000000 -0.331954032200
1118.400000000 5.800000000 -0.353396743500
1117.650000000 7.200000000 -0.172425970400
1118.150000000 5.600000000 -0.330390334100
1118.400000000 5.600000000 -0.351242512500
1117.900000000 8.800000000 -0.214987099200
1118.150000000 5.400000000 -0.332365572500
1118.400000000 5.400000000 -0.349099308300
1118.650000000 8.400000000 -0.373136043500
1118.650000000 6.000000000 -0.363252282100
1117.650000000 8.400000000 -0.147477015900
1118.400000000 5.200000000 -0.346777290100
1118.150000000 9.000000000 -0.271243989500
1118.150000000 5.200000000 -0.330348640700
1118.400000000 9.000000000 -0.329231470800
1117.900000000 6.400000000 -0.237551540100
1117.650000000 7.000000000 -0.181925833200
1118.400000000 5.000000000 -0.343612849700
1118.650000000 8.600000000 -0.369901150500
1118.150000000 5.000000000 -0.328144282100
1117.900000000 5.800000000 -0.305006206000
1118.400000000 4.800000000 -0.339825451400
1117.900000000 6.000000000 -0.301550477700
1118.650000000 5.800000000 -0.356726527200
1117.650000000 8.600000000 -0.142409026600
1117.900000000 5.600000000 -0.301584512000
1117.900000000 9.000000000 -0.210343360900
1117.900000000 6.200000000 -0.305727511600
1118.400000000 9.200000000 -0.321770995900
1118.900000000 7.000000000 -0.366113036900
1118.150000000 9.200000000 -0.263095110700
1118.650000000 8.800000000 -0.355258017800
1118.900000000 7.200000000 -0.371386706800
1117.900000000 5.400000000 -0.298734128500
1118.400000000 4.600000000 -0.334197461600
1118.900000000 6.800000000 -0.359704971300
1118.650000000 5.600000000 -0.335149258400
1118.650000000 5.400000000 -0.331479609000
1118.150000000 4.800000000 -0.325758338000
1118.650000000 5.200000000 -0.327916443300
1118.900000000 7.400000000 -0.369709849400
1117.650000000 6.800000000 -0.190333366400
1118.900000000 6.600000000 -0.352420777100
1118.650000000 5.000000000 -0.326673507700
1118.650000000 4.800000000 -0.324653804300
1118.650000000 9.000000000 -0.350593060300
1117.900000000 5.200000000 -0.296397894600
1118.900000000 7.600000000 -0.373111844100
1118.900000000 6.400000000 -0.349442362800
1118.650000000 4.600000000 -0.322791844600
1118.400000000 9.400000000 -0.313920140300
1118.650000000 9.200000000 -0.345469683400
1117.650000000 8.800000000 -0.140628516700
1118.150000000 4.600000000 -0.320176541800
1118.900000000 7.800000000 -0.375526309000
1118.650000000 9.400000000 -0.339833051000
1118.900000000 6.200000000 -0.340683251600
1118.150000000 9.400000000 -0.254159331300
1117.900000000 9.200000000 -0.204606145600
1117.900000000 5.000000000 -0.294254720200
1118.900000000 8.000000000 -0.377071976700
1118.900000000 6.000000000 -0.331866323900
1117.650000000 6.600000000 -0.197192981800
1118.900000000 5.400000000 -0.276884108800
1118.900000000 5.200000000 -0.279578656000
1118.900000000 5.600000000 -0.277438342600
1117.900000000 4.800000000 -0.291802197700
1118.900000000 5.000000000 -0.281832307600
1118.900000000 5.800000000 -0.273916840600
1118.900000000 8.200000000 -0.372619837500
1118.900000000 4.800000000 -0.283848762500
1118.900000000 4.600000000 -0.287117093800
1117.650000000 9.000000000 -0.138608664300
1118.900000000 8.400000000 -0.366091221600
1117.900000000 9.400000000 -0.197698980600
1117.650000000 5.800000000 -0.256497144700
1119.150000000 7.600000000 -0.321240097300
1117.650000000 5.600000000 -0.252879053400
1119.150000000 7.800000000 -0.317254275100
1117.650000000 6.000000000 -0.261053979400
1117.900000000 4.600000000 -0.288384974000
1119.150000000 7.400000000 -0.322316139900
1119.150000000 8.000000000 -0.318317294100
1117.400000000 7.600000000 -0.085813410600
1117.650000000 5.400000000 -0.250019758900
1118.900000000 8.600000000 -0.356838166700
1117.400000000 7.800000000 -0.080361932500
1117.650000000 6.200000000 -0.266467928900
1113.150000000 5.400000000 0.346642017400
1117.400000000 7.400000000 -0.093849435400
1113.150000000 5.600000000 0.347985476300
1119.150000000 7.200000000 -0.325611919200
1118.900000000 8.800000000 -0.344175607000
1119.400000000 7.800000000 -0.235352262900
1119.400000000 8.000000000 -0.232219085100
1119.150000000 8.200000000 -0.315249860300
1118.900000000 9.400000000 -0.336674988300
1117.400000000 8.000000000 -0.074998393700
1118.900000000 9.000000000 -0.342494517600
1119.400000000 7.600000000 -0.234419569400
1118.900000000 9.200000000 -0.324601203200
1117.650000000 5.200000000 -0.247623816100
1119.400000000 8.200000000 -0.236417517100
1113.150000000 5.200000000 0.345203280400
1117.400000000 7.200000000 -0.101243801400
1117.650000000 6.400000000 -0.265444517100
1119.400000000 8.400000000 -0.235221520100
1113.150000000 5.800000000 0.345952928100
1119.400000000 7.400000000 -0.235277399400
1119.150000000 7.000000000 -0.326931327600
1119.150000000 8.400000000 -0.319386363000
1112.900000000 5.400000000 0.243582189100
1117.400000000 8.200000000 -0.069914512300
1112.900000000 5.600000000 0.244063049600
1119.400000000 8.600000000 -0.234625920700
1117.650000000 5.000000000 -0.245170980700
1117.650000000 9.200000000 -0.136184170800
1119.150000000 5.600000000 -0.232162490500
1119.150000000 5.400000000 -0.233827725100
1112.900000000 5.200000000 0.239725932500
1119.400000000 7.200000000 -0.240803331100
1119.150000000 5.800000000 -0.230480536800
1119.150000000 5.200000000 -0.236448377400
1119.150000000 8.600000000 -0.318193227100
1119.150000000 6.000000000 -0.229955449700
1119.150000000 6.800000000 -0.322710573700
1119.150000000 5.000000000 -0.239654034400
1112.900000000 5.800000000 0.247367397000
1117.400000000 7.000000000 -0.107800260200
1113.400000000 5.400000000 0.405366450500
1119.400000000 8.800000000 -0.234740361600
1119.150000000 6.200000000 -0.230063647000
1113.150000000 6.000000000 0.343621283800
1113.400000000 5.600000000 0.403272777800
1119.150000000 4.800000000 -0.243626341200
1119.150000000 6.400000000 -0.264329612300
1113.150000000 5.000000000 0.343227744100
1119.150000000 6.600000000 -0.285174459200
1119.650000000 7.800000000 -0.154339969200
1119.650000000 8.000000000 -0.151670590000
1113.400000000 5.200000000 0.405133098400
1117.400000000 8.400000000 -0.065463751600
1119.150000000 4.600000000 -0.248365134000
1119.400000000 9.000000000 -0.245275527200
1119.650000000 7.600000000 -0.151466861400
1119.150000000 8.800000000 -0.317432552600
1119.400000000 7.000000000 -0.243895664800
1119.650000000 8.200000000 -0.157746285200
1117.650000000 4.800000000 -0.241619348500
1113.400000000 5.800000000 0.402590394000
1119.650000000 8.400000000 -0.157129496300
1112.900000000 5.000000000 0.233060494100
1119.650000000 7.400000000 -0.156230300700
1112.900000000 6.000000000 0.247267633700
1119.400000000 9.200000000 -0.247663497900
1119.150000000 9.000000000 -0.325828552200
1119.650000000 8.600000000 -0.157438993500
1113.400000000 5.000000000 0.402767390000
1114.400000000 4.800000000 0.186435148100
1113.150000000 6.200000000 0.341195136300
1119.650000000 7.200000000 -0.156460434200
1117.400000000 8.600000000 -0.063803225800
1114.400000000 5.000000000 0.183450564700
1119.400000000 9.400000000 -0.250857621400
1114.400000000 4.600000000 0.190035790200
1113.400000000 6.000000000 0.399607628600
1117.400000000 6.800000000 -0.115006603300
1119.400000000 6.800000000 -0.247921198600
1119.150000000 9.200000000 -0.327118426600
1119.650000000 8.800000000 -0.158667773000
1117.650000000 4.600000000 -0.238426953600
1114.400000000 5.200000000 0.181771889300
1117.650000000 9.400000000 -0.133145868800
1112.650000000 5.400000000 0.105604760300
1113.150000000 4.800000000 0.338089019100
1112.900000000 6.200000000 0.246947780300
1112.650000000 5.600000000 0.110376484700
1119.650000000 7.000000000 -0.158592477400
1119.150000000 9.400000000 -0.328852236300
1113.650000000 5.400000000 0.408974856100
1113.650000000 5.200000000 0.409585654700
1119.650000000 9.000000000 -0.160854816400
1114.150000000 5.000000000 0.272221773900
1114.650000000 4.600000000 0.134583741400
1114.650000000 4.800000000 0.126885056500
1112.650000000 5.200000000 0.098897345400
1114.150000000 4.800000000 0.272998452200
1114.400000000 5.400000000 0.180420711600
1114.150000000 5.200000000 0.272188723100
1113.650000000 5.600000000 0.407351940900
1112.650000000 5.800000000 0.115672580900
1112.900000000 4.800000000 0.225497558700
1113.400000000 6.200000000 0.396168738600
1113.650000000 5.000000000 0.408990055300
1114.650000000 5.000000000 0.122001573400
1113.400000000 4.800000000 0.399748295500
1117.400000000 8.800000000 -0.062903553200
1113.150000000 6.400000000 0.338553726700
1119.400000000 6.600000000 -0.252427935600
1119.650000000 9.200000000 -0.164023384500
1114.150000000 5.400000000 0.271223187400
1119.400000000 5.800000000 -0.192890614300
1119.400000000 6.000000000 -0.192759841700
1114.150000000 4.600000000 0.272345602500
1119.400000000 5.600000000 -0.192403659200
1113.900000000 5.200000000 0.358108192700
1119.650000000 6.800000000 -0.162574350800
1113.900000000 5.000000000 0.359467834200
1113.650000000 5.800000000 0.405154019600
1119.400000000 6.200000000 -0.194772094500
1119.400000000 5.400000000 -0.193633645800
1114.400000000 5.600000000 0.179310485700
1113.900000000 5.400000000 0.357137680100
1112.650000000 5.000000000 0.090310245800
1112.650000000 6.000000000 0.119149342200
1114.650000000 5.200000000 0.118916049600
1119.400000000 6.400000000 -0.195177093100
1119.650000000 9.400000000 -0.168162494900
1119.400000000 5.200000000 -0.195432186100
1112.900000000 6.400000000 0.246341764900
1114.150000000 5.600000000 0.269657373400
1113.900000000 4.800000000 0.358668625400
1113.650000000 4.800000000 0.407091885800
1113.900000000 5.600000000 0.355113983200
1117.400000000 5.600000000 -0.202232196900
1117.400000000 5.400000000 -0.203053638300
1119.400000000 5.000000000 -0.198876991900
1117.400000000 6.600000000 -0.120285116100
1113.650000000 6.000000000 0.402292132400
1117.400000000 5.800000000 -0.202363967900
1113.400000000 6.400000000 0.392371624700
1117.400000000 5.200000000 -0.204878717700
1114.400000000 5.800000000 0.178723678000
1117.400000000 6.000000000 -0.203104049000
1114.650000000 5.400000000 0.117423243800
1114.150000000 5.800000000 0.268133342300
1119.400000000 4.800000000 -0.204007074200
1119.650000000 6.600000000 -0.168289110100
1117.400000000 5.000000000 -0.206908166400
1113.900000000 5.800000000 0.354335963700
1117.400000000 9.000000000 -0.062675409000
1112.650000000 6.200000000 0.122055925400
1113.150000000 6.600000000 0.335449367800
1113.150000000 4.600000000 0.330887824300
1117.400000000 6.200000000 -0.204717293400
1119.400000000 4.600000000 -0.210737973500
1113.900000000 4.600000000 0.355634719100
1113.400000000 4.600000000 0.395325034900
1117.400000000 4.800000000 -0.210486277900
1113.650000000 6.200000000 0.399293631300
1112.650000000 4.800000000 0.080617994100
1114.150000000 6.000000000 0.268054068100
1119.900000000 7.600000000 -0.090191170600
1114.400000000 6.000000000 0.179250270100
1117.400000000 6.400000000 -0.204228937600
1112.900000000 6.600000000 0.242227494700
1113.900000000 6.000000000 0.352937579200
1119.900000000 7.800000000 -0.094298824700
1113.650000000 4.600000000 0.403389781700
1112.900000000 4.600000000 0.215603932700
1114.650000000 5.600000000 0.116840295500
1119.900000000 7.400000000 -0.094965018300
1119.900000000 8.000000000 -0.091971762500
1113.400000000 6.600000000 0.386085569900
1119.900000000 7.200000000 -0.094085812600
1117.400000000 4.600000000 -0.213031083300
1119.900000000 8.200000000 -0.090918064100
1119.650000000 6.400000000 -0.175477609000
1112.650000000 6.400000000 0.124374680200
1114.150000000 6.200000000 0.268044620800
1113.650000000 6.400000000 0.396123826500
1113.900000000 6.200000000 0.351269185500
1114.400000000 6.200000000 0.180076733200
1117.400000000 9.200000000 -0.059428192700
1119.900000000 7.000000000 -0.095201842500
1119.900000000 8.400000000 -0.099850401300
1113.150000000 6.800000000 0.328898102000
1114.650000000 5.800000000 0.116710670300
1117.150000000 7.600000000 -0.001273613500
1117.150000000 7.400000000 -0.001925742700
1112.400000000 5.600000000 -0.034263618300
1112.400000000 5.400000000 -0.042378969500
1119.900000000 8.600000000 -0.100963577600
1117.150000000 7.800000000 -0.000342026100
1117.150000000 7.200000000 -0.002657202300
1112.900000000 6.800000000 0.241308629500
1114.150000000 6.400000000 0.268979489800
1112.400000000 5.800000000 -0.027624117200
1113.900000000 6.400000000 0.349704772200
1119.900000000 6.800000000 -0.098293103300
1113.400000000 6.800000000 0.381897926300
1113.650000000 6.600000000 0.392150431900
1112.400000000 5.200000000 -0.050488457100
1119.900000000 8.800000000 -0.103127524300
1117.150000000 8.000000000 -0.000034079800
1114.400000000 6.400000000 0.181413710100
1114.900000000 4.800000000 0.104581527400
1112.650000000 6.600000000 0.125065088300
1114.900000000 4.600000000 0.113193221400
1119.650000000 6.200000000 -0.183720961200
1114.650000000 6.000000000 0.117859654100
1112.400000000 6.000000000 -0.020853150600
1114.900000000 5.000000000 0.099463991800
1112.650000000 4.600000000 0.069483459000
1117.150000000 7.000000000 -0.003692511700
1119.650000000 5.800000000 -0.165754884500
1119.650000000 5.600000000 -0.164442434900
1119.900000000 9.000000000 -0.106200128800
1114.150000000 6.600000000 0.269401788700
1119.650000000 6.000000000 -0.165839701900
1119.650000000 5.400000000 -0.165044963400
1113.900000000 6.600000000 0.348632961500
1117.150000000 8.200000000 0.000303939600
1119.900000000 6.600000000 -0.103436417900
1117.400000000 9.400000000 -0.059367887700
1119.650000000 5.200000000 -0.167187944100
1113.150000000 7.000000000 0.325096756200
1112.400000000 5.000000000 -0.059056136800
1114.400000000 6.600000000 0.183066740600
1113.650000000 6.800000000 0.389164418000
1119.900000000 9.200000000 -0.110097967100
1114.900000000 5.200000000 0.097049363000
1112.400000000 6.200000000 -0.014814506300
1119.650000000 5.000000000 -0.168631479100
1114.650000000 6.200000000 0.117465212900
1113.400000000 7.000000000 0.377434909300
1114.150000000 6.800000000 0.271189868500
1112.900000000 7.000000000 0.239316955200
1113.900000000 6.800000000 0.348324358500
1112.650000000 6.800000000 0.126628980000
1119.900000000 9.400000000 -0.114665307100
1117.150000000 8.400000000 0.000810443200
1119.650000000 4.800000000 -0.170922100500
1119.900000000 6.400000000 -0.110740236900
1114.400000000 6.800000000 0.184904709500
1114.900000000 5.400000000 0.096556834900
1117.150000000 6.800000000 -0.006458473400
1112.400000000 6.400000000 -0.009587382000
1113.650000000 7.000000000 0.386665403800
1119.650000000 4.600000000 -0.174295693600
1114.150000000 7.000000000 0.273773312600
1112.400000000 4.800000000 -0.068246170900
1114.650000000 6.400000000 0.118040315800
1113.900000000 7.000000000 0.347137272400
1117.150000000 8.600000000 -0.001089089200
1113.150000000 7.200000000 0.318175196600
1117.150000000 5.000000000 -0.184241071300
1117.150000000 5.200000000 -0.176376164000
1117.150000000 4.800000000 -0.190555647000
1114.400000000 7.000000000 0.185568571100
1113.400000000 7.200000000 0.370733618700
1117.150000000 5.400000000 -0.170029565700
1114.900000000 5.600000000 0.097207620700
1119.900000000 6.200000000 -0.120185926600
1112.650000000 7.000000000 0.127013981300
1117.150000000 5.600000000 -0.163303434800
1114.150000000 7.200000000 0.274355143300
1112.900000000 7.200000000 0.234956279400
1117.150000000 4.600000000 -0.198802962900
1113.900000000 7.200000000 0.348240733100
1113.650000000 7.200000000 0.382600843900
1112.400000000 6.600000000 -0.003548321800
1114.650000000 6.600000000 0.118055932200
1117.150000000 5.800000000 -0.156534344000
1117.150000000 8.800000000 -0.000178774400
1114.400000000 7.200000000 0.187129899900
1117.150000000 6.000000000 -0.149932578200
1114.150000000 7.400000000 0.277461260600
1114.900000000 5.800000000 0.098130732800
1113.900000000 7.400000000 0.347336024000
1117.150000000 6.200000000 -0.146025434100
1113.150000000 7.400000000 0.313268452900
1113.400000000 7.400000000 0.363720357400
1114.650000000 6.800000000 0.117253847400
1113.650000000 7.400000000 0.378248095500
1119.900000000 6.000000000 -0.128238484300
1117.150000000 6.600000000 -0.012098606700
1112.400000000 6.800000000 0.000293235900
1114.400000000 7.400000000 0.187414199100
1112.650000000 7.200000000 0.126909419900
1112.400000000 4.600000000 -0.077211864300
1117.150000000 6.400000000 -0.142602235100
1112.900000000 7.400000000 0.230178177400
1114.150000000 7.600000000 0.277870506000
1117.150000000 9.000000000 -0.002603557200
1113.900000000 7.600000000 0.346298694600
1114.900000000 6.000000000 0.098340801900
1114.650000000 7.000000000 0.115588747000
1112.150000000 5.600000000 -0.161805003900
1114.400000000 7.600000000 0.188517481100
1112.150000000 5.800000000 -0.153364673300
1113.650000000 7.600000000 0.377410113800
1112.150000000 5.400000000 -0.168571457300
1113.400000000 7.600000000 0.359550029000
1114.150000000 7.800000000 0.278012841900
1112.150000000 6.000000000 -0.145311996300
1113.150000000 7.600000000 0.306134343100
1112.400000000 7.000000000 0.005074320400
1119.900000000 5.800000000 -0.141802325800
1113.900000000 7.800000000 0.348808497200
1114.650000000 7.200000000 0.113278679500
1117.150000000 9.200000000 -0.005599562500
1120.150000000 7.400000000 -0.059172753200
1112.150000000 5.200000000 -0.175849974200
1112.650000000 7.400000000 0.126212686300
1114.900000000 6.200000000 0.096812166300
1120.150000000 7.600000000 -0.057024799300
1120.150000000 7.200000000 -0.058632515400
1114.400000000 7.800000000 0.188210964200
1112.150000000 6.200000000 -0.137865796700
1120.150000000 7.800000000 -0.059864286300
1120.150000000 7.000000000 -0.063707485800
1112.900000000 7.600000000 0.226423248600
1113.650000000 7.800000000 0.373617947100
1120.150000000 8.000000000 -0.059632875000
1114.150000000 8.000000000 0.277868390100
1120.150000000 6.800000000 -0.065864905700
1114.650000000 7.400000000 0.112713590300
1120.150000000 8.200000000 -0.064963258800
1113.900000000 8.000000000 0.347760200500
1116.900000000 7.600000000 0.077118091300
1116.900000000 7.400000000 0.083713784800
1113.400000000 7.800000000 0.352855145900
1116.900000000 7.800000000 0.070280328400
1112.150000000 6.400000000 -0.131149053600
1120.150000000 8.400000000 -0.065934270600
1119.900000000 5.400000000 -0.151988476500
1119.900000000 5.600000000 -0.154712274700
1112.150000000 5.000000000 -0.183015987300
1114.400000000 8.000000000 0.187755078100
1119.900000000 5.200000000 -0.151465311600
1120.150000000 6.600000000 -0.069816745800
1114.900000000 6.400000000 0.097000427500
1112.400000000 7.200000000 0.007278676100
1116.900000000 8.000000000 0.063993863800
1116.900000000 7.200000000 0.089122727500
1119.900000000 5.000000000 -0.152918338800
1120.150000000 8.600000000 -0.067625977100
1113.150000000 7.800000000 0.298891753000
1115.150000000 5.000000000 0.106707774100
1115.150000000 4.800000000 0.111181139900
1114.650000000 7.600000000 0.109267242300
1119.900000000 4.800000000 -0.152221143200
1114.150000000 8.200000000 0.277406275300
1117.150000000 9.400000000 -0.008984812500
1113.650000000 8.000000000 0.369792610400
1120.150000000 8.800000000 -0.069874987000
1116.900000000 8.200000000 0.057747330500
1112.650000000 7.600000000 0.124377369900
1119.900000000 4.600000000 -0.153366953100
1113.900000000 8.200000000 0.346334397800
1120.150000000 6.400000000 -0.075680144100
1115.150000000 5.200000000 0.104374289500
1114.900000000 6.600000000 0.153598323500
1112.150000000 6.600000000 -0.125188857300
1120.150000000 9.000000000 -0.078640289600
1115.150000000 4.600000000 0.117629542900
1116.900000000 4.600000000 -0.156032592100
1112.900000000 7.800000000 0.221286237200
1114.400000000 8.200000000 0.187132373500
1116.900000000 7.000000000 0.092054210600
1120.150000000 9.200000000 -0.081397086400
1114.650000000 7.800000000 0.107793688800
1116.900000000 8.400000000 0.051973179000
1113.400000000 8.000000000 0.346173465300
1116.900000000 4.800000000 -0.146316304800
1120.150000000 9.400000000 -0.084487453100
1114.900000000 6.800000000 0.157406106600
1114.150000000 8.400000000 0.276516139500
1120.150000000 6.200000000 -0.079698517900
1115.150000000 5.400000000 0.103230133700
1112.150000000 4.800000000 -0.188826784500
1113.650000000 8.200000000 0.365955948800
1116.900000000 5.000000000 -0.136995092000
1112.400000000 7.400000000 0.010997687500
1113.900000000 8.400000000 0.344375789200
1113.150000000 8.000000000 0.291598111400
1116.900000000 8.600000000 0.044711332800
1112.150000000 6.800000000 -0.116327755200
1114.650000000 8.000000000 0.106226168600
1114.400000000 8.400000000 0.186292946300
1116.900000000 5.200000000 -0.127801567300
1114.900000000 7.000000000 0.161494866000
1112.650000000 7.800000000 0.122933402700
1116.900000000 5.400000000 -0.118700303100
1120.150000000 6.000000000 -0.090110376500
1115.150000000 5.600000000 0.103326506900
1114.150000000 8.600000000 0.275153696500
1112.900000000 8.000000000 0.215884119300
1113.400000000 8.200000000 0.339637488100
1115.150000000 6.400000000 0.076048523200
1116.900000000 6.800000000 0.090946093200
1113.650000000 8.400000000 0.362037986500
1116.900000000 8.800000000 0.040353242300
1115.150000000 6.200000000 0.077763520200
1114.650000000 8.200000000 0.104554414700
1113.900000000 8.600000000 0.338609427200
1115.150000000 6.600000000 0.077660426500
1116.900000000 5.600000000 -0.108048476300
1114.900000000 7.200000000 0.166049271800
1114.400000000 8.600000000 0.185300663100
1112.150000000 7.000000000 -0.111874327100
1112.400000000 7.600000000 0.014066981200
1115.150000000 6.000000000 0.081925444300
1116.900000000 5.800000000 -0.098800815600
1113.150000000 8.200000000 0.284365713600
1120.150000000 5.800000000 -0.099763110300
1115.150000000 6.800000000 0.083609275500
1115.150000000 5.800000000 0.103788688800
1114.150000000 8.800000000 0.271851539600
1116.900000000 9.000000000 0.033343475300
1114.650000000 8.400000000 0.102784916800
1116.900000000 6.000000000 -0.088664174100
1112.150000000 4.600000000 -0.192926719800
1114.900000000 7.400000000 0.170832261400
1112.650000000 8.000000000 0.120977416600
1113.650000000 8.600000000 0.357998848000
1113.400000000 8.400000000 0.333274960500
1113.900000000 8.800000000 0.335941374300
1114.400000000 8.800000000 0.184232607500
1112.900000000 8.200000000 0.210331648600
1116.900000000 6.200000000 -0.081558264800
1115.150000000 7.000000000 0.089975342200
1120.650000000 8.600000000 -0.069035813200
1120.650000000 8.800000000 -0.067434757900
1112.150000000 7.200000000 -0.104234665600
1114.900000000 7.600000000 0.051825378100
1120.650000000 8.400000000 -0.069710448400
1116.900000000 6.400000000 -0.074343316300
1120.650000000 9.000000000 -0.067490257300
1120.150000000 5.600000000 -0.112591899900
1114.650000000 8.600000000 0.101031526900
1116.900000000 9.200000000 0.026242900600
1116.650000000 4.800000000 -0.061872664800
1120.400000000 8.600000000 -0.145875170800
1114.150000000 9.000000000 0.269875228400
1120.400000000 8.800000000 -0.141632959200
1112.400000000 7.800000000 0.016577502700
1113.150000000 8.400000000 0.277304947400
1116.650000000 4.600000000 -0.066213131000
1123.400000000 8.000000000 0.215312883300
1123.400000000 7.800000000 0.216538816700
1111.900000000 5.800000000 -0.245904281700
1120.400000000 8.400000000 -0.148690015100
1120.400000000 9.000000000 -0.143741667300
1120.650000000 8.200000000 -0.075850956100
1116.900000000 6.600000000 0.084172636300
1120.650000000 9.200000000 -0.068918302700
1113.900000000 9.000000000 0.332558482900
1113.650000000 8.800000000 0.353664249200
1114.900000000 7.800000000 0.048338756000
1111.900000000 6.000000000 -0.239642620100
1111.900000000 5.600000000 -0.249435976100
1123.400000000 8.200000000 0.213696152000
1123.400000000 7.600000000 0.214050144000
1113.400000000 8.600000000 0.327152699200
1115.150000000 7.200000000 0.097806774100
1114.400000000 9.000000000 0.182860702300
1123.150000000 8.200000000 0.130837187200
1120.400000000 9.200000000 -0.142995402200
1123.150000000 8.000000000 0.129668951000
1120.900000000 8.400000000 -0.024791900100
1120.900000000 8.600000000 -0.024983137800
1123.150000000 8.400000000 0.126566976300
1123.400000000 8.400000000 0.212117657100
1111.900000000 6.200000000 -0.233573839100
1120.400000000 8.200000000 -0.157461434600
1112.650000000 8.200000000 0.118591785400
1111.900000000 5.400000000 -0.255715608600
1123.650000000 7.600000000 0.270686417800
1120.650000000 9.400000000 -0.071715481600
1120.900000000 8.800000000 -0.025827910800
1115.900000000 9.400000000 0.184003993900
1123.150000000 8.600000000 0.126678332700
1123.150000000 7.800000000 0.126334607600
1120.400000000 9.400000000 -0.143769115200
1123.650000000 7.800000000 0.267339497800
1120.900000000 8.200000000 -0.027768079200
1123.400000000 7.400000000 0.211605325300
1114.650000000 8.800000000 0.099356599200
1112.900000000 8.400000000 0.204725712500
1123.650000000 7.400000000 0.270750105400
1114.900000000 8.000000000 0.044913630900
1120.650000000 8.000000000 -0.082599006600
1116.900000000 9.400000000 0.019323866800
1120.150000000 5.400000000 -0.129817292100
1112.150000000 7.400000000 -0.097202375500
1123.400000000 8.600000000 0.210659772200
1123.650000000 8.000000000 0.264057457400
1114.150000000 9.200000000 0.267288327200
1111.900000000 6.400000000 -0.223359972200
1123.150000000 8.800000000 0.127590850000
1120.900000000 9.000000000 -0.028338560800
1115.150000000 7.400000000 0.103872031000
1115.650000000 9.400000000 0.248305380300
1123.150000000 7.600000000 0.123476401000
1116.150000000 9.400000000 0.119939737000
1111.900000000 5.200000000 -0.259308517000
1113.650000000 9.000000000 0.344050586200
1123.650000000 7.200000000 0.268364071800
1113.150000000 8.600000000 0.270447760800
1120.900000000 8.000000000 -0.032298687800
1113.900000000 9.200000000 0.328320860900
1123.650000000 8.200000000 0.261252611900
1116.650000000 5.000000000 -0.057003617300
1120.400000000 8.000000000 -0.165899917500
1114.400000000 9.200000000 0.181412294500
1112.400000000 8.000000000 0.015111110200
1114.900000000 8.200000000 0.041532222200
1123.400000000 8.800000000 0.203411921900
1113.400000000 8.800000000 0.321250945300
1123.150000000 9.000000000 0.121222667400
1123.400000000 7.200000000 0.207852274200
1120.900000000 9.200000000 -0.032320193900
1111.900000000 6.600000000 -0.218160837900
1123.900000000 7.600000000 0.268282204900
1114.650000000 9.000000000 0.100946277400
1123.900000000 7.400000000 0.270823359500
1123.650000000 8.400000000 0.258697599200
1123.900000000 7.800000000 0.265188455600
1115.150000000 7.600000000 0.112488381600
1120.150000000 5.200000000 -0.146947160400
1115.400000000 6.400000000 0.034670390200
1123.150000000 7.400000000 0.118719346800
1112.650000000 8.400000000 0.115823864900
1122.900000000 8.400000000 0.036916632200
1120.650000000 7.800000000 -0.093815557700
1122.900000000 8.600000000 0.039362654100
1123.400000000 9.000000000 0.202084407200
1114.150000000 9.400000000 0.263500243400
1123.150000000 9.200000000 0.123267009900
1115.400000000 9.400000000 0.292425215200
1122.900000000 8.200000000 0.034582693100
1123.900000000 8.000000000 0.261785715800
1115.400000000 6.200000000 0.041823685200
1112.900000000 8.600000000 0.199096277400
1123.900000000 7.200000000 0.273093879200
1112.400000000 8.400000000 0.286791563000
1112.400000000 8.200000000 0.284525752100
1114.900000000 8.400000000 0.038251068400
1115.900000000 9.200000000 0.179068699500
1115.400000000 6.600000000 0.032742437000
1112.400000000 8.600000000 0.288556873800
1120.900000000 9.400000000 -0.036337610300
1122.900000000 8.800000000 0.037205122400
1112.150000000 7.600000000 -0.095067665000
1111.900000000 5.000000000 -0.262027233800
1120.900000000 7.800000000 -0.040422484300
1112.400000000 8.800000000 0.289814710600
1115.900000000 4.600000000 -0.014147508900
1113.650000000 9.200000000 0.339418619900
1123.650000000 7.000000000 0.266345918200
1123.650000000 8.600000000 0.255943954000
1113.900000000 9.400000000 0.321391403700
1122.900000000 8.000000000 0.031759299300
1114.400000000 9.400000000 0.180582270000
1112.400000000 9.000000000 0.290546298000
1111.900000000 6.800000000 -0.213412940500
1115.150000000 7.800000000 0.118388183400
1122.900000000 9.000000000 0.040245890600
1115.650000000 9.200000000 0.241098180400
1113.150000000 8.800000000 0.263895094400
1115.650000000 4.600000000 0.065828487300
1123.900000000 8.200000000 0.258551418800
1124.150000000 7.600000000 0.215484365800
1113.400000000 9.000000000 0.315536171200
1116.400000000 9.400000000 0.073184922300
1120.400000000 7.800000000 -0.177423566600
1124.150000000 7.800000000 0.212009683300
1120.150000000 5.000000000 -0.161684900500
1112.400000000 9.200000000 0.290799230300
1123.400000000 9.200000000 0.195341005900
1123.150000000 9.400000000 0.117105431900
1115.400000000 6.000000000 0.057436283700
1114.650000000 9.200000000 0.098926290900
1116.150000000 9.200000000 0.118643000700
1124.150000000 7.400000000 0.216097176100
1115.400000000 6.800000000 0.035489168000
1120.150000000 4.600000000 -0.146241068800
1120.150000000 4.800000000 -0.150270849500
1124.150000000 8.000000000 0.210969269300
1124.400000000 8.000000000 0.142349064400
1124.400000000 8.200000000 0.149109706300
1122.900000000 7.800000000 0.028071258200
1115.150000000 9.400000000 0.304691433900
1124.400000000 7.800000000 0.139655441000
1115.400000000 4.600000000 0.135938450700
1123.400000000 7.000000000 0.201303079700
1124.400000000 8.400000000 0.154790774000
1122.900000000 9.200000000 0.036640211900
1112.150000000 8.800000000 0.326209664300
1112.150000000 8.600000000 0.326367169600
1116.150000000 4.600000000 -0.088303677700
1123.650000000 8.800000000 0.251651704300
1114.900000000 8.600000000 0.041214115900
1112.400000000 9.400000000 0.290567040400
1124.400000000 8.600000000 0.159042194500
1112.150000000 9.000000000 0.325532615200
1124.400000000 7.600000000 0.135992065100
1112.150000000 8.400000000 0.326030999400
1123.900000000 7.000000000 0.272652834700
1114.900000000 9.400000000 0.284882247400
1123.150000000 7.200000000 0.112294286500
1112.150000000 9.200000000 0.324388682800
1123.900000000 8.400000000 0.257675319900
1112.150000000 8.200000000 0.325220763700
1115.150000000 8.000000000 0.123667717000
1124.150000000 8.200000000 0.214383810800
1124.400000000 8.800000000 0.161773815800
1112.650000000 8.600000000 0.204047814000
1116.650000000 9.400000000 0.042764943100
1124.150000000 7.200000000 0.218562766900
1115.900000000 4.800000000 -0.011231922500
1114.650000000 9.400000000 0.234748035700
1116.400000000 4.800000000 0.030333230300
1112.150000000 8.000000000 0.323910713200
1116.650000000 9.200000000 0.050883866800
1112.150000000 9.400000000 0.322776496400
1124.400000000 7.400000000 0.134903922700
1124.650000000 8.000000000 0.071607284200
1124.650000000 8.200000000 0.078131802400
1116.650000000 9.000000000 0.059653382700
1120.400000000 7.200000000 -0.067778132900
1120.400000000 7.400000000 -0.072807543000
1111.900000000 7.000000000 -0.204203859000
1124.650000000 7.800000000 0.066917069300
1122.900000000 9.400000000 0.032165601800
1112.650000000 8.800000000 0.206545516800
1120.400000000 7.000000000 -0.067728325700
1115.400000000 5.000000000 0.128671348100
1120.400000000 7.600000000 -0.072309233200
1124.650000000 8.400000000 0.079317130100
1124.400000000 9.000000000 0.159570351200
1116.650000000 5.200000000 -0.056271329500
1115.400000000 9.200000000 0.285740405300
1123.400000000 9.400000000 0.189106717700
1113.650000000 9.400000000 0.334226429500
1112.150000000 7.800000000 0.322170406600
1116.650000000 8.800000000 0.068794339900
1124.150000000 8.400000000 0.218278855100
1112.900000000 8.800000000 0.193568944900
1116.150000000 4.800000000 -0.085303813200
1115.400000000 5.800000000 0.076316997400
1122.900000000 7.600000000 0.023224832500
1120.400000000 6.800000000 -0.067623220400
1124.650000000 7.600000000 0.060440119400
1116.650000000 8.600000000 0.076141692700
1115.400000000 7.000000000 0.041762955500
1115.400000000 4.800000000 0.131922572900
1116.650000000 7.600000000 0.125129863600
1116.650000000 7.800000000 0.115693815100
1116.650000000 8.400000000 0.086307801300
1124.650000000 8.600000000 0.082480199600
1123.650000000 9.000000000 0.248376295000
1115.400000000 5.200000000 0.123351864500
1116.650000000 8.200000000 0.095632985200
1116.650000000 8.000000000 0.105607867200
1114.900000000 8.800000000 0.194825813200
1112.650000000 9.000000000 0.208664342800
1123.900000000 8.600000000 0.254908084900
1116.400000000 4.600000000 0.023762751400
1120.650000000 7.600000000 -0.110124878600
1116.650000000 7.400000000 0.132990628500
1116.400000000 9.200000000 0.074742063900
1115.150000000 8.200000000 0.128019303100
1115.650000000 4.800000000 0.065756499800
1111.900000000 4.800000000 -0.262421190700
1120.900000000 7.600000000 -0.053376372900
1124.150000000 8.600000000 0.222104296100
1120.400000000 6.600000000 -0.067797273400
1113.150000000 9.000000000 0.257682025400
1124.400000000 7.200000000 0.132092610000
1124.400000000 9.200000000 0.160610199000
1113.400000000 9.200000000 0.305059015800
1124.650000000 7.400000000 0.052548978500
1124.650000000 8.800000000 0.081308588400
1115.900000000 9.000000000 0.173135101800
1124.150000000 8.800000000 0.225377336100
1112.650000000 9.200000000 0.210432872200
1115.400000000 5.400000000 0.113420374700
1116.650000000 7.200000000 0.140938550200
1115.400000000 5.600000000 0.095918327600
1116.150000000 5.000000000 -0.082903593800
1115.150000000 9.200000000 0.299587965000
1120.400000000 6.400000000 -0.068709246800
1121.150000000 8.400000000 -0.024456966700
1115.900000000 5.000000000 -0.009633137800
1121.150000000 8.200000000 -0.023756343900
1124.150000000 7.000000000 0.219097226900
1115.650000000 9.000000000 0.232381016000
1124.150000000 9.000000000 0.227789506300
1124.650000000 9.000000000 0.082108296500
1114.900000000 9.000000000 0.196235001100
1114.900000000 9.200000000 0.281954288500
1115.150000000 8.400000000 0.131329372500
1123.900000000 8.800000000 0.255393296500
1116.650000000 5.400000000 -0.049412105200
1124.400000000 9.400000000 0.158672034700
1123.650000000 9.200000000 0.244823545200
1121.150000000 8.600000000 -0.026833601300
1125.400000000 6.600000000 0.184795677700
1123.650000000 6.800000000 0.257977783700
1125.400000000 6.400000000 0.181782066800
1112.650000000 9.400000000 0.211852297200
1124.150000000 9.200000000 0.229203254000
1125.400000000 6.800000000 0.188109874700
1124.650000000 7.200000000 0.045893486600
1121.150000000 8.000000000 -0.025901245000
1115.400000000 7.200000000 0.053187269700
1125.400000000 6.200000000 0.186160057800
1111.900000000 7.200000000 -0.195177480600
1122.900000000 7.400000000 0.019188586600
1116.400000000 5.000000000 0.033134792000
1116.150000000 9.000000000 0.117805831100
1125.400000000 7.000000000 0.183635070900
1120.400000000 6.200000000 -0.070973679400
1111.150000000 5.800000000 0.168893352200
1111.150000000 6.000000000 0.168507680300
1125.400000000 6.000000000 0.189338505300
1111.150000000 6.200000000 0.165099412200
1124.650000000 9.200000000 0.082113064800
1111.150000000 5.600000000 0.169157847800
1125.400000000 7.200000000 0.187402412300
1111.150000000 6.400000000 0.163854226500
1116.150000000 5.200000000 -0.081740587900
1125.400000000 5.800000000 0.190719753500
1111.900000000 8.800000000 0.308950156000
1123.150000000 7.000000000 0.105459399500
1111.900000000 9.000000000 0.307101368900
1111.900000000 8.600000000 0.310522109300
1124.150000000 9.400000000 0.229637220500
1115.150000000 8.600000000 0.133898213500
1125.400000000 5.600000000 0.190223664000
1124.400000000 7.000000000 0.128531739100
1121.150000000 8.800000000 -0.030436350000
1111.900000000 9.200000000 0.304988235200
1111.900000000 8.400000000 0.313360035400
1116.650000000 7.000000000 0.145441204300
1111.150000000 5.400000000 0.169343069200
1125.400000000 7.400000000 0.191353261500
1111.150000000 6.600000000 0.162440091400
1123.900000000 9.000000000 0.256303817000
1125.400000000 5.400000000 0.184652566900
1112.900000000 9.000000000 0.188183620600
1123.900000000 6.800000000 0.268551170800
1111.900000000 8.200000000 0.314770042900
1111.900000000 9.400000000 0.303819447800
1115.650000000 5.000000000 0.066542692500
1115.900000000 5.200000000 -0.006323275600
1124.650000000 9.400000000 0.081620372800
1115.400000000 9.000000000 0.277469188000
1120.400000000 6.000000000 -0.074973352300
1116.400000000 9.000000000 0.082529425600
1113.400000000 9.400000000 0.299742817900
1111.900000000 8.000000000 0.316024005400
1116.400000000 5.200000000 -0.155982628500
1125.400000000 7.600000000 0.187261685700
1125.400000000 5.200000000 0.176580816500
1116.650000000 5.600000000 -0.040779784300
1123.650000000 9.400000000 0.241654664300
1111.150000000 6.800000000 0.160848066200
1121.150000000 7.800000000 -0.030116787200
1111.150000000 5.200000000 0.169229283900
1113.150000000 9.200000000 0.251839429100
1122.650000000 8.800000000 -0.043429501400
1111.900000000 7.800000000 0.317148089400
1122.650000000 8.600000000 -0.045618217400
1116.150000000 5.400000000 -0.081106595700
1115.150000000 8.800000000 0.136363759600
1125.400000000 5.000000000 0.171120807500
1125.400000000 7.800000000 0.191376596700
1115.400000000 7.400000000 0.059096224600
1123.900000000 9.200000000 0.260544598100
1122.650000000 9.000000000 -0.042951740300
1123.400000000 6.800000000 0.190269917200
1111.900000000 7.600000000 0.318136632400
1111.400000000 6.200000000 0.245433077200
1111.400000000 6.000000000 0.248199790700
1121.150000000 9.000000000 -0.034832477600
1122.650000000 8.400000000 -0.049578145100
1111.400000000 5.800000000 0.252430856200
1124.650000000 7.000000000 0.038501799100
1116.400000000 5.400000000 -0.158239454000
1111.150000000 7.000000000 0.153153434400
1111.400000000 6.400000000 0.242336198700
1111.400000000 5.600000000 0.254153490100
1111.150000000 5.000000000 0.168795242900
1110.900000000 6.000000000 0.069942422200
1110.900000000 5.800000000 0.068624630600
1111.900000000 7.400000000 0.318980187200
1122.650000000 9.200000000 -0.038848161700
1111.400000000 6.600000000 0.238964691800
1125.400000000 4.800000000 0.164885535800
1120.400000000 5.800000000 -0.081143610200
1125.400000000 8.000000000 0.187695965200
1115.150000000 9.000000000 0.293160051100
1111.400000000 5.400000000 0.255567997700
1110.900000000 6.200000000 0.071261309100
1110.900000000 5.600000000 0.067383498000
1123.900000000 9.400000000 0.262226700800
1116.650000000 5.800000000 -0.033084411200
1122.650000000 8.200000000 -0.053233489400
1111.150000000 7.200000000 0.150538489200
1111.400000000 6.800000000 0.235293537400
1122.900000000 7.200000000 0.014261478600
1125.150000000 5.800000000 0.108700044500
1111.650000000 6.000000000 -0.291154652800
1110.900000000 6.400000000 0.069953121200
1125.150000000 5.600000000 0.098153062200
1125.150000000 6.000000000 0.113421149600
1116.400000000 5.600000000 -0.161111459100
1116.150000000 5.600000000 -0.081266686300
1111.650000000 5.800000000 -0.294026821900
1120.900000000 7.400000000 -0.072524398600
1111.400000000 7.000000000 0.226467832900
1125.400000000 8.200000000 0.191743403700
1111.400000000 5.200000000 0.256602197900
1125.150000000 5.400000000 0.092646256100
1122.650000000 9.400000000 -0.039678916300
1110.900000000 5.400000000 0.066261619300
1125.150000000 6.200000000 0.117612078800
1125.400000000 4.600000000 0.157829120800
1115.900000000 5.400000000 -0.002907194700
1111.650000000 6.200000000 -0.287915676800
1111.150000000 4.800000000 0.168333426100
1111.900000000 4.600000000 -0.260031968400
1111.400000000 7.200000000 0.222081765500
1121.150000000 9.200000000 -0.039604481300
1124.150000000 6.800000000 0.217589601900
1110.900000000 6.600000000 0.070656672100
1115.900000000 8.800000000 0.165117844900
1125.150000000 5.200000000 0.086588777600
1111.150000000 7.400000000 0.147750809800
1115.400000000 7.600000000 0.067466512300
1125.150000000 6.400000000 0.121273718800
1111.650000000 5.600000000 -0.296149671100
1116.650000000 6.000000000 -0.022824656200
1122.650000000 8.000000000 -0.056878004200
1120.400000000 5.600000000 -0.090513981900
1111.400000000 5.000000000 0.256984591500
1111.400000000 7.400000000 0.217529326700
1120.650000000 7.400000000 -0.131474763200
1110.900000000 5.200000000 0.064663223900
1125.400000000 8.400000000 0.188527956600
1115.650000000 5.200000000 0.065209440900
1115.650000000 8.800000000 0.221880540300
1116.650000000 6.800000000 0.142334565500
1116.400000000 5.800000000 -0.164624854900
1111.650000000 8.400000000 0.256987988900
1125.150000000 7.200000000 0.127468407200
1111.650000000 8.200000000 0.260463863600
1125.150000000 6.600000000 0.130551755400
1125.150000000 7.000000000 0.129795149000
1121.150000000 7.600000000 -0.037228968000
1111.650000000 8.600000000 0.253607690300
1125.150000000 6.800000000 0.125806033600
1111.650000000 8.000000000 0.264006882900
1111.650000000 6.400000000 -0.284609377400
1125.150000000 5.000000000 0.080031104400
1125.150000000 7.400000000 0.131752565500
1111.650000000 8.800000000 0.250341653800
1110.900000000 6.800000000 0.071313642000
1111.650000000 7.800000000 0.267612010200
1111.400000000 7.600000000 0.212877333200
1112.900000000 9.200000000 0.182983025900
1111.650000000 7.600000000 0.274240702400
1111.650000000 7.400000000 0.278192848000
1111.650000000 9.000000000 0.247168377000
1116.150000000 5.800000000 -0.082072973300
1111.650000000 7.200000000 0.282082498100
1125.150000000 7.600000000 0.136333316600
1111.150000000 7.600000000 0.144762113700
1111.650000000 7.000000000 0.285886257900
1124.900000000 7.600000000 0.000152996000
1116.400000000 8.800000000 0.090889483700
1125.400000000 8.600000000 0.192303285000
1111.650000000 6.800000000 0.289543122100
1124.900000000 7.800000000 0.005518480200
1111.650000000 9.200000000 0.244071319700
1111.150000000 4.600000000 0.167870789800
1111.650000000 6.600000000 0.295737177100
1111.400000000 4.800000000 0.257121712000
1116.650000000 6.200000000 -0.015395080700
1113.150000000 9.400000000 0.246335536200
1125.150000000 7.800000000 0.133991330900
1116.150000000 8.800000000 0.117480091800
1111.400000000 7.800000000 0.201514035500
1110.900000000 5.000000000 0.063317500100
1124.900000000 7.400000000 -0.006501589900
1124.900000000 8.000000000 0.009584278800
1125.150000000 4.800000000 0.190490871700
1121.150000000 9.400000000 -0.044342178900
1124.400000000 6.800000000 0.125695288200
1111.650000000 9.400000000 0.241064444200
1120.400000000 5.400000000 -0.101629905400
1125.150000000 8.000000000 0.138854429100
1111.400000000 8.000000000 0.196677178100
1124.900000000 8.200000000 0.012600658500
1115.400000000 7.800000000 0.074463367500
1111.650000000 5.400000000 -0.296731054800
1122.650000000 7.800000000 -0.059586461600
1125.150000000 4.600000000 0.190275564800
1116.400000000 6.000000000 -0.168703079200
1115.900000000 5.600000000 -0.001171112100
1110.900000000 7.000000000 0.071880370400
1124.900000000 8.400000000 0.014692228300
1125.400000000 8.800000000 0.189520835900
1124.900000000 8.600000000 0.016030017300
1116.650000000 6.400000000 -0.006069916300
1124.900000000 8.800000000 0.015247713800
1111.400000000 8.200000000 0.191900700300
1111.150000000 7.800000000 0.141603574200
1125.150000000 8.200000000 0.136732816700
1124.900000000 9.000000000 0.015083544900
1124.900000000 7.200000000 -0.013975707800
1115.400000000 8.800000000 0.267071872900
1112.900000000 9.400000000 0.109990477600
1124.900000000 9.200000000 0.014643429800
1111.400000000 4.600000000 0.256924212000
1116.150000000 6.000000000 -0.083666369300
1111.400000000 8.400000000 0.187199205200
1124.900000000 9.400000000 0.011335628100
1125.150000000 8.400000000 0.141769856200
1110.900000000 4.800000000 0.062209308100
1124.650000000 6.800000000 0.032554764300
1125.400000000 9.000000000 0.192924663400
1111.650000000 5.200000000 0.312794387300
1120.400000000 5.200000000 -0.115558065500
1116.650000000 6.600000000 0.001350918300
1123.150000000 6.800000000 0.097070723800
1110.900000000 7.200000000 0.067161254600
1111.150000000 8.000000000 0.128973573400
1122.900000000 7.000000000 0.013302089600
1111.400000000 8.600000000 0.182605877500
1115.400000000 8.000000000 0.078698523300
1116.400000000 6.200000000 -0.173162192100
1125.150000000 8.600000000 0.139966264400
1115.650000000 5.400000000 0.067649260200
1111.650000000 5.000000000 0.313704699300
1124.900000000 5.800000000 0.024819620000
1124.900000000 6.000000000 0.030442226700
1125.400000000 9.200000000 0.190490886600
1122.650000000 7.600000000 -0.060551438500
1111.400000000 8.800000000 0.178139314100
1124.900000000 5.600000000 0.018859909800
1125.150000000 8.800000000 0.145142495600
1124.900000000 6.200000000 0.035664614300
1120.400000000 5.000000000 -0.131358668200
1115.900000000 5.800000000 0.000496745100
1124.900000000 7.000000000 -0.022586943600
1111.150000000 8.200000000 0.125067904600
1116.150000000 6.200000000 -0.086136259100
1124.900000000 5.400000000 0.012615034400
1124.900000000 6.400000000 0.040467217600
1110.900000000 4.600000000 0.059610765400
1111.650000000 4.800000000 0.313385784600
1110.900000000 7.400000000 0.066796489100
1111.400000000 9.000000000 0.173820570100
1115.400000000 8.200000000 0.082048721600
1120.400000000 4.800000000 -0.147245407100
1125.150000000 9.000000000 0.143640101000
1125.400000000 9.400000000 0.189293086500
1116.400000000 8.600000000 0.097151629600
1116.400000000 6.400000000 -0.173717275300
1121.150000000 7.400000000 -0.048711471300
1120.400000000 4.600000000 -0.163936436200
1124.900000000 6.600000000 0.051851682400
1124.900000000 5.200000000 0.006200948700
1111.400000000 9.200000000 0.163076654100
1125.150000000 9.200000000 0.148887962100
1111.150000000 8.400000000 0.121062323500
1111.650000000 4.600000000 0.312531799100
1115.400000000 8.400000000 0.085057370400
1124.900000000 6.800000000 0.055980369400
1123.650000000 6.600000000 0.240093961400
1111.400000000 9.400000000 0.159312740000
1110.900000000 7.600000000 0.066295445000
1116.150000000 6.400000000 -0.086192496100
1125.150000000 9.400000000 0.147583037600
1124.900000000 5.000000000 -0.000299593600
1115.900000000 8.600000000 0.157349348100
1122.650000000 7.400000000 -0.059867985500
1115.900000000 6.000000000 0.001955019800
1123.900000000 6.600000000 0.255829870700
1120.900000000 7.200000000 -0.098355971300
1116.400000000 6.600000000 -0.178339347200
1115.400000000 8.600000000 0.086664848000
1111.150000000 8.600000000 0.117018409100
1115.650000000 8.600000000 0.211058631500
1124.900000000 4.800000000 0.162763819100
1115.650000000 5.600000000 0.071446046200
1124.900000000 4.600000000 0.163245290500
1115.650000000 6.400000000 0.025726096700
1115.650000000 6.600000000 0.023131081800
1116.150000000 8.600000000 0.120639957500
1110.900000000 7.800000000 0.065583236500
1116.150000000 6.600000000 -0.089818164700
1111.150000000 8.800000000 0.112940959600
1110.650000000 6.000000000 -0.031697239700
1110.650000000 5.800000000 -0.033946119200
1115.650000000 6.800000000 0.025924870700
1115.900000000 6.200000000 0.003122280400
1110.650000000 6.200000000 -0.029242726000
1115.650000000 6.200000000 0.037497676900
1116.400000000 8.400000000 0.106754645700
1110.650000000 5.600000000 -0.035942170800
1120.650000000 7.200000000 -0.156207859500
1116.400000000 6.800000000 -0.178253710300
1123.400000000 6.600000000 0.174723461300
1124.150000000 6.600000000 0.211922809500
1122.900000000 6.800000000 0.016239820000
1111.150000000 9.000000000 0.097812965500
1110.650000000 6.400000000 -0.026634395100
1110.650000000 5.400000000 -0.038243342200
1122.650000000 7.200000000 -0.055691618500
1110.900000000 8.000000000 0.056946296200
1110.650000000 6.600000000 -0.025832094300
1115.650000000 5.800000000 0.071891136500
1110.650000000 5.200000000 -0.040146693600
1116.150000000 6.800000000 -0.094178482900
1111.150000000 9.200000000 0.093634948100
1115.650000000 7.000000000 0.032174728800
1124.400000000 6.600000000 0.123793125200
1121.150000000 7.200000000 -0.066383235200
1116.400000000 7.000000000 -0.182533755900
1115.900000000 6.400000000 0.003854632400
1110.650000000 6.800000000 -0.023661064000
1115.650000000 6.000000000 0.057606957900
1110.650000000 5.000000000 -0.041671373000
1110.900000000 8.200000000 0.055172760000
1111.150000000 9.400000000 0.089550696300
1124.650000000 6.600000000 0.029973192100
1116.400000000 8.200000000 0.114992305600
1122.400000000 8.800000000 -0.113600164700
1122.400000000 9.000000000 -0.110529467500
1122.400000000 8.600000000 -0.116873860400
1110.650000000 7.000000000 -0.021431881900
1116.150000000 7.000000000 -0.094437286300
1122.400000000 9.200000000 -0.107332795900
1123.150000000 6.600000000 0.092180252100
1110.650000000 4.800000000 -0.042768623700
1115.650000000 7.200000000 0.039855543500
1115.900000000 6.600000000 0.004024845100
1122.650000000 7.000000000 -0.047446601100
1122.400000000 8.400000000 -0.118242822600
1116.400000000 7.200000000 -0.181635201000
1122.400000000 9.400000000 -0.104586057400
1110.900000000 8.400000000 0.053191945000
1115.900000000 8.400000000 0.148514881700
1116.150000000 8.400000000 0.121079772700
1110.650000000 7.200000000 -0.019213879500
1122.400000000 8.200000000 -0.119499787700
1115.650000000 8.400000000 0.194166764600
1120.650000000 5.600000000 -0.005776805800
1120.650000000 5.800000000 -0.005075230700
1120.650000000 5.400000000 -0.006467282300
1110.650000000 4.600000000 -0.045114889700
1116.400000000 8.000000000 0.124122902800
1120.650000000 5.200000000 -0.007164552800
1116.150000000 7.200000000 -0.099411606800
1120.650000000 6.000000000 -0.004370661900
1120.650000000 4.600000000 -0.137536451200
1120.650000000 5.000000000 -0.007880551700
1105.650000000 9.200000000 0.139868900200
1124.650000000 5.000000000 0.135207310300
1124.650000000 4.800000000 0.136215508000
1115.900000000 6.800000000 0.003519022600
1124.650000000 5.200000000 0.133969083400
1115.650000000 7.400000000 0.047162052200
1120.650000000 6.200000000 -0.002685226500
1120.650000000 4.800000000 -0.008693383100
1124.650000000 4.600000000 0.136964395600
1110.900000000 8.600000000 0.051010806100
1124.650000000 5.400000000 0.132498890200
1116.400000000 7.400000000 -0.185054630000
1120.900000000 7.000000000 -0.128819987200
1124.650000000 5.600000000 0.130852073400
1122.400000000 8.000000000 -0.119018629200
1124.650000000 6.200000000 -0.026256809000
1121.400000000 8.200000000 -0.060605686200
1110.650000000 7.400000000 -0.017034033300
1124.650000000 6.000000000 -0.031669098900
1124.650000000 5.800000000 0.129027307000
1120.650000000 6.400000000 -0.001868070300
1121.400000000 8.000000000 -0.055663481400
1124.650000000 6.400000000 -0.020980924400
1105.650000000 9.400000000 0.149398595100
1121.400000000 8.400000000 -0.062281206300
1121.400000000 7.800000000 -0.054487917600
1105.650000000 9.000000000 0.122833058200
1122.900000000 6.600000000 0.027040204000
1116.400000000 7.800000000 0.132337600000
1120.650000000 6.600000000 -0.000692569300
1121.400000000 8.600000000 -0.067350663200
1110.900000000 8.800000000 0.038899857600
1115.650000000 7.600000000 0.052710577800
1121.150000000 7.000000000 -0.091269545300
1116.150000000 7.400000000 -0.099451914400
1122.650000000 6.800000000 -0.031586173900
1122.400000000 7.800000000 -0.116014771200
1115.900000000 7.000000000 0.002230968600
1120.650000000 7.000000000 -0.126883506800
1110.650000000 7.600000000 -0.019138168500
1120.650000000 6.800000000 0.000283030400
1121.400000000 7.600000000 -0.056862689600
1116.400000000 7.600000000 -0.183219701100
1121.400000000 8.800000000 -0.072055883700
1115.650000000 7.800000000 0.055731356100
1110.900000000 9.000000000 0.035823378700
1121.400000000 9.000000000 -0.076048761600
1116.150000000 7.600000000 -0.104366190700
1110.650000000 7.800000000 -0.017800660800
1122.400000000 7.600000000 -0.109414689200
1115.900000000 7.200000000 0.001407958000
1115.650000000 8.000000000 0.056187093300
1116.150000000 8.200000000 0.123672887700
1121.400000000 7.400000000 -0.057929523300
1121.400000000 9.200000000 -0.079017505000
1110.900000000 9.200000000 0.032642003100
1115.650000000 8.200000000 0.057506170100
1105.650000000 8.800000000 0.101422585500
1123.900000000 6.400000000 0.229750424600
1115.900000000 8.200000000 0.138775959600
1123.650000000 6.400000000 0.211289539900
1121.400000000 9.400000000 -0.080646634100
1110.400000000 6.600000000 -0.043625228100
1110.400000000 6.800000000 -0.053873814600
1110.650000000 8.000000000 -0.016552561900
1124.400000000 4.600000000 0.086836606300
1124.400000000 4.800000000 0.087672352800
1115.900000000 7.400000000 -0.000896992600
1122.400000000 7.400000000 -0.102263122800
1110.900000000 9.400000000 0.029337190100
1110.400000000 6.400000000 -0.038983184800
1124.400000000 5.000000000 0.087718121700
1116.150000000 7.800000000 -0.103935405600
1110.400000000 7.000000000 -0.055791206700
1124.400000000 5.200000000 0.087871126800
1124.150000000 6.400000000 0.197253018600
1124.400000000 5.400000000 0.087903969000
1122.650000000 6.600000000 -0.004794186000
1123.400000000 6.400000000 0.157036036300
1110.400000000 6.200000000 -0.032947272100
1121.400000000 7.200000000 -0.064264036700
1124.400000000 5.600000000 0.087869055600
1110.400000000 7.200000000 -0.064156577000
1120.900000000 5.600000000 0.071489065900
1121.150000000 6.800000000 -0.122099749700
1120.900000000 6.800000000 -0.159971267000
1120.900000000 5.400000000 0.069983333300
1120.900000000 5.800000000 0.072956137400
1110.400000000 6.000000000 -0.121098056400
1120.900000000 5.200000000 0.068502120700
1120.900000000 6.000000000 0.073814138800
1110.400000000 5.800000000 -0.123389408000
1124.400000000 5.800000000 0.087802395200
1110.650000000 8.200000000 -0.015455840200
1122.400000000 7.200000000 -0.088634043900
1120.900000000 5.000000000 0.067091494800
1122.400000000 7.000000000 -0.068177446700
1110.400000000 5.600000000 -0.125162422700
1120.900000000 6.200000000 0.075376227500
1123.150000000 6.400000000 0.093959197400
1115.900000000 7.600000000 -0.002061237600
1124.400000000 6.400000000 0.122297965000
1124.400000000 6.000000000 0.085874304200
1110.400000000 7.400000000 -0.062889501500
1116.150000000 8.000000000 -0.107958942700
1120.900000000 4.800000000 0.065734989900
1110.400000000 5.400000000 -0.126513063900
1120.900000000 6.400000000 0.075643919400
1124.400000000 6.200000000 0.085236854900
1120.900000000 4.600000000 0.064391918500
1122.900000000 6.400000000 0.048449251800
1110.400000000 5.200000000 -0.127406477900
1120.900000000 6.600000000 0.077143557400
1122.400000000 6.800000000 -0.039517622400
1105.900000000 9.200000000 0.212472513300
1105.650000000 8.600000000 0.083333976600
1110.650000000 8.400000000 -0.020421963200
1121.400000000 7.000000000 -0.074332356500
1110.400000000 7.600000000 -0.069019608200
1115.900000000 7.800000000 -0.005095093500
1105.900000000 9.000000000 0.199881926200
1110.400000000 5.000000000 -0.129059091200
1115.900000000 8.000000000 0.127164289400
1124.150000000 4.600000000 0.020629372400
1124.150000000 4.800000000 0.022318681700
1105.900000000 9.400000000 0.215005397800
1124.150000000 5.000000000 0.024213960400
1110.400000000 4.800000000 -0.129435420000
1124.150000000 5.200000000 0.026243595400
1110.650000000 8.600000000 -0.020392607900
1110.400000000 7.800000000 -0.074121624200
1124.150000000 5.400000000 0.027914186900
1121.400000000 6.800000000 -0.120186738700
1121.150000000 6.600000000 -0.159189432900
1122.400000000 6.600000000 -0.008093120500
1124.150000000 5.600000000 0.029689569000
1122.650000000 6.400000000 0.033924426900
1110.400000000 4.600000000 -0.129246562700
1105.900000000 8.800000000 0.177257269600
1122.150000000 8.800000000 -0.158926084600
1122.150000000 9.000000000 -0.157195538300
1121.400000000 6.600000000 -0.136722073000
1124.150000000 5.800000000 0.031575076300
1122.150000000 8.600000000 -0.156231790800
1110.150000000 7.000000000 0.047321677200
1110.150000000 6.800000000 0.055738013200
1122.150000000 9.200000000 -0.156115546800
1110.650000000 8.800000000 -0.020561967000
1110.150000000 6.600000000 0.058348856900
1122.150000000 8.400000000 -0.154786407900
1110.150000000 7.200000000 0.045951545200
1124.150000000 6.000000000 0.033562641600
1122.150000000 9.400000000 -0.153290286700
1110.400000000 8.000000000 -0.078163489700
1110.150000000 7.400000000 0.038106612900
1110.150000000 6.400000000 0.061421837700
1122.150000000 8.200000000 -0.151136487700
1124.150000000 6.200000000 0.034542508400
1105.650000000 8.400000000 0.075373061000
1121.900000000 7.600000000 -0.018477065500
1122.400000000 6.400000000 0.020620038700
1121.400000000 6.400000000 -0.151807844600
1121.900000000 7.800000000 -0.013965953100
1121.900000000 7.400000000 -0.021315408900
1110.150000000 7.600000000 0.030397675900
1121.900000000 8.000000000 -0.012100050200
1110.650000000 9.000000000 -0.020934484900
1121.650000000 6.400000000 -0.100804209700
1110.150000000 6.200000000 0.064933516100
1121.650000000 8.200000000 -0.081122197200
1121.650000000 8.000000000 -0.085732698400
1121.900000000 7.200000000 -0.024738349000
1122.150000000 8.000000000 -0.144733175600
1121.150000000 6.400000000 -0.189877137500
1121.900000000 8.200000000 -0.008317207900
1121.650000000 8.400000000 -0.076670303900
1121.650000000 7.800000000 -0.085433095700
1122.150000000 7.400000000 0.046520598200
1122.150000000 7.200000000 0.042388394500
1121.650000000 6.600000000 -0.092586249100
1122.150000000 7.000000000 -0.085429221400
1121.900000000 6.200000000 -0.050964660900
1121.650000000 8.600000000 -0.072552017900
1122.150000000 7.600000000 0.050699655000
1121.650000000 7.600000000 -0.090741291600
1121.900000000 7.000000000 -0.028692875100
1110.400000000 8.200000000 -0.081122808200
1121.900000000 8.400000000 -0.004923209500
1105.900000000 8.600000000 0.148508340100
1122.150000000 6.800000000 0.033908542200
1121.650000000 8.800000000 -0.076238498100
1110.150000000 7.800000000 0.032022923200
1122.150000000 7.800000000 0.053765315600
1121.650000000 6.200000000 -0.109744139000
1122.150000000 6.200000000 0.002832993900
1121.650000000 7.400000000 -0.092066846800
1121.650000000 6.800000000 -0.090384885700
1121.900000000 6.400000000 -0.048372801400
1122.150000000 6.000000000 0.002378832800
1121.150000000 5.400000000 0.124707743500
1110.650000000 9.200000000 -0.028781881600
1122.400000000 6.200000000 0.042028334000
1122.900000000 6.200000000 0.078630954000
1121.900000000 6.800000000 -0.033075615800
1122.650000000 6.200000000 0.068305082600
1110.150000000 6.000000000 0.072580680300
1121.150000000 5.200000000 0.123168386500
1122.150000000 6.400000000 -0.006253344500
1121.150000000 5.600000000 0.124582633400
1121.650000000 9.000000000 -0.073231279900
1122.150000000 6.600000000 -0.025809235900
1121.150000000 5.800000000 0.126077398700
1121.900000000 8.600000000 -0.001931139500
1121.900000000 6.000000000 -0.056740284000
1121.150000000 5.000000000 0.121555596600
1121.150000000 6.200000000 -0.041832737600
1121.150000000 6.000000000 -0.044428348500
1123.900000000 6.200000000 0.190205231300
1123.650000000 6.200000000 0.177080631300
1123.900000000 4.800000000 -0.034082964100
1123.900000000 4.600000000 -0.035208761700
1121.650000000 7.000000000 -0.097188636700
1121.650000000 7.200000000 -0.094169899800
1123.150000000 6.200000000 0.106363788200
1121.150000000 4.800000000 0.119942583100
1123.900000000 5.000000000 -0.032475583300
1121.650000000 9.200000000 -0.062579922400
1123.400000000 6.200000000 0.143942266700
1121.150000000 4.600000000 0.118382655100
1123.900000000 5.200000000 -0.030460646400
1110.150000000 8.000000000 0.025964191200
1121.900000000 6.600000000 -0.036735530900
1121.900000000 8.800000000 0.000685412100
1121.650000000 9.400000000 -0.060040637900
1121.400000000 6.200000000 -0.160009324600
1122.400000000 6.000000000 0.053193692100
1106.150000000 9.000000000 0.233134597500
1123.900000000 5.400000000 -0.028049739100
1108.900000000 6.600000000 -0.013065118300
1110.650000000 9.400000000 -0.030329076600
1108.900000000 6.800000000 -0.019948881100
1110.400000000 8.400000000 -0.072198472900
1108.900000000 6.400000000 -0.006198101200
1109.150000000 6.600000000 -0.107109069800
1109.150000000 6.400000000 -0.100672848500
1108.900000000 7.000000000 -0.021205050900
1106.150000000 9.200000000 0.233423501300
1123.900000000 5.600000000 -0.024989903000
1108.900000000 6.200000000 -0.002932702200
1110.150000000 5.800000000 0.075494751300
1109.150000000 6.800000000 -0.107028015000
1122.150000000 5.800000000 -0.003515848700
1121.900000000 9.000000000 0.002979202000
1109.150000000 6.200000000 -0.093598961800
1108.900000000 7.200000000 -0.027443297200
1109.150000000 7.000000000 -0.112503454100
1123.900000000 6.000000000 -0.010251387000
1105.650000000 8.200000000 0.078085966400
1106.150000000 8.800000000 0.221289500600
1108.900000000 6.000000000 0.004278985300
1123.900000000 5.800000000 -0.022433089100
1109.150000000 6.000000000 -0.091430656600
1110.150000000 8.200000000 0.020570438400
1121.650000000 6.000000000 -0.113792188500
1110.150000000 5.600000000 -0.189547464300
1109.150000000 7.200000000 -0.117249205700
1121.900000000 9.200000000 0.004952959300
1108.900000000 7.400000000 -0.033500131200
1122.400000000 5.800000000 0.054084815100
1108.900000000 5.800000000 0.008568529000
1109.150000000 5.800000000 -0.083492822900
1107.150000000 8.600000000 0.126500576700
1105.900000000 8.400000000 0.120991833500
1110.150000000 5.400000000 -0.189310237800
1122.650000000 6.000000000 0.091763526200
1121.400000000 5.400000000 0.000817611800
1121.400000000 5.200000000 -0.002008172200
1121.400000000 5.600000000 0.004088469300
1121.900000000 5.800000000 -0.059992447500
1121.400000000 5.000000000 -0.004209621800
1109.900000000 7.200000000 0.123687043800
1106.150000000 9.400000000 0.225852549100
1121.400000000 5.800000000 0.007883008600
1109.900000000 7.000000000 0.129163950700
1121.400000000 4.800000000 -0.005825394800
1107.150000000 8.400000000 0.148807719300
1109.150000000 7.400000000 -0.114795841300
1121.400000000 4.600000000 -0.006998580400
1121.900000000 9.400000000 0.006540795800
1121.400000000 6.000000000 0.011512339100
1108.900000000 7.600000000 -0.032370723800
1108.900000000 5.600000000 0.015852391700
1109.900000000 7.400000000 0.117293514300
1107.400000000 8.400000000 0.091425851000
1109.150000000 5.600000000 -0.079701796200
1109.900000000 6.800000000 0.129513472300
1110.400000000 8.600000000 -0.072792723800
1108.650000000 6.800000000 0.070838563100
1108.650000000 6.600000000 0.074387542900
1108.650000000 7.000000000 0.064366765300
1110.150000000 5.200000000 -0.188448593000
1108.650000000 6.400000000 0.080731384500
1106.150000000 8.600000000 0.197739914100
1109.900000000 7.600000000 0.117524988900
1110.150000000 8.400000000 0.015959093300
1109.400000000 6.400000000 -0.176409170000
1109.400000000 6.600000000 -0.180453777300
1108.650000000 7.200000000 0.057345084800
1109.150000000 7.600000000 -0.118625007600
1108.650000000 6.200000000 0.086320869600
1109.400000000 6.800000000 -0.180075913700
1109.900000000 6.600000000 0.133739531000
1109.400000000 6.200000000 -0.171365886900
1108.900000000 7.800000000 -0.037610795300
1106.900000000 8.600000000 0.176570817800
1109.150000000 5.400000000 -0.071058653300
1108.900000000 5.400000000 0.020794402800
1107.400000000 8.600000000 0.075070731300
1108.650000000 7.400000000 0.055131956900
1107.400000000 8.800000000 0.109343841700
1109.400000000 7.000000000 -0.183113202500
1107.400000000 9.000000000 0.105438992400
1108.650000000 6.000000000 0.090390734400
1109.400000000 6.000000000 -0.169877454600
1110.150000000 5.000000000 -0.186941251200
1109.900000000 7.800000000 0.111272975800
1107.400000000 8.200000000 0.111055024000
1107.400000000 9.200000000 0.097423441700
1107.650000000 8.800000000 0.040341846600
1107.650000000 8.600000000 0.048184160100
1106.900000000 8.800000000 0.149749591900
1122.900000000 6.000000000 0.111817359900
1107.150000000 8.800000000 0.096633352300
1108.650000000 7.600000000 0.048417411700
1123.650000000 6.000000000 0.044944904700
1109.400000000 5.800000000 -0.163743794000
1109.900000000 6.400000000 0.133728668100
1107.650000000 9.000000000 0.030843440400
1106.900000000 8.400000000 0.192697748500
1109.400000000 7.200000000 -0.185164451600
1109.150000000 7.800000000 -0.121696658400
1122.650000000 5.800000000 0.105897069000
1108.650000000 5.800000000 0.095389753600
1122.150000000 5.600000000 -0.005604274600
1107.650000000 8.400000000 0.054263871200
1108.900000000 8.000000000 -0.042571988000
1108.900000000 5.200000000 0.027839826400
1109.150000000 5.200000000 -0.065947838100
1107.400000000 9.400000000 0.089884966600
1107.150000000 8.200000000 0.165461197500
1122.400000000 5.600000000 0.051230229400
1110.150000000 4.800000000 -0.186502918600
1109.900000000 8.000000000 0.104826323700
1106.400000000 8.800000000 0.226752251400
1107.650000000 9.200000000 0.022180149300
1110.150000000 8.600000000 0.012248151900
1110.400000000 8.800000000 -0.083887934700
1109.400000000 5.600000000 -0.160634756100
1109.400000000 7.400000000 -0.182882472900
1106.400000000 9.000000000 0.221210107200
1108.650000000 7.800000000 0.041383829000
1105.650000000 8.000000000 0.089525342000
1108.650000000 5.600000000 0.099225267800
1107.650000000 8.200000000 0.057486280800
1106.650000000 8.600000000 0.212124496700
1106.150000000 8.400000000 0.166778832700
1121.650000000 5.800000000 -0.107993684700
1106.400000000 8.600000000 0.219405412700
1106.650000000 8.800000000 0.199345693000
1123.650000000 5.800000000 0.052069310100
1109.900000000 6.200000000 -0.221731841600
1107.150000000 9.000000000 0.149967044600
1105.900000000 8.200000000 0.101432755600
1109.650000000 6.400000000 -0.217998907000
1107.150000000 9.200000000 0.149254500900
1109.150000000 8.000000000 -0.123976349800
1109.650000000 6.600000000 -0.218184337000
1123.150000000 6.000000000 0.127803549200
1109.150000000 5.000000000 -0.056810878200
1108.900000000 5.000000000 0.033033113900
1110.150000000 4.600000000 -0.184289947200
1109.650000000 6.800000000 -0.219224065500
1109.400000000 5.400000000 -0.153409078700
1109.650000000 6.200000000 -0.216102674600
1109.900000000 6.000000000 -0.221021205200
1107.650000000 9.400000000 0.014158697800
1109.900000000 8.200000000 0.098399832800
1109.400000000 7.600000000 -0.184080064300
1108.900000000 8.200000000 -0.047156132800
1121.650000000 5.000000000 0.053165234600
1108.650000000 8.000000000 0.041196666700
1121.650000000 5.200000000 0.056542296000
1107.150000000 9.400000000 0.143235191700
1106.650000000 8.400000000 0.210693419000
1121.650000000 4.800000000 0.050393477100
1106.900000000 9.000000000 0.120844073600
1121.650000000 5.400000000 0.060004178400
1108.650000000 5.400000000 0.103384494800
1109.650000000 7.000000000 -0.219354704000
1106.900000000 8.200000000 0.195219844600
1121.650000000 4.600000000 0.047688342600
1109.650000000 6.000000000 -0.213235482600
1109.900000000 5.800000000 -0.220264837100
1121.650000000 5.600000000 0.063777998100
1106.400000000 9.200000000 0.208347231100
1121.900000000 5.600000000 -0.055440910200
1123.400000000 6.000000000 0.138654336300
1106.650000000 9.000000000 0.177697479700
1106.400000000 8.400000000 0.200142085600
1110.400000000 9.000000000 -0.087521195400
1109.650000000 5.800000000 -0.211633116000
1108.400000000 6.800000000 0.135063558800
1109.650000000 7.200000000 -0.218160018300
1107.650000000 8.000000000 0.069062300000
1107.900000000 8.600000000 -0.033873256300
1108.400000000 7.000000000 0.129289895300
1109.400000000 5.200000000 -0.145316034600
1108.400000000 6.600000000 0.139712318800
1110.150000000 8.800000000 0.009512361100
1109.900000000 5.600000000 -0.218632832200
1122.650000000 5.600000000 0.110115319500
1107.400000000 8.000000000 0.129733100500
1109.150000000 4.800000000 -0.050766147700
1107.900000000 8.800000000 -0.043470714200
1108.400000000 7.200000000 0.126453071800
1108.900000000 4.800000000 0.039530333100
1109.400000000 7.800000000 -0.184343010200
1108.400000000 6.400000000 0.142349541200
1108.650000000 8.200000000 0.034842945600
1109.150000000 8.200000000 -0.119010403800
1123.650000000 5.600000000 0.064564324900
1107.900000000 8.400000000 -0.022630337600
1108.650000000 5.200000000 0.106776490800
1109.900000000 8.400000000 0.092260152100
1109.650000000 7.400000000 -0.217625320000
1108.900000000 8.400000000 -0.042924996500
1109.650000000 5.600000000 -0.207736074900
1108.400000000 7.400000000 0.120156750100
1108.400000000 6.200000000 0.146096617000
1122.900000000 5.800000000 0.142111107700
1106.650000000 8.200000000 0.196073204300
1107.900000000 9.000000000 -0.052759144500
1109.900000000 5.400000000 -0.216875970400
1106.150000000 8.200000000 0.133941084100
1107.900000000 8.200000000 -0.010703535800
1109.400000000 5.000000000 -0.140547797100
1108.400000000 6.000000000 0.147999197200
1108.400000000 7.600000000 0.112926714100
1107.150000000 8.000000000 0.170631095800
1109.650000000 5.400000000 -0.204833254200
1106.400000000 8.200000000 0.169911518700
1109.650000000 7.600000000 -0.216256603600
1110.400000000 9.200000000 -0.085697300700
1106.900000000 9.200000000 0.108034864100
1108.650000000 8.400000000 0.028297262300
1123.650000000 4.800000000 -0.067787647200
1109.400000000 8.000000000 -0.180039167400
1109.150000000 4.600000000 -0.041429348300
1123.650000000 4.600000000 -0.067109547600
1106.650000000 9.200000000 0.158179104300
1106.400000000 9.400000000 0.193484708700
1108.900000000 4.600000000 0.044663090300
1108.650000000 5.000000000 0.109872512500
1123.650000000 5.000000000 -0.067864172200
1107.900000000 9.200000000 -0.060569901000
1109.150000000 8.400000000 -0.120581351200
1109.900000000 5.200000000 -0.214326113500
1108.400000000 7.800000000 0.110620349600
1123.650000000 5.200000000 -0.067374967000
1109.900000000 8.600000000 0.086600951900
1108.400000000 5.800000000 0.150673851400
1108.900000000 8.600000000 -0.046683706300
1106.900000000 9.400000000 0.177536755800
1123.650000000 5.400000000 -0.064732022600
1122.400000000 5.400000000 0.046942796600
1110.150000000 9.000000000 0.007850949700
1105.900000000 8.000000000 0.093361102000
1106.900000000 8.000000000 0.184316575500
1109.650000000 5.200000000 -0.199827835000
1107.900000000 8.000000000 0.002288484200
1109.400000000 4.800000000 -0.134758815200
1122.900000000 4.600000000 0.074892588000
1121.900000000 4.800000000 0.111883014400
1122.650000000 4.600000000 0.151953116100
1121.900000000 5.000000000 0.115250393700
1109.650000000 7.800000000 -0.213488340400
1121.900000000 4.600000000 0.108863718800
1123.150000000 4.600000000 -0.012401743800
1121.900000000 5.200000000 0.118220977500
1122.150000000 5.400000000 -0.006330165100
1108.400000000 8.000000000 0.103351607900
1123.150000000 5.800000000 0.150515899100
1121.900000000 5.400000000 0.121503986400
1105.650000000 7.800000000 0.100343838300
1109.900000000 5.000000000 -0.210883274700
1108.400000000 5.600000000 0.151871666300
1109.400000000 8.200000000 -0.179650753700
1106.650000000 8.000000000 0.170047938800
1122.650000000 4.800000000 0.147242844100
1123.400000000 4.600000000 -0.073443010400
1122.900000000 4.800000000 0.068210125000
1122.400000000 4.600000000 0.183699071400
1108.650000000 4.800000000 0.112752921900
1108.650000000 8.600000000 0.030651394300
1123.150000000 4.800000000 -0.018138885500
1107.900000000 9.400000000 -0.067011542600
1110.400000000 9.400000000 -0.083907991600
1122.900000000 5.600000000 0.155544608800
1122.400000000 4.800000000 0.182524532100
1123.400000000 5.800000000 0.140234366100
1122.150000000 4.600000000 0.163295432900
1106.400000000 8.000000000 0.133978232700
1122.900000000 5.000000000 0.060497578200
1109.650000000 5.000000000 -0.195677697700
1122.650000000 5.400000000 0.110436603400
1109.150000000 8.600000000 -0.121407836700
1122.150000000 4.800000000 0.164911016800
1122.650000000 5.000000000 0.141640752600
1109.650000000 8.000000000 0.159554377200
1109.900000000 8.800000000 0.081593744500
1106.150000000 8.000000000 0.103863760800
1123.400000000 4.800000000 -0.075693689300
1109.400000000 4.600000000 -0.125489726700
1122.400000000 5.000000000 0.181138753900
1123.150000000 5.000000000 -0.024265367500
1122.150000000 5.000000000 0.166479915400
1108.900000000 8.800000000 -0.050061803300
1106.650000000 9.400000000 0.143858909600
1108.400000000 8.200000000 0.095362588800
1108.400000000 5.400000000 0.153304114900
1107.650000000 7.800000000 0.090454511300
1109.900000000 4.800000000 -0.207991302000
1122.150000000 5.200000000 0.167821973600
1122.900000000 5.200000000 0.052671257400
1122.650000000 5.200000000 0.135153129700
1122.400000000 5.200000000 0.178642988200
1109.650000000 8.200000000 0.155531674600
1110.150000000 9.200000000 0.007302998600
1109.400000000 8.400000000 -0.178429707900
1108.650000000 4.600000000 0.115155287100
1123.150000000 5.200000000 -0.030085813300
1108.650000000 8.800000000 0.025044519500
1123.400000000 5.000000000 -0.076898366200
1109.650000000 4.800000000 -0.189484685700
1108.150000000 7.000000000 0.162899717700
1108.150000000 6.800000000 0.163633987300
1108.150000000 6.600000000 0.166436255000
1107.400000000 7.800000000 0.139909476000
1108.400000000 8.400000000 0.094457864800
1122.900000000 5.400000000 0.044648878300
1123.400000000 5.600000000 0.136187434200
1108.150000000 7.200000000 0.159121066300
1108.400000000 5.200000000 0.153832539900
1107.900000000 7.800000000 0.024333659600
1108.150000000 6.400000000 0.167881161000
1108.150000000 8.600000000 -0.107252724500
1109.900000000 4.600000000 -0.203505814100
1123.150000000 5.600000000 0.167180270000
1108.150000000 8.400000000 -0.096597872700
1109.900000000 9.000000000 0.077428311100
1123.150000000 5.400000000 -0.035588137800
1108.150000000 7.400000000 0.157391607800
1109.650000000 8.400000000 0.151143044200
1108.150000000 8.800000000 -0.115710943900
1109.150000000 8.800000000 -0.121514953700
1108.150000000 6.200000000 0.168010219900
1123.400000000 5.200000000 -0.078789487500
1107.150000000 7.800000000 0.164171040100
1108.900000000 9.000000000 -0.053006537300
1108.150000000 7.600000000 0.152794882700
1105.900000000 7.800000000 0.095049701600
1109.650000000 4.600000000 -0.184199944100
1106.650000000 7.800000000 0.138043507900
1106.900000000 7.800000000 0.161845266800
1108.150000000 8.200000000 -0.083659224200
1106.400000000 7.800000000 0.105000920600
1108.400000000 8.600000000 0.086940340700
1108.150000000 6.000000000 0.168321102900
1109.400000000 8.600000000 -0.176375657300
1108.650000000 9.000000000 0.019363760900
1108.150000000 9.000000000 -0.121816106100
1108.400000000 5.000000000 0.153939545200
1106.150000000 7.800000000 0.089817948600
1109.650000000 8.600000000 0.146584615100
1123.400000000 5.400000000 -0.079751692700
1108.150000000 7.800000000 0.146951705200
1110.150000000 9.400000000 0.007904943100
1107.150000000 6.200000000 0.026410402700
1107.150000000 6.400000000 0.027093319200
1108.150000000 5.800000000 0.167644321900
1107.150000000 6.000000000 0.021284800000
1107.150000000 6.600000000 0.031939916300
1108.150000000 8.000000000 -0.067297510800
1109.900000000 9.200000000 0.074269607700
1107.150000000 5.800000000 0.016457520400
1109.150000000 9.000000000 -0.114203892600
1108.150000000 9.200000000 -0.126296073200
1108.400000000 8.800000000 0.078866839400
1107.150000000 6.800000000 0.031358841800
1107.150000000 5.600000000 0.014314408400
1108.400000000 4.800000000 0.153823226700
1108.900000000 9.200000000 -0.045734498600
1106.900000000 6.200000000 -0.019643565600
1106.900000000 6.400000000 -0.016287397600
1108.150000000 5.600000000 0.166759222700
1106.900000000 6.000000000 -0.022605450800
1105.650000000 7.600000000 0.105606518700
1109.650000000 8.800000000 0.142019316600
1109.400000000 8.800000000 -0.170142114200
1106.900000000 6.600000000 -0.015124021100
1108.650000000 9.200000000 0.013668650800
1106.900000000 5.800000000 -0.025182696100
1107.150000000 7.000000000 0.035764291900
1107.150000000 5.400000000 0.009451793500
1106.900000000 6.800000000 -0.011847797800
1107.400000000 6.200000000 0.076056920000
1107.400000000 6.400000000 0.081279479000
1107.400000000 6.000000000 0.070769302500
1107.400000000 6.600000000 0.081422358800
1106.900000000 5.600000000 -0.027438495300
1107.900000000 6.800000000 0.160193070800
1107.900000000 6.600000000 0.159642353700
1108.150000000 9.400000000 -0.128945767900
1106.650000000 4.600000000 -0.091463767000
1106.900000000 7.000000000 -0.008209637400
1107.400000000 5.800000000 0.068762183200
1106.650000000 4.800000000 -0.086735434800
1108.150000000 5.400000000 0.165319517300
1107.900000000 7.000000000 0.160119861400
1107.900000000 6.400000000 0.158710151900
1106.650000000 5.000000000 -0.082089453900
1107.400000000 6.800000000 0.085986092700
1107.150000000 5.200000000 0.004976305600
1107.150000000 7.200000000 0.040331121500
1109.900000000 9.400000000 0.072208598300
1106.650000000 5.200000000 -0.072795480500
1107.900000000 7.200000000 0.159686461100
1108.400000000 9.000000000 0.080125041300
1106.900000000 5.400000000 -0.028527680800
1108.400000000 4.600000000 0.153203159600
1109.150000000 9.200000000 -0.113865301000
1107.900000000 6.200000000 0.157095685600
1107.400000000 5.600000000 0.062968991700
1106.650000000 5.400000000 -0.068400614000
1109.650000000 9.000000000 0.137679755700
1106.400000000 7.600000000 0.090654261400
1106.900000000 7.200000000 -0.004234273900
1107.650000000 7.600000000 0.104127444300
1106.650000000 5.600000000 -0.064150467500
1107.900000000 7.400000000 0.158145993900
1109.400000000 9.000000000 -0.167662382100
1107.400000000 7.000000000 0.084679141600
1108.900000000 9.400000000 -0.047959271800
1106.650000000 7.600000000 0.108556233300
1106.900000000 5.200000000 -0.027582224500
1106.900000000 5.000000000 -0.030638536400
1106.900000000 4.800000000 -0.037250794500
1107.900000000 6.000000000 0.155302465000
1106.900000000 4.600000000 -0.045121055100
1107.400000000 5.400000000 0.059785921100
1107.900000000 7.600000000 0.050483278900
1107.150000000 5.000000000 0.001873900600
1106.150000000 7.600000000 0.089825555700
1107.650000000 6.400000000 0.126760989400
1106.650000000 5.800000000 -0.055974561700
1107.650000000 6.600000000 0.127542898100
1108.650000000 9.400000000 0.019742714200
1108.150000000 5.200000000 0.163123309600
1107.150000000 7.400000000 0.045041110400
1105.900000000 7.600000000 0.100798972000
1106.400000000 4.600000000 -0.126063391600
1107.650000000 6.200000000 0.122954763500
1107.650000000 6.800000000 0.130443960400
1106.400000000 4.800000000 -0.122619077600
1107.400000000 7.600000000 0.137485414700
1106.400000000 5.000000000 -0.118993878400
1106.900000000 7.600000000 0.131607756000
1107.400000000 7.200000000 0.088535659000
1106.900000000 7.400000000 0.000076948400
1106.650000000 6.000000000 -0.049323361400
1107.650000000 6.000000000 0.121062248900
1107.900000000 5.800000000 0.152548760200
1106.400000000 5.200000000 -0.115210883300
1107.650000000 7.000000000 0.132674008600
1108.400000000 9.200000000 0.072950318500
1107.400000000 5.200000000 0.053665980700
1107.150000000 7.600000000 0.145199373400
1106.650000000 6.200000000 -0.044513188300
1109.650000000 9.200000000 0.133733853700
1106.400000000 5.400000000 -0.111295178500
1105.650000000 4.600000000 -0.144936293400
1105.650000000 4.800000000 -0.146976038800
1105.650000000 5.000000000 -0.149914503100
1107.150000000 4.800000000 -0.002439610900
1107.650000000 5.800000000 0.116319343400
1105.650000000 5.200000000 -0.151027515500
1106.650000000 6.400000000 -0.047212533700
1107.650000000 7.200000000 0.132072314600
1105.650000000 5.400000000 -0.151686668400
1106.650000000 6.600000000 -0.047604851400
1106.400000000 5.600000000 -0.101481750600
1109.150000000 9.400000000 -0.112894661700
1108.150000000 5.000000000 0.160951986900
1107.400000000 7.400000000 0.092198558200
1107.900000000 5.600000000 0.149921059600
1105.650000000 5.600000000 -0.151915699200
1105.650000000 7.400000000 0.100255213700
1106.650000000 6.800000000 -0.045954365300
1109.400000000 9.200000000 -0.164491623600
1107.400000000 5.000000000 0.049514286200
1107.650000000 5.600000000 0.113310322200
1106.400000000 5.800000000 -0.097408257400
1105.900000000 7.400000000 0.083087757200
1105.650000000 5.800000000 -0.151671260600
1106.650000000 7.000000000 -0.043895904000
1107.650000000 7.400000000 0.133471474100
1106.150000000 4.600000000 -0.147621944500
1107.150000000 4.600000000 -0.006325666300
1105.650000000 6.000000000 -0.150928705900
1106.150000000 4.800000000 -0.146296948200
1105.650000000 7.200000000 0.088266305600
1106.400000000 6.000000000 -0.093279056300
1106.650000000 7.200000000 -0.041394420000
1106.150000000 5.000000000 -0.144577562800
1107.900000000 5.400000000 0.146021902600
1107.650000000 5.400000000 0.107662148800
1108.400000000 9.400000000 0.065366014800
1109.650000000 9.400000000 0.130302697400
1106.150000000 5.200000000 -0.137715205600
1106.150000000 7.400000000 0.048345334800
1105.900000000 4.600000000 -0.152824029300
1105.650000000 6.200000000 -0.149728998500
1107.400000000 4.800000000 0.044896595200
1105.900000000 4.800000000 -0.153599798700
1105.900000000 7.200000000 0.083665087800
1105.900000000 5.000000000 -0.153931379300
1106.150000000 5.400000000 -0.135212123400
1105.650000000 7.000000000 0.073186688100
1108.150000000 4.800000000 0.158192813400
1106.400000000 6.200000000 -0.089143499700
1105.900000000 5.200000000 -0.153781741900
1106.650000000 7.400000000 -0.038411870600
1105.650000000 6.800000000 0.065835841000
1106.150000000 5.600000000 -0.132385656200
1105.900000000 5.400000000 -0.153164684800
1105.650000000 6.600000000 0.060737427300
1107.650000000 5.200000000 0.103574663400
1105.650000000 6.400000000 -0.147996872700
1105.900000000 5.600000000 -0.152068272200
1107.900000000 5.200000000 0.142544284500
1106.400000000 7.400000000 0.086358822900
1106.150000000 5.800000000 -0.129235640200
1106.400000000 6.400000000 -0.079589456300
1109.400000000 9.400000000 -0.160640448300
1106.150000000 7.200000000 0.048727314900
1105.900000000 5.800000000 -0.147375345200
1107.400000000 4.600000000 0.038369655600
1105.900000000 7.000000000 0.079928122500
1106.150000000 6.000000000 -0.125799253600
1105.900000000 6.000000000 -0.145124539700
1108.150000000 4.600000000 0.154428497000
1106.400000000 6.600000000 -0.075610175700
1107.650000000 5.000000000 0.097159855100
1107.900000000 5.000000000 0.137569040100
1106.150000000 6.200000000 -0.122118219700
1106.150000000 7.000000000 0.049568109200
1105.900000000 6.800000000 0.076062120500
1105.900000000 6.200000000 -0.142438232900
1106.400000000 6.800000000 -0.067585155400
1106.150000000 6.400000000 -0.118197321900
1107.650000000 4.800000000 0.092071622600
1105.900000000 6.400000000 -0.139275074000
1105.900000000 6.600000000 0.067646965400
1106.400000000 7.200000000 0.002883875500
1107.900000000 4.800000000 0.133192122000
1106.150000000 6.800000000 0.050652496500
1106.400000000 7.000000000 -0.061946690100
1106.150000000 6.600000000 -0.114076539900
1107.650000000 4.600000000 0.086408644900
1107.900000000 4.600000000 0.128225907700
