931.460000000 5.800000000 -0.308726131900
931.710000000 5.800000000 -0.297251522500
931.210000000 5.800000000 -0.301342397900
931.960000000 5.800000000 -0.269253015500
930.960000000 5.800000000 -0.274975031600
932.210000000 5.800000000 -0.228193879100
930.710000000 5.800000000 -0.231409445400
936.210000000 8.200000000 -0.247455105200
931.460000000 6.000000000 -0.289470285200
931.210000000 6.000000000 -0.282359600100
935.960000000 8.200000000 -0.300341695500
932.460000000 5.800000000 -0.177383258900
931.710000000 6.000000000 -0.280987173300
936.460000000 8.200000000 -0.180367589000
930.960000000 6.000000000 -0.260311603500
934.710000000 8.200000000 -0.158564701700
935.710000000 8.200000000 -0.327056288700
936.210000000 8.400000000 -0.233658865100
935.960000000 8.400000000 -0.285624623300
934.460000000 8.200000000 -0.074588879900
931.960000000 6.000000000 -0.257230192400
930.460000000 5.800000000 -0.186987862000
934.960000000 8.200000000 -0.232069298600
935.460000000 8.200000000 -0.322555482400
934.710000000 8.000000000 -0.150933548800
934.460000000 8.000000000 -0.065645568100
935.210000000 8.200000000 -0.288898855400
935.710000000 8.400000000 -0.314779341200
935.710000000 5.800000000 0.283739239000
936.460000000 8.400000000 -0.171224340800
935.460000000 5.800000000 0.291608899800
936.210000000 8.000000000 -0.246051162500
935.210000000 5.800000000 0.283775806400
934.960000000 5.800000000 0.264422178300
932.710000000 5.800000000 -0.119155779500
935.960000000 5.800000000 0.258566796800
930.710000000 6.000000000 -0.239583641300
934.710000000 8.400000000 -0.174788892300
935.960000000 8.000000000 -0.293997913600
932.210000000 6.000000000 -0.203984260600
934.960000000 8.000000000 -0.223631650200
934.710000000 5.800000000 0.238266170000
934.210000000 8.200000000 0.012420385100
936.460000000 8.000000000 -0.181740731000
934.460000000 8.400000000 -0.087662115700
936.710000000 8.200000000 -0.112974695900
935.460000000 8.400000000 -0.314068973100
934.960000000 8.400000000 -0.245602175600
935.710000000 8.000000000 -0.316169649400
934.210000000 8.000000000 0.023917570700
935.210000000 8.400000000 -0.283623337700
934.460000000 5.800000000 0.209171593200
936.210000000 5.800000000 0.218660056600
935.210000000 8.000000000 -0.278080463400
935.460000000 8.000000000 -0.310116350700
930.460000000 6.000000000 -0.186977297100
930.210000000 5.800000000 -0.118593283000
946.460000000 5.800000000 0.139734968500
936.710000000 8.000000000 -0.141416445400
932.460000000 6.000000000 -0.168082967400
936.710000000 8.400000000 -0.110048122700
934.210000000 8.400000000 0.003492342100
931.210000000 6.200000000 -0.265900403300
931.460000000 6.200000000 -0.260171860500
930.960000000 6.200000000 -0.258150488100
946.710000000 5.800000000 0.158599898200
946.210000000 5.800000000 0.153270870400
932.960000000 5.800000000 -0.055909056200
934.210000000 5.800000000 0.200328007300
931.710000000 6.200000000 -0.244609594300
935.960000000 8.600000000 -0.256420970000
935.460000000 6.000000000 0.266220122600
935.210000000 6.000000000 0.267871141400
936.210000000 8.600000000 -0.208611235000
933.960000000 8.200000000 0.093462556600
930.710000000 6.200000000 -0.233128368900
933.960000000 8.000000000 0.107674233600
934.960000000 6.000000000 0.259517967700
935.710000000 6.000000000 0.252765238300
936.460000000 5.800000000 0.185007214500
935.710000000 8.600000000 -0.285341382000
931.960000000 6.200000000 -0.221165403700
933.960000000 5.800000000 0.160904318100
934.710000000 8.600000000 -0.177491203000
934.710000000 6.000000000 0.243061006100
932.710000000 6.000000000 -0.106412895000
945.960000000 5.800000000 0.144250989000
936.460000000 8.600000000 -0.153958365300
930.210000000 6.000000000 -0.121866375200
935.960000000 6.000000000 0.252486527000
934.960000000 8.600000000 -0.239827692500
934.460000000 8.600000000 -0.100352242600
933.210000000 5.800000000 0.007636186700
936.210000000 7.800000000 -0.237588852600
933.960000000 8.400000000 0.086721979100
930.460000000 6.200000000 -0.189868956800
934.710000000 7.800000000 -0.130209684400
936.960000000 8.200000000 -0.055931046600
936.460000000 7.800000000 -0.189363196500
934.460000000 7.800000000 -0.048408202800
935.460000000 8.600000000 -0.287746399600
933.710000000 5.800000000 0.116629265200
934.460000000 6.000000000 0.220063611900
936.960000000 8.000000000 -0.088481284700
935.210000000 8.600000000 -0.279679089800
935.960000000 7.800000000 -0.272226601800
936.210000000 6.000000000 0.220243364600
933.460000000 5.800000000 0.065932184500
932.210000000 6.200000000 -0.189292311700
934.960000000 7.800000000 -0.199479192500
946.460000000 6.000000000 0.138737529500
932.460000000 7.800000000 0.246025800700
933.710000000 8.000000000 0.176974952200
934.210000000 7.800000000 0.037226211300
932.460000000 8.000000000 0.241719588600
932.210000000 7.800000000 0.236661955700
934.210000000 8.600000000 -0.019155826400
933.710000000 8.200000000 0.160092160100
936.710000000 7.800000000 -0.137822091600
946.710000000 6.000000000 0.152220219400
935.710000000 7.800000000 -0.285316228900
929.960000000 5.800000000 -0.047190714600
932.960000000 6.000000000 -0.039849728300
946.210000000 6.000000000 0.130339995000
934.210000000 6.000000000 0.192109674200
936.960000000 8.400000000 -0.057441521400
932.710000000 8.000000000 0.257730156200
932.210000000 8.000000000 0.220587968800
935.210000000 6.200000000 0.253303349000
932.710000000 7.800000000 0.248430669300
934.960000000 6.200000000 0.258208453700
935.210000000 7.800000000 -0.250129908300
936.710000000 5.800000000 0.135716885300
936.460000000 6.000000000 0.194700568900
935.460000000 6.200000000 0.238247364800
936.710000000 8.600000000 -0.102361619500
935.460000000 7.800000000 -0.275735706100
930.210000000 6.200000000 -0.132993683200
945.710000000 5.800000000 0.142469197500
932.210000000 7.600000000 0.232043877200
932.460000000 7.600000000 0.242053255400
930.960000000 6.400000000 -0.239906609100
934.710000000 6.200000000 0.252232611200
930.710000000 6.400000000 -0.222321718900
933.710000000 8.400000000 0.155385583600
932.460000000 6.200000000 -0.146807014900
932.960000000 8.000000000 0.264084458400
933.460000000 8.000000000 0.226744666700
932.460000000 8.200000000 0.237419515800
931.960000000 7.800000000 0.220226913700
931.210000000 6.400000000 -0.242374226500
933.960000000 7.800000000 0.117560692100
933.960000000 6.000000000 0.178255900700
935.710000000 6.200000000 0.235140606800
930.460000000 6.400000000 -0.189201667900
934.460000000 6.200000000 0.235186025500
933.210000000 8.000000000 0.255234628900
932.210000000 8.200000000 0.217692598700
932.710000000 8.200000000 0.250211685900
933.210000000 6.000000000 0.023908622600
945.960000000 6.000000000 0.128122419100
929.960000000 6.000000000 -0.055450938600
932.960000000 7.800000000 0.243083611100
931.460000000 6.400000000 -0.233518719700
931.960000000 7.600000000 0.215611755800
933.460000000 8.200000000 0.208067655600
936.210000000 8.800000000 -0.176836267100
932.710000000 7.600000000 0.246727973200
933.960000000 8.600000000 0.055905196800
931.960000000 8.000000000 0.196630403400
935.960000000 8.800000000 -0.223149344300
935.960000000 6.200000000 0.236110106100
933.710000000 6.000000000 0.134423881800
932.210000000 7.400000000 0.253439694600
932.960000000 8.200000000 0.259910672900
936.710000000 6.000000000 0.152851477300
933.460000000 6.000000000 0.083246141700
934.210000000 6.200000000 0.208839446300
936.210000000 6.200000000 0.216877028300
936.960000000 7.800000000 -0.090482585100
933.210000000 8.200000000 0.254060685600
931.960000000 7.400000000 0.237281292700
931.710000000 6.400000000 -0.217016980100
932.460000000 7.400000000 0.252264052600
932.460000000 8.400000000 0.232028186300
936.460000000 8.800000000 -0.125605806700
933.710000000 7.800000000 0.184377849100
935.710000000 8.800000000 -0.254568874800
933.460000000 8.400000000 0.206354260400
932.710000000 6.200000000 -0.093330718600
930.210000000 6.400000000 -0.143647536600
933.210000000 7.800000000 0.228172287300
932.710000000 8.400000000 0.246982768200
935.210000000 6.400000000 0.238285258400
934.960000000 6.400000000 0.254023969200
931.960000000 8.200000000 0.194746539000
937.210000000 8.200000000 -0.042514029900
932.210000000 8.400000000 0.210976466500
932.960000000 7.600000000 0.244168683900
937.210000000 8.000000000 -0.044281147400
929.960000000 6.200000000 -0.072237588500
935.460000000 8.800000000 -0.264621615400
933.460000000 7.800000000 0.199561998200
945.710000000 6.000000000 0.137702360700
945.460000000 5.800000000 0.123828224800
931.710000000 7.600000000 0.213072150900
946.460000000 6.200000000 0.140353605200
932.960000000 8.400000000 0.250554740400
933.960000000 6.200000000 0.174954697500
936.460000000 6.200000000 0.186633467700
932.710000000 7.400000000 0.239127278300
934.710000000 6.400000000 0.256576418900
931.710000000 7.800000000 0.195597663500
933.210000000 8.400000000 0.237967491100
935.460000000 6.400000000 0.211132124100
935.210000000 8.800000000 -0.251025050900
931.710000000 7.400000000 0.201853498800
946.710000000 6.200000000 0.146097347100
946.210000000 6.200000000 0.135354965900
934.960000000 8.800000000 -0.216122061000
931.960000000 6.400000000 -0.193285271500
934.710000000 8.800000000 -0.165649116000
934.460000000 6.400000000 0.244584798800
933.710000000 8.600000000 0.119256310200
932.960000000 6.200000000 -0.032609984300
934.460000000 7.600000000 -0.060624573400
936.960000000 8.600000000 -0.058420117900
935.710000000 6.400000000 0.219688028100
936.960000000 5.800000000 0.090312860900
933.710000000 6.200000000 0.134116858200
934.710000000 7.600000000 -0.126499399500
936.210000000 7.600000000 -0.206734105900
933.210000000 7.600000000 0.230533257100
931.710000000 8.000000000 0.170374900100
934.460000000 8.800000000 -0.106053821700
934.210000000 7.600000000 0.013674094300
931.960000000 8.400000000 0.187471896400
932.960000000 7.400000000 0.218664914400
935.960000000 6.400000000 0.217030674200
936.460000000 7.600000000 -0.167693465900
940.960000000 5.800000000 -0.165961384800
945.960000000 6.200000000 0.131931886100
929.960000000 6.400000000 -0.091416016200
936.710000000 6.200000000 0.174962118300
935.960000000 7.600000000 -0.236776918200
936.710000000 8.800000000 -0.080749504300
933.210000000 6.200000000 0.029081543900
934.210000000 6.400000000 0.218994230000
933.460000000 6.200000000 0.085630379600
929.710000000 5.800000000 0.015093421600
941.210000000 5.800000000 -0.159230962400
936.960000000 6.000000000 0.110615082100
940.710000000 5.800000000 -0.172131404300
936.210000000 6.400000000 0.209292814100
933.960000000 7.600000000 0.088276542700
934.960000000 7.600000000 -0.179912447900
933.460000000 7.600000000 0.201234772800
931.460000000 7.600000000 0.172327920800
932.460000000 8.600000000 0.221210211500
931.460000000 7.400000000 0.150527864700
933.710000000 7.600000000 0.153230845900
932.210000000 6.400000000 -0.161140278000
931.710000000 8.200000000 0.170754611500
932.210000000 8.600000000 0.204445913400
945.460000000 6.000000000 0.118255242700
935.710000000 7.600000000 -0.250173986000
937.210000000 8.400000000 -0.016946740400
934.210000000 8.800000000 -0.043447945300
930.710000000 6.600000000 -0.213457569500
936.460000000 6.400000000 0.192805916100
936.710000000 7.600000000 -0.128209143900
930.460000000 6.600000000 -0.187553405800
935.210000000 7.600000000 -0.219522878500
940.460000000 5.800000000 -0.176678821400
932.710000000 8.600000000 0.230659350800
931.960000000 7.200000000 0.229339629400
933.210000000 7.400000000 0.191405981800
929.710000000 6.000000000 0.000496593200
933.460000000 8.600000000 0.169687941700
932.210000000 7.200000000 0.245682179900
930.960000000 6.600000000 -0.221385613100
941.460000000 5.800000000 -0.150647968100
935.460000000 7.600000000 -0.243904233000
931.460000000 7.800000000 0.162298247200
933.960000000 6.400000000 0.182294115400
945.710000000 6.200000000 0.132528349800
929.710000000 6.200000000 -0.040211901100
935.710000000 6.600000000 0.210127010900
937.210000000 7.800000000 -0.051120873500
932.460000000 7.200000000 0.243778675800
930.210000000 6.600000000 -0.144633904100
931.710000000 7.200000000 0.194502487800
935.460000000 6.600000000 0.211662694800
931.960000000 8.600000000 0.185514912000
935.210000000 6.600000000 0.216369256400
945.210000000 5.800000000 0.102950662400
935.960000000 6.600000000 0.207249224200
931.210000000 6.600000000 -0.213743135300
934.960000000 6.600000000 0.238636255300
932.960000000 8.600000000 0.226884558800
936.960000000 6.200000000 0.140724971900
931.710000000 8.400000000 0.163314819300
935.960000000 9.000000000 -0.195758730200
933.210000000 8.600000000 0.206313297200
932.710000000 7.200000000 0.226351887000
940.210000000 5.800000000 -0.176618874100
929.710000000 6.400000000 -0.053155504200
936.710000000 6.400000000 0.166922494800
936.210000000 9.000000000 -0.157718688200
935.710000000 9.000000000 -0.219278931600
934.710000000 6.600000000 0.246804401300
946.210000000 6.400000000 0.135794132900
946.460000000 6.400000000 0.128436088600
933.460000000 7.400000000 0.155606612600
931.210000000 7.600000000 0.123899288500
933.710000000 6.400000000 0.136447489300
932.460000000 6.400000000 -0.120820708600
936.210000000 6.600000000 0.194987043700
929.960000000 6.600000000 -0.101954959300
933.960000000 8.800000000 0.017017785500
931.460000000 6.600000000 -0.196494951800
931.460000000 8.000000000 0.141821876200
931.210000000 7.400000000 0.091547980900
931.460000000 7.200000000 0.144707173100
945.960000000 6.400000000 0.130041807900
940.710000000 6.000000000 -0.148483216800
940.960000000 6.000000000 -0.145776346300
946.710000000 6.400000000 0.139519542500
932.960000000 7.200000000 0.197299495300
941.710000000 5.800000000 -0.139540895800
945.460000000 6.200000000 0.116642519800
935.710000000 6.800000000 0.208504825800
935.460000000 9.000000000 -0.223825544100
935.460000000 6.800000000 0.204182118200
940.460000000 6.000000000 -0.153148278600
934.460000000 6.600000000 0.239424601200
941.210000000 6.000000000 -0.144629076100
945.210000000 7.600000000 0.146748289500
931.710000000 8.600000000 0.167539209100
936.960000000 7.600000000 -0.093348041200
939.960000000 5.800000000 -0.169310331300
936.460000000 9.000000000 -0.114556789400
945.210000000 7.400000000 0.138604596300
937.460000000 8.000000000 -0.036746043700
945.210000000 6.000000000 0.097939305000
936.960000000 6.400000000 0.164669081600
935.960000000 6.800000000 0.202281534700
936.460000000 6.600000000 0.187714204200
945.460000000 7.600000000 0.146153569200
945.710000000 6.400000000 0.122146599000
931.460000000 8.200000000 0.146714836400
931.710000000 6.600000000 -0.174862310300
935.210000000 6.800000000 0.192969039100
933.710000000 7.400000000 0.110674269500
944.960000000 7.600000000 0.139191314600
931.210000000 7.800000000 0.121850341600
933.460000000 6.400000000 0.083521433200
940.210000000 6.000000000 -0.156913191100
945.460000000 7.400000000 0.151136860300
937.210000000 6.000000000 0.070775426900
944.960000000 7.400000000 0.120254844400
937.460000000 8.200000000 -0.007156537800
935.210000000 9.000000000 -0.210565373300
932.210000000 8.800000000 0.199556842400
934.210000000 6.600000000 0.216291919400
933.210000000 7.200000000 0.160795509800
937.210000000 6.200000000 0.100241936700
932.710000000 6.400000000 -0.076202482000
941.460000000 6.000000000 -0.142196387100
936.210000000 6.800000000 0.188475728000
936.960000000 8.800000000 -0.048912238300
936.710000000 6.600000000 0.170820578900
937.210000000 5.800000000 0.050788484500
932.460000000 8.800000000 0.199706226600
931.960000000 8.800000000 0.194838330100
940.460000000 6.200000000 -0.128098949800
945.210000000 7.200000000 0.133823722600
945.710000000 7.600000000 0.138166800100
935.710000000 7.000000000 0.206655085100
931.210000000 7.200000000 0.087106116100
945.460000000 7.200000000 0.147250086100
933.710000000 8.800000000 0.072517499300
929.710000000 6.600000000 -0.054211869800
935.960000000 7.000000000 0.201442077800
945.710000000 7.400000000 0.148714974500
939.710000000 5.800000000 -0.154316306100
940.710000000 6.200000000 -0.121166110000
940.210000000 6.200000000 -0.138881921800
935.460000000 7.000000000 0.200625672900
931.460000000 8.400000000 0.139819800900
937.210000000 6.400000000 0.128807574500
933.210000000 6.400000000 0.027174489600
930.960000000 7.600000000 0.072899244700
937.210000000 8.600000000 -0.023682450900
939.960000000 6.000000000 -0.156687542800
933.960000000 7.400000000 0.057717703300
929.460000000 6.200000000 0.004578431100
934.960000000 9.000000000 -0.184139072900
945.960000000 6.600000000 0.126914754500
936.210000000 7.000000000 0.182577237500
934.960000000 6.800000000 0.178015396000
932.960000000 6.400000000 -0.027552552500
930.960000000 7.400000000 0.034283012200
944.710000000 7.600000000 0.123597502700
945.210000000 7.800000000 0.145436108100
945.710000000 7.200000000 0.152976617200
927.460000000 5.800000000 0.114763468500
936.460000000 6.800000000 0.168752059300
929.460000000 6.400000000 -0.003439914000
940.210000000 6.400000000 -0.126688316500
927.710000000 5.800000000 0.081432901300
945.460000000 7.800000000 0.133785888600
945.710000000 6.600000000 0.120091944900
931.960000000 7.000000000 0.196398362500
935.960000000 7.400000000 -0.199581027000
940.460000000 6.400000000 -0.108371280100
936.210000000 7.400000000 -0.179486721800
931.960000000 6.600000000 -0.150455042700
931.710000000 7.000000000 0.158886790300
935.210000000 7.000000000 0.185939982500
944.960000000 7.200000000 0.116721034000
933.960000000 6.600000000 0.180139303200
941.960000000 5.800000000 -0.126559212800
936.960000000 6.600000000 0.144719734800
931.710000000 8.800000000 0.171310380100
939.960000000 6.200000000 -0.148411229300
931.210000000 8.000000000 0.139102011900
946.210000000 6.600000000 0.131048157800
932.710000000 8.800000000 0.196458548300
926.960000000 5.800000000 0.159070476900
927.210000000 5.800000000 0.143397688900
937.460000000 7.800000000 -0.037826195400
940.960000000 6.200000000 -0.121825926000
945.960000000 7.400000000 0.142580494300
945.460000000 6.400000000 0.111966714300
932.210000000 7.000000000 0.218926474500
944.960000000 7.800000000 0.147513523700
939.960000000 6.400000000 -0.144322723200
936.710000000 9.000000000 -0.076042160400
945.210000000 6.200000000 0.101044125900
935.960000000 7.200000000 0.200093999500
945.960000000 7.200000000 0.147233322300
933.460000000 7.200000000 0.120465762900
931.460000000 8.600000000 0.150893107100
944.710000000 7.400000000 0.101188369100
935.710000000 7.400000000 -0.208007022700
944.960000000 5.800000000 0.079235166300
935.710000000 7.200000000 0.207004755700
936.460000000 7.000000000 0.150955826000
934.210000000 7.400000000 -0.001542735100
936.210000000 7.200000000 0.175869032700
945.960000000 7.600000000 0.124814726400
934.710000000 9.000000000 -0.149637073300
941.710000000 6.000000000 -0.135899081800
930.960000000 7.800000000 0.110507652200
932.460000000 7.000000000 0.224686816300
936.460000000 7.400000000 -0.152036488100
939.710000000 6.000000000 -0.151370376300
931.460000000 7.000000000 0.110451661100
940.710000000 6.400000000 -0.097030945100
935.460000000 7.200000000 0.199127554900
940.210000000 6.600000000 -0.119004279400
929.460000000 6.000000000 0.019241660800
945.710000000 7.000000000 0.142026588300
945.460000000 7.000000000 0.135962933300
945.710000000 7.800000000 0.115666493800
946.460000000 6.600000000 0.131814420200
933.460000000 8.800000000 0.122008837800
939.710000000 6.400000000 -0.156183794100
937.460000000 6.400000000 0.082111023400
944.710000000 7.800000000 0.132215872400
945.710000000 6.800000000 0.126713290800
939.710000000 6.200000000 -0.153390795000
930.460000000 6.800000000 -0.172530159400
946.210000000 7.400000000 0.122071795200
936.710000000 6.800000000 0.140992507300
939.960000000 6.600000000 -0.139017716100
937.210000000 7.600000000 -0.074571684000
945.960000000 6.800000000 0.129284396800
929.460000000 5.800000000 0.057253193100
930.210000000 6.800000000 -0.142966628100
932.960000000 8.800000000 0.191300332500
940.460000000 6.600000000 -0.098277598600
936.460000000 7.200000000 0.137205630500
946.210000000 7.200000000 0.128797099000
944.460000000 7.800000000 0.114325560600
945.460000000 6.600000000 0.111762143700
945.960000000 7.000000000 0.139384478300
939.460000000 5.800000000 -0.133158668900
934.960000000 7.000000000 0.164120748600
941.210000000 6.200000000 -0.128421276800
932.710000000 7.000000000 0.215122386800
935.960000000 9.200000000 -0.173868715800
934.460000000 7.400000000 -0.063225798300
935.460000000 7.400000000 -0.203961953500
927.960000000 5.800000000 0.052645243700
934.460000000 9.000000000 -0.102654658300
935.210000000 7.200000000 0.182037696200
937.460000000 6.200000000 0.056151345400
930.710000000 6.800000000 -0.190378427500
937.210000000 6.600000000 0.108943805100
937.460000000 8.400000000 -0.008946498900
936.210000000 9.200000000 -0.147616177800
934.710000000 6.800000000 0.191794425200
945.210000000 7.000000000 0.123234428500
931.960000000 9.000000000 0.195224210600
933.210000000 8.800000000 0.162959247800
939.460000000 6.400000000 -0.160737484700
933.710000000 6.600000000 0.134731262900
944.460000000 7.600000000 0.100319288700
944.210000000 8.000000000 0.086210653200
945.460000000 6.800000000 0.120913483200
939.710000000 6.600000000 -0.153064683100
932.210000000 9.000000000 0.197598055000
935.710000000 9.200000000 -0.190237432700
944.210000000 7.800000000 0.085294976800
944.460000000 8.000000000 0.118496157200
931.210000000 8.200000000 0.122351482500
930.960000000 7.200000000 0.005393367300
931.460000000 8.800000000 0.158247664600
946.710000000 6.600000000 0.128390714500
931.710000000 9.000000000 0.184989675900
939.460000000 6.200000000 -0.152760371600
944.960000000 6.000000000 0.078363694300
932.210000000 6.600000000 -0.123026296500
946.210000000 6.800000000 0.127501413200
934.710000000 7.400000000 -0.120423063600
945.460000000 8.000000000 0.122268833200
945.210000000 8.000000000 0.135805189600
929.960000000 6.800000000 -0.104251302800
936.710000000 7.000000000 0.112002633500
932.960000000 7.000000000 0.193021357100
930.960000000 6.800000000 -0.195252016200
946.210000000 7.000000000 0.127787083400
930.710000000 7.600000000 0.023368340000
944.710000000 7.200000000 0.098753638600
944.710000000 8.000000000 0.136341884700
939.460000000 6.000000000 -0.141508236500
939.210000000 6.400000000 -0.158066079000
939.460000000 6.600000000 -0.159388616700
940.960000000 6.400000000 -0.098097525500
929.460000000 6.600000000 -0.004164069400
935.210000000 7.400000000 -0.188026219600
946.460000000 7.400000000 0.095505088600
933.710000000 7.200000000 0.077954001700
946.210000000 7.600000000 0.107708066700
944.960000000 8.000000000 0.141417518300
936.710000000 7.400000000 -0.123428449000
937.710000000 6.400000000 0.030297240200
936.460000000 9.200000000 -0.116523690500
940.710000000 6.600000000 -0.084386132700
934.960000000 7.400000000 -0.165998742000
932.460000000 9.000000000 0.191359743500
931.210000000 7.000000000 0.055888831600
946.460000000 7.200000000 0.100550562100
935.460000000 9.200000000 -0.193773403800
934.210000000 9.000000000 -0.049851324400
943.460000000 5.800000000 -0.060424517800
943.960000000 8.000000000 0.040015071600
934.460000000 6.800000000 0.201752811700
934.960000000 7.200000000 0.160313233700
930.710000000 7.400000000 -0.014405449900
936.710000000 7.200000000 0.091130875100
941.460000000 6.200000000 -0.134709537000
930.960000000 8.000000000 0.102655068000
945.960000000 7.800000000 0.101615943000
942.210000000 5.800000000 -0.111158236900
941.960000000 6.000000000 -0.124367587300
945.210000000 6.400000000 0.102367401100
936.960000000 6.800000000 0.109187483800
943.210000000 5.800000000 -0.096415720900
937.460000000 6.600000000 0.063995964800
943.960000000 7.800000000 0.044930219700
939.210000000 6.600000000 -0.158076837700
931.210000000 8.400000000 0.116295367500
944.960000000 7.000000000 0.107302531600
930.710000000 7.800000000 0.058633584500
937.460000000 6.000000000 0.033079855100
931.210000000 6.800000000 -0.186949938500
939.210000000 6.200000000 -0.149050757300
943.710000000 5.800000000 -0.021546414100
940.210000000 6.800000000 -0.118071816900
945.710000000 8.000000000 0.104252509800
931.460000000 9.000000000 0.166911810600
938.960000000 6.400000000 -0.148278132100
939.960000000 6.800000000 -0.130204513700
927.710000000 6.000000000 0.069794222700
927.460000000 6.000000000 0.099793680000
946.460000000 6.800000000 0.120822116700
933.210000000 7.000000000 0.160982474700
945.210000000 6.800000000 0.112121582000
934.710000000 7.000000000 0.136948034200
942.960000000 5.800000000 -0.114626377800
933.460000000 6.600000000 0.084090843800
940.460000000 6.800000000 -0.106353484100
939.710000000 6.800000000 -0.141522333000
929.210000000 6.200000000 0.036827057600
935.210000000 9.200000000 -0.184291288300
946.460000000 7.000000000 0.109101958600
931.210000000 8.600000000 0.132523492000
944.460000000 7.400000000 0.083394728600
929.210000000 6.400000000 0.044048845800
932.710000000 9.000000000 0.176971614400
937.960000000 6.400000000 -0.018990645200
937.710000000 8.000000000 0.004456626300
934.210000000 6.800000000 0.177822187500
942.710000000 5.800000000 -0.135443553300
942.460000000 5.800000000 -0.145039483900
938.960000000 6.600000000 -0.148625150300
929.710000000 6.800000000 -0.059777196500
937.710000000 6.200000000 0.012013603900
938.960000000 6.200000000 -0.144185900700
945.210000000 6.600000000 0.102687321600
944.960000000 6.200000000 0.085224397500
939.210000000 6.000000000 -0.132480382900
944.210000000 7.600000000 0.069914639000
933.960000000 9.000000000 0.003218237300
931.460000000 6.800000000 -0.167169272900
938.710000000 6.400000000 -0.131677642500
927.210000000 6.000000000 0.126885756900
939.460000000 6.800000000 -0.148648813400
939.210000000 5.800000000 -0.107772976200
937.710000000 6.600000000 0.014428245800
940.960000000 6.600000000 -0.100595861700
936.960000000 9.000000000 -0.047803200800
941.210000000 6.400000000 -0.109823353600
931.710000000 9.200000000 0.181412190200
931.210000000 8.800000000 0.142211854500
941.710000000 6.200000000 -0.134067967500
932.460000000 6.600000000 -0.092221893400
933.960000000 7.200000000 0.032896839100
926.960000000 6.000000000 0.142915368100
940.710000000 6.800000000 -0.096764825300
931.960000000 9.200000000 0.190112277900
943.960000000 5.800000000 0.017611341600
946.710000000 7.200000000 0.067879729000
944.710000000 5.800000000 0.066240787500
946.460000000 7.600000000 0.087600953900
936.710000000 9.200000000 -0.085634812700
936.960000000 7.000000000 0.071946986000
934.710000000 7.200000000 0.135064035700
946.710000000 7.400000000 0.067158147700
929.210000000 6.000000000 0.030995626000
943.710000000 8.000000000 -0.015112491300
931.460000000 9.200000000 0.164560750100
935.710000000 9.400000000 -0.163957446800
934.960000000 9.200000000 -0.163476795000
936.960000000 7.400000000 -0.096504978800
937.460000000 5.800000000 0.015850812200
935.960000000 9.400000000 -0.154993176500
938.210000000 6.400000000 -0.060159109500
938.460000000 6.400000000 -0.108520291700
930.710000000 7.200000000 -0.044401027300
937.710000000 8.200000000 0.002431311400
938.710000000 6.600000000 -0.131236881000
930.710000000 8.000000000 0.087590992500
932.960000000 9.000000000 0.155781164800
938.710000000 6.200000000 -0.133435919900
937.210000000 6.800000000 0.074504695800
946.710000000 6.800000000 0.109444193500
943.710000000 7.800000000 -0.004246988800
942.210000000 6.000000000 -0.107067212500
930.960000000 8.200000000 0.121232621400
931.210000000 9.000000000 0.140637368000
928.210000000 5.800000000 0.036337308600
937.960000000 6.600000000 -0.032398790100
933.460000000 7.000000000 0.122295528700
936.960000000 7.200000000 0.044441763300
937.460000000 7.600000000 -0.046508263800
939.210000000 6.800000000 -0.147766605000
932.210000000 9.200000000 0.189385205500
933.960000000 6.800000000 0.146450698400
927.960000000 6.000000000 0.046190790800
930.960000000 7.000000000 0.001122573200
940.710000000 7.000000000 -0.072608389000
933.210000000 6.600000000 0.033031933000
935.460000000 9.400000000 -0.164852723500
937.710000000 7.800000000 -0.001381561400
933.710000000 9.000000000 0.052295569300
945.960000000 8.000000000 0.086613811600
940.460000000 7.000000000 -0.126137808000
931.710000000 6.800000000 -0.140557736200
940.210000000 7.000000000 -0.119630135600
946.710000000 7.000000000 0.086163304700
930.460000000 7.600000000 -0.021546131000
936.210000000 9.400000000 -0.137912556500
946.210000000 7.800000000 0.090116314600
937.210000000 8.800000000 -0.027505209700
944.710000000 7.000000000 0.090801283700
937.960000000 6.200000000 0.001857075400
938.210000000 6.600000000 -0.071129500900
939.960000000 7.000000000 -0.123465597600
938.960000000 6.000000000 -0.126320570700
944.460000000 7.200000000 0.079508304600
933.210000000 9.000000000 0.128342241000
938.460000000 6.600000000 -0.100913599100
940.960000000 6.800000000 -0.113843098300
940.960000000 7.000000000 -0.096353933200
930.460000000 7.800000000 0.006833970500
934.710000000 9.200000000 -0.134518414700
929.210000000 6.600000000 0.042533740400
944.710000000 6.000000000 0.063644476200
933.460000000 9.000000000 0.094182856400
941.960000000 6.200000000 -0.122819565200
944.210000000 5.800000000 0.035057652700
938.460000000 6.200000000 -0.114553436600
941.460000000 6.400000000 -0.128374725600
931.210000000 9.200000000 0.140958219800
944.960000000 6.800000000 0.100093163500
944.460000000 5.800000000 0.060556545900
932.460000000 9.200000000 0.177767247000
940.460000000 7.200000000 -0.122153088500
939.710000000 7.000000000 -0.126109227500
932.710000000 6.600000000 -0.057410109800
931.960000000 6.800000000 0.165651932400
934.210000000 7.200000000 -0.015054384200
944.960000000 6.400000000 0.089212328200
941.210000000 6.600000000 -0.108676746500
930.460000000 7.400000000 -0.052116956600
934.460000000 7.000000000 0.107146553700
941.210000000 7.000000000 -0.104309707900
938.960000000 6.800000000 -0.138257205500
929.460000000 6.800000000 -0.013357739900
944.210000000 8.200000000 0.079823061800
932.210000000 6.800000000 0.183972299100
940.710000000 7.200000000 -0.122844189400
935.210000000 9.400000000 -0.157630667100
944.460000000 8.200000000 0.108961314000
940.210000000 7.200000000 -0.122155614200
936.460000000 9.400000000 -0.117292769300
932.960000000 6.600000000 -0.013195692600
943.960000000 7.600000000 0.032833874200
940.710000000 7.400000000 -0.144334375900
930.960000000 8.400000000 0.111462913500
940.460000000 7.400000000 -0.134168118200
932.460000000 6.800000000 0.192217230800
938.210000000 6.200000000 -0.065907977500
929.210000000 5.800000000 0.012639394000
945.210000000 8.200000000 0.112745672500
944.710000000 8.200000000 0.117948636400
945.460000000 8.200000000 0.103747598800
937.460000000 6.800000000 0.036109607700
939.460000000 7.000000000 -0.130604162800
938.710000000 6.000000000 -0.131512612100
933.710000000 6.800000000 0.136151239300
937.460000000 8.600000000 -0.015548248800
944.960000000 8.200000000 0.118657395200
943.460000000 6.000000000 -0.042000334700
937.710000000 6.000000000 -0.003379744500
933.710000000 7.000000000 0.080696560400
941.210000000 7.200000000 -0.083744972900
942.460000000 6.000000000 -0.083675444100
931.460000000 9.400000000 0.156542345900
930.960000000 8.600000000 0.108123399300
932.710000000 9.200000000 0.155049517800
931.710000000 9.400000000 0.170247584600
941.210000000 6.800000000 -0.109719209400
940.960000000 7.200000000 -0.148232027900
932.710000000 6.800000000 0.189496293700
930.710000000 8.200000000 0.112239711000
940.960000000 7.400000000 -0.145465225000
946.710000000 7.600000000 0.064285114400
934.460000000 9.200000000 -0.101127333900
928.960000000 6.200000000 0.074025355300
935.960000000 9.600000000 -0.156132265900
944.210000000 7.400000000 0.064522996500
937.210000000 7.400000000 -0.060382176200
930.960000000 8.800000000 0.119538947900
943.210000000 6.000000000 -0.075861364600
944.960000000 6.600000000 0.092159152000
934.460000000 7.200000000 0.105769142500
930.460000000 8.000000000 0.036667663600
938.960000000 5.800000000 -0.133766606500
935.710000000 9.600000000 -0.166440680600
943.960000000 8.200000000 0.037219721800
928.960000000 6.000000000 0.061340075000
937.210000000 7.000000000 0.034067366300
930.960000000 9.000000000 0.107500210400
943.710000000 6.000000000 -0.005696807100
942.210000000 6.200000000 -0.102466829100
940.210000000 7.400000000 -0.121499426700
941.460000000 7.000000000 -0.120400384100
943.460000000 8.000000000 -0.069376260000
936.210000000 9.600000000 -0.135660141700
928.960000000 6.400000000 0.082307010900
938.710000000 6.800000000 -0.122192964000
941.710000000 6.400000000 -0.124898508200
941.460000000 7.200000000 -0.111819177900
945.710000000 8.200000000 0.094406418500
940.710000000 7.600000000 -0.135890707400
939.960000000 7.200000000 -0.120414488000
936.710000000 9.400000000 -0.088704586000
943.460000000 7.800000000 -0.055332243400
930.210000000 7.000000000 -0.138812378000
935.960000000 9.800000000 -0.148127555800
930.460000000 7.000000000 -0.157567754400
935.460000000 9.600000000 -0.141866475300
931.210000000 9.400000000 0.138489574200
942.960000000 6.000000000 -0.103971183300
936.960000000 9.200000000 -0.058662761000
932.960000000 6.800000000 0.173626899700
935.710000000 9.800000000 -0.159161597500
931.960000000 9.400000000 0.176466077600
946.460000000 8.400000000 0.102104671300
945.960000000 8.200000000 0.113812394400
940.460000000 7.600000000 -0.128670334800
939.210000000 7.000000000 -0.129786938400
942.710000000 6.000000000 -0.123332843200
940.960000000 7.600000000 -0.136041060100
944.710000000 6.200000000 0.067244775600
940.960000000 7.800000000 -0.145334810000
946.210000000 8.400000000 0.112066857500
934.960000000 9.400000000 -0.143032997800
929.960000000 7.000000000 -0.110020905700
927.460000000 6.200000000 0.085011743000
932.960000000 9.200000000 0.122962258800
937.210000000 7.200000000 0.001331744700
938.710000000 5.800000000 -0.134039253000
946.210000000 8.200000000 0.108956880900
937.710000000 6.800000000 0.037029475000
930.710000000 7.000000000 -0.165384888600
940.710000000 7.800000000 -0.142155006500
938.460000000 6.000000000 -0.116470038900
946.710000000 8.600000000 0.091428212800
935.960000000 10.000000000 -0.136332199000
930.460000000 7.200000000 -0.080856688300
941.460000000 6.800000000 -0.115666486300
936.460000000 9.600000000 -0.108211129900
930.960000000 9.200000000 0.113197244700
946.710000000 8.400000000 0.089004568800
941.460000000 6.600000000 -0.119419641800
937.710000000 8.400000000 -0.004643660500
944.460000000 6.000000000 0.053021356500
936.210000000 9.800000000 -0.125546053100
941.210000000 7.400000000 -0.134222582000
945.960000000 8.400000000 0.115578457700
935.710000000 10.000000000 -0.150124713800
946.460000000 8.600000000 0.100657843100
935.460000000 9.800000000 -0.158972352700
928.960000000 5.800000000 0.042439155300
934.210000000 9.200000000 -0.066171512000
941.710000000 7.200000000 -0.132768183900
943.960000000 6.000000000 0.016728267100
938.460000000 6.800000000 -0.101154848900
941.210000000 7.800000000 -0.138507634400
946.210000000 8.000000000 0.073776267500
942.460000000 7.200000000 -0.107949890200
937.710000000 5.800000000 -0.038840644100
941.710000000 7.000000000 -0.128763034900
933.460000000 6.800000000 0.093665473200
940.960000000 8.000000000 -0.141241431200
927.210000000 6.200000000 0.106794349800
945.710000000 8.400000000 0.110454924400
946.460000000 8.200000000 0.098333656800
927.710000000 6.200000000 0.060922976600
942.710000000 7.200000000 -0.070352926900
939.710000000 7.200000000 -0.113891735700
944.710000000 6.800000000 0.092780381400
928.210000000 6.000000000 0.061497535600
928.460000000 5.800000000 0.077325142900
935.210000000 9.600000000 -0.151113107800
936.210000000 10.000000000 -0.111484788400
946.460000000 7.800000000 0.080492071800
941.210000000 7.600000000 -0.134919807300
933.210000000 6.800000000 0.144939974000
932.210000000 9.400000000 0.172131493700
942.210000000 7.200000000 -0.132762447000
944.460000000 7.000000000 0.073626406500
940.460000000 7.800000000 -0.131478190400
930.210000000 7.600000000 -0.080321729200
941.960000000 7.200000000 -0.140960395300
941.960000000 6.400000000 -0.112357161900
940.710000000 8.000000000 -0.135976851000
939.960000000 7.400000000 -0.110822737200
935.460000000 10.000000000 -0.154068738200
940.210000000 7.600000000 -0.118644826100
937.960000000 6.800000000 -0.008678512600
942.460000000 6.200000000 -0.081637874200
946.210000000 8.600000000 0.108512595300
928.710000000 5.800000000 0.068315729500
930.960000000 9.400000000 0.132326558200
941.210000000 8.000000000 -0.137012779700
938.460000000 5.800000000 -0.117764063200
945.460000000 8.400000000 0.096253305700
937.710000000 7.600000000 -0.006885620300
929.710000000 7.000000000 -0.073044881200
941.460000000 8.200000000 -0.143580868800
933.210000000 9.200000000 0.085070617500
938.210000000 6.800000000 -0.074839286500
930.710000000 8.400000000 0.107733830800
928.710000000 6.000000000 0.083603933500
941.210000000 8.200000000 -0.159952819300
938.210000000 6.000000000 -0.100789181900
935.210000000 9.800000000 -0.149003282200
944.210000000 6.000000000 0.046711355400
937.960000000 6.000000000 -0.061916139000
933.960000000 7.000000000 0.038080301100
943.710000000 7.600000000 0.013944541100
930.460000000 8.200000000 0.069959290300
943.710000000 8.200000000 -0.008574442900
938.960000000 7.000000000 -0.123281352200
930.210000000 7.400000000 -0.107469983400
941.460000000 7.400000000 -0.091581575600
926.960000000 6.200000000 0.119907133300
933.960000000 9.200000000 -0.030659770600
941.710000000 6.800000000 -0.115097366300
946.710000000 8.200000000 0.083842210500
941.710000000 8.200000000 -0.113304786400
929.210000000 6.800000000 0.029572174000
930.210000000 7.800000000 -0.037676099700
941.960000000 7.000000000 -0.126449152800
940.960000000 8.200000000 -0.158941373200
942.710000000 7.400000000 -0.085115775500
941.460000000 8.400000000 -0.136717721800
942.960000000 7.200000000 -0.028165459600
930.710000000 9.400000000 0.145768746700
936.460000000 9.800000000 -0.093472689400
937.210000000 9.000000000 -0.030427167200
946.710000000 8.800000000 0.093405716100
934.210000000 7.000000000 0.134001910700
941.210000000 8.400000000 -0.154427215500
941.460000000 7.800000000 -0.121008142800
936.710000000 9.600000000 -0.077306300400
930.960000000 9.600000000 0.139015033800
940.460000000 8.000000000 -0.125455886100
930.710000000 9.200000000 0.163599461300
928.960000000 6.600000000 0.078677624500
935.210000000 10.000000000 -0.149412810800
933.460000000 9.200000000 0.045156505000
942.460000000 7.000000000 -0.099813133500
945.960000000 8.600000000 0.111109599500
942.210000000 7.000000000 -0.122370965800
942.960000000 7.400000000 -0.043867416700
945.210000000 8.400000000 0.074285164500
938.210000000 5.800000000 -0.098287671800
942.460000000 7.400000000 -0.119268484400
941.710000000 8.400000000 -0.108361072800
931.210000000 9.600000000 0.144260585300
932.460000000 9.400000000 0.155446827400
933.710000000 9.200000000 0.006179759300
937.960000000 8.000000000 0.039628036300
941.460000000 7.600000000 -0.113911926700
928.460000000 6.000000000 0.098688371500
934.960000000 9.600000000 -0.129628628500
937.960000000 5.800000000 -0.078090086600
931.460000000 9.600000000 0.147080957900
942.210000000 6.400000000 -0.092677585800
928.710000000 6.200000000 0.093430116800
942.710000000 7.000000000 -0.066980861100
940.960000000 8.400000000 -0.157798945900
944.210000000 7.200000000 0.057325821400
944.960000000 9.800000000 0.075570903700
940.210000000 7.800000000 -0.116821803200
939.460000000 7.200000000 -0.111980371200
934.710000000 9.400000000 -0.123209171000
930.710000000 9.000000000 0.155837222900
941.710000000 6.600000000 -0.112225078000
930.460000000 9.200000000 0.165789574400
941.460000000 8.000000000 -0.121667839600
930.710000000 8.600000000 0.126427367300
946.460000000 8.800000000 0.097893551000
941.710000000 7.400000000 -0.118889056100
940.710000000 8.200000000 -0.142154425400
936.960000000 9.400000000 -0.060722533600
943.210000000 7.800000000 -0.071480244400
944.710000000 6.400000000 0.072545796600
942.210000000 7.400000000 -0.137539431500
934.960000000 9.800000000 -0.132008627100
936.460000000 10.000000000 -0.076880425200
944.710000000 9.800000000 0.114885352600
930.460000000 9.400000000 0.142830893400
946.460000000 8.000000000 0.087040677700
930.710000000 8.800000000 0.143194705200
930.710000000 9.600000000 0.130149468800
937.460000000 7.000000000 -0.000555426300
941.960000000 7.400000000 -0.136527970400
937.960000000 7.800000000 0.030599840000
940.710000000 8.400000000 -0.145669713600
941.960000000 6.800000000 -0.116858482400
939.960000000 7.600000000 -0.108799621500
927.960000000 6.200000000 0.062188766900
930.210000000 9.200000000 0.156757578300
944.710000000 6.600000000 0.081331320100
945.710000000 8.600000000 0.107783757200
942.960000000 7.600000000 -0.054168228100
934.960000000 10.000000000 -0.136933431000
944.460000000 10.000000000 0.000490501900
941.960000000 8.200000000 -0.076009981300
943.210000000 7.600000000 -0.035762660200
944.460000000 9.800000000 0.006557515400
931.710000000 9.600000000 0.153322413600
943.210000000 8.000000000 -0.096623942300
930.210000000 8.000000000 -0.006963354500
945.460000000 8.600000000 0.099272295800
943.460000000 7.600000000 -0.000607060600
930.460000000 9.600000000 0.146093666600
932.710000000 9.400000000 0.126928389100
930.460000000 9.000000000 0.153554976000
942.710000000 6.200000000 -0.052121605700
929.460000000 7.000000000 -0.031641438600
942.710000000 7.600000000 -0.094274215400
945.210000000 9.800000000 0.030129861100
930.710000000 9.800000000 0.134118825200
941.960000000 8.400000000 -0.073780395100
943.210000000 7.400000000 -0.005384631900
942.960000000 7.000000000 -0.029787259200
941.710000000 8.000000000 -0.110168248400
930.460000000 8.400000000 0.103280261200
937.460000000 7.400000000 -0.025715651000
940.210000000 8.000000000 -0.113170392800
930.960000000 9.800000000 0.140331938900
940.460000000 8.200000000 -0.115310527400
938.710000000 7.000000000 -0.112114027100
946.210000000 8.800000000 0.100790388900
929.960000000 9.200000000 0.138128683000
928.710000000 6.400000000 0.105785988300
930.210000000 7.200000000 -0.130281537800
942.460000000 6.400000000 -0.067607343200
930.210000000 9.400000000 0.157253161100
945.210000000 8.600000000 0.083103023500
946.710000000 8.000000000 0.073096565900
939.710000000 7.400000000 -0.101772643600
939.210000000 7.200000000 -0.106689401000
944.960000000 8.400000000 0.066883899300
939.960000000 9.200000000 -0.133102908700
943.960000000 7.400000000 0.040361154800
942.210000000 6.800000000 -0.107642859200
944.710000000 10.000000000 0.038596954200
928.460000000 6.200000000 0.102743759800
928.210000000 6.200000000 0.105288825900
940.460000000 8.400000000 -0.120628699700
941.210000000 8.600000000 -0.141281485600
939.710000000 9.200000000 -0.099642574800
941.460000000 8.600000000 -0.121784612500
939.960000000 9.000000000 -0.135095000300
940.960000000 8.600000000 -0.149922668900
941.710000000 7.800000000 -0.095556423100
943.210000000 7.200000000 0.008997289500
937.960000000 8.200000000 0.034413855500
934.710000000 9.600000000 -0.105169124900
941.960000000 6.600000000 -0.100678995300
944.460000000 6.800000000 0.078135259400
940.210000000 9.200000000 -0.150784641500
942.960000000 6.200000000 -0.077212683900
939.710000000 9.000000000 -0.104804880900
929.960000000 9.400000000 0.138492152100
942.460000000 7.600000000 -0.124663077300
944.210000000 9.800000000 -0.031644284700
930.210000000 9.600000000 0.137878730900
930.460000000 8.600000000 0.131863668600
930.460000000 9.800000000 0.127354860300
944.710000000 8.400000000 0.102569736500
930.210000000 9.000000000 0.142559513400
944.460000000 6.200000000 0.051313888300
930.460000000 8.800000000 0.152472391700
943.710000000 9.800000000 0.104065679000
934.710000000 9.800000000 -0.111061193000
940.210000000 9.000000000 -0.149917021400
939.960000000 7.800000000 -0.101015783800
932.960000000 9.400000000 0.089451186400
936.710000000 9.800000000 -0.057296574100
940.710000000 8.600000000 -0.144598931100
942.460000000 6.800000000 -0.099738635100
931.210000000 9.800000000 0.143025010800
943.960000000 9.800000000 0.131938144600
941.710000000 7.600000000 -0.087840117500
940.960000000 9.000000000 -0.110169999300
937.460000000 7.200000000 -0.035175420300
940.960000000 9.200000000 -0.111422359900
934.710000000 10.000000000 -0.117805942900
943.460000000 8.200000000 -0.059177838300
943.210000000 6.200000000 -0.049438063100
926.960000000 9.400000000 0.044399168300
940.710000000 9.000000000 -0.134122431300
931.960000000 9.600000000 0.153916239700
945.960000000 8.800000000 0.108359344300
944.210000000 10.000000000 -0.038862254500
940.460000000 9.200000000 -0.151169896100
929.960000000 7.600000000 -0.124303929500
940.710000000 9.200000000 -0.136712461700
943.460000000 6.200000000 -0.028375616300
941.710000000 8.600000000 -0.095548011400
929.710000000 9.200000000 0.112576969000
940.460000000 9.000000000 -0.148716151700
934.460000000 9.400000000 -0.101275980500
944.460000000 8.400000000 0.089445866600
942.710000000 6.800000000 -0.076190047000
943.460000000 9.800000000 0.065070286400
941.210000000 9.200000000 -0.079866930800
946.710000000 9.000000000 0.093334704600
929.960000000 9.000000000 0.137885689700
929.960000000 7.400000000 -0.126607939600
944.960000000 8.600000000 0.059947859500
942.210000000 7.600000000 -0.137824714200
942.960000000 7.800000000 -0.075936622900
940.210000000 8.200000000 -0.085497424000
941.960000000 8.000000000 -0.074757359900
944.460000000 9.600000000 0.005461256500
930.210000000 8.800000000 0.137482985900
930.210000000 8.200000000 0.031919676800
941.210000000 9.000000000 -0.081003092200
936.960000000 9.600000000 -0.046433888400
946.710000000 7.800000000 0.060053538500
945.710000000 8.800000000 0.105731427700
940.460000000 8.600000000 -0.125542417200
943.710000000 6.200000000 0.002840008600
941.960000000 7.600000000 -0.130713746000
938.960000000 7.200000000 -0.103826500500
942.210000000 6.600000000 -0.087714478400
929.710000000 9.400000000 0.113918669500
940.960000000 8.800000000 -0.108441546600
939.710000000 7.600000000 -0.099621459800
940.710000000 8.800000000 -0.127906024500
940.210000000 8.400000000 -0.088758006700
939.460000000 9.200000000 -0.058257576100
933.210000000 9.400000000 0.047740370000
937.210000000 9.200000000 -0.037385609000
944.210000000 7.000000000 0.062333747700
939.460000000 9.000000000 -0.064997009900
938.460000000 7.000000000 -0.097357839300
939.960000000 8.000000000 -0.099639006000
930.710000000 10.000000000 0.132217660500
943.960000000 9.400000000 -0.002792353300
939.460000000 7.400000000 -0.096551165000
929.710000000 9.000000000 0.111380539800
926.960000000 9.600000000 0.041182730300
942.960000000 6.800000000 -0.044038187700
942.710000000 6.400000000 -0.037376530500
939.960000000 9.400000000 -0.125872150100
944.210000000 9.400000000 -0.058317810300
940.460000000 8.800000000 -0.140194684300
944.210000000 8.400000000 0.065346665700
942.210000000 8.200000000 -0.039069689800
930.460000000 10.000000000 0.126036807900
941.210000000 8.800000000 -0.125663861600
937.460000000 8.800000000 -0.011916351500
940.210000000 8.800000000 -0.141454309200
943.210000000 7.000000000 0.005429148700
945.460000000 8.800000000 0.093419842400
944.210000000 9.600000000 -0.032352741800
929.960000000 7.800000000 -0.102115616200
939.960000000 8.800000000 -0.129066750400
943.460000000 7.400000000 0.024227934000
931.460000000 9.800000000 0.136937350000
930.210000000 9.800000000 0.120432987800
937.710000000 7.000000000 -0.031207373400
930.210000000 8.600000000 0.108774572600
939.710000000 9.400000000 -0.095753446200
929.960000000 9.600000000 0.124544672700
946.460000000 9.000000000 0.092000901700
942.460000000 6.600000000 -0.104800663900
929.210000000 7.400000000 -0.115309402300
944.710000000 9.600000000 0.044431552300
936.710000000 10.000000000 -0.037792112700
946.710000000 10.000000000 -0.037152893800
929.960000000 7.200000000 -0.143717795600
928.960000000 7.400000000 -0.094677262000
946.460000000 10.000000000 0.013191698100
945.710000000 9.200000000 -0.050550036100
932.210000000 9.600000000 0.144682601100
944.960000000 9.600000000 0.063920646900
930.210000000 8.400000000 0.072473853800
940.210000000 9.400000000 -0.141796395200
942.210000000 8.400000000 -0.037778876700
929.960000000 8.800000000 0.115394398600
928.960000000 6.800000000 0.062953747800
944.210000000 9.200000000 -0.063371188900
940.960000000 9.400000000 -0.106323279400
929.710000000 7.600000000 -0.134746447200
941.960000000 8.600000000 -0.065382085700
942.710000000 6.600000000 -0.087409079100
939.710000000 8.800000000 -0.103289015600
945.960000000 9.200000000 -0.008285583000
930.960000000 10.000000000 0.135839283500
928.710000000 6.600000000 0.099248543400
929.460000000 9.200000000 0.082179360100
939.210000000 7.400000000 -0.088253535300
934.210000000 9.400000000 -0.079352632200
943.960000000 9.200000000 -0.010076825500
929.710000000 7.400000000 -0.144944042000
945.460000000 9.800000000 -0.013045404100
929.210000000 7.000000000 0.008498560600
928.960000000 7.200000000 -0.072900973300
943.210000000 6.800000000 -0.007274237000
929.210000000 7.200000000 -0.101602539400
945.710000000 9.000000000 -0.051763739400
929.460000000 7.400000000 -0.133772179500
933.460000000 9.400000000 0.007004767200
941.460000000 8.800000000 -0.103795878600
942.960000000 6.600000000 -0.053546387700
942.960000000 6.400000000 -0.054474979600
928.460000000 6.400000000 0.112548671700
941.210000000 9.400000000 -0.076727181700
940.710000000 9.400000000 -0.129702776700
942.710000000 7.800000000 -0.107473902400
940.460000000 9.400000000 -0.142503723500
945.210000000 8.800000000 0.072622016100
934.460000000 10.000000000 -0.093540385400
943.960000000 9.600000000 -0.001927803200
941.460000000 9.200000000 -0.046433471100
940.210000000 8.600000000 -0.097217537500
934.460000000 9.600000000 -0.080377221100
944.460000000 6.600000000 0.070823803500
944.960000000 10.000000000 0.070763379300
945.960000000 9.000000000 -0.007509078400
937.710000000 8.600000000 0.006622300500
934.460000000 9.800000000 -0.087620623400
942.960000000 8.000000000 -0.119216568800
943.960000000 6.200000000 0.031712763000
943.210000000 9.800000000 0.021298889100
941.960000000 7.800000000 -0.068338491000
945.210000000 9.600000000 0.021924099000
930.210000000 10.000000000 0.119094416500
929.460000000 9.000000000 0.083001889300
943.210000000 6.600000000 -0.014512217600
927.710000000 6.400000000 0.077202484000
944.460000000 9.400000000 -0.107364624700
938.710000000 7.200000000 -0.095620065900
927.960000000 6.400000000 0.092391863500
944.210000000 6.200000000 0.042992137400
929.460000000 7.600000000 -0.133091092100
943.210000000 6.400000000 -0.035406436800
939.710000000 7.800000000 -0.083692163200
929.210000000 7.600000000 -0.123386256400
927.210000000 6.400000000 0.080747507500
939.960000000 8.200000000 -0.099842242900
943.710000000 9.400000000 0.048362873500
938.210000000 7.000000000 -0.079216368500
933.710000000 9.400000000 -0.028176637400
929.460000000 7.200000000 -0.130442664000
926.960000000 9.200000000 0.027672233100
928.960000000 7.600000000 -0.108283966800
933.960000000 9.400000000 -0.056230753700
927.460000000 6.400000000 0.066351361600
946.210000000 9.000000000 0.098506614600
944.460000000 9.200000000 -0.109572239200
928.210000000 6.400000000 0.096930012100
929.710000000 7.200000000 -0.138405710500
929.460000000 9.400000000 0.085586667100
938.960000000 7.400000000 -0.091879345500
927.210000000 9.400000000 0.084090583000
928.960000000 7.000000000 -0.070058047800
931.210000000 10.000000000 0.125356510300
941.460000000 9.000000000 -0.050621412700
943.710000000 10.000000000 0.100295297800
937.960000000 7.000000000 -0.057381335600
943.960000000 10.000000000 -0.074513964400
937.960000000 8.400000000 -0.078853689100
945.460000000 9.200000000 -0.092776753000
943.960000000 8.400000000 0.031641282100
944.710000000 8.600000000 0.032696470600
944.210000000 6.800000000 0.069660216600
937.210000000 9.400000000 -0.035707231600
932.460000000 9.600000000 0.123866610200
928.710000000 7.400000000 -0.074571199700
945.710000000 9.400000000 -0.048738949000
939.460000000 9.400000000 -0.057627897700
939.460000000 8.800000000 -0.068699128900
946.210000000 10.000000000 0.058480005700
931.710000000 9.800000000 0.135368451500
939.210000000 7.600000000 -0.081076070700
937.960000000 7.600000000 0.026053121300
941.460000000 9.400000000 -0.070486836100
939.960000000 8.600000000 -0.117081806100
943.460000000 10.000000000 0.070779733400
929.710000000 8.800000000 0.089083164900
945.460000000 9.000000000 -0.092991136000
943.460000000 6.800000000 0.033264219800
945.960000000 9.400000000 -0.010580787400
942.210000000 8.000000000 -0.040579155100
943.460000000 7.200000000 0.035264138100
939.960000000 8.400000000 -0.057657662800
944.460000000 6.400000000 0.053833443700
938.960000000 7.600000000 -0.092764206200
943.710000000 9.600000000 0.048901405200
942.460000000 7.800000000 -0.126119911700
943.960000000 7.200000000 0.032313879600
929.710000000 7.800000000 -0.123886212700
929.960000000 9.800000000 0.112424716400
938.960000000 7.800000000 -0.099674969900
943.460000000 6.400000000 0.000322982900
941.710000000 8.800000000 -0.077665641900
926.960000000 6.400000000 0.092397742000
943.210000000 8.200000000 -0.097089387500
928.710000000 7.600000000 -0.084390319900
937.710000000 7.400000000 -0.086528107500
944.960000000 8.800000000 0.045523595100
929.960000000 8.600000000 0.083068378300
929.710000000 9.600000000 0.105787083500
939.460000000 7.600000000 -0.068715803300
939.210000000 9.000000000 -0.025382677100
943.710000000 9.200000000 0.039742771500
928.710000000 7.200000000 -0.049770295600
939.210000000 7.800000000 -0.082851283300
944.710000000 8.800000000 0.062051236600
943.710000000 7.400000000 0.009798300500
936.960000000 9.800000000 -0.023753855400
927.210000000 9.600000000 0.078791119200
943.460000000 6.600000000 0.025694528600
943.460000000 7.000000000 0.036914549800
929.460000000 7.800000000 -0.131307065500
939.710000000 8.000000000 -0.082675933800
943.210000000 10.000000000 0.048193287100
944.210000000 9.000000000 -0.068928033100
929.210000000 7.800000000 -0.129442140500
938.710000000 7.400000000 -0.096295170500
928.960000000 7.800000000 -0.119021296500
937.710000000 7.200000000 -0.094938524100
938.710000000 7.800000000 -0.110747203200
929.210000000 9.000000000 0.055351588900
942.210000000 7.800000000 -0.126513928200
929.960000000 10.000000000 0.111798316200
944.710000000 9.400000000 -0.138299867500
939.210000000 9.200000000 -0.019359499200
929.960000000 8.000000000 -0.084339037500
944.710000000 9.200000000 -0.138263687500
929.210000000 9.200000000 0.069240547700
938.460000000 7.200000000 -0.097441919100
938.710000000 7.600000000 -0.103185862300
943.960000000 9.000000000 -0.022791210600
932.710000000 9.600000000 0.092912353600
945.460000000 9.400000000 -0.089349195400
938.210000000 8.200000000 -0.065482318400
939.710000000 8.600000000 -0.094949744600
938.210000000 8.400000000 -0.082713156900
946.460000000 9.800000000 0.004900292000
928.710000000 7.800000000 -0.100620023900
945.210000000 9.200000000 -0.126481652300
941.210000000 9.600000000 -0.095473378900
946.710000000 9.200000000 0.084447488200
946.710000000 9.800000000 -0.037688829000
946.210000000 9.200000000 0.027176952000
938.210000000 9.600000000 0.000480225200
938.960000000 8.000000000 -0.101981505800
940.960000000 9.600000000 -0.118874162400
928.460000000 9.600000000 0.037169553300
944.460000000 8.600000000 0.050827194000
927.210000000 9.200000000 0.064014181500
937.960000000 9.600000000 -0.039866987600
944.210000000 6.600000000 -0.030301293400
938.460000000 9.600000000 0.020251549800
931.460000000 10.000000000 0.121725782800
928.710000000 7.000000000 -0.050737410800
938.460000000 7.800000000 -0.116363219900
928.460000000 6.600000000 0.104017585500
944.460000000 9.000000000 -0.107285276100
940.210000000 9.600000000 -0.124304123200
940.710000000 9.600000000 -0.134399443900
942.210000000 8.600000000 -0.033479075900
943.960000000 6.400000000 -0.053839054000
939.960000000 9.600000000 -0.120096132200
944.460000000 8.800000000 0.036334339500
940.460000000 9.600000000 -0.137325778600
944.960000000 9.200000000 -0.143601626200
939.460000000 7.800000000 -0.062398143100
941.460000000 9.600000000 -0.067782096600
938.460000000 7.400000000 -0.103820517700
939.710000000 9.600000000 -0.098976835600
939.210000000 8.000000000 -0.084351889800
938.710000000 8.000000000 -0.111229382500
929.460000000 8.800000000 0.061266515400
931.960000000 9.800000000 0.127748832100
938.460000000 7.600000000 -0.111691817600
945.210000000 9.000000000 -0.123166717600
928.210000000 9.600000000 0.078884474900
943.960000000 6.600000000 -0.056828510000
945.460000000 9.600000000 -0.018971500900
929.960000000 8.400000000 0.044393137100
943.960000000 7.000000000 0.036913421000
928.710000000 9.400000000 0.022926680700
943.710000000 6.400000000 -0.076089963300
926.960000000 9.000000000 -0.111020587400
939.710000000 8.200000000 -0.082009874300
939.210000000 8.800000000 -0.032948169900
945.210000000 10.000000000 0.038872767200
942.460000000 8.200000000 -0.007950583500
934.210000000 10.000000000 -0.064529120900
938.210000000 7.800000000 -0.116139963300
932.960000000 9.600000000 0.055602341900
929.960000000 8.200000000 0.034241870000
944.210000000 6.400000000 -0.028530987000
934.210000000 9.600000000 -0.054730571800
944.960000000 9.400000000 -0.143605753800
937.960000000 9.400000000 -0.036388315300
945.210000000 9.400000000 -0.124409064700
937.960000000 8.600000000 -0.085859097500
942.710000000 8.000000000 -0.119378991400
938.210000000 7.600000000 -0.115989618000
928.460000000 7.600000000 -0.058156509000
942.460000000 8.400000000 0.115395493800
934.210000000 9.800000000 -0.061480928200
928.460000000 9.400000000 0.060976292900
943.710000000 8.400000000 -0.007483763200
927.210000000 9.000000000 -0.104898780600
938.210000000 9.800000000 0.006303373300
927.460000000 9.400000000 0.111644655500
941.710000000 9.400000000 -0.040026865900
928.210000000 9.400000000 0.070545621200
929.710000000 8.000000000 -0.105290688600
943.710000000 6.800000000 0.064942836800
943.960000000 6.800000000 0.047238208400
938.210000000 9.400000000 0.002978701800
929.710000000 9.800000000 0.102457001800
939.710000000 8.400000000 -0.085978433500
941.710000000 9.000000000 -0.059455461800
937.960000000 9.800000000 -0.033018726900
937.210000000 9.600000000 -0.019117031200
938.960000000 8.200000000 -0.108443543300
928.460000000 7.800000000 -0.076138146200
927.710000000 6.600000000 0.070858530700
937.710000000 9.600000000 -0.076896444000
943.210000000 8.400000000 0.094126828000
943.460000000 9.400000000 0.086993224900
938.210000000 8.000000000 0.041602410400
939.460000000 8.000000000 -0.080392867300
946.210000000 9.800000000 0.034812111400
943.460000000 8.400000000 0.057303078500
938.460000000 8.400000000 -0.055773995800
945.960000000 10.000000000 0.087477289100
939.210000000 8.200000000 -0.096924759400
927.960000000 6.600000000 0.084384068800
938.710000000 9.600000000 0.061444610400
945.960000000 9.800000000 0.067761763900
941.710000000 9.200000000 -0.015797726800
926.960000000 9.800000000 0.036681447200
945.710000000 9.800000000 -0.057102758400
929.210000000 9.400000000 0.055112432700
937.710000000 9.400000000 -0.074813790600
942.960000000 9.800000000 0.007406767500
938.210000000 7.200000000 -0.098949044900
937.960000000 7.400000000 -0.110879115800
942.960000000 10.000000000 0.014999998700
941.960000000 8.800000000 -0.050275258700
938.460000000 9.800000000 0.018536476400
938.460000000 8.000000000 -0.112693242700
939.460000000 8.600000000 -0.066404208500
928.210000000 6.600000000 0.097083650500
938.210000000 7.400000000 -0.108765184900
944.710000000 9.000000000 -0.131227642300
946.460000000 9.200000000 0.077420413500
938.460000000 8.200000000 -0.034275546700
946.210000000 9.400000000 0.020316755400
938.710000000 8.200000000 -0.112354867200
937.960000000 7.200000000 -0.099570855500
928.710000000 9.600000000 -0.007223377500
943.710000000 6.600000000 -0.078522183000
944.210000000 8.600000000 0.023503180600
929.460000000 9.600000000 0.082760497900
928.710000000 6.800000000 0.083454728100
929.710000000 10.000000000 0.104080818600
926.960000000 8.800000000 -0.103593856100
943.460000000 9.600000000 0.088723138000
933.210000000 9.600000000 0.017183151100
942.960000000 8.400000000 0.119061276300
927.460000000 9.000000000 -0.096922867000
945.710000000 9.600000000 -0.048929311300
943.710000000 9.000000000 0.023279296200
944.960000000 9.000000000 0.068877562900
929.710000000 8.600000000 0.057450030000
927.460000000 9.600000000 0.106319658500
942.710000000 8.400000000 0.126580253200
936.960000000 10.000000000 -0.001565881000
927.460000000 9.200000000 -0.111850366000
928.460000000 7.400000000 -0.055416453600
927.960000000 9.400000000 0.105094753200
927.960000000 9.600000000 0.107803724700
927.210000000 8.800000000 -0.099502578400
939.210000000 9.400000000 -0.020911287500
939.460000000 9.600000000 -0.067011617100
944.210000000 8.800000000 0.042559433700
928.960000000 9.000000000 0.027363387900
938.210000000 8.600000000 -0.061656389400
929.460000000 9.800000000 -0.123194508300
937.460000000 9.000000000 -0.021067367900
928.710000000 8.000000000 -0.099935889200
945.960000000 9.600000000 -0.015933128100
928.960000000 8.000000000 -0.119798563400
929.460000000 8.000000000 -0.117576129700
943.710000000 7.000000000 0.063760779800
937.710000000 9.800000000 -0.069690734100
942.960000000 8.200000000 0.109056532400
938.710000000 9.800000000 0.057509027400
927.460000000 7.200000000 -0.102470576800
927.710000000 9.400000000 0.119863130200
937.460000000 9.400000000 -0.105594366800
927.460000000 6.600000000 0.058482632000
927.210000000 7.200000000 -0.105053998500
939.460000000 8.200000000 -0.081242881700
929.210000000 8.000000000 -0.128612726900
931.710000000 10.000000000 0.106869317600
938.460000000 9.400000000 0.037751376600
933.460000000 9.600000000 -0.017433082700
941.710000000 9.600000000 -0.038506403600
937.460000000 9.600000000 -0.105031147600
942.710000000 8.200000000 0.125015348200
927.710000000 7.200000000 -0.094304002800
928.460000000 9.800000000 0.050531275600
928.960000000 9.400000000 -0.019824668800
932.210000000 9.800000000 0.111344404500
926.960000000 7.200000000 -0.099382370700
929.210000000 9.800000000 -0.109043188400
943.460000000 9.200000000 0.078101240100
933.960000000 9.600000000 -0.068138770800
937.960000000 10.000000000 -0.020494684600
928.460000000 8.000000000 -0.072629779600
928.960000000 9.200000000 0.038420140700
927.460000000 8.800000000 -0.093808755300
927.710000000 9.600000000 0.117272988000
927.210000000 7.000000000 -0.093618422700
927.460000000 7.000000000 -0.097477421200
942.460000000 8.000000000 -0.013454612300
929.210000000 8.800000000 0.033443398800
933.710000000 9.600000000 -0.045780990300
937.710000000 9.200000000 -0.063030488800
937.460000000 9.200000000 -0.097126781900
946.210000000 9.600000000 0.026220675600
927.460000000 8.600000000 -0.089145176100
943.710000000 7.200000000 0.050891861300
928.710000000 9.200000000 0.009873933200
938.210000000 10.000000000 0.017786381800
927.210000000 8.600000000 -0.096487395500
943.960000000 8.800000000 -0.036487706000
927.710000000 9.000000000 -0.087978817500
938.960000000 8.400000000 -0.096347458700
927.710000000 9.200000000 -0.095752723500
927.210000000 7.400000000 -0.105313524600
928.460000000 9.200000000 0.050081893800
938.960000000 9.600000000 0.099206015500
938.960000000 9.000000000 0.006713988300
926.960000000 7.400000000 -0.098955005400
939.210000000 8.600000000 -0.082409866200
928.960000000 9.800000000 -0.082272857400
926.960000000 7.000000000 -0.085667744300
927.710000000 7.000000000 -0.096973426600
939.210000000 8.400000000 -0.085969276700
927.460000000 7.400000000 -0.103628024500
937.710000000 10.000000000 -0.058498714100
939.460000000 8.400000000 -0.094161726500
928.460000000 7.200000000 -0.033049318900
926.960000000 8.600000000 -0.102608241100
928.710000000 9.800000000 0.010224307900
937.460000000 9.800000000 -0.098467409600
937.960000000 9.200000000 -0.023966033000
928.210000000 9.800000000 0.083183892100
927.960000000 7.200000000 -0.082835458200
927.210000000 9.800000000 0.067279115300
928.210000000 7.800000000 -0.049987025600
927.710000000 8.800000000 -0.088537052300
943.210000000 9.600000000 -0.099078044300
938.960000000 9.800000000 0.096233137000
928.460000000 7.000000000 -0.049405444400
938.710000000 8.400000000 -0.102888576700
927.710000000 8.600000000 -0.083137936900
945.710000000 10.000000000 0.092974096500
943.960000000 8.600000000 -0.007381726100
945.460000000 10.000000000 0.100760027800
929.460000000 10.000000000 -0.114354692400
928.210000000 7.200000000 -0.069305039900
927.960000000 7.000000000 -0.091467343300
927.710000000 7.400000000 -0.093545720000
939.710000000 9.800000000 -0.107697881800
938.960000000 8.800000000 -0.002020308000
939.960000000 9.800000000 -0.119369275900
929.710000000 8.400000000 0.047508325400
942.460000000 8.600000000 0.105541504900
929.210000000 10.000000000 -0.098932676000
943.210000000 8.600000000 0.089099660500
927.210000000 6.600000000 0.053136251900
943.460000000 8.600000000 0.059764731700
940.710000000 9.800000000 -0.084640882900
928.960000000 9.600000000 -0.005308348200
940.460000000 9.800000000 -0.103382080800
940.210000000 9.800000000 -0.116671994300
929.460000000 8.600000000 0.054196417300
931.960000000 10.000000000 0.081973165300
938.710000000 9.400000000 0.058550916600
928.210000000 7.000000000 -0.079361796400
940.960000000 9.800000000 -0.104702360900
928.210000000 7.600000000 -0.034044455700
938.960000000 9.200000000 0.010359839500
941.210000000 9.800000000 -0.085403621200
932.460000000 9.800000000 0.086069129400
938.460000000 8.600000000 -0.037479899800
926.960000000 6.600000000 0.067858532100
929.210000000 9.600000000 -0.104995787100
937.460000000 10.000000000 -0.090041309600
928.210000000 8.000000000 -0.043178305000
938.460000000 10.000000000 0.050729915500
939.460000000 9.800000000 -0.082191906900
946.460000000 9.600000000 -0.007871397800
946.710000000 9.400000000 0.064552314600
942.960000000 8.600000000 0.108076922600
937.210000000 9.800000000 -0.115319103000
928.960000000 10.000000000 -0.072538554700
942.710000000 8.600000000 0.113632276700
927.960000000 9.200000000 -0.071690268800
939.210000000 9.600000000 -0.031338878000
929.710000000 8.200000000 -0.093819506500
941.960000000 9.000000000 -0.032174352600
928.210000000 9.200000000 0.081845939200
938.210000000 9.200000000 0.011639110700
939.210000000 9.800000000 0.125822022600
940.460000000 10.000000000 -0.085823416700
933.960000000 9.800000000 -0.032772678900
928.710000000 9.000000000 -0.002843949500
938.960000000 8.600000000 -0.062372252300
927.460000000 8.400000000 -0.085810430300
943.710000000 8.800000000 0.003249246400
940.210000000 10.000000000 -0.109457276800
939.710000000 10.000000000 -0.118410617100
927.960000000 7.400000000 -0.075894832600
942.960000000 9.600000000 -0.111049212500
939.960000000 10.000000000 -0.121854282900
943.210000000 8.800000000 0.016908833800
933.960000000 10.000000000 -0.031865619100
927.960000000 9.000000000 0.124637983700
941.460000000 9.800000000 -0.062281202500
928.460000000 6.800000000 0.090954452800
939.460000000 10.000000000 -0.099066980200
927.960000000 8.800000000 -0.079696208200
942.710000000 10.000000000 -0.020296057700
928.960000000 8.800000000 0.006430336700
927.960000000 9.800000000 0.101787187200
927.210000000 8.400000000 -0.093049481500
940.710000000 10.000000000 -0.058120206000
927.710000000 8.400000000 -0.079387098600
942.210000000 8.800000000 -0.023521877800
943.460000000 9.000000000 0.061870172600
937.710000000 9.000000000 -0.044927876400
937.710000000 8.800000000 -0.029004233000
943.710000000 8.600000000 0.024922434200
941.960000000 9.400000000 -0.010375783800
943.210000000 9.400000000 -0.088550068400
927.960000000 8.600000000 -0.077713154300
927.710000000 8.200000000 -0.074645087100
928.210000000 7.400000000 -0.047201689300
927.960000000 8.000000000 -0.054765880100
926.960000000 7.600000000 -0.107141472400
927.460000000 9.800000000 0.091394282900
941.960000000 9.200000000 -0.017325149800
937.210000000 10.000000000 -0.110235273800
927.460000000 8.200000000 -0.086609147500
929.460000000 8.200000000 -0.110033489800
939.210000000 10.000000000 -0.067903898700
937.960000000 8.800000000 -0.079543076500
926.960000000 8.400000000 -0.097099423400
927.210000000 6.800000000 -0.080236658500
932.710000000 9.800000000 0.055285416500
932.210000000 10.000000000 0.052018616300
928.710000000 8.200000000 -0.098286606400
942.710000000 9.600000000 -0.111904881900
927.960000000 7.800000000 -0.047519441700
943.460000000 8.800000000 -0.023053072400
927.210000000 7.600000000 -0.100650042300
942.710000000 9.800000000 -0.085974551700
928.210000000 9.000000000 0.121850080800
928.710000000 10.000000000 0.029065409700
928.460000000 8.200000000 -0.077411398300
928.960000000 8.200000000 -0.113028653000
928.460000000 10.000000000 0.063157677700
942.960000000 8.800000000 0.053944896900
932.960000000 10.000000000 0.097510367600
927.460000000 6.800000000 -0.086268648500
929.210000000 8.200000000 -0.117236070300
926.960000000 6.800000000 -0.074360720800
941.960000000 9.600000000 -0.009993223500
938.710000000 10.000000000 0.051026482100
927.960000000 8.200000000 -0.065317980900
927.460000000 7.600000000 -0.085606142900
927.710000000 9.800000000 0.104061625900
933.210000000 10.000000000 0.089687414500
932.710000000 10.000000000 0.097227908700
938.960000000 9.400000000 0.091784194100
927.710000000 8.000000000 -0.068558149000
927.210000000 8.200000000 -0.096383974000
946.710000000 9.600000000 -0.033798493400
927.960000000 8.400000000 -0.073018990500
926.960000000 10.000000000 -0.097043678200
932.460000000 10.000000000 0.090116202800
927.710000000 6.800000000 0.064126379800
942.460000000 9.600000000 -0.101223804100
938.210000000 8.800000000 -0.066819801900
928.210000000 8.800000000 0.130484506500
942.210000000 9.600000000 -0.081439666500
946.460000000 9.400000000 0.075520910300
928.210000000 6.800000000 0.087584726500
942.960000000 9.400000000 -0.103746987900
927.960000000 6.800000000 0.077144108700
927.460000000 8.000000000 -0.077065952100
927.710000000 7.800000000 -0.059280768000
937.960000000 9.000000000 -0.080306656700
938.710000000 8.600000000 -0.093595996500
926.960000000 8.200000000 -0.099249534300
940.960000000 10.000000000 -0.032778769700
926.960000000 7.800000000 -0.105529308300
927.710000000 7.600000000 -0.058763533800
929.210000000 8.600000000 0.028728637800
928.460000000 9.000000000 -0.049155630200
927.460000000 7.800000000 -0.070230417000
941.710000000 9.800000000 -0.037389103300
928.710000000 8.800000000 -0.019685693100
938.460000000 9.200000000 0.038562160000
942.460000000 9.800000000 -0.061696931700
926.960000000 8.000000000 -0.101369902500
928.210000000 8.200000000 -0.064566090700
932.960000000 9.800000000 0.023426188200
933.460000000 10.000000000 0.073800414800
927.960000000 7.600000000 -0.064336262600
927.210000000 8.000000000 -0.091472238300
927.210000000 7.800000000 -0.090021476100
943.210000000 9.200000000 0.099873371400
938.210000000 9.000000000 -0.064619168600
938.960000000 10.000000000 0.086854592000
927.210000000 10.000000000 -0.081784918900
938.460000000 8.800000000 -0.047791771600
933.710000000 9.800000000 -0.051629539600
928.210000000 10.000000000 0.084933310700
928.460000000 8.800000000 0.123603932600
942.710000000 9.400000000 -0.110139727600
933.710000000 10.000000000 -0.048223935100
942.210000000 9.400000000 -0.087675325600
938.460000000 9.000000000 -0.064612440800
929.460000000 8.400000000 0.022100774600
933.210000000 9.800000000 -0.006229893800
938.710000000 8.800000000 0.022482173500
933.460000000 9.800000000 -0.031486868900
942.460000000 9.400000000 -0.104880884300
928.210000000 8.600000000 -0.071362033500
942.710000000 9.200000000 0.025544861300
942.960000000 9.200000000 0.051786530800
942.460000000 10.000000000 -0.052762884600
941.210000000 10.000000000 -0.038169596300
928.210000000 8.400000000 -0.069602266000
938.710000000 9.000000000 0.029419327200
942.210000000 9.800000000 -0.070439487700
942.460000000 8.800000000 0.099292397500
942.710000000 8.800000000 0.082555241900
927.460000000 10.000000000 -0.060286890700
941.960000000 9.800000000 -0.049269713500
927.960000000 10.000000000 0.092217102600
942.460000000 9.200000000 -0.007445041100
938.710000000 9.200000000 -0.025367222700
942.210000000 9.000000000 -0.008883651300
928.460000000 8.600000000 0.111896246700
941.460000000 10.000000000 -0.070439979400
928.960000000 8.600000000 0.004453508600
943.210000000 9.000000000 0.086950697000
942.710000000 9.000000000 0.082011520900
942.460000000 9.000000000 0.092340678000
942.210000000 10.000000000 -0.027612948800
942.960000000 9.000000000 0.061738021700
927.710000000 10.000000000 0.086722016300
928.710000000 8.600000000 0.098459757900
928.460000000 8.400000000 -0.067167662100
942.210000000 9.200000000 0.081722453200
928.710000000 8.400000000 -0.077144712200
928.960000000 8.400000000 -0.094084642800
929.210000000 8.400000000 -0.103710658800
941.710000000 10.000000000 -0.092552065800
941.960000000 10.000000000 -0.001995196300
