824.930000000 6.000000000 0.168098509300
825.180000000 6.000000000 0.114802472300
824.680000000 6.000000000 0.235552415300
824.430000000 6.000000000 0.294119209100
825.430000000 6.000000000 0.087691061200
824.180000000 6.000000000 0.322141856000
823.930000000 6.000000000 0.309326589100
823.680000000 6.000000000 0.268803149500
823.430000000 6.000000000 0.201037243000
831.930000000 6.000000000 -0.176998734500
831.680000000 6.000000000 -0.162048235500
823.180000000 6.000000000 0.127993479400
832.180000000 6.000000000 -0.183964386600
831.430000000 6.000000000 -0.142473116500
825.680000000 6.000000000 0.082664839900
822.930000000 6.000000000 0.066107370000
831.180000000 6.000000000 -0.127209708100
830.180000000 6.500000000 -0.132193997500
830.930000000 6.000000000 -0.130156338200
831.180000000 6.500000000 -0.151369199200
829.930000000 6.500000000 -0.121021710300
830.430000000 6.500000000 -0.143096610900
830.680000000 6.000000000 -0.150984600200
830.430000000 6.000000000 -0.146882519100
830.930000000 6.500000000 -0.154605075700
831.430000000 6.500000000 -0.146960675700
824.680000000 6.500000000 0.252762496500
830.180000000 6.000000000 -0.146399885400
824.930000000 6.500000000 0.223417714200
830.680000000 6.500000000 -0.156761854900
824.430000000 6.500000000 0.256558209700
824.180000000 6.500000000 0.243462115500
822.680000000 6.000000000 0.024569774000
823.930000000 6.500000000 0.225308448100
825.930000000 6.000000000 0.076585374800
825.180000000 6.500000000 0.193916633700
823.680000000 6.500000000 0.189604952900
828.680000000 6.500000000 -0.134709656200
828.430000000 6.500000000 -0.158028796300
829.930000000 6.000000000 -0.143220156400
830.180000000 7.000000000 -0.120221540300
823.430000000 6.500000000 0.146885588800
830.430000000 7.000000000 -0.123295821200
831.680000000 6.500000000 -0.141590684700
829.680000000 6.500000000 -0.112675726400
830.680000000 7.000000000 -0.120623573700
828.180000000 6.000000000 -0.142355725200
828.430000000 6.000000000 -0.117833413200
828.930000000 6.500000000 -0.111370876400
827.930000000 6.000000000 -0.168833360100
828.180000000 6.500000000 -0.173409983500
829.930000000 7.000000000 -0.115553490800
827.430000000 6.000000000 -0.173612073100
827.680000000 6.000000000 -0.183027610200
829.180000000 6.500000000 -0.078320518100
827.180000000 6.000000000 -0.137204289400
828.680000000 6.000000000 -0.106078051000
825.430000000 6.500000000 0.156091526200
829.430000000 6.500000000 -0.070731461000
823.180000000 6.500000000 0.105091907100
830.930000000 7.000000000 -0.126131579300
826.930000000 6.000000000 -0.080626897500
827.930000000 6.500000000 -0.177082330000
829.680000000 6.000000000 -0.140101939400
829.680000000 7.000000000 -0.156840726700
828.930000000 6.000000000 -0.109097458400
826.180000000 6.000000000 0.057091586300
829.430000000 7.000000000 -0.145685926100
827.680000000 6.500000000 -0.168844863800
831.930000000 6.500000000 -0.135273426800
826.680000000 6.000000000 -0.017769979300
827.430000000 6.500000000 -0.145686090000
825.680000000 6.500000000 0.113209463700
829.180000000 7.000000000 -0.137750804400
826.430000000 6.000000000 0.023020656800
822.930000000 6.500000000 0.069265082500
829.180000000 6.000000000 -0.118764966700
829.430000000 6.000000000 -0.102059833700
827.180000000 6.500000000 -0.111573845100
831.180000000 7.000000000 -0.133749231700
828.930000000 7.000000000 -0.121888361900
822.430000000 6.000000000 0.002573055700
825.930000000 6.500000000 0.072307452600
832.180000000 6.500000000 -0.129970952900
826.930000000 6.500000000 -0.071669794600
826.680000000 6.500000000 -0.031260363800
826.180000000 6.500000000 0.042624633800
826.430000000 6.500000000 0.006417749000
822.680000000 6.500000000 0.041559852700
828.680000000 7.000000000 -0.111846059600
831.430000000 7.000000000 -0.135948494100
830.180000000 7.500000000 -0.128119915700
824.180000000 7.000000000 0.134814709400
830.430000000 7.500000000 -0.122957557400
829.930000000 7.500000000 -0.106738053300
823.930000000 7.000000000 0.126854792200
824.430000000 7.000000000 0.147225260700
830.680000000 7.500000000 -0.114025503400
823.680000000 7.000000000 0.123351849600
829.680000000 7.500000000 -0.090554818500
828.430000000 7.000000000 -0.104192525100
831.680000000 7.000000000 -0.128954872500
824.680000000 7.000000000 0.160081177900
830.930000000 7.500000000 -0.102931991200
823.430000000 7.000000000 0.120635569100
829.430000000 7.500000000 -0.127013489600
822.180000000 6.000000000 -0.007967582900
822.430000000 6.500000000 0.021450612700
824.930000000 7.000000000 0.167335078100
828.180000000 7.000000000 -0.114810206000
831.930000000 7.000000000 -0.115259386600
829.180000000 7.500000000 -0.118971251000
831.180000000 7.500000000 -0.094977393700
823.180000000 7.000000000 0.112852282800
825.180000000 7.000000000 0.167327463600
827.930000000 7.000000000 -0.112682327600
828.930000000 7.500000000 -0.100473307100
822.930000000 7.000000000 0.096765659700
825.430000000 7.000000000 0.151009172200
823.680000000 7.500000000 0.110454522100
832.180000000 7.000000000 -0.096145890700
823.930000000 7.500000000 0.119691133500
831.430000000 7.500000000 -0.080941617500
824.180000000 7.500000000 0.125661566900
823.430000000 7.500000000 0.095788538500
825.680000000 7.000000000 0.122759118700
824.430000000 7.500000000 0.128331974100
822.680000000 7.000000000 0.073931381100
825.930000000 7.000000000 0.090666234500
828.680000000 7.500000000 -0.076833143800
827.680000000 7.000000000 -0.116435073300
822.180000000 6.500000000 0.007429172300
823.180000000 7.500000000 0.074984543000
826.180000000 7.000000000 0.052769433700
824.680000000 7.500000000 0.124295160200
812.430000000 9.000000000 0.035776600200
831.680000000 7.500000000 -0.061503142100
812.680000000 9.000000000 0.051807120400
826.430000000 7.000000000 0.015628915300
822.430000000 7.000000000 0.049634825400
821.930000000 6.000000000 -0.013541794400
824.930000000 7.500000000 0.109458468900
812.930000000 9.000000000 0.064467214000
826.680000000 7.000000000 -0.018635502100
827.430000000 7.000000000 -0.098977632800
813.180000000 9.000000000 0.072354793500
814.180000000 9.000000000 0.040738355400
822.930000000 7.500000000 0.052318740600
814.430000000 9.000000000 0.019048491500
813.430000000 9.000000000 0.073025696000
813.930000000 9.000000000 0.056724246600
828.430000000 7.500000000 -0.056038893800
826.930000000 7.000000000 -0.050030123400
813.680000000 9.000000000 0.065215930300
827.180000000 7.000000000 -0.079028137000
825.180000000 7.500000000 0.083881817800
814.680000000 9.000000000 -0.005305487700
822.180000000 7.000000000 0.029098464200
821.930000000 6.500000000 0.012173662000
813.680000000 8.500000000 0.037427634000
813.430000000 8.500000000 0.057720232800
821.180000000 8.500000000 0.094554901100
831.930000000 7.500000000 -0.045556206300
821.430000000 8.500000000 0.106324054300
813.180000000 8.500000000 0.069545090200
812.430000000 8.500000000 0.054121218600
820.930000000 8.500000000 0.067563675300
813.930000000 8.500000000 0.012891511400
821.680000000 8.500000000 0.098255440600
812.930000000 8.500000000 0.071731291700
812.680000000 8.500000000 0.065725900200
821.930000000 8.500000000 0.075922340200
820.680000000 8.500000000 0.035765968300
814.930000000 9.000000000 -0.028401898200
814.180000000 8.500000000 -0.010118393200
822.680000000 7.500000000 0.034304626300
822.180000000 8.500000000 0.049990240500
825.430000000 7.500000000 0.052636954900
830.680000000 8.000000000 -0.093526303800
828.180000000 7.500000000 -0.040616184500
830.930000000 8.000000000 -0.087500087900
820.430000000 8.500000000 0.007407598700
814.430000000 8.500000000 -0.027790753200
821.930000000 7.000000000 0.015140604200
830.430000000 8.000000000 -0.091555766800
817.680000000 10.000000000 -0.034281808900
817.930000000 10.000000000 -0.010671860500
831.180000000 8.000000000 -0.075959689900
821.680000000 6.500000000 -0.001134796500
822.430000000 8.500000000 0.028408976300
817.430000000 10.000000000 -0.052309569000
815.180000000 9.000000000 -0.046693500100
818.180000000 10.000000000 0.014146538500
813.180000000 7.000000000 -0.029403237600
831.430000000 8.000000000 -0.061614111100
813.430000000 7.000000000 -0.010727485600
830.180000000 8.000000000 -0.082336351300
832.180000000 7.500000000 -0.031965397300
819.680000000 6.500000000 -0.054811872500
819.430000000 6.500000000 -0.065632261300
812.930000000 7.000000000 -0.044262301200
813.680000000 7.000000000 -0.008650965100
813.930000000 7.000000000 -0.008283983900
819.180000000 6.500000000 -0.070843026000
821.680000000 6.000000000 0.047927826600
819.180000000 6.000000000 -0.042671289300
819.930000000 6.500000000 -0.043291121700
818.930000000 6.500000000 -0.067297279800
817.430000000 6.500000000 -0.058482162700
817.680000000 6.500000000 -0.045602876700
817.180000000 6.500000000 -0.067378222900
818.680000000 6.500000000 -0.058039739700
822.430000000 7.500000000 0.023745261100
816.180000000 6.500000000 -0.018249850700
820.180000000 8.500000000 -0.013643936300
812.680000000 7.000000000 -0.053608626100
820.680000000 7.000000000 -0.011210893300
819.430000000 6.000000000 -0.055888250500
814.180000000 7.000000000 0.014274615800
816.430000000 6.500000000 -0.036647096300
818.430000000 6.500000000 -0.046949636200
818.930000000 6.000000000 -0.029715826700
816.930000000 6.500000000 -0.065418839500
817.180000000 10.000000000 -0.060887079700
814.680000000 8.500000000 -0.039946507700
825.680000000 7.500000000 0.022810315700
821.430000000 6.000000000 0.031634233900
820.930000000 7.000000000 0.012936449600
818.430000000 10.000000000 0.038025677200
817.930000000 6.500000000 -0.028703928000
812.430000000 9.500000000 0.015177312300
816.680000000 6.500000000 -0.054634023500
820.430000000 7.000000000 -0.034333426500
812.680000000 9.500000000 0.033503629300
813.680000000 6.000000000 -0.018181012900
829.930000000 8.000000000 -0.090441823000
819.680000000 6.000000000 -0.056863151500
820.180000000 6.500000000 -0.042662467800
820.930000000 9.000000000 0.056803930600
831.680000000 8.000000000 -0.045342933400
818.430000000 6.000000000 -0.052397690700
818.680000000 6.000000000 -0.056589346400
815.430000000 9.000000000 -0.002221458400
820.430000000 6.500000000 -0.032959993900
820.680000000 9.000000000 0.034063860800
821.680000000 7.000000000 0.058705240500
815.680000000 9.000000000 -0.022520346600
812.430000000 7.000000000 -0.057325948000
818.180000000 6.000000000 -0.048577148500
821.180000000 6.000000000 0.011923982800
818.180000000 6.500000000 -0.034705922000
820.430000000 8.000000000 0.035541754200
815.930000000 6.500000000 -0.000457083300
821.180000000 7.000000000 0.033655434800
819.930000000 6.000000000 -0.054799962800
820.930000000 6.000000000 -0.008117164500
814.930000000 7.000000000 0.055815760000
820.180000000 8.000000000 0.008131637200
829.680000000 8.000000000 -0.084616206600
820.180000000 7.000000000 -0.052140958600
813.930000000 6.000000000 -0.038312174400
815.180000000 7.000000000 0.034747213100
821.180000000 9.000000000 0.070087939500
813.430000000 6.000000000 0.002595647200
820.680000000 6.500000000 -0.014401054900
821.430000000 7.000000000 0.048512227800
812.930000000 9.500000000 0.048375278700
820.680000000 8.000000000 0.063064836000
820.180000000 6.000000000 -0.050257135200
815.180000000 10.000000000 -0.004531056600
820.680000000 6.000000000 -0.028165802400
815.430000000 10.000000000 -0.032079055900
814.680000000 7.000000000 0.067693762500
814.430000000 7.000000000 0.011254005100
819.430000000 7.000000000 0.034824639600
822.680000000 8.500000000 0.013652782900
819.180000000 7.000000000 0.016755079900
815.680000000 10.000000000 -0.037033774000
820.430000000 6.000000000 -0.042143631700
817.930000000 6.000000000 -0.043956458600
814.180000000 6.500000000 -0.009282879500
812.930000000 6.000000000 0.000871007300
812.680000000 6.000000000 -0.021519379700
819.930000000 7.000000000 -0.061927098800
821.430000000 9.000000000 0.073445923600
818.930000000 7.000000000 -0.039667125800
823.430000000 8.000000000 0.053536642300
813.930000000 6.500000000 -0.018873477400
816.930000000 10.000000000 -0.052414421000
812.430000000 6.500000000 -0.033225003600
827.930000000 7.500000000 -0.032467674500
829.430000000 8.000000000 -0.070791021000
820.430000000 9.000000000 0.009664070800
820.930000000 8.000000000 0.081714741900
815.930000000 10.000000000 -0.053519338400
823.680000000 8.000000000 0.071165330700
815.430000000 7.000000000 0.008429809500
821.930000000 8.000000000 0.041009012600
815.680000000 7.000000000 -0.020330652600
813.930000000 7.500000000 0.007843818500
821.680000000 9.000000000 0.070735886700
821.930000000 9.000000000 0.064790152000
820.930000000 6.500000000 0.002976140200
823.180000000 8.000000000 0.035101372700
818.680000000 10.000000000 0.059342969200
813.180000000 9.500000000 0.051948826800
821.680000000 8.000000000 0.060810860200
815.930000000 9.000000000 -0.039620745900
812.430000000 6.000000000 -0.038534093600
818.680000000 7.000000000 -0.021160552300
819.680000000 7.000000000 -0.064453907300
814.930000000 10.000000000 0.020054766900
814.930000000 8.500000000 -0.041549444200
814.180000000 7.500000000 -0.013754347300
822.180000000 9.000000000 0.059305604500
823.930000000 8.000000000 0.070076227200
819.930000000 8.000000000 -0.012381129000
814.430000000 6.500000000 0.013902024400
818.930000000 10.000000000 -0.012639982600
821.180000000 8.000000000 0.086474068500
821.430000000 8.000000000 0.077920839200
822.180000000 8.000000000 0.022972784900
816.680000000 10.000000000 -0.063853867400
816.180000000 10.000000000 -0.064146682600
813.680000000 7.500000000 0.025734812000
824.180000000 8.000000000 0.085606478200
819.930000000 10.000000000 0.024918152000
812.680000000 10.000000000 0.030952563500
813.180000000 6.000000000 0.013988501400
812.930000000 10.000000000 0.011394620900
831.930000000 8.000000000 -0.028473829900
815.930000000 7.000000000 -0.002776559000
819.180000000 10.000000000 0.011652283400
816.430000000 10.000000000 -0.068046234500
819.680000000 10.000000000 0.049305897200
824.430000000 8.000000000 0.093258529900
816.180000000 9.000000000 -0.034828122700
814.180000000 6.000000000 -0.052962705500
812.430000000 10.000000000 0.045201849200
824.680000000 8.000000000 0.088588230300
822.930000000 8.000000000 0.022670975000
822.430000000 9.000000000 0.045910786800
821.180000000 6.500000000 0.016710534700
821.430000000 10.000000000 0.024567458800
821.430000000 6.500000000 0.037203967600
817.680000000 6.000000000 -0.034978263100
824.930000000 8.000000000 0.072369411600
813.430000000 9.500000000 0.049206960900
816.430000000 9.000000000 -0.013213543200
814.430000000 7.500000000 -0.033201605100
829.180000000 8.000000000 -0.051521129900
812.680000000 6.500000000 -0.023192411300
813.680000000 6.500000000 -0.035804756000
816.180000000 7.500000000 -0.022581661100
821.180000000 10.000000000 0.055507767900
815.680000000 6.500000000 0.014419638600
821.680000000 10.000000000 0.012446895200
813.180000000 10.000000000 -0.009790456900
820.180000000 10.000000000 -0.003702597000
825.180000000 8.000000000 0.047228414600
831.180000000 10.000000000 0.051531132300
816.430000000 7.500000000 -0.033219870200
819.430000000 10.000000000 0.065049380100
822.680000000 8.000000000 0.014327201100
822.430000000 8.000000000 0.010059786000
818.430000000 7.000000000 -0.004903162800
815.180000000 8.500000000 -0.038225896700
815.930000000 7.500000000 -0.007837332800
830.930000000 10.000000000 0.067641697800
813.680000000 9.500000000 0.040324140300
815.430000000 6.500000000 -0.023837750800
814.680000000 10.000000000 0.038513090500
831.430000000 10.000000000 0.034649059200
821.930000000 10.000000000 -0.017070913700
819.930000000 8.500000000 -0.026761883900
822.180000000 7.500000000 0.069289386300
815.430000000 8.500000000 0.017376205000
813.430000000 7.500000000 0.036380399000
814.680000000 6.500000000 0.034623630300
817.430000000 7.500000000 -0.037593171000
825.430000000 8.000000000 0.017314249600
816.680000000 7.500000000 -0.039827112100
822.680000000 9.000000000 0.028482440900
817.180000000 7.500000000 -0.040186267300
830.180000000 10.000000000 0.092484027100
820.930000000 10.000000000 0.071655184000
817.430000000 9.000000000 -0.012447862900
830.680000000 10.000000000 0.081648640300
820.180000000 9.000000000 -0.009356933600
830.430000000 10.000000000 0.091471232500
816.680000000 7.000000000 -0.024452351000
816.930000000 7.500000000 -0.041864007700
814.680000000 7.500000000 -0.045455936300
829.930000000 10.000000000 0.079343833000
817.680000000 7.500000000 -0.035968180700
812.430000000 8.000000000 0.047955147900
821.930000000 7.500000000 0.050895027800
825.930000000 7.500000000 0.000080288800
819.430000000 8.500000000 0.043697979300
819.430000000 8.000000000 0.056923262800
816.430000000 7.000000000 -0.007725853000
831.930000000 9.000000000 0.021094184400
819.680000000 8.000000000 0.064517244700
815.680000000 8.500000000 0.000952211400
812.930000000 6.500000000 -0.012806252600
816.180000000 7.000000000 0.013964123100
831.680000000 9.000000000 0.030915109400
814.930000000 6.500000000 -0.046994622800
813.930000000 9.500000000 0.028052518100
815.180000000 6.500000000 -0.029618695400
828.930000000 8.000000000 -0.039321836100
816.680000000 9.000000000 0.005723969500
817.180000000 9.000000000 -0.034113735000
832.180000000 9.000000000 0.008789688300
814.430000000 6.000000000 -0.057193115400
817.680000000 9.000000000 0.010641520800
831.430000000 9.000000000 0.042918097200
819.180000000 8.000000000 0.046822942800
817.430000000 6.000000000 -0.024854324800
829.680000000 10.000000000 0.051697962000
822.930000000 9.000000000 0.054987862700
819.680000000 8.500000000 0.055301219200
820.430000000 10.000000000 -0.029232006500
819.430000000 7.500000000 0.027431722700
817.680000000 8.000000000 -0.045924056300
819.180000000 7.500000000 0.016117796300
816.930000000 7.000000000 -0.040106836700
813.430000000 10.000000000 -0.027283947900
817.930000000 8.000000000 -0.042938917900
821.680000000 7.500000000 0.029996573900
819.180000000 8.500000000 0.030547633800
815.680000000 7.500000000 0.010143131000
831.180000000 9.000000000 0.058947343400
817.930000000 7.500000000 -0.035533584700
812.680000000 8.000000000 0.039755452400
813.430000000 6.500000000 -0.047296606000
817.430000000 8.000000000 -0.045851729800
818.930000000 8.000000000 0.036826103900
825.680000000 8.000000000 -0.010378264800
823.180000000 9.000000000 0.035389903900
832.180000000 8.000000000 -0.012206662400
822.180000000 10.000000000 -0.042843185400
817.180000000 8.000000000 -0.040933251400
818.180000000 8.000000000 -0.038451198500
830.930000000 9.000000000 0.075086854400
814.680000000 6.000000000 0.004865255200
831.680000000 10.000000000 0.018699303300
813.180000000 6.500000000 -0.003309299000
820.680000000 10.000000000 0.071537010400
826.930000000 9.500000000 -0.034178845600
815.180000000 6.000000000 -0.023883797200
814.930000000 6.000000000 -0.016359888000
818.930000000 7.500000000 0.000354319600
818.430000000 8.000000000 0.015483592600
819.680000000 7.500000000 0.035308014600
818.930000000 9.500000000 0.048618584900
829.430000000 10.000000000 0.016872530800
819.680000000 9.500000000 -0.014393336100
816.930000000 9.000000000 -0.048370141500
818.680000000 8.000000000 0.025743905500
814.930000000 7.500000000 -0.048061884900
816.930000000 8.000000000 -0.030864357900
815.430000000 6.000000000 -0.011423263700
812.930000000 8.000000000 0.028160011400
819.930000000 9.500000000 0.007285017100
818.180000000 7.500000000 -0.038642298400
827.680000000 7.500000000 -0.022503301500
813.180000000 7.500000000 -0.028780359800
818.180000000 7.000000000 -0.023495391000
817.180000000 7.000000000 -0.051310464700
814.180000000 9.500000000 0.015464337500
815.930000000 8.500000000 -0.016052529200
814.430000000 10.000000000 0.049411490600
830.680000000 9.000000000 0.084741756300
819.180000000 9.500000000 0.058010172100
818.930000000 8.500000000 0.044774144900
817.930000000 9.000000000 0.030126966500
821.430000000 7.500000000 0.014353082500
827.180000000 9.500000000 -0.013551636600
826.680000000 9.500000000 -0.048676956400
822.930000000 8.500000000 0.004797472600
818.680000000 7.500000000 -0.056504890300
818.680000000 9.500000000 0.030671304100
817.930000000 7.000000000 -0.036501124500
830.430000000 9.000000000 0.085709288700
813.680000000 10.000000000 0.017280595400
830.430000000 9.500000000 0.050605446100
828.680000000 8.000000000 -0.038049716500
816.680000000 8.000000000 -0.018216248600
818.430000000 7.500000000 -0.056996703100
817.180000000 9.500000000 -0.001798067000
820.180000000 9.500000000 0.042232997700
830.180000000 9.500000000 0.063924141200
820.430000000 9.500000000 0.022103238900
815.430000000 7.500000000 0.027981670600
814.180000000 8.000000000 -0.032531023000
819.430000000 9.500000000 -0.034260965900
823.430000000 9.000000000 0.027530193300
830.180000000 9.000000000 0.080013416700
813.680000000 8.000000000 0.004779116700
816.930000000 9.500000000 -0.022301040600
818.680000000 8.500000000 0.027303759000
814.430000000 8.000000000 -0.007019603200
817.680000000 7.000000000 -0.029286449800
829.930000000 9.000000000 0.068640321500
817.430000000 7.000000000 -0.055138837500
817.430000000 9.500000000 -0.011214697700
829.930000000 9.500000000 0.073751255900
819.930000000 7.500000000 0.044607345000
815.430000000 9.500000000 -0.028337519600
817.180000000 6.000000000 -0.025543248300
813.930000000 8.000000000 -0.007573349900
816.180000000 8.500000000 -0.040665458900
831.180000000 9.500000000 0.068053171000
813.180000000 8.000000000 0.013922117700
815.680000000 6.000000000 -0.026650680200
815.180000000 7.500000000 -0.041846979400
830.680000000 9.500000000 0.037058819100
823.930000000 9.000000000 -0.008204893200
814.680000000 8.000000000 0.016784107300
812.930000000 7.500000000 -0.039518326500
829.180000000 10.000000000 -0.014300183400
813.430000000 8.000000000 0.017660602900
815.180000000 9.500000000 -0.007744873900
829.680000000 9.500000000 0.080080598600
831.430000000 9.500000000 0.053241912300
830.930000000 9.500000000 0.078198231800
813.930000000 10.000000000 0.019989159000
817.680000000 9.500000000 0.001814219200
824.180000000 9.000000000 -0.028703175500
829.430000000 9.500000000 0.082217730600
816.680000000 9.500000000 -0.038000866800
815.680000000 9.500000000 -0.044937100300
825.930000000 8.000000000 -0.030864810600
829.680000000 9.000000000 0.050827600100
827.430000000 9.500000000 0.012890213200
829.180000000 9.500000000 0.076256588100
826.430000000 9.500000000 -0.057413827600
815.930000000 6.000000000 -0.030777366800
820.680000000 9.500000000 -0.000181394200
816.430000000 8.500000000 -0.029236916500
817.430000000 8.500000000 -0.022171065200
816.430000000 6.000000000 -0.028742965300
819.930000000 9.000000000 -0.022002816200
814.180000000 10.000000000 0.051689669500
822.430000000 10.000000000 -0.058052111400
818.430000000 9.500000000 0.007643579500
817.680000000 8.500000000 -0.011610970800
819.680000000 9.000000000 0.047722548200
816.680000000 6.000000000 -0.037356507000
819.430000000 9.000000000 0.034285165400
814.930000000 8.000000000 0.032271161700
831.680000000 9.500000000 0.037679281100
828.930000000 9.500000000 -0.001764150000
816.430000000 8.000000000 -0.005647564300
814.430000000 9.500000000 0.036624528500
824.430000000 9.000000000 -0.050064526500
828.680000000 9.500000000 0.033137593400
816.180000000 6.000000000 -0.014775794000
823.680000000 9.000000000 0.007377254300
823.180000000 8.500000000 0.022999318300
818.180000000 9.000000000 0.043866466700
818.430000000 8.500000000 0.008633394700
816.930000000 6.000000000 -0.042043477300
816.430000000 9.500000000 -0.049755372100
812.680000000 7.500000000 -0.047692932200
815.930000000 9.500000000 -0.055236350700
814.930000000 9.500000000 0.013332692000
812.430000000 7.500000000 0.024968706100
820.180000000 7.500000000 0.047941137100
819.180000000 9.000000000 0.016100028500
828.430000000 9.500000000 0.060823421900
825.180000000 9.000000000 -0.066314287500
823.930000000 8.500000000 -0.017703717600
817.180000000 8.500000000 -0.032500166400
825.430000000 9.000000000 -0.051015675100
817.930000000 9.500000000 0.014667414100
824.680000000 9.000000000 -0.066072128700
821.180000000 7.500000000 0.008733136600
831.930000000 10.000000000 0.005324991000
824.930000000 9.000000000 -0.071948640000
827.180000000 8.500000000 -0.053406484400
818.180000000 9.500000000 -0.021877761900
814.680000000 9.500000000 0.031405028000
817.930000000 8.500000000 0.015763117000
827.430000000 7.500000000 0.012918141700
816.180000000 9.500000000 -0.056661404700
827.430000000 8.500000000 -0.061996668600
827.680000000 8.500000000 -0.068109817800
826.930000000 8.500000000 -0.036757588400
828.430000000 8.000000000 -0.047140009700
826.180000000 9.500000000 -0.061517037500
827.680000000 9.500000000 0.041733790200
816.680000000 8.500000000 -0.017765512700
827.930000000 8.500000000 -0.065721958900
823.680000000 8.500000000 -0.000994433000
829.430000000 9.000000000 0.027400797200
825.680000000 9.000000000 -0.030132018000
828.180000000 9.500000000 0.072527296800
824.180000000 8.500000000 -0.035327483000
828.180000000 8.500000000 -0.056490231300
826.930000000 9.000000000 -0.062615811800
827.180000000 9.000000000 -0.056497208800
826.180000000 7.500000000 0.029400242500
826.430000000 9.000000000 -0.056988183400
825.930000000 9.500000000 -0.062072131800
826.680000000 9.000000000 -0.062838442600
831.930000000 9.500000000 0.024737760400
825.680000000 9.500000000 -0.057581782300
816.930000000 8.500000000 -0.041349761200
827.930000000 9.500000000 0.064767599100
826.180000000 9.000000000 -0.046253066500
815.180000000 8.000000000 0.038328681100
826.680000000 8.500000000 -0.014673031900
828.430000000 8.500000000 -0.044688344000
828.930000000 10.000000000 -0.032389596100
825.430000000 9.500000000 -0.047068614500
827.430000000 9.000000000 -0.044917170000
818.930000000 9.000000000 -0.004554342900
820.930000000 9.500000000 -0.011954767600
827.180000000 7.500000000 0.039532031900
825.180000000 9.500000000 -0.033104647000
825.930000000 9.000000000 -0.033012490700
824.430000000 8.500000000 -0.051088616300
820.430000000 7.500000000 0.046119522300
829.180000000 9.000000000 0.080158308100
824.930000000 9.500000000 -0.020426526700
818.180000000 8.500000000 0.029436199000
828.680000000 8.500000000 -0.035102460500
822.680000000 10.000000000 -0.060415487700
818.430000000 9.000000000 0.050929497900
822.180000000 9.500000000 -0.004259021500
827.680000000 9.000000000 -0.029885966300
825.430000000 8.500000000 -0.041474379600
822.430000000 9.500000000 -0.029352743200
826.180000000 8.000000000 -0.042397815700
816.180000000 8.000000000 0.006313083200
828.930000000 9.000000000 0.073176294600
832.180000000 9.500000000 0.031172946100
821.930000000 9.500000000 0.016870534000
825.680000000 8.500000000 -0.021408036400
825.180000000 8.500000000 -0.056732103200
822.680000000 9.500000000 -0.050551112700
823.430000000 8.500000000 0.008478617300
826.430000000 8.500000000 0.009525273900
824.680000000 9.500000000 -0.010381124900
824.680000000 8.500000000 -0.061733987200
828.680000000 9.000000000 0.058537915300
820.680000000 7.500000000 0.044040434100
824.930000000 8.500000000 -0.064028918700
828.180000000 8.000000000 -0.051511604300
828.430000000 9.000000000 0.041752494900
826.930000000 10.000000000 -0.019700305500
822.930000000 9.500000000 -0.062337391100
823.930000000 9.500000000 -0.020816585000
818.680000000 9.000000000 0.048652775600
827.930000000 9.000000000 -0.056345116300
823.680000000 9.500000000 -0.033364292200
826.680000000 10.000000000 -0.041623264600
828.180000000 9.000000000 -0.044486731300
826.430000000 7.500000000 0.009036078100
825.930000000 8.500000000 0.000181333000
827.180000000 10.000000000 0.005015846300
820.930000000 7.500000000 0.051688231500
821.680000000 9.500000000 0.027005108100
826.930000000 7.500000000 0.057166520500
823.180000000 9.500000000 -0.061627771700
815.430000000 8.000000000 0.037525270100
823.430000000 9.500000000 -0.049651607900
824.430000000 9.500000000 -0.000263933900
821.430000000 9.500000000 0.033187001900
826.430000000 10.000000000 -0.054925385900
824.180000000 9.500000000 -0.016154138400
821.180000000 9.500000000 -0.026438411300
828.930000000 8.500000000 -0.029099399200
822.930000000 10.000000000 -0.052471887300
832.180000000 10.000000000 -0.000185282400
827.430000000 10.000000000 0.026367509700
823.430000000 10.000000000 -0.023846186700
826.180000000 8.500000000 0.031161574600
823.180000000 10.000000000 -0.038963567500
826.180000000 10.000000000 -0.058778744200
823.680000000 10.000000000 -0.009559688200
824.180000000 10.000000000 -0.001915968400
827.680000000 10.000000000 -0.032601762600
824.430000000 10.000000000 -0.017494365600
815.930000000 8.000000000 -0.009393088500
827.930000000 8.000000000 -0.052713863600
828.680000000 10.000000000 -0.032759916000
832.180000000 8.500000000 -0.001771796300
826.680000000 7.500000000 0.063285529600
823.930000000 10.000000000 0.012025979300
825.430000000 10.000000000 -0.032408043700
825.180000000 10.000000000 -0.020104287200
815.680000000 8.000000000 0.034381441800
825.930000000 10.000000000 -0.055195000000
825.680000000 10.000000000 -0.045485086700
826.430000000 8.000000000 -0.045900736000
824.680000000 10.000000000 -0.032403312600
826.680000000 8.000000000 -0.002760872200
824.930000000 10.000000000 -0.010432820800
827.930000000 10.000000000 -0.028381984700
826.930000000 8.000000000 -0.015897249800
827.680000000 8.000000000 -0.049171265200
828.430000000 10.000000000 0.040039960300
827.180000000 8.000000000 -0.029513267800
828.180000000 10.000000000 0.017445575400
827.430000000 8.000000000 -0.041184335900
829.180000000 8.500000000 -0.025511536700
831.930000000 8.500000000 0.013398266400
831.430000000 8.500000000 -0.048339795300
831.180000000 8.500000000 -0.038460843300
831.680000000 8.500000000 -0.049541488300
830.930000000 8.500000000 -0.020676225400
829.430000000 8.500000000 -0.002468923600
829.680000000 8.500000000 0.009960652300
830.680000000 8.500000000 0.000189405500
830.430000000 8.500000000 -0.017621198700
829.930000000 8.500000000 0.008862216000
830.180000000 8.500000000 0.007146335700
