1088.350000000 6.600000000 -0.783067405200
1088.350000000 6.400000000 -0.780753374100
1088.600000000 6.400000000 -0.916336536400
1088.600000000 6.600000000 -0.916716158400
1088.100000000 6.600000000 -0.604866862300
1088.100000000 6.400000000 -0.602354884100
1088.350000000 6.800000000 -0.783355057200
1088.850000000 6.400000000 -0.977991104100
1088.350000000 6.200000000 -0.776656925700
1088.100000000 6.800000000 -0.610294938100
1088.600000000 6.200000000 -0.912512242800
1088.850000000 6.600000000 -0.976532816900
1088.600000000 6.800000000 -0.913558185100
1087.850000000 6.600000000 -0.408466726500
1089.100000000 6.400000000 -0.967321693900
1088.850000000 6.200000000 -0.975326240100
1088.100000000 6.200000000 -0.599527001400
1087.850000000 6.400000000 -0.407236278100
1089.100000000 6.600000000 -0.963369131100
1087.850000000 6.800000000 -0.415443539600
1088.850000000 6.800000000 -0.970955133400
1088.100000000 7.000000000 -0.611559987100
1089.100000000 6.200000000 -0.967203319100
1088.350000000 7.000000000 -0.783050537100
1089.350000000 6.400000000 -0.887183189400
1089.350000000 6.600000000 -0.882549405100
1088.350000000 6.000000000 -0.771016120900
1088.600000000 6.000000000 -0.905459165600
1087.850000000 6.200000000 -0.406384974700
1087.850000000 7.000000000 -0.417485803400
1089.100000000 6.800000000 -0.955492973300
1088.600000000 7.000000000 -0.906065523600
1089.350000000 6.200000000 -0.888529419900
1088.850000000 6.000000000 -0.968624353400
1089.600000000 6.400000000 -0.753225326500
1088.100000000 6.000000000 -0.596441328500
1087.600000000 6.600000000 -0.221287563400
1089.600000000 6.600000000 -0.750490486600
1087.600000000 6.800000000 -0.222715675800
1087.600000000 6.400000000 -0.215564504300
1089.350000000 6.800000000 -0.874794304400
1089.100000000 6.000000000 -0.962924242000
1089.600000000 6.200000000 -0.753668904300
1088.100000000 7.200000000 -0.612087786200
1088.850000000 7.000000000 -0.961343169200
1088.350000000 7.200000000 -0.779298067100
1089.850000000 6.400000000 -0.580887973300
1087.850000000 6.000000000 -0.405762970400
1089.350000000 6.000000000 -0.886437296900
1089.600000000 6.800000000 -0.745543003100
1087.850000000 7.200000000 -0.420006901000
1089.850000000 6.600000000 -0.588862419100
1087.600000000 6.200000000 -0.215901464200
1087.600000000 7.000000000 -0.225096702600
1088.350000000 5.800000000 -0.763984918600
1089.100000000 7.000000000 -0.943878591100
1088.600000000 5.800000000 -0.891519486900
1089.850000000 6.200000000 -0.578475177300
1088.600000000 7.200000000 -0.896889269400
1088.850000000 5.800000000 -0.958106517800
1088.100000000 5.800000000 -0.593025147900
1089.600000000 6.000000000 -0.751714646800
1089.850000000 6.800000000 -0.587478518500
1089.350000000 7.000000000 -0.864085197400
1089.100000000 5.800000000 -0.954513251800
1090.100000000 6.400000000 -0.387431889800
1088.100000000 7.400000000 -0.611608028400
1087.350000000 6.600000000 -0.046842798600
1090.100000000 6.600000000 -0.392715215700
1088.850000000 7.200000000 -0.947872757900
1087.600000000 6.000000000 -0.216895878300
1089.600000000 7.000000000 -0.738419711600
1089.850000000 6.000000000 -0.574499428300
1087.600000000 7.200000000 -0.228595227000
1088.350000000 7.400000000 -0.773115038900
1087.350000000 6.800000000 -0.049229268000
1087.350000000 6.400000000 -0.045972425500
1087.850000000 5.800000000 -0.405219763500
1090.100000000 6.200000000 -0.380564540600
1089.350000000 5.800000000 -0.880825221500
1087.850000000 7.400000000 -0.422930836700
1090.100000000 6.800000000 -0.396225780200
1089.100000000 7.200000000 -0.928765237300
1088.350000000 5.600000000 -0.755636632400
1089.850000000 7.000000000 -0.584164023400
1088.600000000 5.600000000 -0.879096388800
1089.600000000 5.800000000 -0.747288346300
1088.600000000 7.400000000 -0.884352743600
1087.350000000 6.200000000 -0.042105879600
1087.350000000 7.000000000 -0.053099285800
1088.100000000 5.600000000 -0.589133799100
1088.850000000 5.600000000 -0.943940877900
1090.350000000 6.400000000 -0.159123212100
1090.100000000 6.000000000 -0.366419941200
1090.350000000 6.600000000 -0.167486742100
1089.350000000 7.200000000 -0.850608050800
1089.850000000 5.800000000 -0.568949103400
1089.100000000 5.600000000 -0.941957593000
1088.100000000 7.600000000 -0.609834015400
1090.350000000 6.200000000 -0.149623438700
1090.100000000 7.000000000 -0.397818148100
1087.600000000 5.800000000 -0.218544036100
1087.600000000 7.400000000 -0.233364358500
1088.850000000 7.400000000 -0.930778861000
1090.350000000 6.800000000 -0.174559816700
1089.600000000 7.200000000 -0.729122102300
1087.850000000 5.600000000 -0.404672414100
1088.350000000 7.600000000 -0.764373660100
1087.850000000 7.600000000 -0.426097661300
1089.350000000 5.600000000 -0.871533036200
1087.350000000 6.000000000 -0.044112380600
1089.850000000 7.200000000 -0.578928470600
1087.350000000 7.200000000 -0.058444805400
1090.350000000 6.000000000 -0.139236360800
1090.100000000 5.800000000 -0.358333110800
1089.100000000 7.400000000 -0.910421967500
1088.350000000 5.400000000 -0.747456073800
1090.600000000 6.400000000 0.081188313700
1090.600000000 6.600000000 0.072689339500
1088.600000000 5.400000000 -0.864486873100
1089.600000000 5.600000000 -0.740208745000
1088.600000000 7.600000000 -0.868572235100
1090.350000000 7.000000000 -0.180310055600
1087.100000000 6.600000000 0.096898116200
1088.100000000 5.400000000 -0.584574401400
1088.850000000 5.400000000 -0.926538646200
1090.100000000 7.200000000 -0.397459924200
1090.600000000 6.200000000 0.089421562900
1090.600000000 6.800000000 0.063912130900
1087.100000000 6.800000000 0.093112409100
1089.350000000 7.400000000 -0.834550023100
1087.100000000 6.400000000 0.098508894400
1089.850000000 5.600000000 -0.561684668100
1087.600000000 5.600000000 -0.220920771400
1088.100000000 7.800000000 -0.606543779400
1087.600000000 7.600000000 -0.239503517700
1089.100000000 5.400000000 -0.925517141800
1089.600000000 7.400000000 -0.716058552300
1088.850000000 7.600000000 -0.910294115500
1087.850000000 5.400000000 -0.404086202400
1090.350000000 5.800000000 -0.128335192800
1088.350000000 7.800000000 -0.753073632700
1087.350000000 5.800000000 -0.047702733400
1087.850000000 7.800000000 -0.429301410900
1090.850000000 6.600000000 0.300569504500
1087.350000000 7.400000000 -0.065292365800
1087.100000000 7.000000000 0.087320394800
1090.850000000 6.400000000 0.306757688500
1087.100000000 6.200000000 0.097835272600
1090.600000000 6.000000000 0.097282446900
1089.350000000 5.400000000 -0.858608901500
1089.850000000 7.400000000 -0.571642756500
1090.600000000 7.000000000 0.054800353900
1090.100000000 5.600000000 -0.349239498400
1090.350000000 7.200000000 -0.184839412600
1090.850000000 6.800000000 0.291923254700
1088.350000000 5.200000000 -0.736271023800
1089.100000000 7.600000000 -0.889066577000
1090.850000000 6.200000000 0.310493141400
1089.600000000 5.400000000 -0.730418205300
1088.600000000 5.200000000 -0.847826361700
1088.600000000 7.800000000 -0.847150623800
1088.100000000 5.200000000 -0.579208612400
1090.100000000 7.400000000 -0.395126104400
1088.850000000 5.200000000 -0.906235516100
1091.100000000 6.600000000 0.482541143900
1089.850000000 5.400000000 -0.552634179600
1089.350000000 7.600000000 -0.815984726000
1087.100000000 7.200000000 0.079718589800
1087.600000000 5.400000000 -0.224113181200
1091.100000000 6.400000000 0.484796017400
1087.600000000 7.800000000 -0.247003942700
1087.100000000 6.000000000 0.094803720700
1088.100000000 8.000000000 -0.601533830200
1090.850000000 7.000000000 0.280943751300
1090.350000000 5.600000000 -0.118894837800
1090.600000000 5.800000000 0.102049253900
1090.600000000 7.200000000 0.045305363800
1091.100000000 6.800000000 0.476480096600
1089.100000000 5.200000000 -0.905451297800
1087.850000000 5.200000000 -0.403519392000
1089.600000000 7.600000000 -0.702061772300
1087.350000000 5.600000000 -0.052943699100
1090.850000000 6.000000000 0.310253262500
1088.350000000 8.000000000 -0.740553975100
1087.350000000 7.600000000 -0.073713459100
1088.850000000 7.800000000 -0.881866455100
1087.850000000 8.000000000 -0.432288169900
1090.350000000 7.400000000 -0.188299164200
1090.100000000 5.400000000 -0.339224457700
1091.100000000 6.200000000 0.481680214400
1089.850000000 7.600000000 -0.562268257100
1089.350000000 5.200000000 -0.842096924800
1091.350000000 6.600000000 0.594735622400
1091.100000000 7.000000000 0.466805398500
1088.350000000 5.000000000 -0.723388493100
1091.350000000 6.800000000 0.593007683800
1091.350000000 6.400000000 0.592610895600
1088.600000000 8.000000000 -0.826508343200
1089.100000000 7.800000000 -0.865043878600
1089.600000000 5.200000000 -0.717820465600
1088.600000000 5.000000000 -0.825703024900
1090.850000000 7.200000000 0.267895460100
1086.850000000 6.600000000 0.202197477200
1090.100000000 7.600000000 -0.390948325400
1088.100000000 5.000000000 -0.576398670700
1087.100000000 7.400000000 0.070504128900
1086.850000000 6.800000000 0.197816327200
1087.100000000 5.800000000 0.089458629500
1086.850000000 6.400000000 0.204264059700
1090.600000000 5.600000000 0.107070297000
1090.600000000 7.400000000 0.035410288700
1090.850000000 5.800000000 0.308779299300
1088.850000000 5.000000000 -0.877777934100
1089.850000000 5.200000000 -0.541708171400
1090.350000000 5.400000000 -0.109415538600
1087.600000000 5.200000000 -0.228240594300
1088.100000000 8.200000000 -0.599372923400
1091.350000000 7.000000000 0.587504088900
1091.100000000 6.000000000 0.476796507800
1087.600000000 8.000000000 -0.255736827900
1089.350000000 7.800000000 -0.790259242100
1091.600000000 6.600000000 0.633167982100
1091.600000000 6.800000000 0.635924875700
1091.350000000 6.200000000 0.586653173000
1088.350000000 8.200000000 -0.725496649700
1087.350000000 5.400000000 -0.059852898100
1087.850000000 5.000000000 -0.402983248200
1086.850000000 7.000000000 0.191223368000
1088.850000000 8.000000000 -0.856541991200
1087.350000000 7.800000000 -0.083764337000
1091.100000000 7.200000000 0.453863292900
1090.350000000 7.600000000 -0.190909147300
1089.600000000 7.800000000 -0.685956418500
1087.850000000 8.200000000 -0.440217286300
1089.100000000 5.000000000 -0.882052660000
1091.600000000 6.400000000 0.627607286000
1086.850000000 6.200000000 0.203992188000
1090.100000000 5.200000000 -0.328366816000
1091.600000000 7.000000000 0.635808467900
1089.850000000 7.800000000 -0.550782680500
1089.350000000 5.000000000 -0.822068333600
1090.850000000 7.400000000 0.253064006600
1084.850000000 9.400000000 0.369711726900
1091.850000000 6.800000000 0.618593454400
1088.350000000 4.800000000 -0.708676219000
1084.600000000 9.400000000 0.379601061300
1088.600000000 8.200000000 -0.803376674700
1091.850000000 6.600000000 0.612374782600
1091.350000000 7.200000000 0.578461110600
1089.100000000 8.000000000 -0.833705604100
1088.600000000 4.800000000 -0.805819153800
1088.100000000 4.800000000 -0.568777084400
1087.100000000 7.600000000 0.059821661600
1087.100000000 5.600000000 0.081901148000
1091.850000000 7.000000000 0.622995734200
1091.600000000 6.200000000 0.621669352100
1089.600000000 5.000000000 -0.702274799300
1086.850000000 7.200000000 0.182571321700
1091.350000000 6.000000000 0.577697992300
1090.100000000 7.800000000 -0.385151445900
1084.850000000 9.200000000 0.366809666200
1091.100000000 5.800000000 0.468288391800
1090.850000000 5.600000000 0.305123150300
1084.350000000 9.400000000 0.369410485000
1090.600000000 5.400000000 0.111211322200
1090.600000000 7.600000000 0.025157181500
1091.850000000 6.400000000 0.608435630800
1084.600000000 9.200000000 0.374584108600
1086.850000000 6.000000000 0.201387792800
1091.600000000 7.200000000 0.632833659600
1088.100000000 8.400000000 -0.591989278800
1087.600000000 8.200000000 -0.271007746500
1088.850000000 4.800000000 -0.854377031300
1090.350000000 5.200000000 -0.100243866400
1087.600000000 5.000000000 -0.233340770000
1089.850000000 5.000000000 -0.528756797300
1085.100000000 9.400000000 0.347855746700
1089.350000000 8.000000000 -0.767806351200
1091.100000000 7.400000000 0.437985360600
1084.350000000 9.200000000 0.363630741800
1092.100000000 6.800000000 0.563649296800
1084.850000000 9.000000000 0.360736787300
1088.350000000 8.400000000 -0.708167910600
1091.850000000 7.200000000 0.625309288500
1092.100000000 6.600000000 0.557531595200
1092.100000000 7.000000000 0.567031562300
1087.350000000 8.000000000 -0.101277530200
1088.850000000 8.200000000 -0.828794002500
1084.600000000 9.000000000 0.367551207500
1087.850000000 4.800000000 -0.402629673500
1087.350000000 5.200000000 -0.068417251100
1085.100000000 9.200000000 0.346087873000
1087.850000000 8.400000000 -0.442763656400
1084.100000000 9.400000000 0.334553867600
1090.350000000 7.800000000 -0.192895889300
1091.850000000 6.200000000 0.599749088300
1089.600000000 8.000000000 -0.667722106000
1089.100000000 4.800000000 -0.853050530000
1084.350000000 9.000000000 0.356545865500
1092.100000000 6.400000000 0.550120711300
1092.100000000 7.200000000 0.571433663400
1085.100000000 9.000000000 0.343609571500
1090.100000000 5.000000000 -0.316668063400
1091.600000000 6.000000000 0.611280202900
1091.350000000 7.400000000 0.566064238500
1084.850000000 8.800000000 0.353883296300
1084.600000000 8.800000000 0.359235942400
1090.850000000 7.600000000 0.236791044500
1084.100000000 9.200000000 0.328657239700
1086.850000000 7.400000000 0.172055691500
1089.850000000 8.000000000 -0.537277162100
1088.350000000 4.600000000 -0.692276835400
1084.350000000 8.800000000 0.348387897000
1088.600000000 8.400000000 -0.778014481100
1089.350000000 4.800000000 -0.798759222000
1092.350000000 6.800000000 0.480552762700
1085.100000000 8.800000000 0.340405076700
1091.350000000 5.800000000 0.565175354500
1087.100000000 7.800000000 0.043964654200
1092.350000000 7.000000000 0.484432727100
1091.600000000 7.400000000 0.626847386400
1086.850000000 5.800000000 0.196562528600
1089.100000000 8.200000000 -0.805971920500
1087.100000000 5.400000000 0.072305999700
1092.350000000 6.600000000 0.477495759700
1088.100000000 4.600000000 -0.560301661500
1088.600000000 4.600000000 -0.783943116700
1091.850000000 7.400000000 0.625091970000
1084.600000000 8.600000000 0.350396305300
1086.600000000 6.600000000 0.268507301800
1092.100000000 6.200000000 0.541697442500
1084.850000000 8.600000000 0.347112476800
1084.100000000 9.000000000 0.319353669900
1086.600000000 6.800000000 0.264263331900
1091.100000000 5.600000000 0.456342071300
1092.350000000 7.200000000 0.487486332700
1092.100000000 7.400000000 0.574010670200
1084.350000000 8.600000000 0.339721858500
1083.850000000 9.400000000 0.280779719400
1089.600000000 4.800000000 -0.683761656300
1085.100000000 8.600000000 0.336678922200
1090.850000000 5.400000000 0.299507230500
1090.600000000 7.800000000 0.014619898100
1090.100000000 8.000000000 -0.378039121600
1090.600000000 5.200000000 0.114147327800
1092.350000000 6.400000000 0.472605377400
1091.850000000 6.000000000 0.589751541600
1086.600000000 6.400000000 0.270827084800
1088.100000000 8.600000000 -0.582869529700
1087.600000000 8.400000000 -0.281190335800
1084.600000000 8.400000000 0.342584461000
1091.100000000 7.600000000 0.419598192000
1087.600000000 4.800000000 -0.239515304600
1088.850000000 4.600000000 -0.828952670100
1086.600000000 7.000000000 0.258033126600
1083.850000000 9.200000000 0.272944688800
1090.350000000 5.000000000 -0.091615609800
1084.100000000 8.800000000 0.316009104300
1084.850000000 8.400000000 0.339475810500
1089.350000000 8.200000000 -0.743220865700
1085.100000000 8.400000000 0.332425057900
1084.350000000 8.400000000 0.331041216900
1089.850000000 4.800000000 -0.513736963300
1092.350000000 7.400000000 0.490342617000
1088.350000000 8.600000000 -0.688709199400
1088.850000000 8.400000000 -0.793112993200
1087.350000000 8.200000000 -0.114148944600
1087.850000000 4.600000000 -0.407781422100
1087.350000000 5.000000000 -0.085371345300
1092.350000000 6.200000000 0.466532766800
1087.850000000 8.600000000 -0.444601088800
1092.100000000 6.000000000 0.537673831000
1085.350000000 9.200000000 0.317547142500
1091.600000000 5.800000000 0.598305106200
1085.350000000 9.400000000 0.315547645100
1086.600000000 6.200000000 0.271341472900
1085.350000000 9.000000000 0.318762809000
1084.600000000 8.200000000 0.334092766000
1092.600000000 7.000000000 0.386145234100
1092.600000000 6.800000000 0.383299678600
1085.100000000 8.200000000 0.327706486000
1086.850000000 7.600000000 0.158431321400
1085.350000000 8.800000000 0.319328010100
1090.350000000 8.000000000 -0.194423407300
1084.100000000 8.600000000 0.308748930700
1083.850000000 9.000000000 0.264711976100
1084.850000000 8.200000000 0.331455290300
1091.350000000 7.600000000 0.550600707500
1084.350000000 8.200000000 0.322519004300
1092.100000000 7.600000000 0.574651122100
1089.600000000 8.200000000 -0.647308230400
1089.100000000 4.600000000 -0.826189756400
1092.600000000 7.200000000 0.388161301600
1085.350000000 8.600000000 0.319401204600
1092.600000000 6.600000000 0.379680395100
1091.850000000 7.600000000 0.622021973100
1090.850000000 7.800000000 0.219389393900
1085.350000000 8.400000000 0.319037675900
1092.350000000 7.600000000 0.492318600400
1086.600000000 7.200000000 0.249801218500
1086.850000000 5.600000000 0.189639613000
1088.600000000 8.600000000 -0.748087763800
1090.100000000 4.800000000 -0.304219007500
1085.100000000 8.000000000 0.322556376500
1091.600000000 7.600000000 0.617736339600
1084.600000000 8.000000000 0.323633730400
1087.100000000 8.000000000 0.030520536000
1085.350000000 8.200000000 0.318314850300
1091.850000000 5.800000000 0.582289278500
1092.600000000 7.400000000 0.388631254400
1092.350000000 6.000000000 0.459191441500
1084.100000000 8.400000000 0.301375895700
1092.600000000 6.400000000 0.375044226600
1083.600000000 9.400000000 0.214895919000
1091.350000000 5.600000000 0.549165725700
1089.850000000 8.200000000 -0.521902382400
1084.850000000 8.000000000 0.323279678800
1089.100000000 8.400000000 -0.770711779600
1087.100000000 5.200000000 0.060930311700
1085.350000000 8.000000000 0.317262888000
1083.850000000 8.800000000 0.258258521600
1089.350000000 4.600000000 -0.772787571000
1084.350000000 8.000000000 0.314288735400
1085.100000000 7.800000000 0.317034363700
1085.350000000 7.800000000 0.315917760100
1092.100000000 5.800000000 0.528121709800
1086.600000000 6.000000000 0.270137757100
1085.350000000 7.600000000 0.314291060000
1083.600000000 9.200000000 0.210460364800
1085.100000000 7.600000000 0.311253964900
1084.100000000 8.200000000 0.294284254300
1091.100000000 5.400000000 0.441383570400
1084.600000000 7.800000000 0.315422624300
1092.600000000 6.200000000 0.369803249800
1092.600000000 7.600000000 0.389031350600
1085.350000000 7.400000000 0.312438041000
1089.600000000 4.600000000 -0.662295877900
1088.100000000 8.800000000 -0.572077095500
1090.600000000 8.000000000 0.003951285000
1084.850000000 7.800000000 0.314268142000
1087.600000000 8.600000000 -0.291899114800
1090.850000000 5.200000000 0.292036920800
1085.350000000 7.200000000 0.310388118000
1090.600000000 5.000000000 0.115606859300
1090.100000000 8.200000000 -0.369917690800
1087.600000000 4.600000000 -0.253568828100
1092.350000000 7.800000000 0.493222832700
1091.100000000 7.800000000 0.399114131900
1085.100000000 7.400000000 0.305311083800
1088.850000000 8.600000000 -0.762744307500
1088.350000000 8.800000000 -0.669598937000
1084.350000000 7.800000000 0.306519746800
1085.350000000 7.000000000 0.308183729600
1083.850000000 8.600000000 0.249899551300
1092.100000000 7.800000000 0.573218643700
1086.600000000 7.400000000 0.238562524300
1092.350000000 5.800000000 0.454302907000
1085.350000000 6.800000000 0.307535260900
1089.350000000 8.400000000 -0.716473043000
1087.350000000 8.400000000 -0.128491058900
1083.600000000 9.000000000 0.204632595200
1085.350000000 6.600000000 0.305322498100
1085.100000000 7.200000000 0.301108032500
1085.600000000 7.200000000 0.312758117900
1084.100000000 8.000000000 0.287476480000
1085.600000000 7.400000000 0.311447471400
1087.350000000 4.800000000 -0.097098067400
1086.850000000 7.800000000 0.145019516300
1091.600000000 5.600000000 0.585028171500
1090.350000000 4.800000000 -0.083764761700
1086.350000000 6.600000000 0.302902907100
1085.600000000 7.000000000 0.313718259300
1086.350000000 6.800000000 0.298642426700
1087.850000000 8.800000000 -0.445528924500
1089.850000000 4.600000000 -0.496615082000
1085.600000000 7.600000000 0.309792250400
1084.850000000 7.600000000 0.304810196200
1085.600000000 6.800000000 0.314383834600
1085.600000000 7.800000000 0.307817578300
1085.350000000 6.400000000 0.303027600000
1092.850000000 7.000000000 0.272393345800
1085.600000000 6.600000000 0.314664632100
1084.600000000 7.600000000 0.307881653300
1085.600000000 8.000000000 0.305523097500
1085.100000000 7.000000000 0.295543521600
1092.600000000 6.000000000 0.363714486400
1092.850000000 6.800000000 0.270712822700
1085.350000000 6.200000000 0.300686419000
1092.850000000 7.200000000 0.272790610800
1085.600000000 6.400000000 0.314746111600
1092.600000000 7.800000000 0.388466060200
1085.600000000 8.200000000 0.302915900900
1086.350000000 6.400000000 0.305884897700
1091.850000000 7.800000000 0.615790128700
1086.350000000 7.000000000 0.293049842100
1091.850000000 5.600000000 0.570004940000
1085.100000000 6.800000000 0.290098816200
1091.350000000 7.800000000 0.532302737200
1086.850000000 5.400000000 0.180792138000
1085.350000000 6.000000000 0.298304826000
1085.600000000 6.200000000 0.314698606700
1085.600000000 8.400000000 0.299936682000
1083.850000000 8.400000000 0.247986182600
1088.600000000 8.800000000 -0.720716774500
1084.350000000 7.600000000 0.299207925800
1092.850000000 6.600000000 0.267891287800
1092.100000000 5.600000000 0.522360742100
1086.600000000 5.800000000 0.267323583400
1084.850000000 7.400000000 0.293181568400
1090.350000000 8.200000000 -0.195590078800
1083.600000000 8.800000000 0.200039476200
1089.600000000 8.400000000 -0.624702632400
1085.100000000 6.600000000 0.284830361600
1092.850000000 7.400000000 0.272598415600
1084.100000000 7.800000000 0.280825227500
1091.600000000 7.800000000 0.605303704700
1085.600000000 8.600000000 0.296503663100
1085.850000000 6.800000000 0.314999818800
1085.350000000 5.800000000 0.295898705700
1085.600000000 6.000000000 0.314842641400
1085.850000000 7.000000000 0.312110722100
1087.100000000 8.200000000 0.015742251600
1090.850000000 8.000000000 0.201221436300
1085.100000000 6.400000000 0.279747635100
1085.850000000 6.600000000 0.317566126600
1085.850000000 7.200000000 0.308912903100
1089.100000000 8.600000000 -0.739962697000
1090.100000000 4.600000000 -0.291107475800
1086.350000000 6.200000000 0.307649940300
1085.600000000 8.800000000 0.294506251800
1087.100000000 5.000000000 0.048007663300
1085.100000000 6.200000000 0.274859905200
1092.850000000 6.400000000 0.260066181400
1086.350000000 7.200000000 0.284261912100
1085.850000000 6.400000000 0.319825649300
1084.850000000 7.200000000 0.283450454500
1084.600000000 7.400000000 0.296418011200
1092.350000000 5.600000000 0.444931387900
1092.350000000 8.000000000 0.492898196000
1085.350000000 5.600000000 0.295934021500
1085.600000000 5.800000000 0.314813584100
1086.100000000 6.800000000 0.310621500000
1085.850000000 7.400000000 0.305366367100
1083.850000000 8.200000000 0.248703524500
1092.850000000 7.600000000 0.270249217700
1086.100000000 6.600000000 0.314750492600
1092.600000000 5.800000000 0.356643408500
1085.100000000 6.000000000 0.270178496800
1086.100000000 7.000000000 0.305892020500
1086.600000000 7.600000000 0.227194979800
1091.350000000 5.400000000 0.531461894500
1083.350000000 9.400000000 0.142867803600
1085.600000000 9.000000000 0.290313631300
1089.850000000 8.400000000 -0.504877150100
1085.850000000 6.200000000 0.321791112400
1084.100000000 7.600000000 0.274250119900
1083.600000000 8.600000000 0.195441499400
1085.850000000 7.600000000 0.301444917900
1092.600000000 8.000000000 0.386678665900
1084.350000000 7.400000000 0.286201059800
1084.850000000 7.000000000 0.275151789200
1086.100000000 6.400000000 0.318212866800
1085.100000000 5.800000000 0.265690684300
1088.100000000 9.000000000 -0.565461695200
1085.350000000 5.400000000 0.293550670100
1085.600000000 5.600000000 0.314737260300
1086.100000000 7.200000000 0.300640642600
1092.100000000 8.000000000 0.569652497800
1083.850000000 8.000000000 0.243998363600
1087.600000000 8.800000000 -0.302780211000
1088.850000000 8.800000000 -0.724980771500
1092.850000000 6.200000000 0.255015969300
1085.600000000 9.200000000 0.285431563900
1088.350000000 9.000000000 -0.648239553000
1083.350000000 9.200000000 0.144033968400
1085.100000000 5.600000000 0.264906913000
1085.850000000 6.000000000 0.323427259900
1084.850000000 6.800000000 0.266364306200
1085.850000000 7.800000000 0.297070026400
1090.600000000 8.200000000 -0.006694518000
1086.350000000 7.400000000 0.276280105100
1086.100000000 6.200000000 0.320946186800
1092.850000000 7.800000000 0.266604572500
1084.600000000 7.200000000 0.280086159700
1091.100000000 5.200000000 0.423856228600
1086.350000000 6.000000000 0.308201909100
1086.850000000 8.000000000 0.130196407400
1087.350000000 8.600000000 -0.144172415100
1091.100000000 8.000000000 0.377022743200
1085.350000000 5.200000000 0.291184812800
1083.850000000 7.800000000 0.241466313600
1090.850000000 5.000000000 0.282790422400
1089.350000000 8.600000000 -0.684605479200
1085.100000000 5.400000000 0.260534942200
1086.100000000 7.400000000 0.294850319600
1090.600000000 4.800000000 0.115337446300
1084.850000000 6.600000000 0.257848829000
1090.100000000 8.400000000 -0.361034303900
1087.350000000 4.600000000 -0.117656096800
1084.100000000 7.400000000 0.267645895500
1085.600000000 5.400000000 0.314549565300
1092.100000000 5.400000000 0.511161387000
1091.600000000 5.400000000 0.567805409400
1087.850000000 9.000000000 -0.445386230900
1086.600000000 5.600000000 0.258940011300
1085.600000000 9.400000000 0.279737234100
1091.850000000 5.400000000 0.559466719600
1083.600000000 8.400000000 0.190804511300
1085.850000000 8.000000000 0.292223721700
1092.600000000 5.600000000 0.348512947600
1085.850000000 5.800000000 0.323690235600
1083.350000000 9.000000000 0.142038196300
1084.850000000 6.400000000 0.249680548900
1084.350000000 7.200000000 0.272570192800
1092.350000000 5.400000000 0.434342473700
1086.850000000 5.200000000 0.163535073400
1085.100000000 5.200000000 0.256144672600
1092.850000000 6.000000000 0.249500796200
1091.850000000 8.000000000 0.606278240700
1083.850000000 7.600000000 0.236358597900
1088.600000000 9.000000000 -0.689834356300
1090.350000000 4.600000000 -0.076847888500
1086.100000000 6.000000000 0.322871118800
1084.850000000 6.200000000 0.241912573600
1085.350000000 5.000000000 0.288798660000
1092.600000000 8.200000000 0.384423196300
1084.600000000 7.000000000 0.263734370500
1092.350000000 8.200000000 0.491081357000
1086.100000000 7.600000000 0.288479894400
1092.850000000 8.000000000 0.262267202100
1085.850000000 8.200000000 0.286792695500
1091.350000000 8.000000000 0.511446118400
1085.600000000 5.200000000 0.314233511700
1087.100000000 8.400000000 -0.000363992500
1089.100000000 8.800000000 -0.701357662700
1086.600000000 7.800000000 0.214134126900
1085.100000000 5.000000000 0.251702249100
1084.850000000 6.000000000 0.234547287200
1085.850000000 5.600000000 0.325015455500
1083.350000000 8.800000000 0.143245920500
1086.350000000 7.600000000 0.267040133500
1089.600000000 8.600000000 -0.599999010600
1084.100000000 7.200000000 0.255249232100
1091.600000000 8.000000000 0.589460969000
1086.350000000 5.800000000 0.305911958200
1083.850000000 7.400000000 0.230654060800
1087.100000000 4.800000000 0.026302099200
1090.350000000 8.400000000 -0.196404963700
1093.100000000 7.000000000 0.137873575100
1083.600000000 8.200000000 0.187840417000
1084.850000000 5.800000000 0.230958581000
1090.850000000 8.200000000 0.182607948800
1093.100000000 6.800000000 0.138384714700
1093.100000000 7.200000000 0.136941254100
1086.100000000 5.800000000 0.323931992100
1084.350000000 7.000000000 0.258624136400
1084.600000000 6.800000000 0.245484381900
1092.850000000 5.800000000 0.243870347700
1085.850000000 8.400000000 0.280697703400
1085.350000000 4.800000000 0.286326795800
1084.850000000 5.600000000 0.224300637800
1085.100000000 4.800000000 0.247163325500
1092.600000000 5.400000000 0.339344859100
1088.100000000 9.200000000 -0.552950024600
1093.100000000 7.400000000 0.139926880600
1086.100000000 7.800000000 0.281394511500
1088.850000000 9.000000000 -0.693659603600
1093.100000000 6.600000000 0.138451963700
1092.100000000 8.200000000 0.563832700300
1083.600000000 8.000000000 0.182070672500
1085.600000000 5.000000000 0.315399140100
1083.850000000 7.200000000 0.224307477500
1085.850000000 5.400000000 0.325850069500
1083.350000000 8.600000000 0.144477218400
1087.600000000 9.000000000 -0.318145632700
1084.850000000 5.400000000 0.217830196000
1091.350000000 5.200000000 0.510473728200
1088.350000000 9.200000000 -0.625458717300
1083.600000000 7.800000000 0.178155243400
1089.850000000 8.600000000 -0.486511409300
1086.600000000 5.400000000 0.252944827100
1092.850000000 8.200000000 0.257194638300
1092.100000000 5.200000000 0.499032497400
1084.100000000 7.000000000 0.248206570700
1086.850000000 8.200000000 0.114144638200
1084.600000000 6.600000000 0.230618983500
1092.350000000 5.200000000 0.422767937200
1083.600000000 7.600000000 0.173798278000
1087.350000000 8.800000000 -0.166874378900
1084.850000000 5.200000000 0.214682936700
1085.850000000 8.600000000 0.273815423300
1093.100000000 7.600000000 0.137119799900
1085.100000000 4.600000000 0.244707852600
1093.100000000 6.400000000 0.129042670100
1089.350000000 8.800000000 -0.654680967300
1087.850000000 9.200000000 -0.450310945500
1092.600000000 8.400000000 0.380897343200
1086.350000000 7.800000000 0.256523370700
1091.850000000 5.200000000 0.544527947900
1086.350000000 5.600000000 0.304129302500
1083.600000000 7.400000000 0.169117346400
1085.350000000 4.600000000 0.283672839400
1086.100000000 5.600000000 0.322551935900
1084.350000000 6.800000000 0.238566875500
1090.600000000 8.400000000 -0.017141215500
1084.850000000 5.000000000 0.208019569500
1086.850000000 5.000000000 0.151589557500
1091.600000000 5.200000000 0.550500690900
1083.100000000 9.400000000 0.070600330800
1091.100000000 8.200000000 0.353754282000
1088.600000000 9.200000000 -0.662184357600
1084.600000000 6.400000000 0.219132512800
1092.850000000 5.600000000 0.238372713300
1083.850000000 7.000000000 0.216693341700
1086.100000000 8.000000000 0.273509591800
1083.350000000 8.400000000 0.142414480400
1091.100000000 5.000000000 0.404381811600
1085.850000000 5.200000000 0.326223403200
1092.350000000 8.400000000 0.487442016600
1086.600000000 8.000000000 0.199618339500
1090.850000000 4.800000000 0.271802783000
1085.600000000 4.800000000 0.314793944400
1090.100000000 8.600000000 -0.351598918400
1090.600000000 4.600000000 0.113174893000
1093.100000000 7.800000000 0.136039272000
1091.850000000 8.200000000 0.593456268300
1085.850000000 8.800000000 0.266078293300
1084.850000000 4.800000000 0.201353728800
1083.600000000 7.200000000 0.169003665400
1087.100000000 8.600000000 -0.024891175300
1089.100000000 9.000000000 -0.668548226400
1093.100000000 6.200000000 0.128368586300
1092.600000000 5.200000000 0.328591704400
1084.600000000 6.200000000 0.208527818300
1084.100000000 6.800000000 0.235151439900
1083.100000000 9.200000000 0.072971545200
1087.100000000 4.600000000 0.003406621500
1092.850000000 8.400000000 0.253180086600
1084.850000000 4.600000000 0.197084203400
1084.600000000 6.000000000 0.199169218500
1091.350000000 8.200000000 0.488223850700
1084.350000000 6.600000000 0.224954232600
1083.850000000 6.800000000 0.209584116900
1086.100000000 5.400000000 0.322280377100
1089.600000000 8.800000000 -0.573442041900
1083.600000000 7.000000000 0.164102196700
1091.600000000 8.200000000 0.570169329600
1083.350000000 8.200000000 0.144229888900
1088.850000000 9.200000000 -0.656679809100
1083.100000000 9.000000000 0.080116011200
1086.100000000 8.200000000 0.264665275800
1093.100000000 8.000000000 0.134347170600
1085.850000000 9.000000000 0.257400661700
1086.600000000 5.200000000 0.245427176400
1092.350000000 5.000000000 0.412922501600
1092.850000000 5.400000000 0.233136609200
1086.350000000 8.000000000 0.244812801500
1088.100000000 9.400000000 -0.539073765300
1084.600000000 5.800000000 0.191051304300
1085.850000000 5.000000000 0.326394826200
1088.350000000 9.400000000 -0.606179654600
1093.100000000 6.000000000 0.127907127100
1086.350000000 5.400000000 0.298135489200
1090.850000000 8.400000000 0.163867265000
1087.600000000 9.200000000 -0.328640222500
1092.100000000 5.000000000 0.488519340800
1086.850000000 8.400000000 0.092732355000
1090.350000000 8.600000000 -0.196866542100
1085.600000000 4.600000000 0.313686847700
1092.100000000 8.400000000 0.555576086000
1084.100000000 6.600000000 0.221983641400
1087.350000000 9.000000000 -0.183982640500
1083.350000000 7.800000000 0.098293744000
1084.600000000 5.600000000 0.181823805000
1092.600000000 8.600000000 0.375981003000
1083.350000000 8.000000000 0.101408913700
1083.350000000 7.600000000 0.095411777500
1083.100000000 8.800000000 0.087336555100
1084.350000000 6.400000000 0.206733301300
1083.600000000 6.800000000 0.159101009400
1087.850000000 9.400000000 -0.448646038800
1084.600000000 5.400000000 0.174793258300
1089.350000000 9.000000000 -0.618986129800
1083.350000000 7.400000000 0.092767924100
1086.850000000 4.800000000 0.130798563400
1092.600000000 5.000000000 0.317988395700
1091.350000000 5.000000000 0.489019691900
1091.850000000 5.000000000 0.530073285100
1088.600000000 9.400000000 -0.633406043100
1083.850000000 6.600000000 0.201208740500
1086.600000000 8.200000000 0.182119160900
1089.850000000 8.800000000 -0.467169761700
1085.850000000 9.200000000 0.247793257200
1093.100000000 8.200000000 0.129850745200
1086.100000000 5.200000000 0.319555938200
1092.850000000 8.600000000 0.247753679800
1086.100000000 8.400000000 0.254785090700
1084.600000000 5.200000000 0.168306157000
1083.350000000 7.200000000 0.098627500200
1087.100000000 8.800000000 -0.043438114200
1093.100000000 5.800000000 0.127944722800
1089.100000000 9.200000000 -0.628788113600
1092.350000000 8.600000000 0.481654822800
1091.600000000 5.000000000 0.531331181500
1085.850000000 4.800000000 0.326453089700
1084.600000000 5.000000000 0.162404790500
1092.850000000 5.200000000 0.228231772800
1083.100000000 8.600000000 0.088790334800
1084.350000000 6.200000000 0.190255180000
1091.100000000 8.400000000 0.329679548700
1090.600000000 8.600000000 -0.027246728500
1084.100000000 6.400000000 0.208964556500
1086.350000000 8.200000000 0.231952741700
1086.350000000 5.200000000 0.294089466300
1084.600000000 4.800000000 0.157132953400
1083.600000000 6.600000000 0.158331558100
1091.850000000 8.400000000 0.577384352700
1086.600000000 5.000000000 0.230848863700
1083.350000000 7.000000000 0.096300602000
1088.850000000 9.400000000 -0.625623464600
1091.100000000 4.800000000 0.383514404300
1085.850000000 9.400000000 0.237282261300
1092.350000000 4.800000000 0.399578124300
1093.350000000 7.000000000 0.008029487000
1084.600000000 4.600000000 0.152374833800
1093.350000000 7.200000000 0.005271390100
1090.100000000 8.800000000 -0.341767609100
1090.850000000 4.600000000 0.259075880100
1083.850000000 6.400000000 0.192491650600
1093.350000000 6.800000000 0.000920141100
1093.100000000 8.400000000 0.129969582000
1086.850000000 8.600000000 0.074657514700
1084.350000000 6.000000000 0.172932177800
1083.100000000 8.400000000 0.096114248000
1086.100000000 5.000000000 0.317975103900
1086.100000000 8.600000000 0.246515929700
1093.350000000 7.400000000 0.004083016000
1087.600000000 9.400000000 -0.338614881000
1092.100000000 4.800000000 0.473873674900
1089.600000000 9.000000000 -0.544863104800
1093.100000000 5.600000000 0.128775700900
1091.350000000 8.400000000 0.462798774200
1092.600000000 4.800000000 0.307053059300
1087.350000000 9.200000000 -0.201740458600
1093.350000000 6.600000000 0.005915580300
1092.600000000 8.800000000 0.369628548600
1091.600000000 8.400000000 0.547510862400
1086.600000000 8.400000000 0.166213110100
1086.850000000 4.600000000 0.108631238300
1083.350000000 6.800000000 0.102279871700
1084.350000000 5.800000000 0.204583674700
1085.850000000 4.600000000 0.325481206200
1084.100000000 6.200000000 0.196315392900
1092.850000000 8.800000000 0.242187887400
1092.850000000 5.000000000 0.223652064800
1083.600000000 6.400000000 0.157050117900
1093.350000000 7.600000000 0.011596020300
1092.100000000 8.600000000 0.544669330100
1089.350000000 9.200000000 -0.580692112400
1082.850000000 9.400000000 -0.002418187000
1090.850000000 8.600000000 0.145281866200
1084.350000000 5.600000000 0.194176644100
1086.350000000 8.400000000 0.219066515600
1086.350000000 5.000000000 0.285037905000
1083.100000000 8.200000000 0.096733897900
1087.100000000 9.000000000 -0.071808636200
1090.350000000 8.800000000 -0.196977257700
1093.350000000 6.400000000 0.012460794300
1089.100000000 9.400000000 -0.595240056500
1091.850000000 4.800000000 0.512010932000
1083.850000000 6.200000000 0.183666601800
1093.100000000 8.600000000 0.126310557100
1084.350000000 5.400000000 0.183898747000
1086.100000000 8.800000000 0.235775962500
1083.100000000 7.800000000 0.020416025100
1086.600000000 4.800000000 0.213940501200
1083.100000000 8.000000000 0.022303836400
1086.100000000 4.800000000 0.313936233500
1082.850000000 9.200000000 0.008159927100
1083.100000000 7.600000000 0.028048206100
1091.350000000 4.800000000 0.466366201600
1093.100000000 5.400000000 0.130678385500
1093.350000000 7.800000000 0.011735469100
1089.850000000 9.000000000 -0.447017848500
1083.350000000 6.600000000 0.100055910600
1084.350000000 5.200000000 0.173850163800
1092.350000000 8.800000000 0.473456740400
1092.350000000 4.600000000 0.385720968200
1084.100000000 6.000000000 0.178956046700
1083.100000000 7.400000000 0.026732988700
1091.600000000 4.800000000 0.509127140000
1086.850000000 8.800000000 0.049189496800
1084.350000000 5.000000000 0.164020195600
1093.350000000 6.200000000 0.020394444500
1082.850000000 9.000000000 0.013420972000
1092.600000000 4.600000000 0.296248853200
1083.600000000 6.200000000 0.151843279600
1091.100000000 8.600000000 0.305068701500
1092.850000000 4.800000000 0.219402328100
1086.600000000 8.600000000 0.149555414900
1084.350000000 4.800000000 0.150698393600
1087.350000000 9.400000000 -0.224392056500
1083.100000000 7.200000000 0.025740617900
1090.600000000 8.800000000 -0.036912977700
1086.350000000 4.800000000 0.274333655800
1084.100000000 5.800000000 0.179423347100
1093.350000000 8.000000000 0.018313385500
1091.850000000 8.600000000 0.558195889000
1086.350000000 8.600000000 0.205584928400
1086.100000000 9.000000000 0.223990097600
1092.100000000 4.600000000 0.458548903500
1084.350000000 4.600000000 0.137822628000
1083.850000000 6.000000000 0.174912080200
1092.850000000 9.000000000 0.236579433100
1091.100000000 4.600000000 0.361404299700
1082.850000000 8.800000000 0.017048802200
1093.100000000 8.800000000 0.123540662200
1084.100000000 5.600000000 0.169526338600
1089.600000000 9.200000000 -0.513391256300
1092.600000000 9.000000000 0.361701965300
1086.100000000 4.600000000 0.308981895400
1087.100000000 9.200000000 -0.091249086000
1090.100000000 9.000000000 -0.331475824100
1093.100000000 5.200000000 0.143742889200
1083.350000000 6.400000000 0.105768114300
1086.600000000 4.600000000 0.187186583900
1089.350000000 9.400000000 -0.547533690900
1093.350000000 6.000000000 0.029535919400
1083.100000000 7.000000000 0.034616865200
1084.100000000 5.400000000 0.163583099800
1091.350000000 8.600000000 0.435342997300
1091.600000000 8.600000000 0.521714687300
1093.350000000 8.200000000 0.025445627000
1082.850000000 8.600000000 0.027690960100
1084.100000000 5.200000000 0.152998611300
1086.850000000 9.000000000 0.030182857100
1086.100000000 9.200000000 0.211230531300
1092.100000000 8.800000000 0.530920267100
1094.850000000 9.400000000 0.324223965400
1091.850000000 4.600000000 0.493227541400
1083.600000000 6.000000000 0.150020435500
1086.350000000 4.600000000 0.262346416700
1090.850000000 8.800000000 0.127056762600
1094.850000000 9.200000000 0.327790141100
1086.600000000 8.800000000 0.130712732700
1084.100000000 5.000000000 0.146525949200
1092.850000000 4.600000000 0.215575784400
1086.350000000 8.800000000 0.191266104600
1083.100000000 6.800000000 0.034138072300
1083.850000000 5.800000000 0.166368469600
1090.350000000 9.000000000 -0.196600198700
1084.100000000 4.800000000 0.135950848500
1094.850000000 9.000000000 0.324877977400
1093.350000000 5.800000000 0.039748024200
1093.100000000 5.000000000 0.147854879500
1082.850000000 8.400000000 0.028429376000
1083.350000000 6.200000000 0.111022099900
1091.350000000 4.600000000 0.442808151200
1092.350000000 9.000000000 0.462495476000
1093.350000000 8.400000000 0.034479640400
1093.100000000 9.000000000 0.121854290400
1089.850000000 9.200000000 -0.426299750800
1084.100000000 4.600000000 0.125879272800
1083.850000000 5.600000000 0.139364376700
1094.600000000 9.400000000 0.329270660900
1091.600000000 4.600000000 0.487084865600
1087.100000000 9.400000000 -0.118004791400
1094.850000000 8.800000000 0.323731392600
1086.100000000 9.400000000 0.197582721700
1080.350000000 7.200000000 0.133659780000
1094.600000000 9.200000000 0.320823192600
1092.850000000 9.200000000 0.231101170200
1080.350000000 7.400000000 0.136072859200
1083.850000000 5.400000000 0.135085061200
1080.100000000 7.200000000 0.211410313800
1082.850000000 8.200000000 0.015555915400
1080.100000000 7.400000000 0.206670403500
1080.350000000 7.000000000 0.136759668600
1091.100000000 8.800000000 0.280059486600
1095.100000000 9.000000000 0.294693887200
1083.100000000 6.600000000 0.043561309600
1086.850000000 9.200000000 0.003766159500
1095.100000000 9.200000000 0.291810959600
1080.100000000 7.000000000 0.214640811100
1095.100000000 8.800000000 0.295491755000
1089.600000000 9.400000000 -0.478648752000
1086.350000000 9.000000000 0.178755372800
1080.350000000 7.600000000 0.131497710900
1086.600000000 9.000000000 0.113865658600
1095.100000000 8.600000000 0.294254005000
1083.850000000 5.200000000 0.128322839700
1080.100000000 7.600000000 0.200503289700
1094.850000000 8.600000000 0.319792598500
1094.600000000 9.000000000 0.321195662000
1082.850000000 8.000000000 -0.026663271700
1095.100000000 9.400000000 0.286511242400
1091.850000000 8.800000000 0.536084175100
1083.600000000 5.800000000 0.147670537200
1092.600000000 9.200000000 0.352216810000
1090.600000000 9.000000000 -0.045954078400
1082.850000000 7.800000000 -0.036726560400
1093.350000000 5.600000000 0.050895500900
1095.100000000 8.400000000 0.291161209300
1080.350000000 6.800000000 0.138845145700
1093.350000000 8.600000000 0.035810358800
1093.100000000 4.800000000 0.152892902500
1082.850000000 7.600000000 -0.038137525300
1080.100000000 6.800000000 0.211985081400
1083.850000000 5.000000000 0.120946154000
1093.600000000 7.000000000 -0.099579513100
1093.600000000 7.200000000 -0.091911003000
1095.100000000 8.200000000 0.286504060000
1080.100000000 7.800000000 0.197561368300
1080.350000000 7.800000000 0.126232639000
1090.100000000 9.200000000 -0.320741623600
1082.600000000 9.400000000 -0.066365592200
1095.350000000 7.600000000 0.257473945600
1095.350000000 7.400000000 0.257468670600
1095.350000000 7.800000000 0.252887368200
1083.350000000 6.000000000 0.115539290000
1091.350000000 8.800000000 0.406070768800
1093.600000000 7.400000000 -0.092595279200
1093.600000000 6.800000000 -0.092888429800
1094.600000000 8.800000000 0.319181740300
1082.850000000 7.400000000 -0.039077833300
1083.850000000 4.800000000 0.116388022900
1094.850000000 8.400000000 0.313432723300
1095.350000000 8.000000000 0.251212686300
1095.100000000 8.000000000 0.280553758100
1095.350000000 7.200000000 0.261990040500
1080.600000000 7.200000000 0.050889834800
1091.600000000 8.800000000 0.493156701300
1080.600000000 7.400000000 0.049278609500
1095.350000000 8.200000000 0.248525887700
1079.850000000 7.400000000 0.256209820500
1093.100000000 9.200000000 0.121482126400
1079.850000000 7.200000000 0.260185480100
1080.350000000 6.600000000 0.139796137800
1083.600000000 5.600000000 0.108853548800
1086.350000000 9.200000000 0.164287790700
1080.600000000 7.000000000 0.052296593800
1079.850000000 7.600000000 0.252994597000
1083.850000000 4.600000000 0.108545787600
1095.350000000 7.000000000 0.258551865800
1095.600000000 7.000000000 0.270884364800
1095.350000000 8.400000000 0.246243506700
1083.100000000 6.400000000 0.052996940900
1095.600000000 6.800000000 0.276397705100
1082.600000000 9.200000000 -0.055964648700
1095.100000000 7.800000000 0.273563593600
1080.100000000 6.600000000 0.212199762500
1080.100000000 8.000000000 0.189280003300
1086.850000000 9.400000000 -0.014764321000
1092.100000000 9.000000000 0.514027953100
1079.850000000 7.000000000 0.262348413500
1093.600000000 7.600000000 -0.089873448000
1080.600000000 7.600000000 0.055336371100
1095.600000000 7.200000000 0.269178390500
1086.600000000 9.200000000 0.094051331300
1082.850000000 7.200000000 -0.030778572000
1093.600000000 6.600000000 -0.082912758000
1080.350000000 8.000000000 0.126754730900
1090.850000000 9.000000000 0.109391205000
1095.350000000 8.600000000 0.241351455500
1093.350000000 5.400000000 0.062892176200
1095.600000000 6.600000000 0.270492762300
1079.850000000 7.800000000 0.245933368800
1093.350000000 8.800000000 0.038664642700
1083.600000000 5.400000000 0.105749294200
1094.850000000 8.200000000 0.301556408400
1080.600000000 6.800000000 0.053395412900
1095.350000000 6.800000000 0.252771765000
1095.600000000 7.400000000 0.255032002900
1095.100000000 7.600000000 0.265749543900
1094.600000000 8.600000000 0.314554542300
1093.100000000 4.600000000 0.158634781800
1095.350000000 8.800000000 0.236750230200
1082.600000000 9.000000000 -0.049737822300
1079.850000000 6.800000000 0.262667119500
1095.600000000 6.400000000 0.261696070400
1095.850000000 6.400000000 0.250110238800
1095.850000000 6.600000000 0.253617554900
1092.850000000 9.400000000 0.225866496600
1090.350000000 9.200000000 -0.195693820700
1080.600000000 7.800000000 0.053475022300
1079.850000000 8.000000000 0.237406820100
1092.350000000 9.200000000 0.448611795900
1083.600000000 5.200000000 0.103477001200
1089.850000000 9.400000000 -0.398787170600
1095.600000000 7.600000000 0.239086121300
1095.350000000 9.000000000 0.231311529900
1080.100000000 8.200000000 0.179967269300
1095.850000000 6.200000000 0.242950245700
1095.850000000 6.800000000 0.254788577600
1082.850000000 7.000000000 -0.030673589600
1093.600000000 7.800000000 -0.074017018100
1080.350000000 6.400000000 0.139566749300
1095.100000000 7.400000000 0.260223805900
1093.600000000 6.400000000 -0.070033662000
1086.350000000 9.400000000 0.149093523600
1095.350000000 6.600000000 0.244577527000
1082.600000000 8.800000000 -0.045404937100
1080.100000000 6.400000000 0.210817664900
1080.600000000 6.600000000 0.054054960600
1095.600000000 7.800000000 0.224062487500
1095.850000000 6.000000000 0.236770078500
1080.350000000 8.200000000 0.120581984500
1094.350000000 9.400000000 0.313351273500
1094.850000000 8.000000000 0.291586130900
1083.350000000 5.800000000 0.112364202700
1095.600000000 6.200000000 0.250576496100
1083.600000000 5.000000000 0.100583121200
1079.850000000 8.200000000 0.230260208200
1095.350000000 9.200000000 0.224754542100
1086.600000000 9.400000000 0.077167831400
1095.850000000 7.000000000 0.253968507100
1079.600000000 7.400000000 0.277073293900
1079.600000000 7.600000000 0.273856848500
1094.350000000 9.200000000 0.299038171800
1079.850000000 6.600000000 0.261192500600
1091.100000000 9.000000000 0.254742562800
1083.100000000 6.200000000 0.052649989700
1079.600000000 7.800000000 0.269055962600
1094.600000000 8.400000000 0.301195770500
1079.600000000 7.200000000 0.278780251700
1093.350000000 5.200000000 0.085039444300
1095.100000000 7.200000000 0.251218468000
1082.600000000 8.600000000 -0.043964371100
1095.600000000 8.000000000 0.211458981000
1092.600000000 9.400000000 0.341173231600
1093.350000000 9.000000000 0.051330868200
1080.600000000 8.000000000 0.051428865600
1095.350000000 9.400000000 0.214254543200
1095.850000000 5.800000000 0.227542921900
1079.600000000 8.000000000 0.263494342600
1096.100000000 6.000000000 0.224461659800
1083.600000000 4.800000000 0.097284965200
1095.350000000 6.400000000 0.227942466700
1093.100000000 9.400000000 0.122581109400
1080.100000000 8.400000000 0.174677029300
1091.850000000 9.000000000 0.511146485800
1096.100000000 6.200000000 0.223007738600
1079.600000000 7.000000000 0.278973370800
1094.350000000 9.000000000 0.295663297200
1095.850000000 7.200000000 0.249036371700
1096.100000000 5.800000000 0.226866245300
1093.600000000 8.000000000 -0.066900521500
1079.850000000 8.400000000 0.222225546800
1082.850000000 6.800000000 -0.021303147100
1095.600000000 6.000000000 0.237785995000
1090.600000000 9.200000000 -0.054281570000
1095.600000000 8.200000000 0.200617373000
1093.600000000 6.200000000 -0.054693438100
1079.600000000 8.200000000 0.256513357200
1096.100000000 6.400000000 0.220124334100
1094.850000000 7.800000000 0.279973626100
1083.350000000 5.600000000 0.090250343100
1095.100000000 7.000000000 0.244828596700
1078.850000000 8.000000000 0.193995893000
1082.600000000 8.400000000 -0.044932045000
1078.850000000 7.800000000 0.189800903200
1083.600000000 4.600000000 0.095138818000
1078.850000000 7.600000000 0.182927519100
1080.600000000 6.400000000 0.054172702100
1079.350000000 7.800000000 0.263345450200
1079.350000000 7.600000000 0.263762146200
1095.850000000 5.600000000 0.223751828100
1078.850000000 8.200000000 0.198038518400
1078.600000000 7.800000000 0.131635189100
1079.350000000 8.000000000 0.259752750400
1079.100000000 8.000000000 0.235302448300
1079.100000000 7.800000000 0.231684029100
1078.600000000 7.600000000 0.125288695100
1079.350000000 7.400000000 0.265801727800
1078.600000000 8.000000000 0.139241844400
1095.600000000 8.400000000 0.189056426300
1080.350000000 6.200000000 0.138116389500
1096.100000000 6.600000000 0.213690653400
1091.350000000 9.000000000 0.375260293500
1079.600000000 8.400000000 0.249433487700
1079.600000000 6.800000000 0.277561724200
1090.100000000 9.400000000 -0.309502989100
1078.850000000 8.400000000 0.204965978900
1096.100000000 5.600000000 0.228658139700
1079.100000000 7.600000000 0.231379732500
1078.850000000 7.400000000 0.179371550700
1079.100000000 8.200000000 0.235161542900
1080.850000000 7.200000000 -0.027963768700
1080.350000000 8.400000000 0.120029188700
1079.350000000 8.200000000 0.258224010500
1078.600000000 8.200000000 0.146310806300
1078.600000000 7.400000000 0.118055999300
1094.350000000 8.800000000 0.291247367900
1095.350000000 6.200000000 0.215719163400
1079.100000000 8.400000000 0.238377749900
1079.850000000 6.400000000 0.257973134500
1080.850000000 7.400000000 -0.026846768300
1095.850000000 7.400000000 0.240967065100
1094.600000000 8.200000000 0.293123453900
1091.600000000 9.000000000 0.462248086900
1079.100000000 7.400000000 0.227411419200
1079.850000000 8.600000000 0.211629554600
1079.350000000 7.200000000 0.264708638200
1083.350000000 5.400000000 0.089153349400
1080.850000000 7.000000000 -0.028839483900
1080.100000000 6.200000000 0.207858741300
1078.850000000 8.600000000 0.208590030700
1079.350000000 8.400000000 0.253526777000
1078.600000000 8.400000000 0.153066396700
1078.850000000 7.200000000 0.172995507700
1079.100000000 8.600000000 0.237694203900
1095.600000000 5.800000000 0.220024913500
1093.350000000 5.000000000 0.097836539100
1079.600000000 8.600000000 0.241567388200
1095.600000000 8.600000000 0.177239373300
1082.600000000 8.200000000 -0.057038497200
1080.100000000 8.600000000 0.168761596100
1078.600000000 7.200000000 0.113118499500
1096.100000000 6.800000000 0.205185577300
1080.600000000 8.200000000 0.056825101400
1078.850000000 8.800000000 0.214688003100
1079.100000000 7.200000000 0.226774245500
1095.100000000 6.800000000 0.230602577300
1079.350000000 8.600000000 0.251287370900
1078.600000000 8.600000000 0.160486057400
1079.100000000 8.800000000 0.240447714900
1080.850000000 7.600000000 -0.025549285100
1095.850000000 5.400000000 0.219492748400
1079.350000000 7.000000000 0.262713700500
1093.600000000 8.200000000 -0.049076937100
1080.850000000 6.800000000 -0.029477007700
1094.850000000 7.600000000 0.267023682600
1092.100000000 9.200000000 0.493863463400
1083.350000000 5.200000000 0.087869487700
1079.350000000 8.800000000 0.246190369100
1082.850000000 6.600000000 -0.020209670100
1083.100000000 6.000000000 0.061340961600
1078.850000000 7.000000000 0.166762828800
1093.350000000 9.200000000 0.056054901300
1079.600000000 8.800000000 0.233706638200
1078.850000000 9.000000000 0.217405617200
1096.100000000 5.400000000 0.229349792000
1079.100000000 9.000000000 0.239329084800
1079.600000000 6.600000000 0.274513959900
1090.850000000 9.200000000 0.092331513800
1095.600000000 8.800000000 0.165469676300
1093.600000000 6.000000000 -0.037406899000
1078.600000000 8.800000000 0.166621536000
1078.350000000 7.800000000 0.065426275100
1079.850000000 8.800000000 0.203302472800
1078.600000000 7.000000000 0.106800712600
1078.350000000 8.000000000 0.071674317100
1079.100000000 7.000000000 0.222470775200
1078.350000000 7.600000000 0.058874119100
1082.600000000 8.000000000 -0.067517243300
1079.350000000 9.000000000 0.241139859000
1095.350000000 6.000000000 0.197804272200
1095.850000000 7.600000000 0.228234902000
1094.350000000 8.600000000 0.285254299600
1078.350000000 8.200000000 0.078756868800
1096.100000000 7.000000000 0.197548165900
1078.350000000 7.400000000 0.053486444100
1079.100000000 9.200000000 0.241579741200
1079.600000000 9.000000000 0.226327091500
1095.600000000 5.600000000 0.206538751700
1078.850000000 9.200000000 0.222284153100
1080.600000000 6.200000000 0.053655136400
1083.350000000 5.000000000 0.087714083500
1079.350000000 6.800000000 0.261750906700
1078.350000000 8.400000000 0.085468202800
1078.600000000 9.000000000 0.171661764400
1079.350000000 9.200000000 0.239011332400
1080.850000000 7.800000000 -0.015928564600
1095.100000000 6.600000000 0.218881115300
1094.600000000 8.000000000 0.276735663400
1078.850000000 6.800000000 0.164981856900
1095.600000000 9.000000000 0.153935387700
1080.850000000 6.600000000 -0.029901810000
1080.350000000 8.600000000 0.112867780000
1092.350000000 9.400000000 0.431673347900
1078.350000000 7.200000000 0.047644153200
1095.850000000 5.200000000 0.214293941900
1082.600000000 7.800000000 -0.076283112200
1079.100000000 9.400000000 0.240376234100
1080.100000000 8.800000000 0.162372723200
1078.350000000 8.600000000 0.091952905100
1078.600000000 6.800000000 0.103403464000
1090.350000000 9.400000000 -0.194170415400
1079.100000000 6.800000000 0.217928141400
1079.850000000 9.000000000 0.195182681100
1079.600000000 9.200000000 0.219232544300
1078.850000000 9.400000000 0.223970308900
1094.850000000 7.400000000 0.250044018000
1078.600000000 9.200000000 0.177705586000
1079.350000000 9.400000000 0.234700799000
1096.350000000 5.800000000 0.225942552100
1093.350000000 4.800000000 0.120430924000
1079.850000000 6.200000000 0.253095507600
1096.350000000 6.000000000 0.219519674800
1083.350000000 4.800000000 0.087060883600
1080.350000000 6.000000000 0.135447114700
1096.100000000 5.200000000 0.228234767900
1096.100000000 7.200000000 0.185975685700
1093.600000000 8.400000000 -0.031536608900
1078.350000000 8.800000000 0.099039234200
1082.600000000 7.600000000 -0.084710538400
1078.350000000 7.000000000 0.043254505800
1080.600000000 8.400000000 0.054121926400
1095.600000000 9.200000000 0.139571368700
1079.600000000 6.400000000 0.269871175300
1095.850000000 7.800000000 0.209507703800
1096.350000000 5.600000000 0.229130238300
1095.350000000 5.800000000 0.184031352400
1079.600000000 9.400000000 0.212653681600
1078.600000000 9.400000000 0.181269198700
1079.350000000 6.600000000 0.257675319900
1094.350000000 8.400000000 0.269721090800
1096.350000000 6.200000000 0.209322139600
1080.100000000 6.000000000 0.203373298000
1095.600000000 5.400000000 0.193628713500
1091.100000000 9.200000000 0.229163602000
1078.350000000 9.000000000 0.104854799800
1081.100000000 4.600000000 0.079509548800
1078.850000000 6.600000000 0.159502536100
1082.850000000 6.400000000 -0.010358698700
1080.850000000 4.600000000 -0.007973675600
1093.600000000 5.800000000 -0.018673857700
1095.100000000 6.400000000 0.206274747800
1083.350000000 4.600000000 0.087888881600
1080.850000000 4.800000000 -0.007328377100
1079.850000000 9.200000000 0.187302410600
1082.600000000 7.400000000 -0.085330650200
1078.600000000 6.600000000 0.098150782300
1081.100000000 4.800000000 0.074164457600
1079.100000000 6.600000000 0.216715186800
1080.850000000 8.000000000 -0.014679877100
1080.850000000 6.400000000 -0.030146896800
1095.850000000 5.000000000 0.208043575300
1096.350000000 6.400000000 0.196516767100
1080.850000000 5.000000000 -0.012556477400
1078.350000000 9.200000000 0.109885580800
1083.100000000 5.800000000 0.086681351100
1094.850000000 7.200000000 0.235903501500
1091.850000000 9.200000000 0.483568847200
1078.350000000 6.800000000 0.038285568400
1094.600000000 7.800000000 0.265574455300
1095.600000000 9.400000000 0.128798246400
1080.100000000 9.000000000 0.151481509200
1093.350000000 9.400000000 0.062327724000
1096.100000000 7.400000000 0.173665225500
1096.350000000 5.400000000 0.229448556900
1081.100000000 5.000000000 0.073517121400
1095.850000000 8.000000000 0.173744469900
1083.100000000 5.600000000 0.086254969200
1078.350000000 9.400000000 0.115961976300
1080.600000000 6.000000000 0.052463643300
1093.600000000 8.600000000 -0.004228107200
1096.350000000 6.600000000 0.180379748300
1096.100000000 5.000000000 0.224662363500
1079.850000000 9.400000000 0.176740706000
1093.350000000 4.600000000 0.133259117600
1082.600000000 7.200000000 -0.085143096700
1080.850000000 5.200000000 -0.018126169200
1090.600000000 9.400000000 -0.061826095000
1080.350000000 8.800000000 0.110878430300
1078.100000000 8.200000000 0.008039482900
1094.100000000 9.400000000 0.286651253700
1078.100000000 8.000000000 0.005052384900
1078.100000000 8.400000000 0.011259159100
1095.350000000 5.600000000 0.170604661100
1095.600000000 5.200000000 0.182287439700
1091.350000000 9.200000000 0.343294262900
1078.100000000 7.800000000 -0.001004704300
1079.350000000 6.400000000 0.252490371500
1083.100000000 5.400000000 0.085933446900
1082.350000000 9.400000000 -0.112962037300
1094.100000000 9.200000000 0.271364390900
1078.100000000 8.600000000 0.018460564300
1080.600000000 4.800000000 -0.097611531600
1078.850000000 6.400000000 0.158363476400
1080.600000000 4.600000000 -0.098188370500
1095.100000000 6.200000000 0.190493792300
1078.600000000 6.400000000 0.093172706700
1095.850000000 8.200000000 0.151017651000
1078.100000000 7.600000000 -0.003614722300
1081.100000000 5.200000000 0.066738456500
1094.350000000 8.200000000 0.262211173800
1080.600000000 5.000000000 -0.101595468800
1078.100000000 8.800000000 0.022026153300
1078.350000000 6.600000000 0.035030569900
1079.100000000 6.400000000 0.211453139800
1091.600000000 9.200000000 0.429504364700
1096.350000000 6.800000000 0.164446204900
1079.600000000 6.200000000 0.263729125300
1094.100000000 9.000000000 0.262618243700
1080.850000000 5.400000000 -0.016902487700
1083.100000000 5.200000000 0.087167225800
1094.850000000 7.000000000 0.218467012000
1078.100000000 9.000000000 0.025769194600
1079.850000000 6.000000000 0.246687561300
1095.850000000 4.800000000 0.201086655300
1081.350000000 4.600000000 0.145896434800
1080.600000000 5.200000000 -0.099312335300
1096.100000000 7.600000000 0.161297991900
1078.100000000 7.400000000 -0.008678551800
1082.350000000 9.200000000 -0.107918098600
1080.100000000 9.200000000 0.144560739400
1093.600000000 5.600000000 0.000978820000
1080.600000000 8.600000000 0.058100596100
1095.850000000 8.400000000 0.133054256400
1082.600000000 7.000000000 -0.083965569700
1080.850000000 6.200000000 -0.030272707300
1096.350000000 5.200000000 0.227292090700
1080.850000000 8.200000000 -0.013492118600
1078.100000000 9.200000000 0.033619564000
1094.600000000 7.600000000 0.247025519600
1082.850000000 6.200000000 -0.008541934200
1083.100000000 5.000000000 0.087264135500
1080.350000000 5.800000000 0.131583303200
1078.100000000 9.400000000 0.037340104600
1093.850000000 7.200000000 -0.137742281000
1081.350000000 4.800000000 0.141184777000
1079.100000000 4.800000000 -0.183593034700
1096.350000000 7.000000000 0.145840570300
1078.100000000 7.200000000 -0.010962290700
1093.600000000 8.800000000 0.002877312700
1080.600000000 5.400000000 -0.102583855400
1079.100000000 4.600000000 -0.184178113900
1079.100000000 5.000000000 -0.183792367600
1094.100000000 8.800000000 0.253703415400
1082.350000000 9.000000000 -0.102488040900
1081.100000000 5.400000000 0.065503440800
1092.100000000 9.400000000 0.470318675000
1079.100000000 5.200000000 -0.184738040000
1093.850000000 7.000000000 -0.134305208900
1096.100000000 4.800000000 0.218588352200
1081.100000000 7.200000000 -0.092978246500
1079.350000000 4.800000000 -0.212410792700
1081.100000000 7.000000000 -0.095739699900
1095.850000000 8.600000000 0.115102499700
1079.350000000 4.600000000 -0.212669983500
1095.600000000 5.000000000 0.175353840000
1079.350000000 5.000000000 -0.212785735700
1093.850000000 7.400000000 -0.137365251800
1090.850000000 9.400000000 0.075822584300
1079.100000000 5.400000000 -0.186360240000
1080.850000000 5.600000000 -0.015239795700
1083.100000000 4.800000000 0.089672006700
1079.350000000 5.200000000 -0.213924914600
1095.350000000 5.400000000 0.158525645700
1095.100000000 6.000000000 0.177793532600
1080.100000000 5.800000000 0.197417676400
1078.350000000 6.400000000 0.031194005200
1079.100000000 5.600000000 -0.188493505100
1078.850000000 6.200000000 0.153036400700
1081.100000000 7.400000000 -0.089773006700
1079.350000000 5.400000000 -0.215847104800
1081.100000000 6.800000000 -0.090473257000
1080.350000000 4.800000000 -0.172662228300
1078.600000000 6.200000000 0.091723218600
1082.350000000 8.800000000 -0.098191186800
1079.350000000 6.200000000 0.246153444100
1094.850000000 6.800000000 0.201759561900
1080.350000000 5.000000000 -0.175570458200
1080.350000000 9.000000000 0.107768319500
1080.350000000 4.600000000 -0.172189667800
1079.100000000 5.800000000 -0.193624034500
1081.350000000 5.000000000 0.139283165300
1080.600000000 5.600000000 -0.098958842500
1079.350000000 5.600000000 -0.218342453200
1078.100000000 7.000000000 -0.013082911300
1094.350000000 8.000000000 0.246007248800
1080.100000000 9.400000000 0.137422129500
1095.850000000 8.800000000 0.097659543200
1083.100000000 4.600000000 0.092686347700
1079.100000000 6.200000000 0.205545797900
1080.350000000 5.200000000 -0.173763826500
1096.100000000 7.800000000 0.149476766600
1093.850000000 6.800000000 -0.127092838300
1096.350000000 7.200000000 0.127527222000
1079.100000000 6.000000000 -0.196356028300
1079.350000000 5.800000000 -0.223666027200
1082.600000000 6.800000000 -0.081793062400
1094.100000000 8.600000000 0.244368836300
1093.850000000 7.600000000 -0.125244438600
1082.350000000 8.600000000 -0.096180312300
1080.600000000 5.800000000 0.050618611300
1082.350000000 7.400000000 0.242765590500
1082.350000000 7.200000000 0.240469098100
1079.350000000 6.000000000 -0.226859062900
1095.850000000 4.600000000 0.193905934700
1094.600000000 7.400000000 0.227781087200
1080.350000000 5.400000000 -0.170603588200
1096.350000000 5.000000000 0.222951009900
1081.100000000 7.600000000 -0.086311839500
1081.100000000 6.600000000 -0.092153631200
1079.600000000 4.800000000 -0.233932077900
1081.100000000 5.600000000 0.057428572300
1079.600000000 5.000000000 -0.234734773600
1093.600000000 5.400000000 0.028298324000
1079.600000000 4.600000000 -0.233032792800
1079.600000000 5.200000000 -0.235594511000
1080.850000000 5.800000000 -0.021003818100
1095.850000000 9.000000000 0.081187151400
1079.600000000 6.000000000 0.256217002900
1082.350000000 7.000000000 0.236034989400
1079.600000000 5.400000000 -0.236696943600
1078.100000000 6.800000000 -0.016918424500
1082.350000000 7.600000000 0.243333965500
1080.850000000 6.000000000 -0.023180838700
1078.850000000 5.000000000 -0.152813956100
1093.600000000 9.000000000 0.011732652800
1080.350000000 5.600000000 -0.166231170300
1078.850000000 5.200000000 -0.153542086500
1081.350000000 5.200000000 0.132520809800
1078.850000000 4.800000000 -0.152446582900
1082.350000000 8.400000000 -0.096675925000
1078.850000000 5.400000000 -0.156330376900
1079.600000000 5.600000000 -0.238088041500
1095.600000000 4.800000000 0.168749585700
1078.850000000 4.600000000 -0.152587145600
1078.850000000 5.600000000 -0.157608464400
1080.100000000 4.800000000 -0.220715761200
1080.100000000 5.000000000 -0.220985278500
1091.100000000 9.400000000 0.203382328200
1077.850000000 9.200000000 -0.040336750400
1096.100000000 4.600000000 0.210663214300
1080.850000000 8.400000000 -0.012379560600
1077.850000000 9.400000000 -0.037206251200
1094.850000000 6.600000000 0.186859220300
1079.600000000 5.800000000 -0.240981176500
1077.850000000 9.000000000 -0.042292561400
1080.100000000 5.200000000 -0.222480386500
1078.850000000 5.800000000 -0.158839255600
1080.100000000 4.600000000 -0.219122901600
1077.850000000 8.800000000 -0.050052896100
1095.100000000 5.800000000 0.165694207000
1096.350000000 7.400000000 0.110544100400
1078.350000000 6.200000000 0.029465828100
1093.850000000 6.600000000 -0.116323992600
1080.600000000 8.800000000 0.054395198800
1079.850000000 5.000000000 -0.240553692000
1079.850000000 4.800000000 -0.239638522300
1095.350000000 5.200000000 0.149028584400
1078.850000000 6.000000000 -0.159885481000
1080.100000000 5.400000000 -0.220651164700
1077.850000000 8.600000000 -0.050460960700
1079.850000000 5.200000000 -0.240642815800
1082.850000000 6.000000000 0.001232508600
1079.850000000 4.600000000 -0.237830475000
1082.100000000 7.400000000 0.205576181400
1093.850000000 7.800000000 -0.117935448900
1095.850000000 9.200000000 0.063247382600
1082.350000000 6.800000000 0.229259967800
1082.100000000 7.200000000 0.204061582700
1079.850000000 5.800000000 0.238869816100
1079.850000000 5.400000000 -0.240122512000
1096.100000000 8.000000000 0.138540238100
1078.600000000 6.000000000 0.087660834200
1094.100000000 8.400000000 0.229020685000
1082.600000000 6.600000000 0.232687920300
1081.100000000 6.400000000 -0.085636705200
1081.100000000 7.800000000 -0.082684814900
1082.350000000 8.200000000 -0.098949976300
1080.100000000 5.600000000 -0.213986486200
1094.350000000 7.800000000 0.229302749000
1077.850000000 8.400000000 -0.056436162400
1079.850000000 5.600000000 -0.239186719100
1080.350000000 9.200000000 0.103809155500
1091.850000000 9.400000000 0.453480005300
1094.600000000 7.200000000 0.208905965100
1082.350000000 7.800000000 0.242511823800
1082.100000000 7.600000000 0.206341862700
1078.100000000 6.600000000 -0.018253499600
1081.100000000 5.800000000 0.055968985000
1082.100000000 7.000000000 0.201434865600
1077.850000000 8.200000000 -0.055617876400
1081.350000000 5.400000000 0.129214599700
1096.350000000 4.800000000 0.216697543900
1093.600000000 5.200000000 0.054520152500
1091.350000000 9.400000000 0.310589849900
1081.600000000 4.600000000 0.182086259100
1095.850000000 9.400000000 0.049060523500
1082.350000000 8.000000000 -0.101963058100
1094.850000000 6.400000000 0.174595981800
1096.350000000 7.600000000 0.095553904800
1077.850000000 8.000000000 -0.054278153900
1082.350000000 6.600000000 0.220463857100
1082.600000000 6.400000000 0.221820771700
1082.850000000 5.400000000 0.094446770800
1082.850000000 5.200000000 0.096241429400
1082.850000000 5.600000000 0.092701010400
1082.850000000 5.000000000 0.098114989700
1093.600000000 9.200000000 0.029883218900
1082.850000000 5.800000000 0.090338483500
1082.850000000 4.800000000 0.102081127500
1091.600000000 9.400000000 0.395384639500
1082.100000000 6.800000000 0.197413861800
1093.850000000 6.400000000 -0.102367281900
1095.600000000 4.600000000 0.162754908200
1082.100000000 7.800000000 0.203909963400
1082.850000000 4.600000000 0.106997802900
1095.100000000 5.600000000 0.154718950400
1094.100000000 8.200000000 0.220228239900
1077.850000000 7.800000000 -0.058586366500
1078.350000000 6.000000000 0.027310416100
1096.100000000 9.400000000 -0.291965961500
1096.350000000 9.400000000 -0.236697867500
1081.600000000 4.800000000 0.178092613800
1093.850000000 8.000000000 -0.107435345600
1081.100000000 6.200000000 -0.086118005200
1096.100000000 8.200000000 0.128465488600
1081.100000000 8.000000000 -0.078954242200
1094.600000000 7.000000000 0.191437110300
1078.100000000 6.400000000 -0.020665409000
1095.350000000 5.000000000 0.140912011300
1093.850000000 9.400000000 0.248317569500
1094.350000000 7.600000000 0.221310362200
1082.600000000 6.200000000 0.211053311800
1080.350000000 9.400000000 0.099512629200
1082.350000000 6.400000000 0.210421755900
1077.850000000 7.600000000 -0.056972120000
1093.850000000 9.200000000 0.235091224300
1078.600000000 5.800000000 0.086903788100
1080.850000000 8.600000000 -0.004070329500
1093.600000000 5.000000000 0.096364758900
1081.100000000 6.000000000 0.054684475100
1081.350000000 5.600000000 0.120416782800
1096.350000000 7.800000000 0.205322742500
1081.850000000 7.200000000 0.153909921600
1081.850000000 7.400000000 0.155490189800
1080.600000000 9.000000000 0.056782480300
1082.100000000 6.600000000 0.191742137100
1094.850000000 6.200000000 0.166793152700
1096.350000000 4.600000000 0.208927080000
1096.350000000 8.000000000 0.208439394800
1093.850000000 6.200000000 0.167404055600
1093.850000000 9.000000000 0.221557959900
1082.100000000 8.000000000 0.201074570400
1078.600000000 5.600000000 -0.124628081900
1077.600000000 9.400000000 -0.092243358500
1081.600000000 5.000000000 0.175396800000
1078.600000000 5.400000000 -0.124891698400
1081.850000000 7.000000000 0.152271702900
1078.600000000 5.200000000 -0.124780796500
1078.600000000 5.000000000 -0.124436780800
1077.850000000 7.400000000 -0.055403657300
1081.850000000 7.600000000 0.157339870900
1078.600000000 4.800000000 -0.124033682000
1077.600000000 9.200000000 -0.094989955400
1082.600000000 6.000000000 0.200781047300
1093.600000000 4.800000000 0.167718365800
1078.600000000 4.600000000 -0.123789712800
1093.850000000 6.000000000 0.171515539300
1096.350000000 8.200000000 0.209446400400
1094.600000000 6.800000000 0.182562500200
1093.600000000 9.400000000 0.040314178900
1094.100000000 8.000000000 0.211093962200
1093.850000000 8.800000000 0.211913615500
1082.350000000 6.200000000 0.200130552100
1096.100000000 8.400000000 0.231900751600
1095.100000000 5.400000000 0.145236969000
1077.600000000 9.000000000 -0.101798869700
1078.100000000 6.200000000 -0.020384712100
1081.850000000 6.800000000 0.150267303000
1093.850000000 8.200000000 -0.094132602200
1094.350000000 7.400000000 0.205998733600
1078.350000000 5.800000000 0.027677800500
1077.850000000 7.200000000 -0.058525499000
1093.850000000 5.800000000 0.175300076600
1081.100000000 8.200000000 -0.075120627900
1082.100000000 6.400000000 0.184534013300
1093.600000000 4.600000000 0.180853277400
1081.600000000 5.200000000 0.169394522900
1081.350000000 7.000000000 -0.141593456300
1096.350000000 9.200000000 -0.204436168100
1077.600000000 8.800000000 -0.102294981500
1081.350000000 5.800000000 0.116147443700
1096.100000000 9.200000000 -0.263532400100
1081.850000000 7.800000000 0.158709302500
1082.100000000 8.200000000 0.197913020800
1081.350000000 6.800000000 -0.144243523500
1082.600000000 5.800000000 0.191306263200
1096.350000000 8.400000000 0.207565933500
1095.350000000 4.800000000 0.135046005200
1081.350000000 7.200000000 -0.144034564500
1094.850000000 6.000000000 0.159889385100
1093.850000000 8.600000000 0.198853507600
1082.600000000 4.600000000 0.127224773200
1096.100000000 8.600000000 0.064181074500
1093.850000000 5.600000000 0.175071567300
1082.350000000 6.000000000 0.190416127400
1082.600000000 4.800000000 0.121765911600
1081.350000000 6.600000000 -0.139937922400
1077.850000000 7.000000000 -0.056857701400
1077.600000000 8.600000000 -0.101239562000
1094.600000000 6.600000000 0.169636502900
1081.350000000 7.400000000 -0.140295445900
1081.850000000 6.600000000 0.147659003700
1093.850000000 5.400000000 0.177573576600
1081.850000000 4.600000000 0.190255671700
1082.600000000 5.000000000 0.117875456800
1096.100000000 8.800000000 0.042044937600
1094.100000000 7.800000000 0.198746860000
1080.600000000 9.200000000 0.064309679000
1076.600000000 8.000000000 0.065226227000
1082.600000000 5.600000000 0.182952791500
1093.850000000 8.400000000 0.086123883700
1080.850000000 8.800000000 0.003961109600
1076.600000000 8.200000000 0.068972095800
1076.600000000 7.800000000 0.063851431000
1076.600000000 7.600000000 0.061014484600
1076.600000000 8.400000000 0.072393231100
1082.100000000 6.200000000 0.176446184500
1081.850000000 8.000000000 0.160144656900
1096.350000000 8.600000000 0.202400356500
1081.350000000 6.400000000 -0.097836665800
1076.600000000 8.600000000 0.076943203800
1094.350000000 7.200000000 0.191887348900
1082.600000000 5.200000000 0.114174395800
1081.600000000 5.400000000 0.164901688700
1093.850000000 5.200000000 0.178978517700
1078.100000000 6.000000000 -0.020954104100
1077.600000000 8.400000000 -0.105080857900
1076.600000000 8.800000000 0.081749081600
1082.100000000 8.400000000 0.194440394600
1076.600000000 9.000000000 0.086777254900
1076.600000000 7.400000000 0.061821900300
1095.100000000 5.200000000 0.137365728600
1082.350000000 5.800000000 0.181723535100
1096.100000000 9.000000000 0.024445183600
1076.600000000 9.200000000 0.091501317900
1081.350000000 7.600000000 -0.140983581500
1076.600000000 9.400000000 0.096823006900
1077.850000000 6.800000000 -0.054951384700
1082.100000000 9.400000000 -0.144511789100
1081.600000000 7.200000000 0.094627939200
1081.850000000 4.800000000 0.186282694300
1076.600000000 7.200000000 0.059912920000
1093.850000000 5.000000000 0.179078161700
1081.350000000 6.000000000 0.111636161800
1082.600000000 5.400000000 0.110611692100
1094.850000000 5.800000000 0.155527874800
1094.100000000 6.800000000 0.126007780400
1094.100000000 6.600000000 0.130873665200
1081.600000000 7.400000000 0.097239345300
1081.100000000 8.400000000 -0.071184173200
1081.600000000 7.000000000 0.093102082600
1094.100000000 7.000000000 0.119665131000
1081.350000000 6.200000000 -0.090464919800
1078.350000000 5.600000000 0.027449525900
1082.100000000 9.200000000 -0.141602501300
1094.100000000 6.400000000 0.135483458600
1094.600000000 6.400000000 0.159285828500
1093.850000000 4.800000000 0.172259628800
1077.600000000 8.200000000 -0.102288037500
1081.850000000 6.400000000 0.144171327400
1094.100000000 7.200000000 0.114459469900
1076.600000000 7.000000000 0.062860295200
1082.350000000 4.600000000 0.153395742200
1094.100000000 6.200000000 0.139330416900
1082.100000000 9.000000000 -0.139152720600
1095.350000000 4.600000000 0.130768403400
1081.850000000 8.200000000 0.161691159000
1082.100000000 6.000000000 0.168387651400
1093.850000000 4.600000000 0.169618219100
1096.350000000 8.800000000 0.194243729100
1082.100000000 8.800000000 -0.135343655900
1082.350000000 5.600000000 0.174303919100
1094.100000000 7.400000000 0.107465669500
1094.100000000 6.000000000 0.142429575300
1081.600000000 7.600000000 0.101032018700
1094.100000000 7.600000000 0.187747374200
1082.100000000 8.600000000 0.186496287600
1081.600000000 6.800000000 0.092465706200
1082.100000000 4.600000000 0.178138569000
1076.600000000 6.800000000 0.061871737200
1081.850000000 5.000000000 0.182587966300
1096.350000000 9.000000000 -0.169011130900
1081.350000000 7.800000000 -0.136437282000
1094.350000000 7.000000000 0.179350718900
1077.850000000 6.600000000 -0.056343957800
1078.350000000 5.400000000 -0.095924146500
1082.350000000 4.800000000 0.148330926900
1081.600000000 5.600000000 0.156678766000
1078.350000000 5.200000000 -0.097305066900
1094.100000000 5.800000000 0.144541382800
1077.350000000 9.400000000 -0.119392722800
1078.350000000 5.000000000 -0.098105609400
1080.600000000 9.400000000 0.065437793700
1077.600000000 8.000000000 -0.104226991500
1078.350000000 4.800000000 -0.098472788900
1078.350000000 4.600000000 -0.098606534300
1094.100000000 5.600000000 0.145468354200
1076.600000000 6.600000000 0.066662356300
1078.100000000 5.800000000 -0.018861834000
1082.350000000 5.400000000 0.168313473500
1094.600000000 6.200000000 0.155691117000
1077.350000000 9.200000000 -0.121598631100
1095.100000000 5.000000000 0.129277795600
1082.100000000 4.800000000 0.173555150600
1082.350000000 5.000000000 0.143242180300
1094.850000000 5.600000000 0.152625516100
1081.850000000 8.400000000 0.164945855700
1094.100000000 5.400000000 0.145106986200
1081.600000000 7.800000000 0.106154196000
1082.100000000 5.800000000 0.161181569100
1081.850000000 6.200000000 0.139727622300
1080.850000000 9.000000000 0.004426950600
1094.100000000 5.200000000 0.143324255900
1081.600000000 6.600000000 0.092364989200
1081.850000000 5.200000000 0.177070140800
1076.600000000 6.400000000 0.072244241800
1077.600000000 7.800000000 -0.100343510500
1094.100000000 5.000000000 0.137770772000
1077.850000000 6.400000000 -0.053578481100
1081.350000000 8.000000000 -0.131548881500
1077.350000000 9.000000000 -0.125289946800
1094.350000000 6.800000000 0.175347849700
1094.100000000 4.800000000 0.132682263900
1094.100000000 4.600000000 0.122700020700
1082.350000000 5.200000000 0.163906812700
1081.100000000 8.600000000 -0.067192427800
1081.600000000 5.800000000 0.150501161800
1082.100000000 5.000000000 0.168547764400
1076.600000000 6.200000000 0.078367263100
1081.850000000 8.600000000 0.167191848200
1081.600000000 8.000000000 0.111887782800
1082.100000000 5.600000000 0.155375123000
1094.600000000 6.000000000 0.149124056100
1077.350000000 8.800000000 -0.125893697100
1077.600000000 7.600000000 -0.095935910900
1076.600000000 6.000000000 0.084775984300
1081.850000000 6.000000000 0.134726598900
1081.850000000 5.400000000 0.171713501200
1094.850000000 5.400000000 0.150840118500
1081.600000000 6.400000000 0.092466637500
1076.600000000 5.800000000 0.096241042000
1077.850000000 6.200000000 -0.053482301500
1078.100000000 5.600000000 -0.017852246800
1094.350000000 6.600000000 0.166035234900
1082.100000000 5.200000000 0.162911534300
1095.100000000 4.800000000 0.123347513400
1081.850000000 8.800000000 0.169570505600
1082.100000000 5.400000000 0.151196107300
1081.600000000 8.200000000 0.119418889300
1081.350000000 8.200000000 -0.126309379900
1076.600000000 5.600000000 0.102028340100
1077.350000000 8.600000000 -0.127502694700
1076.850000000 4.600000000 0.083144523200
1081.600000000 6.200000000 -0.125160574900
1076.600000000 5.400000000 0.110776074200
1077.600000000 7.400000000 -0.096381753700
1076.850000000 4.800000000 0.085677973900
1076.600000000 5.200000000 0.114744089500
1076.600000000 5.000000000 0.119869053400
1094.350000000 6.000000000 0.110448107100
1094.350000000 5.800000000 0.111298881500
1094.350000000 5.600000000 0.110973395400
1094.350000000 6.200000000 0.108753055300
1076.600000000 4.800000000 0.122695446000
1081.600000000 6.000000000 0.143533140400
1094.350000000 5.400000000 0.109080709500
1077.100000000 4.600000000 0.036347374300
1094.350000000 5.200000000 0.105355955700
1076.600000000 4.600000000 0.123509489000
1094.350000000 6.400000000 0.106912002000
1076.850000000 5.000000000 0.086249947500
1094.350000000 5.000000000 0.097297497100
1094.350000000 4.800000000 0.089371666300
1094.350000000 4.600000000 0.080505296600
1094.600000000 5.800000000 0.143375083800
1081.850000000 9.000000000 0.171931311500
1080.850000000 9.200000000 0.019643519100
1076.850000000 9.400000000 0.060692422100
1078.100000000 5.000000000 -0.075431138300
1078.100000000 4.800000000 -0.077011570300
1078.100000000 5.200000000 -0.073056168900
1081.850000000 5.800000000 0.129967391500
1078.100000000 4.600000000 -0.079763598700
1081.600000000 8.400000000 0.128576740600
1078.100000000 5.400000000 -0.069750338800
1081.850000000 5.600000000 0.165266946000
1077.350000000 8.400000000 -0.126607626700
1076.850000000 5.200000000 0.085233971500
1077.100000000 4.800000000 0.041583340600
1081.100000000 8.800000000 -0.056326180700
1076.850000000 9.200000000 0.054651886200
1077.600000000 7.200000000 -0.091467268800
1081.850000000 9.200000000 0.169944495000
1094.850000000 5.200000000 0.150485813600
1077.850000000 6.000000000 -0.050122354200
1076.850000000 5.400000000 0.083173021700
1076.850000000 9.000000000 0.050320699800
1081.600000000 8.600000000 0.139033302700
1081.850000000 9.400000000 0.165610790300
1077.100000000 5.000000000 0.043866626900
1077.350000000 4.600000000 -0.005828947800
1081.350000000 8.400000000 -0.120746366700
1080.850000000 9.400000000 0.092157766200
1076.850000000 8.800000000 0.044111095400
1076.850000000 5.600000000 0.077202647900
1077.100000000 9.400000000 -0.120499417200
1095.100000000 4.600000000 0.115867577500
1081.600000000 8.800000000 0.150060996400
1077.350000000 8.200000000 -0.126390487000
1094.600000000 5.600000000 0.137759849400
1076.850000000 8.600000000 0.039687886800
1077.600000000 7.000000000 -0.086171679200
1076.850000000 5.800000000 0.072074085500
1077.350000000 4.800000000 -0.001893894700
1081.600000000 9.000000000 0.160559654200
1077.100000000 5.200000000 0.045736424600
1076.850000000 8.400000000 0.034006524800
1077.100000000 9.200000000 -0.121608272200
1076.850000000 8.200000000 0.030961947500
1081.600000000 9.200000000 0.166586071300
1076.850000000 6.000000000 0.066041134300
1076.850000000 8.000000000 0.026423649900
1077.850000000 4.600000000 -0.059866212300
1076.850000000 7.800000000 0.025713684000
1076.850000000 7.600000000 0.022693645200
1076.850000000 7.400000000 0.024639727500
1077.600000000 4.600000000 -0.038138587000
1077.850000000 4.800000000 -0.058004915700
1076.850000000 6.200000000 0.054153282200
1094.850000000 5.000000000 0.149998873500
1081.600000000 9.400000000 0.170182257900
1076.850000000 7.200000000 0.028113190100
1076.850000000 7.000000000 0.027601374300
1076.850000000 6.400000000 0.046831220400
1076.850000000 6.800000000 0.033179760000
1077.350000000 5.000000000 0.003920095500
1076.850000000 6.600000000 0.039715107500
1077.850000000 5.000000000 -0.053943883600
1077.100000000 9.000000000 -0.121197395000
1077.350000000 8.000000000 -0.124124348200
1077.100000000 5.400000000 0.046944189800
1077.600000000 4.800000000 -0.033911347400
1077.850000000 5.800000000 -0.049009811100
1077.850000000 5.200000000 -0.049835775000
1094.600000000 5.400000000 0.131940990700
1077.600000000 6.800000000 -0.080623343600
1081.350000000 9.200000000 0.133890941700
1077.600000000 5.000000000 -0.029430758200
1077.850000000 5.400000000 -0.045612171300
1094.600000000 4.800000000 0.062155969400
1094.600000000 5.000000000 0.070756517400
1081.350000000 9.000000000 0.126590937400
1077.350000000 5.200000000 0.007228037800
1094.600000000 4.600000000 0.052755504800
1094.600000000 5.200000000 0.077889770300
1081.350000000 8.600000000 -0.119198218000
1081.350000000 9.400000000 0.137330979100
1077.100000000 8.800000000 -0.119940608700
1081.100000000 9.000000000 -0.052373472600
1081.350000000 8.800000000 0.116137206600
1077.100000000 5.600000000 0.045975834100
1077.850000000 5.600000000 -0.040062855900
1077.600000000 5.200000000 -0.024908406700
1094.850000000 4.800000000 0.146524265400
1077.350000000 7.800000000 -0.120769821100
1077.600000000 6.600000000 -0.079411715300
1077.350000000 5.400000000 0.010332977400
1077.100000000 8.600000000 -0.120785214000
1081.100000000 9.400000000 0.100868538000
1081.100000000 9.200000000 0.090566813900
1077.100000000 5.800000000 0.044281348600
1077.600000000 5.400000000 -0.020543493300
1094.850000000 4.600000000 0.140417799400
1077.350000000 7.600000000 -0.118669599300
1077.100000000 8.400000000 -0.121320575500
1077.350000000 5.600000000 0.013701574900
1077.600000000 5.600000000 -0.015249101400
1077.100000000 6.000000000 0.041446536800
1077.600000000 6.400000000 -0.073851995200
1077.100000000 8.200000000 -0.119144670700
1077.600000000 5.800000000 -0.010988231700
1077.350000000 5.800000000 0.016346396900
1077.100000000 6.200000000 0.037487007700
1077.350000000 7.400000000 -0.113852068800
1077.600000000 6.200000000 -0.071894131600
1077.100000000 6.400000000 0.032519321900
1077.100000000 8.000000000 -0.118887871500
1077.600000000 6.000000000 -0.007375218900
1077.350000000 6.000000000 0.018085653000
1077.350000000 7.200000000 -0.107948154200
1077.100000000 6.600000000 0.026804348500
1077.100000000 7.800000000 -0.115615189100
1077.100000000 6.800000000 0.020712062700
1077.350000000 6.200000000 0.018773265200
1077.100000000 7.000000000 0.014647556500
1077.350000000 7.000000000 -0.104099124700
1077.100000000 7.200000000 0.008980741700
1077.100000000 7.400000000 0.004076184700
1077.100000000 7.600000000 -0.113806232800
1077.350000000 6.400000000 0.018331563100
1077.350000000 6.800000000 -0.097361601900
1077.350000000 6.600000000 0.016757030000
