875.260000000 8.000000000 0.299916565400
875.260000000 8.200000000 0.305466026100
875.510000000 8.000000000 0.320179730700
875.010000000 8.000000000 0.234011918300
875.260000000 7.800000000 0.284130424300
875.510000000 8.200000000 0.315515011500
875.010000000 8.200000000 0.246802255500
875.510000000 7.800000000 0.314005643100
875.010000000 7.800000000 0.215460673000
875.260000000 8.400000000 0.307552903900
874.760000000 8.200000000 0.149561330700
859.010000000 6.000000000 -0.095825471000
875.510000000 8.400000000 0.310882598200
874.760000000 8.000000000 0.138298362500
875.760000000 8.000000000 0.291570991300
875.010000000 8.400000000 0.253676891300
875.260000000 7.600000000 0.261883199200
875.760000000 8.200000000 0.278033763200
875.760000000 7.800000000 0.298012048000
859.260000000 6.000000000 -0.034408621500
875.010000000 7.600000000 0.188421592100
875.510000000 7.600000000 0.303904205600
874.760000000 8.400000000 0.157426565900
874.760000000 7.800000000 0.124263301500
874.510000000 8.200000000 0.042938169100
875.760000000 8.400000000 0.264430493100
859.010000000 6.200000000 -0.098139122100
874.510000000 8.400000000 0.049956467000
859.510000000 6.000000000 0.033443570100
874.510000000 8.000000000 0.027235809700
859.260000000 6.200000000 -0.042959850300
876.010000000 8.000000000 0.224300637800
876.010000000 8.200000000 0.206984072900
875.760000000 7.600000000 0.303047657000
876.010000000 7.800000000 0.240367874500
875.510000000 8.600000000 0.295301646000
860.760000000 10.000000000 -0.006594349200
875.260000000 8.600000000 0.294360399200
860.510000000 10.000000000 0.105416707700
874.260000000 8.200000000 -0.054833300400
876.010000000 8.400000000 0.196807473900
875.260000000 7.400000000 0.237860038900
875.760000000 8.600000000 0.255274266000
874.760000000 7.600000000 0.101385168700
875.010000000 8.600000000 0.252673059700
874.260000000 8.400000000 -0.040366802400
859.510000000 6.200000000 0.023522492500
861.010000000 10.000000000 -0.118633985500
876.010000000 7.600000000 0.257964700500
859.760000000 6.000000000 0.096527777600
875.010000000 7.400000000 0.164248213200
874.760000000 8.600000000 0.166466251000
875.510000000 7.400000000 0.288493841900
876.260000000 7.800000000 0.156520083500
860.260000000 10.000000000 0.193321034300
874.510000000 7.800000000 0.023360712500
876.260000000 8.000000000 0.138133183100
876.260000000 7.600000000 0.179165735800
874.510000000 8.600000000 0.058373153200
876.260000000 8.200000000 0.123418472700
876.510000000 7.600000000 0.084975197900
876.010000000 8.600000000 0.194825962200
874.260000000 8.000000000 -0.053240533900
859.010000000 6.400000000 -0.093672290400
876.510000000 7.800000000 0.066744856500
876.510000000 7.400000000 0.105897031700
859.260000000 6.400000000 -0.050273250800
861.260000000 10.000000000 -0.203355029200
876.260000000 7.400000000 0.195327907800
875.760000000 7.400000000 0.300567805800
876.760000000 7.400000000 0.005457344000
876.760000000 7.600000000 -0.006178614200
859.760000000 6.200000000 0.090083181900
876.510000000 8.000000000 0.053413666800
876.010000000 7.400000000 0.267454296400
876.260000000 8.400000000 0.118415311000
875.760000000 8.800000000 0.251182019700
874.260000000 8.600000000 -0.030182225600
876.510000000 7.200000000 0.119846634600
876.760000000 7.800000000 -0.012855959100
860.010000000 10.000000000 0.242412433000
859.510000000 6.400000000 0.013199062100
876.760000000 7.200000000 0.018760284400
874.760000000 7.400000000 0.086164541500
860.010000000 6.000000000 0.157185182000
876.510000000 8.200000000 0.045301258600
876.010000000 8.800000000 0.195933550600
875.510000000 8.800000000 0.275423497000
874.010000000 8.200000000 -0.100524842700
876.260000000 7.200000000 0.211891621400
876.760000000 8.000000000 -0.017615322000
877.010000000 7.400000000 -0.084080174600
874.510000000 7.600000000 0.029960095900
861.510000000 10.000000000 -0.238101035400
860.760000000 9.800000000 0.004570695100
876.260000000 8.600000000 0.119595937400
877.010000000 7.600000000 -0.083032824100
874.010000000 8.400000000 -0.090630509000
860.510000000 9.800000000 0.113215908400
861.010000000 9.800000000 -0.110151074800
862.510000000 9.800000000 0.032810650800
860.010000000 6.200000000 0.159252747900
875.260000000 7.200000000 0.208625033500
877.010000000 7.200000000 -0.081874840000
862.510000000 10.000000000 0.023910909900
876.510000000 8.400000000 0.037729628400
874.260000000 7.800000000 -0.046215314400
875.010000000 7.200000000 0.136540979100
859.760000000 6.400000000 0.086980186400
877.010000000 7.800000000 -0.078249074500
875.260000000 8.800000000 0.274465858900
861.260000000 9.800000000 -0.200595349100
876.010000000 7.200000000 0.270875543400
871.760000000 9.400000000 -0.127553850400
859.760000000 10.000000000 0.250041723300
862.760000000 9.800000000 0.085106648500
876.510000000 7.000000000 0.131126925300
876.760000000 7.000000000 0.028867999100
876.760000000 8.200000000 -0.019977524900
872.010000000 9.400000000 -0.191990643700
875.010000000 8.800000000 0.240344360500
875.510000000 7.200000000 0.266649156800
871.760000000 9.200000000 -0.123794317200
874.760000000 8.800000000 0.165852218900
860.260000000 9.800000000 0.191703334500
874.510000000 8.800000000 0.075697004800
862.260000000 10.000000000 -0.059121351700
859.260000000 6.600000000 -0.046796429900
874.010000000 8.000000000 -0.093458361900
875.760000000 9.000000000 0.242889374500
875.760000000 7.200000000 0.292512267800
876.260000000 8.800000000 0.112417317900
861.760000000 10.000000000 -0.214420348400
862.260000000 9.800000000 -0.053065814100
860.260000000 6.000000000 0.202142447200
861.510000000 9.800000000 -0.239893212900
862.760000000 10.000000000 0.077822364900
876.010000000 9.000000000 0.186974987400
871.510000000 9.200000000 -0.038636539100
872.010000000 9.200000000 -0.189561456400
877.010000000 8.000000000 -0.072729893000
874.760000000 7.200000000 0.071915783000
876.260000000 7.000000000 0.217807382300
860.260000000 6.200000000 0.212234348100
862.010000000 10.000000000 -0.150442361800
871.510000000 9.400000000 -0.042453013400
876.510000000 8.600000000 0.036994840900
872.260000000 9.400000000 -0.217105865500
859.510000000 6.600000000 0.005096569700
859.010000000 6.600000000 -0.085712887300
859.510000000 10.000000000 0.223237201600
862.510000000 9.600000000 0.035412568600
877.010000000 7.000000000 -0.077368363700
874.010000000 8.600000000 -0.081857182100
860.010000000 6.400000000 0.160229951100
874.510000000 7.400000000 0.028249800200
874.260000000 8.800000000 -0.014696349400
862.760000000 9.600000000 0.086026594000
876.760000000 8.400000000 -0.021749308300
875.510000000 9.000000000 0.266730904600
877.260000000 7.400000000 -0.155049040900
861.760000000 9.800000000 -0.216595426200
859.260000000 10.000000000 0.174272641500
859.010000000 10.000000000 0.117850504800
877.260000000 7.200000000 -0.164228573400
862.010000000 9.800000000 -0.149180010000
872.260000000 9.200000000 -0.215417191400
872.510000000 9.400000000 -0.197984054700
860.510000000 6.000000000 0.230352670000
860.010000000 9.800000000 0.228883117400
860.510000000 6.200000000 0.238011598600
877.260000000 7.600000000 -0.140502333600
877.010000000 8.200000000 -0.068193048200
876.260000000 9.000000000 0.109446935400
876.510000000 8.800000000 0.033271689000
860.260000000 6.400000000 0.220247849800
876.010000000 7.000000000 0.270158380300
871.260000000 9.200000000 0.040223192400
859.760000000 6.600000000 0.080784082400
860.760000000 6.000000000 0.224315688000
874.260000000 7.600000000 -0.034837145400
871.760000000 9.600000000 -0.119986735300
875.010000000 7.000000000 0.115253798700
860.760000000 6.200000000 0.229793325100
872.510000000 9.200000000 -0.195967808400
872.760000000 9.400000000 -0.144153967500
872.010000000 9.600000000 -0.179704457500
871.510000000 9.000000000 -0.040048893500
862.260000000 9.600000000 -0.050203416500
876.760000000 8.600000000 -0.028157485600
871.760000000 9.000000000 -0.118352048100
876.510000000 6.800000000 0.140766665300
875.260000000 9.000000000 0.248855784500
871.260000000 9.400000000 0.043849945100
875.260000000 7.000000000 0.183644428800
877.260000000 7.800000000 -0.125015124700
861.010000000 6.000000000 0.193864822400
876.760000000 6.800000000 0.039618231400
860.510000000 6.400000000 0.246203333100
875.760000000 9.200000000 0.235181972400
860.760000000 9.600000000 0.014408418000
872.260000000 9.600000000 -0.205631330600
877.260000000 7.000000000 -0.166710302200
861.010000000 6.200000000 0.186149433300
876.010000000 9.200000000 0.177068561300
860.510000000 9.600000000 0.116872474600
874.760000000 7.000000000 0.059910502300
861.010000000 9.600000000 -0.098575659100
871.510000000 9.600000000 -0.040697004600
874.510000000 7.200000000 0.027780413600
861.260000000 9.600000000 -0.190512776400
874.010000000 7.800000000 -0.078918598600
874.760000000 9.000000000 0.157334998300
871.510000000 7.400000000 -0.129310235400
872.510000000 9.600000000 -0.193699955900
877.010000000 8.400000000 -0.071073077600
875.760000000 7.000000000 0.278625577700
875.010000000 9.000000000 0.211482062900
860.760000000 6.400000000 0.229688167600
872.760000000 9.600000000 -0.150182053400
875.510000000 7.000000000 0.245084285700
871.260000000 9.000000000 0.033696629100
872.760000000 9.200000000 -0.142320081600
874.510000000 9.000000000 0.087705120400
873.010000000 9.400000000 -0.074504546800
873.010000000 9.600000000 -0.088809795700
871.760000000 7.400000000 -0.076056592200
861.510000000 9.600000000 -0.232629433300
876.510000000 9.000000000 0.022120842700
861.260000000 6.000000000 0.132777974000
876.260000000 6.800000000 0.217076018500
872.010000000 9.000000000 -0.180603653200
860.010000000 6.600000000 0.158918961900
876.760000000 8.800000000 -0.054040156300
877.260000000 8.000000000 -0.115108884900
859.760000000 9.800000000 0.227580875200
873.760000000 8.200000000 -0.097488962100
877.010000000 6.800000000 -0.067948199800
859.260000000 6.800000000 -0.039030678600
861.260000000 6.200000000 0.111531853700
860.260000000 9.600000000 0.185578554900
862.010000000 9.600000000 -0.145753070700
861.010000000 6.400000000 0.172691986000
873.260000000 9.800000000 -0.034501869200
875.510000000 9.200000000 0.258325487400
871.510000000 7.600000000 -0.132034525300
863.010000000 9.800000000 0.097573876400
873.260000000 10.000000000 -0.049562811900
876.260000000 9.200000000 0.095479659700
861.760000000 9.600000000 -0.211936667600
859.510000000 6.800000000 0.008861507300
874.010000000 8.800000000 -0.066002585000
873.010000000 9.800000000 -0.096618950400
873.260000000 9.600000000 -0.024591269000
862.760000000 9.400000000 0.079851575200
877.010000000 8.600000000 -0.101069130000
871.760000000 7.600000000 -0.075829289900
871.510000000 7.200000000 -0.121916659200
871.760000000 7.200000000 -0.069179065500
873.760000000 8.400000000 -0.093479394900
861.510000000 6.000000000 0.047296505400
859.010000000 9.800000000 0.132012397100
862.510000000 9.400000000 0.030780455100
872.010000000 7.400000000 0.000665212300
860.260000000 6.600000000 0.218676596900
874.260000000 9.000000000 0.012863750600
871.010000000 9.200000000 0.098202027400
871.260000000 7.400000000 -0.150580972400
873.010000000 9.200000000 -0.074908494900
877.260000000 8.200000000 -0.116324491800
872.260000000 9.000000000 -0.205325231000
861.260000000 6.400000000 0.086660482000
863.010000000 10.000000000 0.095491014400
873.260000000 9.400000000 -0.008497041700
872.010000000 7.800000000 0.150540038900
876.760000000 9.000000000 -0.061240792300
859.510000000 9.800000000 0.199348792400
861.510000000 6.200000000 0.019017851000
863.010000000 9.600000000 0.095374524600
871.260000000 9.600000000 0.037001662000
873.510000000 10.000000000 0.005572453100
874.260000000 7.400000000 -0.012240088500
860.510000000 6.600000000 0.241971656700
859.260000000 9.800000000 0.157927170400
872.260000000 7.600000000 0.140158265800
873.010000000 10.000000000 -0.108166761700
859.010000000 6.800000000 -0.075288720400
865.010000000 9.000000000 -0.004424428100
876.010000000 6.800000000 0.259692400700
877.510000000 7.200000000 -0.213263988500
874.510000000 7.000000000 0.028463484700
871.010000000 9.400000000 0.100746862600
877.010000000 8.800000000 -0.123580560100
871.510000000 8.800000000 -0.042681455600
872.010000000 7.600000000 0.149750039000
875.010000000 6.800000000 0.097135894000
875.260000000 9.200000000 0.243138343100
866.010000000 8.000000000 -0.157514005900
877.510000000 7.400000000 -0.200889557600
876.510000000 9.200000000 0.014228572100
872.760000000 9.800000000 -0.150351792600
873.510000000 9.800000000 0.025465037700
860.760000000 6.600000000 0.220980748500
868.760000000 7.400000000 -0.029866615300
872.260000000 7.400000000 0.144105225800
872.010000000 7.200000000 0.004441906200
871.260000000 7.600000000 -0.149365752900
873.760000000 8.000000000 -0.089169278700
864.760000000 9.000000000 0.049969296900
865.010000000 8.800000000 -0.012289927300
874.760000000 6.800000000 0.051156822600
871.260000000 8.800000000 0.019783098300
871.010000000 9.000000000 0.087104857000
877.260000000 6.800000000 -0.159314438700
861.760000000 6.000000000 -0.043542195100
872.010000000 8.000000000 0.144751623300
866.260000000 8.000000000 -0.144908994400
871.760000000 7.800000000 0.146667882800
865.010000000 9.200000000 0.001973509800
877.260000000 8.400000000 -0.129680290800
859.760000000 6.800000000 0.080679900900
860.010000000 9.600000000 0.212192192700
872.510000000 9.000000000 -0.185752391800
871.760000000 8.000000000 0.146873161200
874.760000000 9.200000000 0.140108510900
872.510000000 7.400000000 0.117122754500
864.760000000 8.800000000 0.043553661600
875.010000000 9.200000000 0.198176190300
861.510000000 6.400000000 -0.008767915000
871.260000000 7.200000000 -0.145882055200
865.260000000 9.000000000 -0.061331052300
872.260000000 7.800000000 0.132432892900
876.010000000 9.400000000 0.160148695100
861.010000000 6.600000000 0.159421920800
866.010000000 7.800000000 -0.153210774100
875.260000000 6.800000000 0.157815724600
865.260000000 9.200000000 -0.056809037900
877.510000000 7.000000000 -0.213663786600
872.260000000 7.200000000 0.143331170100
874.510000000 9.200000000 0.088500425200
873.510000000 9.600000000 0.031155450300
875.760000000 9.400000000 0.218789175200
868.760000000 7.200000000 -0.025993585600
868.510000000 7.400000000 -0.092186048600
872.010000000 9.800000000 -0.162321999700
871.760000000 9.800000000 -0.108412876700
869.010000000 7.400000000 0.034681882700
870.510000000 6.400000000 0.105905734000
877.510000000 7.600000000 -0.181183844800
864.760000000 6.400000000 -0.080556914200
867.510000000 9.000000000 -0.148990482100
872.510000000 7.600000000 0.111704900900
871.760000000 8.800000000 -0.108816281000
864.760000000 9.200000000 0.052757825700
870.510000000 6.200000000 0.102984480600
862.260000000 9.400000000 -0.051086239500
872.510000000 7.200000000 0.128262549600
866.260000000 7.800000000 -0.141693621900
876.510000000 6.600000000 0.143059149400
872.510000000 9.800000000 -0.184390947200
861.760000000 6.200000000 -0.068746306000
869.510000000 8.200000000 -0.142151728300
865.260000000 8.800000000 -0.065489754100
865.010000000 8.600000000 -0.019753355500
876.760000000 6.600000000 0.047062449200
865.010000000 6.400000000 -0.106456108400
872.260000000 9.800000000 -0.189395323400
875.760000000 6.800000000 0.259720742700
876.260000000 6.400000000 0.087750561500
872.760000000 9.000000000 -0.133006796200
865.510000000 9.200000000 -0.111588887900
873.760000000 8.600000000 -0.088943399500
866.010000000 8.200000000 -0.155440837100
876.260000000 9.400000000 0.081629261400
877.260000000 8.600000000 -0.149870500000
861.260000000 6.600000000 0.071226336100
860.260000000 7.400000000 -0.013377738200
860.260000000 7.200000000 -0.011708010900
869.510000000 8.000000000 -0.147590249800
871.760000000 7.000000000 -0.056125249700
873.260000000 9.200000000 -0.012952424600
872.260000000 7.000000000 0.141701772800
877.010000000 9.000000000 -0.126743242100
865.510000000 9.000000000 -0.110944151900
864.760000000 6.600000000 -0.080336466400
869.760000000 8.200000000 -0.085095353400
870.760000000 6.400000000 0.129894137400
876.760000000 9.200000000 -0.065471559800
866.260000000 8.200000000 -0.142455205300
864.760000000 6.200000000 -0.076861664700
875.510000000 6.800000000 0.221253067300
871.510000000 7.800000000 -0.121930398000
860.510000000 7.200000000 0.032226819500
868.510000000 7.200000000 -0.086080081800
876.010000000 6.400000000 0.176833346500
871.510000000 7.000000000 -0.108421221400
864.760000000 8.600000000 0.031931314600
869.010000000 7.200000000 0.036706440200
865.010000000 6.600000000 -0.103751525300
876.510000000 6.400000000 -0.024067968100
865.760000000 9.200000000 -0.154293507300
874.010000000 7.600000000 -0.058739125700
876.510000000 6.200000000 -0.016216669200
871.010000000 8.800000000 0.072209559400
870.760000000 6.200000000 0.124821625600
876.260000000 6.200000000 0.090436376600
866.760000000 7.200000000 -0.139285832600
877.510000000 7.800000000 -0.155778303700
871.510000000 9.800000000 -0.036792378900
867.260000000 9.000000000 -0.074212923600
865.260000000 6.600000000 -0.009773225500
867.760000000 9.000000000 -0.181285262100
876.260000000 6.600000000 0.076444335300
876.010000000 6.600000000 0.177398473000
865.760000000 8.000000000 -0.130359724200
865.010000000 9.400000000 0.005002101400
865.260000000 8.600000000 -0.067845620200
868.760000000 7.600000000 -0.033272147200
872.510000000 7.000000000 0.138714104900
871.760000000 8.200000000 0.140169099000
866.760000000 7.400000000 -0.143997386100
873.760000000 10.000000000 0.066662356300
869.760000000 8.000000000 -0.094390131500
865.260000000 9.400000000 -0.053288750400
861.760000000 6.400000000 -0.089188039300
860.010000000 6.800000000 0.155589699700
865.010000000 6.200000000 -0.105894818900
861.510000000 6.600000000 -0.022016150900
872.260000000 6.800000000 0.137876465900
860.510000000 9.400000000 0.115685977000
865.510000000 9.400000000 -0.110284701000
859.010000000 9.600000000 0.130388483400
865.260000000 6.800000000 -0.009706759800
866.760000000 7.000000000 -0.130843862900
875.510000000 9.400000000 0.245685204900
865.510000000 8.800000000 -0.108073234600
860.510000000 7.400000000 0.027397308500
866.510000000 7.200000000 -0.159526616300
864.510000000 6.400000000 -0.028969373600
873.510000000 9.400000000 0.041080754300
872.760000000 10.000000000 -0.151492193300
865.760000000 9.000000000 -0.147227570400
860.760000000 9.400000000 0.022235436400
872.010000000 7.000000000 0.011942840200
869.510000000 8.400000000 -0.132027015100
871.010000000 9.600000000 0.099343672400
877.510000000 8.000000000 -0.148461028900
869.760000000 8.400000000 -0.073298536200
859.260000000 8.600000000 -0.025180060400
862.010000000 6.000000000 -0.113222800200
870.260000000 6.200000000 0.055070500800
866.510000000 8.000000000 -0.101042233400
863.010000000 9.400000000 0.089295193600
874.510000000 6.800000000 0.030188569800
877.010000000 6.600000000 -0.053272396300
859.010000000 8.600000000 0.027623882500
865.760000000 9.400000000 -0.156589373900
868.510000000 7.600000000 -0.088047429900
866.510000000 7.400000000 -0.158475667200
874.260000000 7.200000000 0.002115984000
865.010000000 8.400000000 -0.025221688700
860.010000000 7.400000000 -0.045032609300
872.260000000 8.000000000 0.125255391000
870.510000000 6.000000000 0.093747310300
870.010000000 8.200000000 -0.002995924800
872.010000000 8.200000000 0.133395552600
871.010000000 7.400000000 -0.140149995700
861.010000000 9.400000000 -0.084088541600
872.510000000 7.800000000 0.103351749500
864.510000000 6.200000000 -0.020776758000
861.260000000 9.400000000 -0.172885417900
865.510000000 6.800000000 -0.055499021000
864.510000000 6.600000000 -0.031965304200
877.260000000 8.800000000 -0.167255505900
867.510000000 8.800000000 -0.141409948500
867.510000000 9.200000000 -0.147205695500
873.010000000 9.000000000 -0.068355999900
870.260000000 6.400000000 0.054164372400
865.510000000 6.600000000 -0.060633052100
866.510000000 7.000000000 -0.158692911300
862.010000000 9.400000000 -0.140463858800
876.510000000 9.400000000 -0.001860333400
859.010000000 8.400000000 0.028202960300
867.010000000 7.200000000 -0.087786994900
874.010000000 9.000000000 -0.036415994200
859.260000000 8.400000000 -0.018656225900
861.510000000 9.400000000 -0.216127842700
869.260000000 8.400000000 -0.050146848000
865.760000000 7.800000000 -0.127819448700
871.260000000 8.600000000 0.002943749300
865.260000000 6.400000000 -0.011279499200
860.260000000 7.600000000 -0.013895231300
860.510000000 7.000000000 0.042945750100
870.510000000 6.600000000 0.101685181300
859.760000000 9.600000000 0.203452631800
877.510000000 8.200000000 -0.152876406900
864.760000000 6.000000000 -0.070470489600
870.010000000 8.400000000 0.008126581100
876.760000000 6.200000000 -0.121260084200
869.260000000 8.200000000 -0.158093780300
876.010000000 6.200000000 0.171758204700
871.510000000 8.000000000 0.121745005200
869.260000000 8.600000000 -0.047666460300
860.260000000 6.800000000 0.214654415800
874.260000000 9.200000000 0.038247738000
870.760000000 6.600000000 0.128386303800
867.010000000 7.000000000 -0.080099836000
865.260000000 7.000000000 -0.011987139500
866.010000000 9.200000000 -0.164614409200
872.010000000 8.800000000 -0.161146521600
865.510000000 7.000000000 -0.051329318400
875.760000000 6.600000000 0.228338345900
865.260000000 8.400000000 -0.067211590700
869.260000000 8.000000000 -0.158789232400
860.260000000 9.400000000 0.174786940200
876.510000000 6.000000000 -0.005209320200
860.510000000 6.800000000 0.234408065700
867.760000000 9.200000000 -0.181638002400
861.760000000 9.400000000 -0.203795462800
859.260000000 7.000000000 -0.027732597700
866.760000000 7.600000000 -0.144859746100
876.760000000 6.400000000 -0.128592416600
875.760000000 6.400000000 0.225347787100
860.260000000 7.000000000 -0.000235293600
859.260000000 8.800000000 -0.027779137700
866.760000000 6.800000000 -0.122899346100
869.010000000 7.600000000 0.029158789700
865.510000000 8.600000000 -0.102786235500
867.010000000 7.400000000 -0.103916347000
870.760000000 9.200000000 0.122768841700
870.260000000 8.400000000 0.094557233200
866.010000000 7.600000000 -0.143377512700
864.760000000 6.800000000 -0.076187185900
864.510000000 6.000000000 -0.019332470400
869.260000000 7.400000000 0.082226015600
859.510000000 8.600000000 -0.080241747200
866.260000000 7.200000000 -0.153638571500
869.510000000 7.800000000 -0.148075357100
871.510000000 8.600000000 -0.050644170500
860.760000000 7.200000000 0.090248234600
872.510000000 6.800000000 0.146242097000
860.010000000 7.200000000 -0.044464420500
870.760000000 6.000000000 0.115119561600
859.510000000 7.000000000 0.017491033300
874.760000000 9.400000000 0.139369890100
867.260000000 9.200000000 -0.070097073900
871.260000000 7.800000000 -0.143256381200
869.010000000 8.400000000 -0.103429034400
860.010000000 7.600000000 -0.038078729100
866.510000000 7.600000000 -0.150840669900
871.260000000 7.000000000 -0.138502672300
874.760000000 6.600000000 0.046209402400
874.510000000 9.400000000 0.084993243200
866.510000000 7.800000000 -0.100592814400
865.760000000 8.200000000 -0.129154965300
866.010000000 9.400000000 -0.167656287600
875.260000000 9.400000000 0.237227127000
859.010000000 8.800000000 0.029411871000
864.760000000 9.400000000 0.048791777300
870.260000000 8.200000000 0.085796579700
865.760000000 8.800000000 -0.136473879200
877.510000000 6.800000000 -0.205947890900
866.260000000 7.000000000 -0.157798364800
866.510000000 8.200000000 -0.099428094900
872.760000000 7.400000000 0.183897569800
867.260000000 8.800000000 -0.075488627000
860.760000000 6.800000000 0.207916513100
875.010000000 6.600000000 0.084746494900
866.510000000 6.800000000 -0.152819886800
873.760000000 9.800000000 0.066804401600
871.010000000 7.600000000 -0.134536653800
865.510000000 7.200000000 -0.049638498600
864.760000000 8.400000000 0.022796828300
878.010000000 6.000000000 -0.079661913200
871.010000000 7.200000000 -0.140828922400
864.260000000 6.400000000 0.043091438700
876.260000000 6.000000000 0.092743217900
867.010000000 9.000000000 0.017831960700
864.010000000 10.000000000 -0.113493323300
866.260000000 7.400000000 -0.148025110400
871.010000000 8.600000000 0.058779839400
877.510000000 8.400000000 -0.152342170500
862.010000000 6.200000000 -0.126039370900
870.010000000 8.000000000 -0.015307055800
871.260000000 9.800000000 0.031870488100
875.010000000 9.400000000 0.196478515900
878.760000000 6.000000000 -0.235193043900
861.760000000 6.600000000 -0.096135191600
866.260000000 7.600000000 -0.133421048500
865.260000000 7.200000000 -0.017209811100
872.760000000 7.600000000 0.077706418900
862.760000000 9.200000000 0.066858910000
859.260000000 9.600000000 0.152451202300
870.260000000 6.000000000 0.045716378800
865.260000000 8.200000000 -0.064709402600
865.510000000 6.400000000 -0.065100356900
865.760000000 7.000000000 -0.095219232100
876.760000000 6.000000000 -0.108426272900
866.010000000 9.000000000 -0.156029596900
859.510000000 8.400000000 -0.068994477400
870.760000000 9.000000000 0.118064217300
869.260000000 7.200000000 0.083213366600
864.260000000 6.200000000 0.044398345100
865.010000000 6.800000000 -0.097709737700
864.510000000 6.800000000 -0.032783098500
872.260000000 6.600000000 0.132283881300
878.260000000 6.000000000 -0.153695628000
864.510000000 9.000000000 0.080688007200
877.010000000 9.200000000 -0.126001134500
865.760000000 7.200000000 -0.089419141400
869.010000000 8.600000000 -0.095228895500
865.510000000 8.400000000 -0.095130994900
864.510000000 8.800000000 0.078968286500
866.010000000 7.200000000 -0.126893252100
868.260000000 7.400000000 -0.126930311300
869.510000000 8.600000000 0.017599079800
865.010000000 6.000000000 -0.102795191100
872.010000000 6.800000000 0.109073028000
865.510000000 7.400000000 -0.051357872800
864.260000000 6.600000000 0.032284226300
865.010000000 8.200000000 -0.027588665500
870.010000000 6.200000000 -0.019663048900
866.010000000 7.000000000 -0.132918551600
867.010000000 6.800000000 -0.072571553300
867.760000000 8.800000000 -0.169866293700
865.760000000 6.800000000 -0.101358488200
865.260000000 8.000000000 -0.057028301100
870.510000000 8.400000000 0.135731533200
867.010000000 9.200000000 0.023543758300
865.260000000 7.400000000 -0.025366207600
861.010000000 6.800000000 0.141298204700
870.760000000 9.400000000 0.123555496300
863.760000000 10.000000000 -0.099863074700
878.510000000 6.000000000 -0.210120111700
860.760000000 7.000000000 0.094937451200
865.510000000 7.600000000 -0.057784076800
865.760000000 7.400000000 -0.085246302200
859.510000000 9.600000000 0.174666985900
866.260000000 6.800000000 -0.156226739300
865.260000000 7.800000000 -0.046833891400
869.760000000 7.800000000 -0.101311385600
862.760000000 6.000000000 0.043450731800
865.260000000 7.600000000 -0.035709064500
865.510000000 8.200000000 -0.085571266700
866.010000000 7.400000000 -0.120093956600
861.760000000 7.200000000 0.157792449000
868.760000000 7.000000000 -0.023759940600
870.010000000 6.400000000 -0.023323742700
865.510000000 7.800000000 -0.064947113400
878.010000000 6.200000000 -0.098988123200
859.510000000 8.800000000 -0.087386980700
878.760000000 6.200000000 -0.225931301700
859.010000000 8.200000000 0.031232688600
867.010000000 7.600000000 -0.108424358100
877.260000000 6.600000000 -0.143737986700
865.510000000 8.000000000 -0.075065173200
872.760000000 7.200000000 0.102071024500
862.510000000 6.000000000 0.107439704200
876.760000000 9.400000000 -0.066586270900
860.760000000 7.400000000 0.084188662500
869.010000000 8.200000000 -0.100517757200
878.510000000 8.000000000 -0.153364166600
871.510000000 8.200000000 0.123504318300
862.510000000 9.200000000 0.019138258000
878.760000000 8.600000000 -0.130976915400
864.010000000 6.400000000 0.104858838000
878.260000000 8.000000000 -0.094348736100
870.260000000 8.600000000 0.097874574400
865.760000000 9.600000000 -0.150932982600
870.010000000 8.600000000 0.018323546300
877.260000000 9.000000000 -0.165519565300
861.260000000 6.800000000 0.051422037200
869.760000000 8.600000000 -0.059260997900
870.510000000 8.200000000 0.131173148800
865.510000000 9.600000000 -0.107382319900
865.760000000 8.600000000 -0.123580917700
864.260000000 6.000000000 0.043392770000
864.260000000 10.000000000 -0.115214705500
878.760000000 8.400000000 -0.133394271100
873.760000000 7.800000000 -0.074160993100
866.010000000 8.400000000 -0.145148918000
878.260000000 6.200000000 -0.162953630100
866.760000000 8.000000000 -0.045201621900
861.510000000 7.200000000 0.186333909600
877.760000000 6.000000000 -0.008309492800
865.760000000 7.600000000 -0.083686418800
877.510000000 8.600000000 -0.166084319400
860.510000000 7.600000000 0.025742335200
859.260000000 8.200000000 -0.012811861000
864.010000000 6.600000000 0.102329745900
876.010000000 9.600000000 0.140873044700
866.010000000 6.800000000 -0.136066466600
875.760000000 6.200000000 0.213909521700
869.260000000 7.800000000 -0.154344126600
870.760000000 8.800000000 0.113451540500
861.510000000 6.800000000 -0.038419280200
865.260000000 9.600000000 -0.051854997900
878.260000000 8.200000000 -0.090431891400
861.760000000 7.000000000 0.153382137400
866.260000000 8.400000000 -0.134906277100
878.510000000 6.200000000 -0.209378123300
875.260000000 6.600000000 0.137062341000
873.510000000 9.200000000 0.032541230300
875.510000000 6.600000000 0.230923801700
870.260000000 8.000000000 0.071365654500
865.760000000 6.600000000 -0.106486268300
871.760000000 8.400000000 0.128840521000
867.260000000 7.200000000 -0.026666287300
872.760000000 7.800000000 0.075427189500
872.260000000 8.800000000 -0.182508468600
864.510000000 8.600000000 0.072753347500
865.260000000 6.200000000 -0.110431782900
864.260000000 6.800000000 0.026370117400
866.760000000 7.800000000 -0.141367241700
868.010000000 9.000000000 -0.161837697000
872.510000000 8.000000000 0.097141675700
873.760000000 9.600000000 0.071254119300
869.260000000 8.800000000 -0.034062374400
876.260000000 9.600000000 0.067880921100
872.510000000 10.000000000 0.093246720700
877.010000000 6.200000000 -0.197639718700
870.260000000 6.600000000 0.048456769400
878.510000000 8.200000000 -0.147256240200
866.760000000 6.600000000 -0.113561987900
873.260000000 9.000000000 -0.011243535200
865.010000000 8.000000000 -0.030512034900
868.510000000 7.000000000 -0.076310075800
871.760000000 6.800000000 -0.038822524200
865.010000000 9.600000000 0.003038659700
864.510000000 9.200000000 0.080633148600
869.010000000 7.000000000 0.034570287900
878.510000000 7.800000000 -0.160513371200
862.010000000 6.400000000 -0.132384076700
866.010000000 9.600000000 -0.164627194400
861.010000000 7.200000000 0.144005522100
868.260000000 7.200000000 -0.119739927400
872.260000000 10.000000000 0.015214653700
876.010000000 6.000000000 0.167187184100
872.260000000 8.200000000 0.113752439600
859.010000000 7.000000000 -0.068255700200
866.010000000 8.800000000 -0.143427208100
871.010000000 6.400000000 0.121129073200
870.510000000 8.600000000 0.131985694200
870.760000000 8.600000000 0.111205875900
859.760000000 8.600000000 -0.127896621800
872.510000000 6.600000000 0.148542910800
875.760000000 9.600000000 0.192809119800
866.260000000 9.200000000 -0.144721627200
869.510000000 6.000000000 -0.129003301300
875.510000000 6.400000000 0.223050952000
863.010000000 6.000000000 -0.044073827600
861.510000000 7.000000000 0.182276755600
871.010000000 8.400000000 0.050217323000
873.760000000 8.800000000 -0.078331999500
867.260000000 7.400000000 -0.033161375700
867.260000000 7.000000000 -0.020082155200
869.760000000 6.200000000 -0.096966721100
871.260000000 8.400000000 -0.011149780800
865.760000000 8.400000000 -0.110317468600
859.760000000 7.000000000 0.083002395900
860.010000000 9.400000000 0.193117752700
878.760000000 8.800000000 -0.124626733400
877.760000000 7.200000000 -0.211762189900
866.510000000 6.600000000 -0.143290489900
866.260000000 9.400000000 -0.146686196300
866.760000000 8.200000000 -0.045048456600
877.760000000 6.200000000 -0.026843670800
867.010000000 8.800000000 0.007673656100
864.010000000 6.200000000 0.102215580600
860.010000000 7.000000000 -0.038691818700
874.260000000 9.400000000 0.039127435500
872.010000000 6.600000000 0.097978815400
877.010000000 6.400000000 -0.198895499100
868.010000000 9.200000000 -0.160946846000
878.760000000 8.200000000 -0.131888985600
871.010000000 6.200000000 0.118883505500
861.260000000 7.200000000 0.182443141900
864.760000000 8.200000000 0.007978403000
872.010000000 8.400000000 0.119071669900
878.260000000 7.800000000 -0.095147535200
866.760000000 9.200000000 0.101602993900
870.010000000 6.000000000 -0.017625192200
871.760000000 8.600000000 -0.101727403700
878.010000000 8.000000000 -0.007644950900
869.510000000 8.800000000 0.026729812800
877.010000000 6.000000000 -0.190151453000
869.760000000 6.400000000 -0.099755428700
864.510000000 7.000000000 -0.040186666000
873.760000000 9.400000000 0.135453388100
874.260000000 7.000000000 0.016128379900
871.510000000 6.800000000 -0.091882802500
870.760000000 8.400000000 0.110957883300
868.260000000 7.600000000 -0.126957252600
869.260000000 7.600000000 0.075563132800
864.010000000 9.800000000 -0.092963807300
878.010000000 8.200000000 0.004478071400
860.010000000 7.800000000 -0.030363781400
859.260000000 9.000000000 -0.030274342700
865.010000000 7.800000000 -0.025368064600
871.010000000 7.000000000 -0.140764325900
865.010000000 7.000000000 0.016366420300
862.010000000 7.200000000 0.104943640500
878.510000000 8.600000000 -0.180923014900
872.760000000 7.000000000 0.118724465400
878.760000000 6.400000000 -0.211744666100
871.260000000 8.000000000 0.082667551900
874.510000000 6.600000000 0.033588822900
878.010000000 6.400000000 -0.114810995800
873.010000000 7.400000000 0.169358804800
872.010000000 10.000000000 -0.045591443800
859.010000000 9.400000000 0.126928418900
878.510000000 8.400000000 -0.182838469700
863.760000000 6.600000000 0.143099799800
878.260000000 6.400000000 -0.168845787600
862.010000000 7.000000000 0.104680404100
872.510000000 8.800000000 0.091368354900
860.260000000 7.800000000 -0.006388776900
861.010000000 7.000000000 0.144493296700
867.010000000 6.600000000 -0.066209517400
878.760000000 8.000000000 -0.172228768500
877.760000000 8.200000000 -0.180548429500
872.760000000 8.800000000 0.130337104200
864.510000000 10.000000000 -0.103922829000
870.010000000 7.800000000 -0.029145533200
866.760000000 9.000000000 0.095639452300
859.760000000 8.400000000 -0.116274513300
861.760000000 6.800000000 -0.104660548300
859.010000000 9.000000000 0.031707134100
877.760000000 7.400000000 -0.202322959900
869.760000000 6.000000000 -0.153196662700
870.760000000 7.400000000 -0.102817855800
877.760000000 7.000000000 -0.210195809600
874.010000000 10.000000000 0.110744081400
874.510000000 9.600000000 0.083438806200
864.010000000 6.800000000 0.087288074200
878.510000000 6.400000000 -0.203756064200
878.760000000 7.800000000 -0.174844369300
864.760000000 7.000000000 -0.074653133700
863.260000000 6.000000000 -0.120482608700
869.260000000 6.000000000 -0.077510736900
877.760000000 8.400000000 -0.181894078900
863.760000000 6.400000000 0.146466523400
877.510000000 8.800000000 -0.176487922700
866.260000000 9.000000000 -0.139616102000
866.260000000 6.600000000 -0.150468722000
877.760000000 8.000000000 -0.174646630900
859.510000000 8.200000000 -0.061084497700
870.510000000 8.000000000 0.119576998100
862.260000000 6.000000000 -0.141832321900
876.510000000 9.600000000 -0.006686836500
864.010000000 9.200000000 -0.037588127000
865.010000000 7.600000000 -0.017032403500
878.260000000 8.400000000 -0.073182530700
873.760000000 9.200000000 0.149361386900
861.260000000 7.000000000 0.180394575000
861.510000000 7.400000000 0.182017937300
861.760000000 7.400000000 0.156418606600
865.260000000 6.000000000 -0.112521171600
859.760000000 7.400000000 -0.070061020600
866.010000000 6.600000000 -0.137703403800
864.010000000 9.000000000 -0.029252154800
866.510000000 8.400000000 -0.095721840900
865.010000000 7.200000000 0.005146814000
869.010000000 8.800000000 -0.081678129700
871.510000000 8.400000000 -0.060623347800
862.510000000 6.200000000 0.093063019200
861.010000000 7.400000000 0.140450164700
863.760000000 9.800000000 -0.086911872000
864.260000000 7.000000000 0.010258644800
875.510000000 9.600000000 0.228831663700
871.010000000 6.000000000 0.115059986700
862.760000000 6.200000000 0.033632881900
870.760000000 7.200000000 -0.110590748500
874.760000000 9.600000000 0.142880126800
878.510000000 8.800000000 -0.174267664600
873.010000000 7.600000000 0.167042866300
865.510000000 6.200000000 -0.068060807900
867.010000000 7.800000000 -0.107677482100
873.510000000 9.000000000 0.173438280800
864.510000000 8.400000000 0.055990677300
866.010000000 8.600000000 -0.129099756500
871.010000000 6.600000000 0.120108619300
863.510000000 6.000000000 -0.179520398400
865.010000000 7.400000000 -0.006443857200
872.760000000 8.000000000 0.080470658800
869.510000000 7.600000000 -0.143974036000
867.260000000 6.800000000 -0.006822336000
864.260000000 9.800000000 -0.096512369800
865.760000000 6.400000000 -0.109362907700
874.010000000 9.600000000 0.070370674100
867.010000000 8.000000000 0.001753059300
871.760000000 10.000000000 -0.087491527200
877.760000000 7.800000000 -0.174314722400
870.760000000 6.800000000 0.119393214600
864.010000000 9.400000000 -0.052932553000
867.260000000 7.600000000 -0.037952326200
878.260000000 8.600000000 -0.204067796500
859.760000000 8.800000000 -0.137412384200
864.760000000 9.600000000 0.041103195400
878.010000000 8.400000000 0.004602083000
863.510000000 10.000000000 -0.082627482700
866.260000000 9.600000000 -0.144696608200
861.260000000 7.400000000 0.176494821900
867.510000000 9.400000000 -0.136635825000
870.760000000 8.200000000 0.133363559800
864.010000000 9.600000000 -0.071386665100
870.510000000 6.800000000 0.090625830000
859.760000000 7.600000000 -0.061527121800
877.760000000 8.600000000 -0.182282447800
877.760000000 6.400000000 -0.047389041600
864.760000000 8.000000000 0.002273630800
874.010000000 7.400000000 -0.027214910800
863.010000000 9.200000000 0.080036349600
864.260000000 9.200000000 -0.055813398200
878.010000000 7.800000000 -0.006869828800
870.260000000 8.800000000 0.090471223000
862.010000000 6.600000000 -0.131489902700
862.260000000 9.200000000 -0.055625669700
871.010000000 7.800000000 -0.128129616400
871.010000000 9.800000000 0.085449494400
871.260000000 6.800000000 -0.127174615900
870.010000000 6.600000000 -0.027327789000
872.510000000 8.200000000 0.093005791300
870.760000000 9.600000000 0.126060888200
864.010000000 6.000000000 0.095675535500
877.760000000 7.600000000 -0.181999295900
873.010000000 8.800000000 0.169871226000
869.510000000 6.200000000 -0.141886711100
870.760000000 7.600000000 -0.095452025500
874.010000000 9.400000000 0.092784956100
872.510000000 8.600000000 0.090164862600
869.510000000 6.400000000 -0.141644701400
875.260000000 6.400000000 0.183098912200
863.260000000 10.000000000 -0.095762178300
872.760000000 8.600000000 0.119174785900
868.760000000 8.400000000 -0.116649992800
875.510000000 6.200000000 0.208435371500
878.510000000 7.600000000 -0.157359153000
868.760000000 7.800000000 -0.030112402500
864.260000000 9.000000000 -0.048836316900
874.010000000 9.800000000 0.050683379200
878.760000000 9.000000000 -0.115019679100
859.510000000 9.000000000 -0.094679012900
877.010000000 9.400000000 -0.121444866100
859.760000000 7.200000000 -0.075120560800
870.260000000 7.800000000 0.051499597700
870.010000000 8.800000000 0.027625689300
872.760000000 6.800000000 0.132917687300
867.760000000 9.400000000 -0.170146629200
869.510000000 7.400000000 0.102770932000
872.260000000 8.400000000 0.094008348900
867.510000000 8.600000000 -0.127335101400
864.260000000 9.400000000 -0.065342135700
864.760000000 10.000000000 -0.087067656200
874.260000000 9.600000000 0.030687166400
867.260000000 9.400000000 -0.060186836900
877.260000000 9.200000000 -0.160162404200
875.010000000 9.600000000 0.196725755900
874.010000000 9.200000000 -0.008794869300
864.260000000 9.600000000 -0.080634407700
863.760000000 6.800000000 0.137132793700
863.760000000 6.000000000 -0.197775751400
869.010000000 6.000000000 -0.011363227900
867.010000000 9.400000000 0.032811082900
868.010000000 8.800000000 -0.154850468000
869.260000000 7.000000000 0.078820608600
878.010000000 8.600000000 -0.198430299800
867.010000000 8.200000000 0.001149879500
868.510000000 7.800000000 -0.084152735800
871.260000000 8.200000000 0.085243381600
869.760000000 8.800000000 0.094072900700
869.010000000 8.000000000 -0.127229571300
874.760000000 6.400000000 0.047784786700
875.260000000 9.600000000 0.229491978900
866.260000000 8.800000000 -0.132683888100
867.260000000 8.600000000 -0.072848804300
878.760000000 6.600000000 -0.196299776400
869.760000000 7.600000000 -0.106323167700
864.510000000 9.800000000 -0.096604108800
878.260000000 8.800000000 -0.190482780300
871.510000000 10.000000000 -0.032033715400
872.260000000 6.400000000 0.124914489700
872.260000000 8.600000000 0.082421287900
875.760000000 6.000000000 0.196304827900
860.760000000 7.600000000 0.077669806800
873.760000000 9.000000000 0.159805312800
864.510000000 8.200000000 0.045571681100
878.510000000 6.600000000 -0.194523468600
878.760000000 7.600000000 -0.173319444100
869.010000000 9.000000000 0.107672460400
862.010000000 7.400000000 0.107315242300
873.010000000 7.200000000 0.164520263700
863.010000000 6.200000000 -0.045708119900
866.760000000 9.400000000 0.108417309800
862.010000000 6.800000000 0.103197217000
863.760000000 6.200000000 0.141447603700
875.010000000 6.400000000 0.131372883900
878.260000000 6.600000000 -0.170940041500
864.010000000 8.800000000 -0.023283595200
872.510000000 8.400000000 0.090727932800
873.010000000 7.800000000 0.074097320400
873.510000000 8.200000000 -0.057532642000
867.510000000 7.200000000 0.042297508600
866.510000000 9.400000000 -0.098228871800
863.760000000 9.200000000 -0.039504528000
877.260000000 6.200000000 -0.227863639600
870.510000000 8.800000000 0.124594166900
877.510000000 6.600000000 -0.194969579600
863.760000000 9.600000000 -0.070259921300
867.510000000 7.400000000 0.038526184900
872.760000000 8.200000000 0.091228373300
864.510000000 9.400000000 0.068465121100
864.510000000 7.200000000 -0.046534065200
878.010000000 6.600000000 -0.127607837300
866.760000000 6.400000000 -0.103617943800
863.260000000 9.800000000 -0.097390703900
871.010000000 8.200000000 0.046962771600
872.010000000 8.600000000 0.105137981500
863.510000000 8.000000000 0.097065985200
869.510000000 7.200000000 0.101977400500
859.010000000 8.000000000 0.034697134000
870.760000000 7.000000000 -0.118071511400
877.260000000 6.000000000 -0.229368090600
868.260000000 9.000000000 -0.100424014000
872.760000000 8.400000000 0.104919612400
873.010000000 8.600000000 0.153692454100
865.760000000 9.800000000 -0.142939463300
878.260000000 7.600000000 -0.092122592000
873.260000000 7.400000000 0.121452689200
868.760000000 9.000000000 0.047312595000
868.760000000 8.600000000 -0.114430151900
870.510000000 7.400000000 -0.060033682700
863.760000000 9.400000000 -0.053107906100
878.760000000 7.000000000 0.018268933500
859.260000000 9.400000000 0.138208523400
866.760000000 8.400000000 -0.046473916600
863.760000000 9.000000000 -0.027793943900
864.510000000 9.600000000 -0.093250431100
878.760000000 7.200000000 0.010492252200
864.760000000 7.800000000 -0.007726410900
866.510000000 9.200000000 -0.100832693300
877.510000000 9.000000000 -0.173143848800
877.510000000 6.000000000 0.051483035100
859.760000000 9.400000000 0.179460883100
862.260000000 7.000000000 0.045417282700
862.260000000 6.200000000 -0.137368232000
878.510000000 9.000000000 -0.163587778800
877.760000000 8.800000000 -0.181449309000
864.010000000 7.000000000 0.075679130900
868.260000000 7.000000000 -0.113262720400
866.010000000 9.800000000 -0.156013220500
878.010000000 8.800000000 -0.196100950200
874.760000000 6.200000000 0.086658231900
869.760000000 6.600000000 -0.091123662900
860.510000000 9.200000000 0.109940663000
864.260000000 7.200000000 -0.005980276500
868.760000000 6.000000000 0.055615983900
876.760000000 9.600000000 -0.064773760700
868.760000000 8.200000000 -0.110248193100
859.260000000 8.000000000 -0.006083697100
862.260000000 7.200000000 0.042051196100
865.510000000 9.800000000 -0.104507722000
873.260000000 8.800000000 0.187507942300
877.760000000 6.800000000 -0.203022792900
873.010000000 8.000000000 0.089686617300
860.010000000 8.600000000 -0.156203076200
878.760000000 9.800000000 0.022049596500
871.010000000 6.800000000 -0.139133215000
866.260000000 8.600000000 -0.125536665300
868.260000000 9.200000000 -0.095964625500
874.510000000 6.400000000 0.052940283000
863.760000000 8.000000000 0.103822171700
866.510000000 6.400000000 -0.131032228500
863.260000000 6.200000000 -0.122101180300
867.010000000 6.400000000 -0.061714146300
867.260000000 6.600000000 -0.006282600100
873.510000000 8.400000000 -0.059494514000
878.760000000 9.600000000 0.014377638700
866.760000000 8.800000000 0.081114955200
869.010000000 7.800000000 0.020364929000
865.260000000 9.800000000 -0.049333121600
873.260000000 7.600000000 0.116728648500
868.760000000 8.800000000 0.030159762100
866.510000000 9.600000000 -0.094782047000
873.510000000 8.800000000 0.168894246200
859.760000000 8.200000000 -0.106625117400
874.760000000 6.000000000 0.093614347300
867.510000000 7.000000000 0.045087341200
870.510000000 7.800000000 0.101666688900
870.760000000 8.000000000 0.127921298100
875.010000000 6.200000000 0.125057682400
859.760000000 7.800000000 -0.054210819300
860.760000000 9.200000000 0.028057966400
875.260000000 6.200000000 0.170199185600
870.510000000 7.200000000 -0.069798402500
871.010000000 8.000000000 0.033446602500
870.510000000 9.000000000 0.128752589200
877.260000000 6.400000000 -0.220874667200
872.010000000 6.400000000 0.090659871700
870.510000000 7.600000000 -0.052764810600
862.510000000 6.400000000 0.068929158200
860.510000000 7.800000000 0.027421994100
871.760000000 6.600000000 0.062433872400
864.760000000 9.800000000 -0.094631329200
874.260000000 9.800000000 0.021877100700
869.260000000 6.200000000 -0.071619056200
869.260000000 9.000000000 -0.021943524500
868.510000000 9.000000000 -0.021510431500
864.510000000 8.000000000 0.026612440100
877.510000000 6.200000000 0.038328558200
873.010000000 8.400000000 0.131949454500
862.010000000 9.200000000 -0.133833184800
874.260000000 6.800000000 0.031929142800
872.510000000 6.400000000 0.143901974000
874.510000000 6.200000000 0.069037556600
863.510000000 6.600000000 0.149839431000
867.510000000 7.600000000 0.034691881400
878.260000000 9.000000000 -0.182663291700
863.510000000 6.200000000 -0.174237996300
873.010000000 8.200000000 0.109476029900
874.510000000 9.800000000 0.088214099400
864.260000000 8.800000000 -0.045143246700
874.510000000 6.000000000 0.087424397500
870.010000000 7.600000000 -0.044679928600
878.760000000 6.800000000 0.021871754900
877.760000000 6.600000000 -0.067597620200
870.510000000 9.200000000 0.122399516400
860.260000000 9.200000000 0.147933498000
878.760000000 7.400000000 -0.011802305500
863.260000000 9.600000000 -0.097487688100
865.010000000 9.800000000 -0.004900772600
866.510000000 9.000000000 -0.103364244100
869.510000000 9.000000000 0.030684022200
867.760000000 7.400000000 0.088410176300
872.760000000 6.600000000 0.140655025800
862.260000000 6.800000000 0.057890210300
867.260000000 7.800000000 -0.039582960300
873.260000000 8.600000000 0.174243018000
866.010000000 6.400000000 -0.134689450300
868.010000000 9.400000000 -0.152238115700
865.510000000 6.000000000 -0.104555033100
869.760000000 10.000000000 -0.021963741600
860.010000000 8.400000000 -0.148095682300
861.010000000 9.200000000 -0.066961556700
878.760000000 10.000000000 0.032805282600
867.760000000 8.600000000 -0.153630927200
859.510000000 9.400000000 0.154592379900
861.260000000 9.200000000 -0.148445516800
863.510000000 9.800000000 -0.086202383000
878.510000000 6.800000000 -0.182198956600
867.760000000 7.600000000 0.086761303200
866.260000000 6.400000000 -0.140861779500
870.010000000 10.000000000 0.028811007700
867.010000000 8.600000000 -0.001678167100
868.760000000 6.800000000 -0.018719552100
868.010000000 7.600000000 0.107453979600
866.260000000 9.800000000 -0.138553112700
863.510000000 6.400000000 0.148216605200
862.760000000 6.400000000 0.020296046500
868.760000000 9.200000000 0.056772239500
861.510000000 9.200000000 -0.191517517000
870.260000000 6.800000000 0.039354126900
861.760000000 9.200000000 -0.185922145800
865.760000000 10.000000000 -0.103597335500
869.010000000 6.200000000 -0.013414621400
876.010000000 9.800000000 0.108495429200
863.510000000 8.200000000 0.092369377600
859.260000000 7.200000000 -0.013938286300
878.510000000 7.000000000 -0.028974002200
878.510000000 7.200000000 -0.038984149700
859.510000000 7.200000000 0.030222246400
860.010000000 8.000000000 -0.020163716700
869.010000000 9.200000000 0.096106648400
876.260000000 9.800000000 0.054861586500
863.760000000 8.800000000 -0.018940189900
861.010000000 7.600000000 0.129243567600
864.760000000 7.200000000 -0.067932255600
873.510000000 8.000000000 0.149526193700
866.010000000 10.000000000 -0.078548923100
865.010000000 10.000000000 -0.073389634500
871.260000000 10.000000000 0.025089446500
878.760000000 9.200000000 -0.103279314900
870.260000000 7.600000000 0.027059003700
868.510000000 9.200000000 -0.013429309200
863.510000000 6.800000000 0.148389384200
878.010000000 9.000000000 -0.190980985800
869.510000000 6.600000000 -0.134001925600
875.010000000 6.000000000 0.117509760000
863.760000000 7.000000000 0.121975027000
873.260000000 8.000000000 0.115538105400
864.760000000 7.600000000 -0.004646076800
862.260000000 7.400000000 0.047591082800
878.760000000 9.400000000 0.007141829500
862.260000000 6.400000000 0.097660198800
878.260000000 6.800000000 -0.168987050700
869.260000000 6.400000000 -0.143808037000
873.260000000 8.200000000 0.135459765800
859.760000000 9.000000000 -0.142108961900
873.260000000 8.400000000 0.154145002400
878.010000000 7.600000000 -0.005972331900
860.010000000 8.800000000 -0.158599466100
864.260000000 8.200000000 0.066516399400
863.510000000 7.800000000 0.095234260000
871.510000000 6.600000000 -0.072208590800
873.510000000 8.600000000 0.172987312100
867.010000000 8.400000000 -0.001230585700
863.760000000 8.200000000 0.098838634800
864.260000000 8.400000000 0.081177018600
875.510000000 6.000000000 0.188035756300
863.010000000 8.000000000 0.138535261200
868.010000000 7.400000000 -0.134809285400
873.260000000 7.200000000 0.121659807900
865.760000000 6.200000000 -0.108492143500
862.260000000 6.600000000 0.076621182300
867.760000000 7.200000000 0.088864915100
862.760000000 9.000000000 0.048444923000
877.760000000 9.000000000 -0.180421009700
868.260000000 8.800000000 -0.098868593600
870.510000000 7.000000000 -0.078002587000
866.510000000 8.800000000 -0.107309512800
869.510000000 10.000000000 -0.076221585300
874.760000000 9.800000000 0.155022725500
873.510000000 7.400000000 0.060065209900
864.260000000 7.400000000 -0.014293928600
877.510000000 6.400000000 0.020659940300
868.510000000 6.000000000 0.096854567500
859.010000000 9.200000000 0.121275700600
878.010000000 7.200000000 -0.168827876400
870.260000000 7.400000000 -0.028241023400
873.260000000 7.800000000 0.103190265600
868.510000000 8.800000000 -0.023236425600
859.260000000 9.200000000 -0.027358111000
870.760000000 7.800000000 -0.088970780400
868.260000000 7.800000000 -0.113596126400
864.260000000 8.600000000 0.091393195100
874.260000000 6.600000000 0.019727300900
870.260000000 9.000000000 0.087376810600
867.260000000 8.000000000 0.025996280800
866.760000000 9.600000000 -0.030709525600
864.010000000 7.200000000 0.053656857500
878.510000000 9.200000000 -0.141471013400
869.010000000 6.800000000 0.031964633600
864.510000000 7.400000000 -0.047593098100
875.760000000 9.800000000 0.167235299900
861.510000000 7.600000000 0.169554695500
868.510000000 6.800000000 -0.067731544400
870.510000000 9.400000000 0.118110403400
859.510000000 8.000000000 -0.052091222300
867.510000000 6.800000000 0.045866780000
868.010000000 7.800000000 0.104547984900
861.260000000 7.600000000 0.162876725200
863.010000000 7.800000000 0.136002868400
878.510000000 7.400000000 -0.149093315000
878.010000000 6.800000000 -0.135954409800
866.510000000 8.600000000 -0.112671308200
870.010000000 9.000000000 0.035788040600
861.760000000 7.600000000 0.151100441800
863.510000000 9.600000000 -0.077753141500
871.260000000 6.400000000 0.089916877400
871.260000000 6.600000000 -0.114779725700
866.260000000 10.000000000 -0.037986632400
873.510000000 7.600000000 0.057275049400
878.010000000 7.000000000 -0.163702875400
860.260000000 8.000000000 0.005117513700
863.760000000 7.800000000 0.100706078100
870.260000000 10.000000000 0.066258058000
862.510000000 6.600000000 0.041546564500
866.510000000 9.800000000 -0.090391598600
862.760000000 8.000000000 0.108727686100
874.260000000 10.000000000 0.018907260100
875.260000000 6.000000000 0.153358191300
859.510000000 7.400000000 -0.096949517700
877.510000000 9.200000000 -0.167819768200
863.010000000 6.400000000 -0.049656894100
864.010000000 8.000000000 0.084418177600
864.260000000 8.000000000 0.059242438500
873.510000000 7.800000000 0.143980011300
877.260000000 9.400000000 -0.151631906600
876.510000000 9.800000000 -0.009038908400
869.760000000 9.000000000 0.082766823500
868.010000000 7.200000000 -0.129922494300
867.760000000 7.800000000 0.083968602100
878.010000000 7.400000000 -0.170565471100
864.510000000 7.800000000 0.010998738900
868.760000000 6.200000000 0.040700998200
878.260000000 9.200000000 -0.171780079600
867.510000000 7.800000000 0.031556494500
871.260000000 6.200000000 0.094768047300
864.010000000 8.600000000 -0.020533856000
863.260000000 8.000000000 0.064640097300
874.260000000 6.400000000 0.043322529600
865.760000000 6.000000000 -0.087505348000
862.510000000 7.000000000 -0.010401587000
864.010000000 8.200000000 0.088219165800
867.260000000 8.200000000 0.026006715400
862.010000000 7.600000000 0.111752137500
863.260000000 9.400000000 -0.097095355400
860.010000000 9.200000000 0.161373972900
870.260000000 7.200000000 -0.027639897500
865.510000000 10.000000000 -0.125189736500
867.260000000 6.400000000 -0.009062849900
871.260000000 6.000000000 0.105281829800
869.760000000 7.400000000 -0.110131666100
862.510000000 7.200000000 -0.015876054800
863.010000000 8.200000000 0.135770991400
878.260000000 7.200000000 -0.102429829500
862.510000000 6.800000000 0.006528528900
875.010000000 9.800000000 0.203989520700
862.510000000 9.000000000 0.001836227000
870.010000000 6.800000000 -0.116168633100
877.010000000 9.600000000 -0.113535322200
871.760000000 6.400000000 0.058396358000
878.260000000 7.000000000 -0.094194188700
869.260000000 10.000000000 -0.121167160600
870.010000000 7.400000000 -0.059385180500
875.510000000 9.800000000 0.202007070200
863.510000000 9.400000000 -0.058474604000
874.260000000 6.000000000 0.094821892700
873.010000000 7.000000000 0.154762193600
862.760000000 7.800000000 0.102472528800
863.510000000 7.000000000 0.143150121000
870.260000000 7.000000000 -0.055750723900
859.510000000 7.600000000 -0.089863054500
873.510000000 7.200000000 0.064091183200
866.760000000 6.200000000 -0.097329616500
874.260000000 6.200000000 0.067570462800
864.760000000 7.400000000 0.002946369300
869.260000000 9.200000000 0.117580756500
859.760000000 8.000000000 -0.046940594900
873.760000000 7.600000000 -0.053934492200
878.260000000 7.400000000 -0.085381530200
867.010000000 6.200000000 -0.061023820200
875.260000000 9.800000000 0.220955655000
867.760000000 7.000000000 0.087938502400
866.760000000 9.800000000 -0.028744082900
863.260000000 6.400000000 -0.116943992700
868.760000000 8.000000000 -0.055938262500
878.010000000 9.200000000 -0.174472734300
867.010000000 9.600000000 0.029982769900
860.010000000 8.200000000 -0.138262495400
874.010000000 7.200000000 0.004726228800
864.260000000 7.600000000 -0.026531931000
866.760000000 8.600000000 -0.046556465300
869.510000000 7.000000000 0.094984486700
868.260000000 9.400000000 -0.090528674400
859.010000000 7.200000000 -0.054623358000
863.510000000 9.200000000 -0.046670176100
859.510000000 9.200000000 -0.092903263900
864.010000000 7.400000000 0.032072421200
869.010000000 6.400000000 -0.018439441900
862.760000000 8.200000000 0.107805177600
866.010000000 6.000000000 -0.067962244200
872.760000000 6.400000000 0.139363274000
863.010000000 9.000000000 0.068550251400
862.260000000 7.600000000 0.059605054600
861.510000000 8.600000000 -0.048672575500
874.510000000 10.000000000 0.097051322500
862.510000000 7.400000000 -0.009507389700
870.760000000 9.800000000 0.113780610300
877.760000000 9.200000000 -0.174880728100
866.760000000 6.000000000 -0.097417928300
860.760000000 7.800000000 0.071412973100
863.760000000 7.200000000 0.102817133100
862.760000000 6.600000000 -0.002426158200
863.010000000 7.600000000 0.128748267900
860.260000000 8.600000000 -0.156990960200
869.760000000 9.800000000 -0.010738460300
868.010000000 8.600000000 -0.140946999200
863.260000000 8.200000000 0.063196353600
870.010000000 9.800000000 0.035541724400
863.260000000 7.800000000 0.063821420100
869.260000000 6.600000000 -0.134229674900
866.010000000 6.200000000 -0.064923360900
869.010000000 10.000000000 -0.144881695500
870.010000000 7.000000000 -0.099121846300
870.260000000 9.600000000 0.105601921700
861.510000000 8.800000000 -0.041484572000
867.510000000 6.600000000 0.050687201300
867.010000000 9.800000000 0.033161416600
866.510000000 6.000000000 -0.119883202000
870.010000000 7.200000000 -0.079661436400
870.510000000 10.000000000 0.086673021300
870.260000000 9.800000000 0.107572794000
866.510000000 6.200000000 -0.118943467700
863.760000000 8.600000000 -0.013826525800
863.510000000 9.000000000 -0.036786496600
868.010000000 8.000000000 0.097797751400
865.260000000 10.000000000 -0.057866487700
873.760000000 7.400000000 0.007905370600
861.260000000 8.600000000 -0.108691506100
868.260000000 8.000000000 0.078111656000
867.260000000 8.400000000 -0.066785231200
872.260000000 6.200000000 0.115195311600
878.510000000 9.400000000 -0.128065541400
860.010000000 9.000000000 -0.157751351600
860.260000000 8.400000000 -0.154172077800
873.010000000 6.800000000 0.109815187800
867.510000000 9.600000000 -0.116473116000
863.260000000 6.600000000 0.122689552600
876.760000000 9.800000000 -0.060544721800
867.760000000 9.600000000 -0.150833204400
859.510000000 7.800000000 -0.083707511400
878.510000000 10.000000000 0.096949651800
861.760000000 8.600000000 0.030011137900
871.510000000 6.400000000 0.053642787000
864.510000000 7.600000000 -0.049226250500
869.260000000 6.800000000 0.068772286200
861.760000000 8.800000000 0.035827722400
868.510000000 8.000000000 0.015346705900
863.260000000 7.600000000 0.135210946200
863.260000000 6.800000000 0.124767877200
868.260000000 6.800000000 -0.097935475400
864.010000000 8.400000000 0.085856117300
869.760000000 6.800000000 -0.084573641400
870.010000000 9.200000000 0.033200062800
878.510000000 9.800000000 0.090096578000
868.510000000 8.600000000 -0.033875856500
868.760000000 9.400000000 0.056108810000
864.010000000 7.600000000 0.018427521000
864.010000000 7.800000000 0.077216185600
867.260000000 9.800000000 0.064717158700
860.260000000 8.800000000 -0.149511337300
868.760000000 6.400000000 0.027429763200
863.510000000 7.200000000 0.134018555300
866.510000000 10.000000000 -0.001893565900
861.260000000 8.800000000 -0.100764408700
873.260000000 7.000000000 0.120281063000
864.260000000 7.800000000 0.045952770900
868.510000000 9.400000000 -0.011184926100
871.010000000 10.000000000 0.073629625100
878.260000000 9.400000000 -0.148367285700
867.260000000 9.600000000 -0.043331183500
869.760000000 7.200000000 -0.114540085200
870.510000000 9.600000000 0.123155467200
862.510000000 8.000000000 0.042445130600
868.260000000 6.000000000 0.109584890300
868.510000000 6.200000000 0.079404927800
869.510000000 9.800000000 -0.064733333900
873.760000000 7.200000000 0.010022209000
868.760000000 10.000000000 -0.142870619900
859.760000000 9.200000000 0.152411386400
869.510000000 9.200000000 0.027817850900
867.760000000 8.000000000 0.080042026900
872.010000000 6.200000000 0.086993508000
862.760000000 7.600000000 0.090439997600
862.510000000 7.600000000 0.006274112500
874.760000000 10.000000000 0.165916472700
869.010000000 9.400000000 0.092654548600
867.010000000 6.000000000 -0.059064444200
869.760000000 9.200000000 -0.021614521700
868.010000000 7.000000000 -0.124577686200
863.260000000 7.000000000 0.131107673000
877.510000000 9.400000000 -0.160653963700
866.260000000 6.200000000 -0.128241553900
870.260000000 9.200000000 0.074603557600
867.510000000 8.400000000 -0.109452366800
862.760000000 6.800000000 -0.031301122200
867.510000000 10.000000000 0.079184815300
867.510000000 8.000000000 0.029720434900
863.260000000 7.400000000 0.136344432800
873.010000000 6.600000000 0.116267152100
872.510000000 6.200000000 0.131527289700
863.010000000 6.600000000 -0.060548484300
859.260000000 7.400000000 -0.120108172300
862.260000000 9.000000000 -0.063223585500
866.260000000 6.000000000 -0.048313975300
860.510000000 8.000000000 0.033091165100
862.010000000 8.800000000 0.105483159400
859.010000000 7.800000000 0.037291508200
867.260000000 10.000000000 0.067904010400
867.260000000 6.200000000 -0.012740072800
863.760000000 7.400000000 0.086654737600
859.260000000 7.800000000 -0.000910551900
863.510000000 8.400000000 0.082444079200
862.760000000 7.000000000 -0.052284665400
868.260000000 8.600000000 -0.096030250200
862.510000000 7.800000000 0.036996144800
869.010000000 6.600000000 -0.031964242500
868.510000000 8.400000000 -0.099588312200
863.260000000 7.200000000 0.132584348300
870.010000000 9.600000000 0.061896037300
863.010000000 7.400000000 0.118323206900
878.010000000 9.400000000 -0.164397805900
869.760000000 7.000000000 -0.120477631700
863.760000000 8.400000000 0.088696144500
862.760000000 7.200000000 -0.058053605300
866.760000000 10.000000000 -0.027921835000
861.510000000 8.400000000 -0.051582925000
863.510000000 7.400000000 0.123741045600
869.760000000 9.600000000 -0.005604359300
867.760000000 6.800000000 0.085323877600
873.510000000 7.000000000 0.071105755900
874.010000000 7.000000000 -0.007431495500
878.510000000 9.600000000 0.080400995900
861.010000000 7.800000000 0.111742876500
874.010000000 6.800000000 0.008287368300
862.260000000 7.800000000 0.082272447600
863.510000000 8.800000000 -0.026798466200
867.010000000 10.000000000 0.032908465700
868.510000000 8.200000000 0.000909697300
863.010000000 8.400000000 0.128043323800
870.760000000 10.000000000 0.092798754600
877.260000000 9.600000000 -0.137923017100
870.510000000 9.800000000 0.125942781600
870.010000000 9.400000000 0.030265750400
868.510000000 10.000000000 -0.106162063800
862.010000000 8.600000000 0.096912853400
863.510000000 7.600000000 0.089208945600
862.510000000 8.200000000 0.042639698800
877.760000000 9.400000000 -0.167342156200
868.010000000 9.600000000 -0.137449473100
869.510000000 6.800000000 -0.120262198200
863.260000000 9.200000000 -0.091990627300
867.510000000 9.800000000 0.072963282500
863.260000000 9.000000000 -0.100554309800
876.260000000 10.000000000 0.035219132900
875.010000000 10.000000000 0.204273462300
876.010000000 10.000000000 0.087168298700
859.260000000 7.600000000 -0.112295508400
863.760000000 7.600000000 0.067069225000
862.760000000 7.400000000 -0.055409286200
869.760000000 9.400000000 -0.016955426000
867.760000000 10.000000000 0.060518115800
862.010000000 7.800000000 0.118332512700
869.260000000 9.800000000 -0.111056819600
860.510000000 9.000000000 0.094127789100
875.760000000 10.000000000 -0.061000607900
871.510000000 6.200000000 0.066500298700
861.260000000 8.400000000 -0.107273392400
871.760000000 6.200000000 0.062134344100
870.260000000 9.400000000 0.098299332000
868.260000000 8.200000000 0.056351840500
863.260000000 8.400000000 0.060174185800
860.510000000 8.600000000 -0.131563067400
868.260000000 6.200000000 0.030185600700
862.260000000 8.800000000 0.141188591700
873.760000000 7.000000000 0.014453707300
860.260000000 8.200000000 -0.147254243500
867.510000000 6.400000000 0.044141065300
861.510000000 9.000000000 -0.031423986000
863.010000000 8.800000000 -0.116369366600
876.760000000 10.000000000 0.129122525500
874.010000000 6.600000000 0.028922243000
860.260000000 9.000000000 0.132673993700
861.260000000 7.800000000 0.140867710100
867.260000000 6.000000000 -0.021611223000
861.760000000 9.000000000 0.039255570600
861.760000000 8.400000000 0.022858630900
871.510000000 6.000000000 0.086519464900
863.010000000 7.200000000 0.101979441900
868.760000000 6.600000000 0.014125673100
874.010000000 6.000000000 0.104883961400
862.010000000 9.000000000 0.104243673400
868.510000000 6.400000000 -0.005427364700
862.760000000 8.400000000 0.100037112800
868.260000000 10.000000000 -0.051807105500
874.010000000 6.400000000 -0.048102457100
861.760000000 7.800000000 0.142470553500
862.760000000 8.800000000 0.026981251300
862.260000000 8.000000000 -0.033415149900
873.010000000 6.400000000 0.115746311800
869.260000000 9.400000000 0.097298957400
869.510000000 9.600000000 -0.059514701400
861.510000000 7.800000000 0.150285080100
877.010000000 9.800000000 -0.100434683300
863.260000000 8.800000000 -0.097140424000
860.760000000 9.000000000 0.032536801000
861.010000000 8.600000000 -0.131722778100
869.010000000 9.800000000 -0.136160165100
875.260000000 10.000000000 0.203060597200
860.510000000 8.400000000 -0.138471797100
868.010000000 8.200000000 0.088224567500
861.510000000 8.200000000 -0.124668322500
863.010000000 6.800000000 0.076967515100
877.010000000 10.000000000 0.153530687100
861.260000000 9.000000000 -0.089763455100
868.010000000 10.000000000 0.007232668300
863.010000000 7.000000000 0.091723367600
861.010000000 8.800000000 -0.124214991900
875.510000000 10.000000000 0.168600797700
876.510000000 10.000000000 -0.009098717000
878.260000000 9.600000000 -0.135652437800
861.760000000 8.000000000 -0.130953520500
860.510000000 8.800000000 -0.117174811700
877.510000000 10.000000000 0.118301935500
872.760000000 6.200000000 0.129176363300
877.260000000 10.000000000 0.050370428700
861.760000000 8.200000000 -0.129991322800
869.510000000 9.400000000 -0.068083308600
862.010000000 8.000000000 -0.098484478900
868.510000000 6.600000000 -0.055308308500
859.010000000 7.400000000 -0.138215065000
868.260000000 6.400000000 0.034030158100
867.760000000 8.400000000 -0.131113246100
868.760000000 9.800000000 -0.133766874700
877.510000000 9.800000000 0.123379431700
874.010000000 6.200000000 0.077638171600
861.510000000 8.000000000 -0.127995178100
877.760000000 9.800000000 0.155935064000
867.510000000 6.000000000 0.019372697900
861.010000000 9.000000000 -0.047614447800
868.010000000 6.200000000 0.052868824500
877.760000000 10.000000000 0.149999886800
877.260000000 9.800000000 0.053547766100
862.260000000 8.200000000 -0.031592462200
862.260000000 8.600000000 0.136729836500
861.260000000 8.200000000 -0.090904280500
860.760000000 8.600000000 -0.090836919800
867.760000000 8.200000000 0.075077518800
868.010000000 6.000000000 0.047969821800
877.510000000 9.600000000 -0.151725664700
862.010000000 8.200000000 -0.096263185100
867.510000000 6.200000000 0.012118094600
867.760000000 6.600000000 0.084818773000
859.010000000 7.600000000 -0.131203547100
878.010000000 9.600000000 -0.151996269800
867.510000000 8.200000000 0.029586838600
869.260000000 9.600000000 -0.105284608900
863.510000000 8.600000000 -0.016060201500
867.760000000 6.000000000 0.045441586500
860.760000000 8.000000000 0.064509593000
860.760000000 8.400000000 -0.101529039400
873.760000000 6.400000000 -0.070855900600
862.510000000 8.800000000 -0.018869893600
867.760000000 6.200000000 0.044052083000
878.260000000 10.000000000 0.130216568700
862.010000000 8.400000000 0.086194194900
860.760000000 8.800000000 -0.076466307000
868.010000000 6.800000000 -0.111821360900
878.010000000 9.800000000 0.146442309000
868.010000000 8.400000000 -0.050436377500
868.260000000 9.600000000 -0.086316041600
868.260000000 8.400000000 0.039310347300
868.510000000 9.800000000 -0.105027392500
863.260000000 8.600000000 -0.095913149400
868.010000000 6.400000000 0.053990047400
873.760000000 6.600000000 -0.073286429000
860.510000000 8.200000000 -0.133493810900
877.760000000 9.600000000 -0.157655239100
878.010000000 10.000000000 0.145850777600
873.260000000 6.800000000 0.115096531800
867.760000000 9.800000000 0.052717022600
869.010000000 9.600000000 -0.129443377300
861.010000000 8.400000000 -0.057803068300
873.760000000 6.800000000 0.024734647900
863.010000000 8.600000000 0.043715231100
861.260000000 8.000000000 -0.094417437900
873.510000000 6.800000000 0.073569759700
878.260000000 9.800000000 0.106026627100
861.010000000 8.200000000 -0.029263956500
862.510000000 8.400000000 0.037584025400
867.760000000 6.400000000 0.044016044600
873.010000000 6.200000000 0.110935464500
871.760000000 6.000000000 0.036983989200
868.260000000 6.600000000 -0.086660571400
873.260000000 6.600000000 0.037744928200
868.760000000 9.600000000 -0.126882582900
872.010000000 6.000000000 0.086452297900
872.260000000 6.000000000 0.104690916800
868.510000000 9.600000000 -0.016401609400
860.760000000 8.200000000 -0.104682691400
873.260000000 6.400000000 0.086443446600
862.760000000 8.600000000 0.005365097000
868.260000000 9.800000000 -0.057204064000
873.510000000 6.600000000 -0.046162109800
861.010000000 8.000000000 0.088339351100
873.760000000 6.200000000 -0.060014169700
868.010000000 9.800000000 0.005815667600
873.760000000 6.000000000 0.104746781300
872.510000000 6.000000000 0.114897556600
873.510000000 6.400000000 -0.041035693100
862.260000000 8.400000000 -0.029479801700
862.510000000 8.600000000 0.142263561500
868.010000000 6.600000000 0.091837890400
872.760000000 6.000000000 0.112799696600
873.260000000 6.200000000 0.086845479900
873.510000000 6.000000000 0.090789116900
873.010000000 6.000000000 0.100259885200
873.510000000 6.200000000 -0.038360543500
873.260000000 6.000000000 0.053657162900
