997.520000000 6.000000000 -0.435985028700
997.270000000 6.200000000 -0.433158934100
997.520000000 6.200000000 -0.437837421900
997.270000000 6.000000000 -0.431400507700
997.520000000 5.800000000 -0.433905392900
997.770000000 6.000000000 -0.440041422800
997.020000000 6.400000000 -0.429440856000
997.020000000 6.200000000 -0.427982270700
997.270000000 6.400000000 -0.434701621500
997.770000000 5.800000000 -0.437858253700
996.770000000 6.400000000 -0.423711121100
997.770000000 6.200000000 -0.441985398500
997.520000000 6.400000000 -0.439462006100
996.770000000 6.600000000 -0.424891144000
996.520000000 6.600000000 -0.418647140300
997.270000000 5.800000000 -0.429426401900
997.020000000 6.600000000 -0.430694907900
997.020000000 6.000000000 -0.426319658800
996.270000000 6.600000000 -0.411992967100
996.520000000 6.400000000 -0.417543232400
996.770000000 6.200000000 -0.422338604900
997.770000000 5.600000000 -0.435437023600
997.520000000 5.600000000 -0.431598961400
996.020000000 6.800000000 -0.405746012900
995.770000000 6.800000000 -0.398287177100
997.270000000 6.600000000 -0.436027795100
996.270000000 6.800000000 -0.412849575300
995.520000000 6.800000000 -0.390499889900
998.020000000 6.000000000 -0.443537056400
996.020000000 6.600000000 -0.404957175300
992.520000000 7.000000000 -0.279838442800
993.770000000 7.000000000 -0.328899264300
992.770000000 7.000000000 -0.289899587600
995.270000000 6.800000000 -0.382409840800
994.020000000 7.000000000 -0.338386118400
993.520000000 7.000000000 -0.319261878700
998.020000000 5.800000000 -0.441253155500
992.270000000 7.000000000 -0.269710153300
996.520000000 6.800000000 -0.419569999000
994.270000000 7.000000000 -0.347703248300
993.270000000 7.000000000 -0.309491992000
993.020000000 7.000000000 -0.299878150200
994.520000000 7.000000000 -0.356830626700
997.770000000 6.400000000 -0.443689465500
995.020000000 6.800000000 -0.374041557300
992.020000000 7.000000000 -0.259529650200
994.770000000 7.000000000 -0.365747600800
995.020000000 7.000000000 -0.374432385000
996.770000000 6.800000000 -0.425878346000
994.770000000 6.800000000 -0.365418702400
996.270000000 6.400000000 -0.410966694400
998.020000000 6.200000000 -0.445569992100
995.270000000 7.000000000 -0.382861942100
995.770000000 6.600000000 -0.397567480800
991.770000000 7.000000000 -0.249311104400
997.520000000 6.600000000 -0.440857887300
994.520000000 6.800000000 -0.356563597900
995.520000000 7.000000000 -0.391012609000
994.270000000 6.800000000 -0.347497761200
997.020000000 6.800000000 -0.431744426500
998.020000000 5.600000000 -0.438719570600
995.770000000 7.000000000 -0.398859471100
996.520000000 6.200000000 -0.416258186100
997.270000000 5.600000000 -0.427237063600
997.020000000 5.800000000 -0.424453049900
990.770000000 6.800000000 -0.208757668700
991.520000000 7.000000000 -0.239068508100
994.020000000 6.800000000 -0.338241607000
996.770000000 6.000000000 -0.420773476400
991.020000000 6.800000000 -0.218970075200
990.520000000 6.800000000 -0.198568001400
995.520000000 6.600000000 -0.389850437600
996.020000000 7.000000000 -0.406376540700
993.770000000 6.800000000 -0.328814774800
997.770000000 5.400000000 -0.432607471900
991.270000000 6.800000000 -0.229192987100
993.520000000 6.800000000 -0.319235920900
990.270000000 6.800000000 -0.188413009000
997.270000000 6.800000000 -0.437137246100
998.020000000 6.400000000 -0.447350770200
996.270000000 7.000000000 -0.413536667800
996.020000000 6.400000000 -0.404009848800
997.770000000 6.600000000 -0.445152491300
993.270000000 6.800000000 -0.309522897000
997.520000000 5.400000000 -0.428894817800
991.520000000 6.800000000 -0.239413887300
993.020000000 6.800000000 -0.299692839400
992.770000000 6.800000000 -0.289762139300
992.520000000 6.800000000 -0.279746592000
991.270000000 7.000000000 -0.228815242600
992.270000000 6.800000000 -0.269661366900
991.770000000 6.800000000 -0.249619886300
995.270000000 6.600000000 -0.381831467200
996.520000000 7.000000000 -0.420311659600
992.020000000 6.800000000 -0.259521037300
998.270000000 6.000000000 -0.446438789400
990.020000000 6.800000000 -0.178304359300
997.520000000 6.800000000 -0.442024678000
998.270000000 5.800000000 -0.444057017600
996.770000000 7.000000000 -0.426672577900
998.270000000 6.200000000 -0.448557555700
998.020000000 5.400000000 -0.435767054600
996.270000000 6.200000000 -0.409770518500
995.020000000 6.600000000 -0.373534739000
994.020000000 7.200000000 -0.338723659500
995.770000000 6.400000000 -0.396700173600
993.770000000 7.200000000 -0.329189628400
994.270000000 7.200000000 -0.348088562500
998.020000000 6.600000000 -0.448878288300
993.520000000 7.200000000 -0.319505810700
991.020000000 7.000000000 -0.218564406000
997.020000000 7.000000000 -0.432588756100
994.520000000 7.200000000 -0.357264041900
994.770000000 7.200000000 -0.365970879800
993.270000000 7.200000000 -0.309690833100
996.520000000 6.000000000 -0.414792060900
995.020000000 7.200000000 -0.374707341200
997.270000000 5.400000000 -0.424660265400
997.020000000 5.600000000 -0.422382295100
997.770000000 6.800000000 -0.446373969300
996.770000000 5.800000000 -0.419015735400
995.270000000 7.200000000 -0.383188039100
998.270000000 6.400000000 -0.450412154200
998.270000000 5.600000000 -0.441414356200
989.770000000 6.800000000 -0.168253630400
993.020000000 7.200000000 -0.299762368200
994.770000000 6.600000000 -0.364983350000
995.520000000 7.200000000 -0.391388773900
997.270000000 7.000000000 -0.438029110400
995.770000000 7.200000000 -0.399284303200
992.770000000 7.200000000 -0.289737552400
996.020000000 7.200000000 -0.406848281600
995.520000000 6.400000000 -0.389063954400
994.520000000 6.600000000 -0.356199562500
996.270000000 7.200000000 -0.414053499700
997.520000000 7.000000000 -0.442961663000
996.020000000 6.200000000 -0.402903616400
990.770000000 7.000000000 -0.208328664300
998.270000000 6.600000000 -0.452030152100
998.020000000 6.800000000 -0.450151592500
992.520000000 7.200000000 -0.279632747200
996.520000000 7.200000000 -0.420871466400
994.270000000 6.600000000 -0.347204476600
996.770000000 7.200000000 -0.427272826400
989.520000000 6.800000000 -0.158272028000
998.270000000 5.400000000 -0.438341885800
997.770000000 7.000000000 -0.447353035200
992.270000000 7.200000000 -0.269463747700
996.270000000 6.000000000 -0.408404141700
997.020000000 7.200000000 -0.433227002600
995.270000000 6.400000000 -0.381126105800
998.270000000 6.800000000 -0.453404068900
994.020000000 6.600000000 -0.338018089500
997.020000000 5.400000000 -0.419934213200
996.520000000 5.800000000 -0.413144171200
989.020000000 6.600000000 -0.139060109900
996.770000000 5.600000000 -0.417064964800
997.270000000 7.200000000 -0.438702702500
989.270000000 6.600000000 -0.148877158800
998.020000000 7.000000000 -0.451169669600
990.520000000 7.000000000 -0.198120415200
995.770000000 6.200000000 -0.395684570100
988.770000000 6.600000000 -0.129339903600
989.520000000 6.600000000 -0.158780202300
992.020000000 7.200000000 -0.259245574500
993.770000000 6.600000000 -0.328659683500
997.520000000 7.200000000 -0.443667531000
989.770000000 6.600000000 -0.168758302900
995.020000000 6.400000000 -0.372910559200
993.520000000 6.600000000 -0.319147557000
998.270000000 7.000000000 -0.454513907400
997.770000000 7.200000000 -0.448088228700
988.520000000 6.600000000 -0.119727321000
989.270000000 6.800000000 -0.148370817300
990.020000000 6.600000000 -0.178800329600
995.270000000 7.400000000 -0.383671909600
993.270000000 6.600000000 -0.309499293600
995.020000000 7.400000000 -0.375152587900
995.520000000 7.400000000 -0.391909956900
994.770000000 7.400000000 -0.366376429800
995.770000000 7.400000000 -0.399841308600
991.770000000 7.200000000 -0.248992949700
998.020000000 7.200000000 -0.451931178600
996.020000000 7.400000000 -0.407161027200
994.520000000 7.400000000 -0.357367038700
996.020000000 6.000000000 -0.401637852200
996.270000000 7.400000000 -0.414399653700
996.520000000 7.400000000 -0.421248734000
994.270000000 7.400000000 -0.348146706800
990.270000000 6.600000000 -0.188895046700
993.020000000 6.600000000 -0.299731612200
996.770000000 7.400000000 -0.427678525400
995.520000000 6.200000000 -0.388139307500
994.770000000 6.400000000 -0.364440292100
997.020000000 7.400000000 -0.433658421000
994.020000000 7.400000000 -0.338737070600
992.770000000 6.600000000 -0.289860546600
998.270000000 7.200000000 -0.455161839700
990.270000000 7.000000000 -0.187951713800
997.270000000 7.400000000 -0.439156889900
990.520000000 6.600000000 -0.199031010300
988.270000000 6.600000000 -0.110233016300
996.270000000 5.800000000 -0.406867027300
993.770000000 7.400000000 -0.329158812800
992.520000000 6.600000000 -0.279901623700
997.520000000 7.400000000 -0.444141447500
996.770000000 5.400000000 -0.414746314300
992.270000000 6.600000000 -0.269869685200
996.520000000 5.600000000 -0.411314219200
997.770000000 7.400000000 -0.448578834500
990.770000000 6.600000000 -0.209196582400
992.020000000 6.600000000 -0.259779006200
991.020000000 6.600000000 -0.219100400800
991.770000000 6.600000000 -0.249643564200
991.520000000 7.200000000 -0.238720044500
991.270000000 6.600000000 -0.229291364600
993.520000000 7.400000000 -0.319431662600
991.520000000 6.600000000 -0.239476651000
998.020000000 7.400000000 -0.452435314700
994.520000000 6.400000000 -0.355737030500
998.270000000 7.400000000 -0.455676138400
993.270000000 7.400000000 -0.309574484800
995.270000000 6.200000000 -0.380292564600
989.020000000 6.800000000 -0.138560861300
995.770000000 6.000000000 -0.394519865500
993.020000000 7.400000000 -0.299605518600
994.270000000 6.400000000 -0.346821457100
988.020000000 6.600000000 -0.100867517300
998.020000000 7.600000000 -0.452680707000
998.270000000 7.600000000 -0.455918967700
997.770000000 7.600000000 -0.448823720200
997.520000000 7.600000000 -0.444382458900
990.020000000 7.000000000 -0.177834406500
991.270000000 7.200000000 -0.228440538000
997.270000000 7.600000000 -0.439390718900
997.020000000 7.600000000 -0.433882027900
996.770000000 7.600000000 -0.427888691400
996.020000000 5.800000000 -0.400211840900
996.520000000 7.600000000 -0.421767741400
996.270000000 7.600000000 -0.414898574400
996.020000000 7.600000000 -0.407637149100
992.770000000 7.400000000 -0.289542138600
995.020000000 6.200000000 -0.372168004500
995.770000000 7.600000000 -0.400012344100
994.020000000 6.400000000 -0.337713390600
996.270000000 5.600000000 -0.405158340900
998.270000000 7.800000000 -0.455889165400
996.520000000 5.400000000 -0.409125477100
995.520000000 7.600000000 -0.392052114000
995.270000000 7.600000000 -0.383783131800
995.520000000 6.000000000 -0.387075692400
998.020000000 7.800000000 -0.452666401900
995.020000000 7.600000000 -0.375231385200
997.770000000 7.800000000 -0.448821574400
992.520000000 7.400000000 -0.279401093700
993.770000000 6.400000000 -0.328431606300
991.020000000 7.200000000 -0.218167617900
994.770000000 7.600000000 -0.366421580300
998.270000000 8.000000000 -0.455585688400
997.520000000 7.800000000 -0.444389224100
988.770000000 6.800000000 -0.128853067800
994.770000000 6.200000000 -0.363788008700
994.520000000 7.600000000 -0.357377558900
997.270000000 7.800000000 -0.439403057100
987.770000000 6.600000000 -0.091641336700
989.770000000 7.000000000 -0.167780086400
998.020000000 8.000000000 -0.452391326400
993.520000000 6.400000000 -0.318994224100
997.020000000 7.800000000 -0.433896660800
995.770000000 5.800000000 -0.393205016900
994.270000000 7.600000000 -0.348122119900
998.270000000 8.200000000 -0.455007493500
992.270000000 7.400000000 -0.269198447500
996.770000000 7.800000000 -0.428285121900
995.270000000 6.000000000 -0.379329711200
997.770000000 8.000000000 -0.448571622400
993.270000000 6.400000000 -0.309418261100
994.020000000 7.600000000 -0.338677227500
996.520000000 7.800000000 -0.421831101200
996.020000000 5.600000000 -0.398624390400
987.520000000 6.400000000 -0.082982190000
994.520000000 6.200000000 -0.355174094400
987.770000000 6.400000000 -0.092091754100
998.270000000 8.400000000 -0.452823370700
998.020000000 8.200000000 -0.451854080000
996.270000000 5.400000000 -0.403099179300
996.270000000 7.800000000 -0.414951950300
990.770000000 7.200000000 -0.207914322600
997.520000000 8.000000000 -0.444160789300
987.270000000 6.400000000 -0.074027910800
988.020000000 6.400000000 -0.101346120200
993.770000000 7.600000000 -0.329063892400
993.020000000 6.400000000 -0.299720287300
996.020000000 7.800000000 -0.407677769700
992.020000000 7.400000000 -0.258949607600
988.270000000 6.400000000 -0.110734775700
997.270000000 8.000000000 -0.439192831500
998.270000000 8.600000000 -0.451575964700
987.020000000 6.400000000 -0.065239317700
995.770000000 7.800000000 -0.400037705900
992.770000000 6.400000000 -0.289915978900
997.770000000 8.200000000 -0.448072075800
993.520000000 7.600000000 -0.319302141700
988.520000000 6.400000000 -0.120247125600
995.520000000 5.800000000 -0.385871678600
994.270000000 6.200000000 -0.346346676300
995.020000000 6.000000000 -0.371305286900
998.020000000 8.400000000 -0.451053649200
995.520000000 7.800000000 -0.392059624200
988.520000000 6.800000000 -0.119258128100
997.020000000 8.000000000 -0.433701306600
989.520000000 7.000000000 -0.157800108200
992.520000000 6.400000000 -0.280020535000
988.770000000 6.400000000 -0.129872515800
998.270000000 8.800000000 -0.450046241300
987.520000000 6.600000000 -0.082564830800
995.270000000 7.800000000 -0.383770912900
997.520000000 8.200000000 -0.443695694200
991.770000000 7.400000000 -0.248669639200
992.270000000 6.400000000 -0.270048469300
993.270000000 7.600000000 -0.309411376700
996.770000000 8.000000000 -0.428161323100
986.770000000 6.400000000 -0.056626673800
989.020000000 6.400000000 -0.139600202400
995.770000000 5.600000000 -0.391738593600
990.520000000 7.200000000 -0.197693049900
995.020000000 7.800000000 -0.375197410600
992.020000000 6.400000000 -0.260013878300
994.020000000 6.200000000 -0.337325125900
998.020000000 8.600000000 -0.449989110200
997.770000000 8.400000000 -0.447322011000
989.270000000 6.400000000 -0.149419441800
996.520000000 8.000000000 -0.421712458100
996.020000000 5.400000000 -0.396694630400
998.270000000 9.000000000 -0.448233336200
991.770000000 6.400000000 -0.249930456300
997.270000000 8.200000000 -0.438758581900
994.770000000 6.000000000 -0.363024652000
994.770000000 7.800000000 -0.366364508900
993.020000000 7.600000000 -0.299410164400
991.520000000 6.400000000 -0.239811241600
989.520000000 6.400000000 -0.159319296500
995.270000000 5.800000000 -0.378235936200
991.270000000 6.400000000 -0.229669109000
996.270000000 8.000000000 -0.414835423200
983.270000000 6.400000000 0.040227413200
991.020000000 6.400000000 -0.219516694500
989.770000000 6.400000000 -0.169288858800
990.770000000 6.400000000 -0.209366053300
990.520000000 6.400000000 -0.199229165900
993.770000000 6.200000000 -0.328127920600
990.020000000 6.400000000 -0.179043546300
990.270000000 6.400000000 -0.189117848900
991.520000000 7.400000000 -0.238372966600
998.020000000 8.800000000 -0.447146117700
994.520000000 7.800000000 -0.357296049600
997.520000000 8.400000000 -0.442992389200
983.020000000 6.400000000 0.045145127900
997.020000000 8.200000000 -0.433294415500
998.270000000 9.200000000 -0.447963863600
996.020000000 8.000000000 -0.407560348500
997.770000000 8.600000000 -0.446320354900
986.520000000 6.400000000 -0.048200167700
992.770000000 7.600000000 -0.289316147600
989.270000000 7.000000000 -0.147905692500
994.270000000 7.800000000 -0.348015517000
994.520000000 6.000000000 -0.354508817200
995.520000000 5.600000000 -0.384525597100
990.270000000 7.200000000 -0.187516152900
995.770000000 8.000000000 -0.399916321000
993.520000000 6.200000000 -0.318772822600
996.770000000 8.200000000 -0.427842557400
983.520000000 6.400000000 0.035018853800
988.270000000 6.800000000 -0.109786599900
998.020000000 9.000000000 -0.445427477400
997.270000000 8.400000000 -0.438098877700
998.270000000 9.400000000 -0.445721089800
995.020000000 5.800000000 -0.370320856600
994.020000000 7.800000000 -0.338544994600
995.770000000 5.400000000 -0.390119135400
995.520000000 8.000000000 -0.391932010700
982.770000000 6.400000000 0.049769703300
987.270000000 6.600000000 -0.073648281400
992.520000000 7.600000000 -0.279146552100
991.270000000 7.400000000 -0.228073418100
997.770000000 8.800000000 -0.445065796400
997.520000000 8.600000000 -0.442050248400
996.520000000 8.200000000 -0.421411067200
993.270000000 6.200000000 -0.309276551000
994.270000000 6.000000000 -0.345777809600
995.270000000 8.000000000 -0.383634626900
997.020000000 8.400000000 -0.432674586800
993.770000000 7.800000000 -0.328905880500
998.020000000 9.200000000 -0.443437725300
996.270000000 8.200000000 -0.414548099000
998.270000000 9.600000000 -0.443200439200
993.020000000 6.200000000 -0.299655348100
995.270000000 5.600000000 -0.377009362000
986.270000000 6.400000000 -0.039969839200
992.270000000 7.600000000 -0.268917739400
995.020000000 8.000000000 -0.375050395700
982.520000000 6.600000000 0.053359951800
997.270000000 8.600000000 -0.437212765200
994.770000000 5.800000000 -0.362148165700
997.770000000 9.000000000 -0.443557411400
990.020000000 7.200000000 -0.177395567300
993.520000000 7.800000000 -0.319118768000
997.520000000 8.800000000 -0.440867632600
996.770000000 8.400000000 -0.427327692500
996.020000000 8.200000000 -0.407283932000
994.020000000 6.000000000 -0.336850702800
992.770000000 6.200000000 -0.289924621600
991.020000000 7.400000000 -0.217784613400
982.270000000 6.600000000 0.057349264600
989.020000000 7.000000000 -0.138107776600
998.020000000 9.400000000 -0.443072289200
994.770000000 8.000000000 -0.366205006800
995.520000000 5.400000000 -0.383035838600
982.520000000 6.400000000 0.054099936000
983.770000000 6.400000000 0.029522689100
998.270000000 9.800000000 -0.441787183300
982.770000000 6.600000000 0.049080338300
995.770000000 8.200000000 -0.399647980900
992.520000000 6.200000000 -0.280099213100
993.270000000 7.800000000 -0.309203267100
992.020000000 7.600000000 -0.258645504700
996.520000000 8.400000000 -0.420925945000
997.020000000 8.600000000 -0.431840747600
988.020000000 6.800000000 -0.100448980900
997.770000000 9.200000000 -0.441794395400
994.520000000 8.000000000 -0.357122749100
993.770000000 6.000000000 -0.327745795200
994.520000000 5.800000000 -0.353738665600
995.020000000 5.600000000 -0.369212359200
992.270000000 6.200000000 -0.270193517200
997.270000000 8.800000000 -0.436098426600
997.520000000 9.000000000 -0.439443469000
995.520000000 8.200000000 -0.391668736900
998.020000000 9.600000000 -0.440676391100
982.020000000 6.600000000 0.061049588000
996.270000000 8.400000000 -0.414089173100
987.020000000 6.600000000 -0.064901843700
993.020000000 7.800000000 -0.299178302300
994.270000000 8.000000000 -0.347827166300
990.770000000 7.400000000 -0.207519546200
992.020000000 6.200000000 -0.260221183300
998.270000000 10.000000000 -0.438833862500
996.770000000 8.600000000 -0.426615238200
989.770000000 7.200000000 -0.167342916100
993.520000000 6.000000000 -0.318480342600
991.770000000 7.600000000 -0.248345136600
995.270000000 5.400000000 -0.375647962100
986.020000000 6.400000000 -0.031945563900
995.270000000 8.200000000 -0.383373946000
997.770000000 9.400000000 -0.439776480200
991.770000000 6.200000000 -0.250195682000
994.270000000 5.800000000 -0.345112144900
983.520000000 6.200000000 0.035419758400
982.020000000 6.800000000 0.060112871200
983.770000000 6.200000000 0.029861591800
982.270000000 6.400000000 0.058135647300
996.020000000 8.400000000 -0.406847894200
994.020000000 8.000000000 -0.338340938100
997.020000000 8.800000000 -0.430791378000
997.520000000 9.200000000 -0.437776684800
991.520000000 6.200000000 -0.240130007300
994.770000000 5.600000000 -0.361156165600
988.770000000 7.000000000 -0.128417223700
998.020000000 9.800000000 -0.438013970900
992.770000000 7.800000000 -0.289062053000
997.270000000 9.000000000 -0.434754997500
996.520000000 8.600000000 -0.420255303400
995.020000000 8.200000000 -0.374790251300
993.270000000 6.000000000 -0.309070885200
983.270000000 6.200000000 0.040688373100
991.270000000 6.200000000 -0.230036869600
981.770000000 6.800000000 0.063491828700
983.020000000 6.600000000 0.044510182000
982.270000000 6.800000000 0.056452553700
995.770000000 8.400000000 -0.399231702100
984.020000000 6.200000000 0.024018559600
991.020000000 6.200000000 -0.219928443400
993.770000000 8.000000000 -0.328685909500
997.770000000 9.600000000 -0.437503188800
991.520000000 7.600000000 -0.238031372400
990.520000000 7.400000000 -0.197291076200
994.020000000 5.800000000 -0.336287319700
990.770000000 6.200000000 -0.209816902900
994.770000000 8.200000000 -0.365943253000
995.020000000 5.400000000 -0.367977649000
996.770000000 8.800000000 -0.425703883200
993.020000000 6.000000000 -0.299533307600
984.020000000 6.400000000 0.023743104200
992.520000000 7.800000000 -0.278871834300
981.770000000 6.600000000 0.064463324800
996.270000000 8.600000000 -0.413456887000
990.520000000 6.200000000 -0.199714094400
987.770000000 6.800000000 -0.091255590300
997.520000000 9.400000000 -0.435866892300
983.020000000 6.200000000 0.045663662300
998.020000000 10.000000000 -0.436557441900
994.520000000 5.600000000 -0.352861285200
989.520000000 7.200000000 -0.157369688200
990.270000000 6.200000000 -0.189631566400
997.020000000 9.000000000 -0.429525166700
995.520000000 8.400000000 -0.391269326200
997.270000000 9.200000000 -0.433181285900
993.520000000 8.000000000 -0.318882763400
990.020000000 6.200000000 -0.179580867300
994.520000000 8.200000000 -0.356857746800
989.770000000 6.200000000 -0.169573217600
992.770000000 6.000000000 -0.289882689700
993.770000000 5.800000000 -0.327282071100
981.520000000 6.800000000 0.066593170200
989.520000000 6.200000000 -0.159619808200
997.770000000 9.800000000 -0.434974491600
982.020000000 6.400000000 0.061877783400
996.020000000 8.600000000 -0.406250536400
981.770000000 7.000000000 0.062470816100
996.520000000 8.800000000 -0.419398129000
989.270000000 6.200000000 -0.149731680800
991.270000000 7.600000000 -0.227718323500
992.270000000 7.800000000 -0.268624603700
995.270000000 8.400000000 -0.382988750900
989.020000000 6.200000000 -0.139919817400
988.770000000 6.200000000 -0.130445420700
988.270000000 6.200000000 -0.111286602900
986.770000000 6.600000000 -0.056335575900
988.520000000 6.200000000 -0.120812125500
988.020000000 6.200000000 -0.101879596700
984.270000000 6.200000000 0.017896238700
987.770000000 6.200000000 -0.092601813400
985.770000000 6.400000000 -0.024136962400
987.520000000 6.200000000 -0.083463922100
981.520000000 7.000000000 0.065560072700
993.270000000 8.000000000 -0.308951646100
982.770000000 6.200000000 0.050342895100
994.770000000 5.400000000 -0.360046088700
992.520000000 6.000000000 -0.280133694400
997.520000000 9.600000000 -0.433713495700
987.270000000 6.200000000 -0.074476569900
990.270000000 7.400000000 -0.187111586300
988.520000000 7.000000000 -0.118844673000
994.270000000 5.600000000 -0.344346940500
994.270000000 8.200000000 -0.347557812900
987.020000000 6.200000000 -0.065650329000
982.520000000 6.800000000 0.052508220100
996.770000000 9.000000000 -0.424592614200
993.520000000 5.800000000 -0.318113356800
997.270000000 9.400000000 -0.431376487000
997.020000000 9.200000000 -0.428040862100
986.770000000 6.200000000 -0.056995753200
995.770000000 8.600000000 -0.398666113600
995.020000000 8.400000000 -0.374416768600
992.270000000 6.000000000 -0.270300358500
996.270000000 8.800000000 -0.412650287200
982.020000000 7.000000000 0.059109009800
997.770000000 10.000000000 -0.432190775900
992.020000000 7.800000000 -0.258336395000
986.520000000 6.200000000 -0.048523254700
981.520000000 6.600000000 0.067593932200
993.020000000 8.000000000 -0.298911780100
994.020000000 8.200000000 -0.338066071300
989.270000000 7.200000000 -0.147487074100
991.020000000 7.600000000 -0.217419788200
992.020000000 6.000000000 -0.260396301700
994.020000000 5.600000000 -0.335631817600
982.520000000 6.200000000 0.054724369200
993.270000000 5.800000000 -0.308797568100
997.520000000 9.800000000 -0.431315869100
981.270000000 7.000000000 0.068301618100
994.520000000 5.400000000 -0.351873546800
996.520000000 9.000000000 -0.418353229800
983.270000000 6.600000000 0.039650257700
995.520000000 8.600000000 -0.390732348000
986.270000000 6.200000000 -0.040243223300
994.770000000 8.400000000 -0.365579247500
981.270000000 6.800000000 0.069421619200
981.770000000 6.400000000 0.065328419200
987.520000000 6.800000000 -0.082216650200
996.020000000 8.800000000 -0.405491054100
997.270000000 9.600000000 -0.429339855900
993.770000000 8.200000000 -0.328404873600
991.770000000 6.000000000 -0.250434666900
990.020000000 7.400000000 -0.176993057100
996.770000000 9.200000000 -0.423280090100
981.520000000 7.200000000 0.064381994300
992.770000000 8.000000000 -0.288781762100
997.020000000 9.400000000 -0.426337689200
981.270000000 7.200000000 0.067185953300
984.520000000 6.200000000 0.011500982600
991.770000000 7.800000000 -0.248022824500
993.020000000 5.800000000 -0.299350172300
986.020000000 6.200000000 -0.032165832800
984.270000000 6.400000000 0.017685117200
994.520000000 8.400000000 -0.356501430300
995.270000000 8.600000000 -0.382477551700
991.520000000 6.000000000 -0.240428224200
993.770000000 5.600000000 -0.326733291100
996.270000000 9.000000000 -0.411668241000
997.520000000 10.000000000 -0.428674548900
990.770000000 7.600000000 -0.207149162900
988.270000000 7.000000000 -0.109400622500
994.270000000 5.400000000 -0.343479096900
982.270000000 6.200000000 0.058807507200
995.770000000 8.800000000 -0.397950232000
993.520000000 8.200000000 -0.318595409400
991.270000000 6.000000000 -0.230389460900
985.520000000 6.400000000 -0.016553437300
992.520000000 8.000000000 -0.278579354300
992.770000000 5.800000000 -0.289786070600
981.770000000 7.200000000 0.061316456600
997.270000000 9.800000000 -0.427070736900
985.770000000 6.200000000 -0.024301119100
996.520000000 9.200000000 -0.417119443400
982.270000000 7.000000000 0.055470790700
981.020000000 7.000000000 0.070848338300
994.270000000 8.400000000 -0.347207576000
989.020000000 7.200000000 -0.137706115800
981.270000000 6.600000000 0.070445977200
995.020000000 8.600000000 -0.373928606500
986.520000000 6.600000000 -0.047959350000
981.020000000 7.200000000 0.069734230600
997.020000000 9.600000000 -0.424414694300
991.020000000 6.000000000 -0.220330581100
996.770000000 9.400000000 -0.421764880400
991.520000000 7.800000000 -0.237698882800
993.520000000 5.600000000 -0.317668259100
982.770000000 6.800000000 0.048278167800
996.020000000 9.000000000 -0.404568076100
993.270000000 8.200000000 -0.308658003800
995.520000000 8.800000000 -0.390057086900
989.770000000 7.400000000 -0.166947364800
981.520000000 6.400000000 0.068490773400
992.520000000 5.800000000 -0.280119657500
990.770000000 6.000000000 -0.210263475800
994.020000000 5.400000000 -0.334880799100
981.020000000 6.800000000 0.071982927600
984.770000000 6.200000000 0.004839859900
985.520000000 6.200000000 -0.016658859300
992.270000000 8.000000000 -0.268321692900
994.020000000 8.400000000 -0.337720871000
982.020000000 6.200000000 0.062592908700
994.770000000 8.600000000 -0.365112096100
990.520000000 6.000000000 -0.200199991500
990.520000000 7.600000000 -0.196919336900
981.270000000 7.400000000 0.065904840800
996.270000000 9.200000000 -0.410509437300
997.270000000 10.000000000 -0.424569189500
993.270000000 5.600000000 -0.308452665800
992.270000000 5.800000000 -0.270364701700
981.020000000 7.400000000 0.068445049200
990.270000000 6.000000000 -0.190151512600
993.020000000 8.200000000 -0.298612475400
995.270000000 8.800000000 -0.381839752200
997.020000000 9.800000000 -0.422270983500
996.520000000 9.400000000 -0.415695190400
991.270000000 7.800000000 -0.227379098500
995.770000000 9.000000000 -0.397083163300
987.270000000 6.800000000 -0.073342219000
996.770000000 9.600000000 -0.420046329500
985.270000000 6.200000000 -0.009248568700
990.020000000 6.000000000 -0.180129513100
993.770000000 5.400000000 -0.326096028100
985.020000000 6.200000000 -0.002079412600
993.770000000 8.400000000 -0.328063756200
994.520000000 8.600000000 -0.356053054300
992.020000000 5.800000000 -0.260534644100
980.770000000 7.200000000 0.072033464900
981.520000000 7.400000000 0.063115306200
992.020000000 8.000000000 -0.258025288600
988.020000000 7.000000000 -0.100095443400
993.020000000 5.600000000 -0.299101859300
989.770000000 6.000000000 -0.170145168900
980.770000000 7.000000000 0.073140688200
984.520000000 6.400000000 0.011354554400
982.020000000 7.200000000 0.057984352100
988.770000000 7.200000000 -0.128037601700
981.020000000 6.600000000 0.073025077600
996.020000000 9.200000000 -0.403480798000
983.520000000 6.600000000 0.034502346100
985.270000000 6.400000000 -0.009204050500
981.770000000 6.200000000 0.066082298800
989.520000000 7.400000000 -0.156986028000
995.020000000 8.800000000 -0.373325556500
981.270000000 6.400000000 0.071369200900
980.770000000 7.400000000 0.070742592200
992.770000000 8.200000000 -0.288477540000
989.520000000 6.000000000 -0.160209685600
995.520000000 9.000000000 -0.389242529900
990.270000000 7.600000000 -0.186742916700
991.770000000 5.800000000 -0.250642478500
993.520000000 8.400000000 -0.318257838500
996.270000000 9.400000000 -0.409172356100
994.270000000 8.600000000 -0.346776217200
997.020000000 10.000000000 -0.419906497000
993.520000000 5.400000000 -0.317141354100
991.020000000 7.800000000 -0.217077389400
989.270000000 6.000000000 -0.150334045300
992.770000000 5.600000000 -0.289630413100
980.770000000 6.800000000 0.074283771200
996.520000000 9.600000000 -0.414079666100
996.770000000 9.800000000 -0.418123513500
991.770000000 8.000000000 -0.247705951300
991.520000000 5.800000000 -0.240700751500
989.020000000 6.000000000 -0.140529200400
982.520000000 7.000000000 0.051553245600
994.770000000 8.800000000 -0.364541232600
995.770000000 9.200000000 -0.396063804600
981.020000000 7.600000000 0.067079424900
992.520000000 8.200000000 -0.278271496300
995.270000000 9.000000000 -0.381074547800
986.270000000 6.600000000 -0.039782900400
988.770000000 6.000000000 -0.130806103300
994.020000000 8.600000000 -0.337305039200
993.270000000 8.400000000 -0.308323890000
992.520000000 5.600000000 -0.280052542700
991.270000000 5.800000000 -0.230721861100
993.270000000 5.400000000 -0.308032363700
981.520000000 6.200000000 0.069278627600
980.770000000 7.600000000 0.069378688900
996.020000000 9.400000000 -0.402227401700
985.020000000 6.400000000 -0.002097500000
984.770000000 6.400000000 0.004757953800
980.520000000 7.200000000 0.074091188600
981.770000000 7.400000000 0.060070496100
988.520000000 6.000000000 -0.121175602100
981.270000000 7.600000000 0.064543947600
983.020000000 6.800000000 0.043761763700
980.520000000 7.400000000 0.072804912900
990.020000000 7.600000000 -0.176632061600
996.270000000 9.600000000 -0.407656312000
990.770000000 7.800000000 -0.206807345200
981.020000000 6.400000000 0.073969170500
996.770000000 10.000000000 -0.415995717000
989.270000000 7.400000000 -0.147120282100
994.520000000 8.800000000 -0.355512440200
980.770000000 6.600000000 0.075337842100
980.520000000 7.000000000 0.075186245100
991.020000000 5.800000000 -0.220717817500
996.520000000 9.800000000 -0.412271946700
991.520000000 8.000000000 -0.237379133700
995.520000000 9.200000000 -0.388287574100
988.520000000 7.200000000 -0.118492096700
992.270000000 5.600000000 -0.270381778500
995.020000000 9.000000000 -0.372606962900
988.270000000 6.000000000 -0.111648507400
992.270000000 8.200000000 -0.268011689200
987.020000000 6.800000000 -0.064642258000
993.770000000 8.600000000 -0.327662497800
982.770000000 6.000000000 0.050796866400
987.770000000 7.000000000 -0.090939320600
993.020000000 8.400000000 -0.298282027200
993.020000000 5.400000000 -0.298784256000
982.520000000 6.000000000 0.055229790500
983.020000000 6.000000000 0.046063244300
990.770000000 5.800000000 -0.210700437400
980.520000000 7.600000000 0.071449086100
988.020000000 6.000000000 -0.102462835600
982.270000000 6.000000000 0.059361018200
995.770000000 9.400000000 -0.394890457400
980.520000000 6.800000000 0.076331794300
981.270000000 6.200000000 0.072186030400
992.020000000 5.600000000 -0.260631412300
994.270000000 8.800000000 -0.346263676900
990.520000000 5.800000000 -0.200681388400
982.270000000 7.200000000 0.054381612700
983.270000000 6.000000000 0.041031036500
995.270000000 9.200000000 -0.380181044300
996.020000000 9.600000000 -0.400807112500
994.770000000 9.000000000 -0.363866508000
987.770000000 6.000000000 -0.093166545000
993.520000000 8.600000000 -0.317870408300
992.770000000 5.400000000 -0.289411455400
982.020000000 6.000000000 0.063190758200
991.270000000 8.000000000 -0.227059423900
992.020000000 8.200000000 -0.257715016600
992.770000000 8.400000000 -0.288151353600
996.270000000 9.800000000 -0.405960083000
996.520000000 10.000000000 -0.410271167800
990.520000000 7.800000000 -0.196582257700
981.520000000 7.600000000 0.061765585100
980.770000000 7.800000000 0.067947417500
989.770000000 7.600000000 -0.166598647800
991.770000000 5.600000000 -0.250814199400
990.270000000 5.800000000 -0.190672069800
980.770000000 6.400000000 0.076297201200
987.520000000 6.000000000 -0.084005191900
980.270000000 7.400000000 0.074640169700
980.270000000 7.200000000 0.075775377500
994.020000000 8.800000000 -0.336818993100
995.520000000 9.400000000 -0.387190967800
981.020000000 7.800000000 0.065643034900
989.020000000 7.400000000 -0.137361139100
980.520000000 6.600000000 0.077391929900
981.770000000 6.000000000 0.066720426100
980.520000000 7.800000000 0.070029296000
992.520000000 5.400000000 -0.279927790200
990.020000000 5.800000000 -0.180683910800
980.270000000 7.000000000 0.076993450500
994.520000000 9.000000000 -0.354879051400
995.020000000 9.200000000 -0.371771842200
993.270000000 8.600000000 -0.307949870800
980.270000000 7.600000000 0.073298610700
981.020000000 6.200000000 0.074809789700
991.520000000 5.600000000 -0.240942567600
983.770000000 6.600000000 0.029069189000
983.520000000 6.000000000 0.035703480200
995.770000000 9.600000000 -0.393562436100
992.520000000 8.400000000 -0.277950465700
987.270000000 6.000000000 -0.074989572200
988.270000000 7.200000000 -0.109080091100
991.770000000 8.200000000 -0.247397750600
991.020000000 8.000000000 -0.216761276100
989.770000000 5.800000000 -0.170727953300
996.020000000 9.800000000 -0.399218976500
982.020000000 7.400000000 0.056765321600
996.270000000 10.000000000 -0.404083043300
981.520000000 6.000000000 0.069952696600
993.770000000 8.800000000 -0.327517688300
980.270000000 6.800000000 0.078135475500
982.770000000 7.000000000 0.047354426200
990.270000000 7.800000000 -0.186414718600
991.270000000 5.600000000 -0.231028780300
992.270000000 5.400000000 -0.270346909800
986.020000000 6.600000000 -0.031815696500
995.270000000 9.400000000 -0.379157722000
987.520000000 7.000000000 -0.081942282600
987.020000000 6.000000000 -0.066130466800
994.270000000 9.000000000 -0.346010237900
980.270000000 7.800000000 0.071896486000
989.520000000 5.800000000 -0.160815417800
993.020000000 8.600000000 -0.298228174400
994.770000000 9.200000000 -0.363463550800
981.270000000 7.800000000 0.063108891200
989.520000000 7.600000000 -0.156654387700
980.520000000 6.400000000 0.078360922600
986.770000000 6.800000000 -0.056126508900
992.270000000 8.400000000 -0.267697125700
995.520000000 9.600000000 -0.385951876600
980.770000000 6.200000000 0.076987832800
991.020000000 5.600000000 -0.221084803300
981.270000000 6.000000000 0.072759725200
991.520000000 8.200000000 -0.237075358600
989.270000000 5.800000000 -0.150957286400
992.020000000 5.400000000 -0.260681659000
993.520000000 8.800000000 -0.317752480500
980.270000000 6.600000000 0.079195849600
980.020000000 7.400000000 0.076257117100
980.520000000 8.000000000 0.068566650200
980.020000000 7.200000000 0.077366538300
995.770000000 9.800000000 -0.392078697700
988.770000000 7.400000000 -0.127719387400
990.770000000 8.000000000 -0.206498414300
980.770000000 8.000000000 0.066453144000
983.270000000 6.800000000 0.038959324400
995.020000000 9.400000000 -0.371241867500
986.770000000 6.000000000 -0.057438630600
980.020000000 7.600000000 0.074935860900
996.020000000 10.000000000 -0.397461921000
983.770000000 6.000000000 0.030084826100
994.020000000 9.000000000 -0.336604297200
981.770000000 7.600000000 0.058738365800
980.020000000 7.000000000 0.078571431300
994.520000000 9.200000000 -0.354528844400
992.770000000 8.600000000 -0.288114696700
990.770000000 5.600000000 -0.211122289300
989.020000000 5.800000000 -0.141164556100
990.020000000 7.800000000 -0.176317125600
980.270000000 8.000000000 0.070471219700
981.020000000 6.000000000 0.075402073600
991.770000000 5.400000000 -0.250944763400
992.020000000 8.400000000 -0.257408529500
980.020000000 7.800000000 0.073557399200
995.270000000 9.600000000 -0.378004133700
993.270000000 8.800000000 -0.307857513400
988.020000000 7.200000000 -0.099811792400
980.020000000 6.800000000 0.079704113300
980.520000000 6.200000000 0.079059049500
990.520000000 5.600000000 -0.201152831300
980.270000000 6.400000000 0.079968817500
988.770000000 5.800000000 -0.131448134800
982.520000000 7.200000000 0.050505060700
991.270000000 8.200000000 -0.226763114300
981.020000000 8.000000000 0.064123131300
994.770000000 9.400000000 -0.362621784200
993.770000000 9.000000000 -0.327023208100
995.520000000 9.800000000 -0.384569108500
989.270000000 7.600000000 -0.146810486900
986.520000000 6.000000000 -0.048924759000
994.270000000 9.200000000 -0.345368921800
992.520000000 8.600000000 -0.277930885600
991.520000000 5.400000000 -0.241148561200
995.770000000 10.000000000 -0.390438199000
980.770000000 6.000000000 0.077763445700
990.520000000 8.000000000 -0.196284219600
981.520000000 7.800000000 0.060338359300
990.270000000 5.600000000 -0.191187784100
980.020000000 6.600000000 0.080535322400
988.520000000 5.800000000 -0.121818907600
980.020000000 8.000000000 0.072174914200
982.020000000 5.800000000 0.063667468700
991.770000000 8.400000000 -0.247101202600
993.020000000 8.800000000 -0.297853529500
981.770000000 5.800000000 0.067147366700
995.020000000 9.600000000 -0.370220869800
987.270000000 7.000000000 -0.073114186500
982.270000000 5.800000000 0.059792641600
979.770000000 7.400000000 0.077665127800
979.770000000 7.200000000 0.078744038900
981.520000000 5.800000000 0.070407494900
979.770000000 7.600000000 0.076369911400
980.520000000 8.200000000 0.067038223100
991.270000000 5.400000000 -0.231305137300
988.520000000 7.400000000 -0.118205584600
980.270000000 8.200000000 0.068966820800
993.520000000 9.000000000 -0.317289769600
980.270000000 6.200000000 0.080870404800
989.770000000 7.800000000 -0.166301518700
994.520000000 9.400000000 -0.353748470500
990.020000000 5.600000000 -0.181238427800
979.770000000 7.000000000 0.079930074500
994.020000000 9.200000000 -0.336008489100
988.270000000 5.800000000 -0.112287804500
991.020000000 8.200000000 -0.216475337700
982.520000000 5.800000000 0.055613093100
995.270000000 9.800000000 -0.376718968200
981.270000000 5.800000000 0.073370926100
992.270000000 8.600000000 -0.267695009700
982.270000000 7.400000000 0.053195484000
979.770000000 7.800000000 0.075020857200
980.020000000 6.400000000 0.081527479000
980.520000000 6.000000000 0.079851321900
986.270000000 6.000000000 -0.040599484000
984.020000000 6.000000000 0.024180265100
995.520000000 10.000000000 -0.383041739500
979.770000000 6.800000000 0.080802962200
980.770000000 8.200000000 0.064906835600
984.020000000 6.600000000 0.023354424200
985.770000000 6.600000000 -0.024067012600
991.020000000 5.400000000 -0.221426308200
981.020000000 5.800000000 0.076042607400
986.520000000 6.800000000 -0.047804571700
980.020000000 8.200000000 0.070700474100
992.770000000 8.800000000 -0.287760466300
989.770000000 5.600000000 -0.171315968000
994.770000000 9.600000000 -0.361676693000
981.270000000 8.000000000 0.061605289600
990.270000000 8.000000000 -0.186131507200
991.520000000 8.400000000 -0.237109363100
988.020000000 5.800000000 -0.102865703400
989.020000000 7.600000000 -0.137078031900
982.770000000 5.800000000 0.051128950000
979.770000000 8.000000000 0.073686249600
993.270000000 9.000000000 -0.307425618200
979.770000000 6.600000000 0.081866398500
994.270000000 9.400000000 -0.344647526700
983.020000000 7.000000000 0.042873375100
993.770000000 9.200000000 -0.326471149900
987.770000000 7.200000000 -0.090697199100
980.770000000 5.800000000 0.078428775100
980.020000000 6.200000000 0.082431510100
980.270000000 6.000000000 0.081674292700
995.020000000 9.800000000 -0.369083285300
992.020000000 8.600000000 -0.257424533400
982.020000000 7.600000000 0.055457111400
989.520000000 5.600000000 -0.161431446700
990.770000000 5.400000000 -0.211523711700
990.770000000 8.200000000 -0.206226244600
979.520000000 7.400000000 0.078697249300
989.520000000 7.800000000 -0.156379520900
995.270000000 10.000000000 -0.375896275000
979.520000000 7.200000000 0.079918101400
979.770000000 6.400000000 0.082851499300
992.520000000 8.800000000 -0.277597636000
987.770000000 5.800000000 -0.093563519400
979.520000000 7.600000000 0.077610388400
979.770000000 8.200000000 0.072247378500
994.520000000 9.600000000 -0.352876454600
986.020000000 6.000000000 -0.032473325700
979.520000000 7.000000000 0.081079788500
980.520000000 5.800000000 0.080536805100
980.270000000 8.400000000 0.067415744100
981.020000000 8.200000000 0.062565252200
993.020000000 9.000000000 -0.297451883600
991.270000000 8.400000000 -0.226813346100
979.520000000 7.800000000 0.076296173000
989.270000000 5.600000000 -0.151595920300
983.020000000 5.800000000 0.046341635300
994.020000000 9.400000000 -0.335343688700
990.520000000 5.400000000 -0.201608911200
988.270000000 7.400000000 -0.108830042200
993.520000000 9.200000000 -0.316779941300
980.020000000 8.400000000 0.069182202200
979.520000000 6.800000000 0.081932261600
980.520000000 8.400000000 0.065460108200
980.020000000 6.000000000 0.083241947000
981.770000000 7.800000000 0.057325478600
990.020000000 8.000000000 -0.176052913100
994.770000000 9.800000000 -0.360626876400
983.520000000 6.800000000 0.033872161100
991.770000000 8.600000000 -0.247136220300
979.770000000 6.200000000 0.083752721500
979.520000000 8.000000000 0.074936233500
979.520000000 6.600000000 0.082979120300
987.020000000 7.000000000 -0.064464733000
980.270000000 5.800000000 0.082375198600
987.520000000 5.800000000 -0.084392122900
989.020000000 5.600000000 -0.141820296600
981.270000000 5.600000000 0.073861695800
990.270000000 5.400000000 -0.191693157000
992.270000000 8.800000000 -0.267383277400
995.020000000 10.000000000 -0.367828667200
981.520000000 5.600000000 0.070862561500
988.770000000 7.600000000 -0.127467736600
994.270000000 9.600000000 -0.343845844300
990.520000000 8.200000000 -0.196029275700
981.020000000 5.600000000 0.076565161300
979.770000000 8.400000000 0.070767469700
982.770000000 7.200000000 0.046352431200
992.770000000 9.000000000 -0.287388891000
981.770000000 5.600000000 0.067563012200
993.770000000 9.400000000 -0.325861156000
979.520000000 6.400000000 0.083951942600
993.270000000 9.200000000 -0.306957036300
979.520000000 8.200000000 0.073616124700
980.770000000 5.600000000 0.078979030300
984.270000000 6.000000000 0.017995886500
991.020000000 8.400000000 -0.216543778800
981.520000000 8.000000000 0.058839205700
979.770000000 6.000000000 0.084299840000
980.770000000 8.400000000 0.063307732300
980.020000000 5.800000000 0.083953574300
989.270000000 7.800000000 -0.146562486900
979.270000000 7.400000000 0.079711727800
994.520000000 9.800000000 -0.351911366000
979.270000000 7.200000000 0.080899365200
988.770000000 5.600000000 -0.132115662100
982.020000000 5.600000000 0.063959620900
980.520000000 5.600000000 0.081110552000
990.020000000 5.400000000 -0.181787729300
979.270000000 7.600000000 0.078667298000
979.270000000 7.000000000 0.081770062400
991.520000000 8.600000000 -0.236846342700
985.770000000 6.000000000 -0.024556649800
983.270000000 5.800000000 0.041253689700
979.520000000 6.200000000 0.084561362900
987.520000000 7.200000000 -0.081746190800
987.270000000 5.800000000 -0.075362466300
979.270000000 7.800000000 0.077392987900
979.270000000 6.800000000 0.082859762000
989.770000000 8.000000000 -0.166060537100
994.020000000 9.600000000 -0.334610104600
992.020000000 8.800000000 -0.257135450800
994.770000000 10.000000000 -0.359471917200
980.020000000 8.600000000 0.067624777600
979.520000000 8.400000000 0.072179764500
980.270000000 5.600000000 0.082968153100
979.270000000 6.600000000 0.083884954500
992.520000000 9.000000000 -0.277256280200
993.520000000 9.400000000 -0.316223114700
980.270000000 8.600000000 0.065822772700
979.270000000 8.000000000 0.076075978600
981.270000000 8.200000000 0.060006573800
979.770000000 5.800000000 0.085042208400
993.020000000 9.200000000 -0.297023773200
986.270000000 6.800000000 -0.039685785800
982.520000000 7.400000000 0.049357593100
982.270000000 5.600000000 0.060050249100
990.270000000 8.200000000 -0.186223238700
989.770000000 5.400000000 -0.171903714500
979.520000000 6.000000000 0.085394196200
988.520000000 5.600000000 -0.122492842400
979.770000000 8.600000000 0.069250956200
985.520000000 6.600000000 -0.016545783700
988.020000000 7.400000000 -0.099602863200
979.270000000 6.400000000 0.084540277700
980.020000000 5.600000000 0.084343180100
994.270000000 9.800000000 -0.342962861100
990.770000000 8.400000000 -0.206314906500
979.270000000 8.200000000 0.074815586200
984.270000000 6.600000000 0.017362531300
991.270000000 8.600000000 -0.226570516800
988.520000000 7.600000000 -0.117990054200
979.270000000 6.200000000 0.085444085300
980.520000000 8.600000000 0.063837245100
993.770000000 9.600000000 -0.325193524400
979.520000000 5.800000000 0.086137451200
987.020000000 5.800000000 -0.066675178700
991.770000000 8.800000000 -0.246871307500
994.520000000 10.000000000 -0.350853025900
979.520000000 8.600000000 0.070709243400
989.520000000 5.400000000 -0.162052288700
980.770000000 5.400000000 0.079409837700
979.770000000 5.600000000 0.085685268000
982.270000000 7.600000000 0.051917359200
981.020000000 5.400000000 0.076965533200
981.020000000 8.400000000 0.060951389400
993.270000000 9.400000000 -0.306452006100
979.020000000 7.200000000 0.081423610400
980.520000000 5.400000000 0.081568077200
979.020000000 7.400000000 0.080549322100
992.270000000 9.000000000 -0.267072647800
988.270000000 5.600000000 -0.112962827100
979.020000000 7.000000000 0.082538142800
989.020000000 7.800000000 -0.136861503100
992.770000000 9.200000000 -0.287000745500
979.270000000 8.400000000 0.073427625000
979.020000000 7.600000000 0.079352647100
982.520000000 5.600000000 0.055834036300
979.020000000 6.800000000 0.083597175800
981.270000000 5.400000000 0.074228040900
979.270000000 6.000000000 0.086268380300
980.270000000 5.400000000 0.083254203200
979.020000000 7.800000000 0.078321307900
979.020000000 6.600000000 0.084282368400
989.520000000 8.000000000 -0.156166091600
985.520000000 6.000000000 -0.016859639400
983.270000000 7.000000000 0.038110058800
994.020000000 9.800000000 -0.333806633900
980.020000000 5.400000000 0.084867470000
986.770000000 7.000000000 -0.056003384300
979.520000000 5.600000000 0.086786195600
981.520000000 5.400000000 0.071191504600
979.020000000 6.400000000 0.085237912800
979.020000000 8.000000000 0.077051848200
990.020000000 8.200000000 -0.176167741400
982.020000000 7.800000000 0.054064955600
983.520000000 5.800000000 0.035868797500
979.270000000 5.800000000 0.087007992000
979.770000000 8.800000000 0.067621059700
989.270000000 5.400000000 -0.152244359300
980.020000000 8.800000000 0.065928198400
990.520000000 8.400000000 -0.196140557500
984.520000000 6.000000000 0.011538559600
993.520000000 9.600000000 -0.315619617700
979.020000000 6.200000000 0.086123786900
979.770000000 5.400000000 0.086224116400
979.270000000 8.600000000 0.072007805100
991.020000000 8.600000000 -0.216323748200
994.270000000 10.000000000 -0.341998219500
988.020000000 5.600000000 -0.103536605800
979.020000000 8.200000000 0.075854860200
993.020000000 9.400000000 -0.296569526200
991.520000000 8.800000000 -0.236607253600
979.520000000 8.800000000 0.069150798000
992.020000000 9.000000000 -0.256856352100
992.520000000 9.200000000 -0.276907891000
981.770000000 5.400000000 0.067851401900
980.770000000 8.600000000 0.061660878400
979.020000000 6.000000000 0.086934976300
986.770000000 5.800000000 -0.057951007000
979.270000000 5.600000000 0.087658122200
987.270000000 7.200000000 -0.072968393600
981.770000000 8.000000000 0.055837273600
979.520000000 5.400000000 0.087335519500
980.270000000 8.800000000 0.064064748600
979.020000000 8.400000000 0.074519813100
993.770000000 9.800000000 -0.324467331200
982.770000000 5.600000000 0.051337018600
989.020000000 5.400000000 -0.142491027700
978.770000000 7.000000000 0.083132639500
979.020000000 5.800000000 0.087666578600
978.770000000 7.200000000 0.082057163100
978.770000000 6.800000000 0.083832591800
987.770000000 7.400000000 -0.090533927100
978.770000000 7.400000000 0.081221066400
978.770000000 6.600000000 0.084821298700
978.770000000 7.600000000 0.080070190100
988.270000000 7.600000000 -0.108655281400
978.770000000 6.400000000 0.085749782600
979.270000000 5.400000000 0.088213935500
979.270000000 8.800000000 0.070525094900
981.520000000 8.200000000 0.057224374300
993.270000000 9.600000000 -0.305911034300
983.770000000 6.800000000 0.028502482900
978.770000000 7.800000000 0.079091347800
988.770000000 7.800000000 -0.127287253700
979.020000000 5.600000000 0.088037595200
978.770000000 6.200000000 0.086276374800
982.020000000 5.400000000 0.064204521500
987.770000000 5.600000000 -0.094225183100
979.020000000 8.600000000 0.073155060400
989.270000000 8.000000000 -0.146380990700
994.020000000 10.000000000 -0.332933247100
992.770000000 9.400000000 -0.286596596200
989.770000000 8.200000000 -0.166201278600
978.770000000 8.000000000 0.077873691900
990.270000000 8.400000000 -0.186033815100
985.270000000 6.000000000 -0.009392214900
978.770000000 6.000000000 0.087094746500
990.770000000 8.600000000 -0.206120461200
992.270000000 9.200000000 -0.266764372600
983.020000000 7.200000000 0.041922371800
991.270000000 8.800000000 -0.226359263100
991.770000000 9.000000000 -0.246624708200
979.020000000 5.400000000 0.088621057600
979.770000000 9.000000000 0.066036120100
978.770000000 5.800000000 0.087838739200
981.270000000 8.400000000 0.058384325400
988.770000000 5.400000000 -0.132803231500
979.520000000 9.000000000 0.067616358400
978.770000000 8.200000000 0.076622940600
980.520000000 8.800000000 0.062174499000
985.270000000 6.600000000 -0.009260619100
993.520000000 9.800000000 -0.314968645600
978.770000000 5.600000000 0.088503554500
984.770000000 6.000000000 0.004815870000
986.020000000 6.800000000 -0.031779278100
979.020000000 8.800000000 0.071751736100
986.520000000 5.800000000 -0.049400612700
980.020000000 9.000000000 0.064297601600
978.770000000 8.400000000 0.075465247000
979.270000000 9.000000000 0.069045677800
993.020000000 9.600000000 -0.296089887600
978.520000000 6.800000000 0.084238424900
978.520000000 6.600000000 0.084824428000
978.520000000 7.000000000 0.083234027000
978.770000000 5.400000000 0.089084707200
978.520000000 6.400000000 0.085745088800
978.520000000 7.200000000 0.082533195600
978.520000000 6.200000000 0.086605653200
978.520000000 7.400000000 0.081457361600
993.770000000 10.000000000 -0.323682576400
982.270000000 5.400000000 0.060249067800
984.520000000 6.600000000 0.011098776000
985.020000000 6.000000000 -0.002163972500
978.520000000 6.000000000 0.087401591200
992.520000000 9.400000000 -0.276553422200
987.520000000 5.600000000 -0.085039570900
981.020000000 8.600000000 0.059286639100
978.770000000 8.600000000 0.074159510400
978.520000000 7.600000000 0.080637089900
978.520000000 5.800000000 0.088128343200
983.020000000 5.600000000 0.046497151300
992.020000000 9.200000000 -0.256588578200
982.770000000 7.400000000 0.045249063500
988.520000000 5.400000000 -0.123191967600
983.770000000 5.800000000 0.030191676700
978.520000000 7.800000000 0.079499401200
991.520000000 9.000000000 -0.236394673600
978.520000000 5.600000000 0.088781431300
991.020000000 8.800000000 -0.216142505400
979.020000000 9.000000000 0.070331506400
990.520000000 8.600000000 -0.195974692700
978.520000000 5.400000000 0.089356459700
990.020000000 8.400000000 -0.176007613500
993.270000000 9.800000000 -0.305333644200
978.520000000 8.000000000 0.078551486100
989.520000000 8.200000000 -0.156335622100
980.270000000 9.000000000 0.062393665300
989.020000000 8.000000000 -0.137034475800
978.770000000 8.800000000 0.072829559400
986.520000000 7.000000000 -0.047739367900
978.520000000 8.200000000 0.077358797200
988.520000000 7.800000000 -0.117850147200
979.520000000 9.200000000 0.066057503200
992.770000000 9.600000000 -0.286177337200
982.520000000 7.600000000 0.048115473200
988.020000000 7.600000000 -0.099473342300
987.020000000 7.200000000 -0.064373210100
987.520000000 7.400000000 -0.081632837700
979.270000000 9.200000000 0.067543476800
978.520000000 8.400000000 0.076272986800
993.520000000 10.000000000 -0.314270377200
980.770000000 8.800000000 0.059971250600
979.770000000 9.200000000 0.064424902200
992.270000000 9.400000000 -0.266459435200
988.270000000 5.400000000 -0.113668248100
978.770000000 9.000000000 0.071481443900
982.270000000 7.800000000 0.050552226600
991.770000000 9.200000000 -0.246398240300
978.520000000 8.600000000 0.075029842600
979.020000000 9.200000000 0.068889975500
987.270000000 5.600000000 -0.075990840800
982.520000000 5.400000000 0.055984504500
986.270000000 5.800000000 -0.041034881000
991.270000000 9.000000000 -0.226182252200
993.020000000 9.800000000 -0.295584499800
985.020000000 6.600000000 -0.002219728900
990.770000000 8.800000000 -0.205971792300
982.020000000 8.000000000 0.052594166200
978.520000000 8.800000000 0.073764115600
990.270000000 8.600000000 -0.185899764300
980.020000000 9.200000000 0.062638714900
984.770000000 6.600000000 0.004569144000
992.520000000 9.600000000 -0.276193738000
978.770000000 9.200000000 0.070104204100
989.770000000 8.400000000 -0.166074141900
981.770000000 8.200000000 0.054212763900
983.520000000 7.000000000 0.033065393600
980.520000000 9.000000000 0.060317352400
993.270000000 10.000000000 -0.304719895100
989.270000000 8.200000000 -0.146582201100
978.520000000 9.000000000 0.072503164400
992.020000000 9.400000000 -0.256333291500
981.520000000 8.400000000 0.055600192400
979.270000000 9.400000000 0.066021733000
988.020000000 5.400000000 -0.104243166700
983.270000000 5.600000000 0.041355080900
979.020000000 9.400000000 0.067430183300
988.770000000 8.000000000 -0.127494186200
991.520000000 9.200000000 -0.236210495200
979.520000000 9.400000000 0.064477607600
992.770000000 9.800000000 -0.285742700100
981.270000000 8.600000000 0.056707922400
991.020000000 9.000000000 -0.216003090100
978.520000000 9.200000000 0.071193464100
978.770000000 9.400000000 0.068709813100
988.270000000 7.800000000 -0.108560286500
987.020000000 5.600000000 -0.067090101500
990.520000000 8.800000000 -0.195861250200
992.270000000 9.600000000 -0.266159027800
980.270000000 9.200000000 0.060692045800
979.770000000 9.400000000 0.062791027100
987.770000000 7.600000000 -0.090453930200
990.020000000 8.600000000 -0.175908699600
993.020000000 10.000000000 -0.295053541700
982.770000000 5.400000000 0.051411636200
981.020000000 8.800000000 0.057576067700
978.520000000 9.400000000 0.069867543900
991.770000000 9.400000000 -0.246193096000
984.020000000 5.800000000 0.024228004700
985.770000000 6.800000000 -0.024093879400
984.020000000 6.800000000 0.022853391200
989.520000000 8.400000000 -0.156245380600
987.770000000 5.400000000 -0.094927802700
987.270000000 7.400000000 -0.072909012400
986.020000000 5.800000000 -0.032864622800
991.270000000 9.200000000 -0.226041689500
979.020000000 9.600000000 0.065777830800
992.520000000 9.800000000 -0.275828957600
983.270000000 7.200000000 0.037214435600
978.770000000 9.600000000 0.067155689000
979.270000000 9.600000000 0.064274147200
989.020000000 8.200000000 -0.136952072400
990.770000000 9.000000000 -0.205872044000
986.770000000 7.200000000 -0.055969797100
978.520000000 9.600000000 0.068528004000
980.770000000 9.000000000 0.058061938700
992.020000000 9.600000000 -0.256091952300
986.270000000 7.000000000 -0.039681710300
980.020000000 9.400000000 0.060955282300
992.770000000 10.000000000 -0.285293072500
990.270000000 8.800000000 -0.185824424000
988.520000000 8.000000000 -0.118094034500
979.520000000 9.600000000 0.062638387100
991.520000000 9.400000000 -0.236056193700
986.770000000 5.600000000 -0.058348450800
989.770000000 8.600000000 -0.166013792200
983.020000000 7.400000000 0.040868185500
978.770000000 9.800000000 0.065718129300
992.270000000 9.800000000 -0.265863239800
980.520000000 9.200000000 0.058578260200
978.520000000 9.800000000 0.067047163800
991.020000000 9.200000000 -0.215907633300
987.520000000 5.400000000 -0.085733257200
988.020000000 7.800000000 -0.099725775400
979.020000000 9.800000000 0.064272478200
989.270000000 8.400000000 -0.146532714400
982.770000000 7.600000000 0.044048607300
983.520000000 5.600000000 0.035914924000
991.770000000 9.600000000 -0.246010959100
990.520000000 9.000000000 -0.195803463500
979.770000000 9.600000000 0.061138019000
992.520000000 10.000000000 -0.275459408800
982.520000000 7.800000000 0.046783428600
979.270000000 9.800000000 0.062704213000
982.270000000 8.000000000 0.049105186000
983.020000000 5.400000000 0.046532563900
982.020000000 8.200000000 0.051049940300
987.520000000 7.600000000 -0.081606425300
981.770000000 8.400000000 0.052593156700
980.270000000 9.400000000 0.058963857600
988.770000000 8.200000000 -0.127455845500
991.270000000 9.400000000 -0.225939244000
990.020000000 8.800000000 -0.175874412100
981.520000000 8.600000000 0.053918518100
978.520000000 10.000000000 0.065669030000
992.020000000 9.800000000 -0.255864828800
978.770000000 10.000000000 0.064268939200
985.770000000 5.800000000 -0.024900538800
981.270000000 8.800000000 0.054982490800
990.770000000 9.200000000 -0.205823510900
989.520000000 8.600000000 -0.156227111800
979.520000000 9.800000000 0.061007458700
988.270000000 8.000000000 -0.108844049300
979.020000000 10.000000000 0.062754921600
987.020000000 7.400000000 -0.064371556000
991.520000000 9.600000000 -0.235933572100
987.270000000 5.400000000 -0.076670795700
992.270000000 10.000000000 -0.265572726700
986.520000000 5.600000000 -0.049777004900
981.020000000 9.000000000 0.055824413900
980.020000000 9.600000000 0.059251055100
990.270000000 9.000000000 -0.185811072600
989.020000000 8.400000000 -0.136947140100
991.020000000 9.400000000 -0.215858161400
983.770000000 7.000000000 0.027741152800
984.270000000 5.800000000 0.017984356700
980.770000000 9.200000000 0.056290857500
991.770000000 9.800000000 -0.245852202200
979.270000000 10.000000000 0.061121363200
989.770000000 8.800000000 -0.166023701400
987.770000000 7.800000000 -0.090748913600
986.520000000 7.200000000 -0.047767050600
985.520000000 6.800000000 -0.016638077800
990.520000000 9.200000000 -0.195803806200
979.770000000 9.800000000 0.059176340700
988.520000000 8.200000000 -0.118103779900
992.020000000 10.000000000 -0.255652576700
991.270000000 9.600000000 -0.225876674100
980.520000000 9.400000000 0.056810285900
989.270000000 8.600000000 -0.146560013300
986.020000000 7.000000000 -0.031839106200
990.020000000 9.000000000 -0.175908118500
984.270000000 6.800000000 0.016928810600
987.020000000 5.400000000 -0.067751623700
990.770000000 9.400000000 -0.205828338900
991.520000000 9.800000000 -0.235843122000
987.270000000 7.600000000 -0.072939984500
983.270000000 5.400000000 0.041350550900
979.520000000 10.000000000 0.059362676000
980.270000000 9.600000000 0.057212904100
988.020000000 8.000000000 -0.099753946100
983.770000000 5.600000000 0.030181836300
988.770000000 8.400000000 -0.127499297300
985.520000000 5.800000000 -0.017153155100
983.520000000 7.200000000 0.032229043500
989.520000000 8.800000000 -0.156284302500
991.770000000 10.000000000 -0.245717585100
990.270000000 9.200000000 -0.185862362400
986.270000000 5.600000000 -0.041386850200
991.020000000 9.600000000 -0.215856447800
980.020000000 9.800000000 0.057529337700
981.520000000 8.800000000 0.052184458800
981.770000000 8.600000000 0.050912614900
991.270000000 9.800000000 -0.225854724600
981.270000000 9.000000000 0.053212855000
982.020000000 8.400000000 0.049357891100
986.770000000 7.400000000 -0.056029293700
990.520000000 9.400000000 -0.195864379400
989.770000000 9.000000000 -0.166107162800
983.270000000 7.400000000 0.036214102100
989.020000000 8.600000000 -0.137023583100
982.270000000 8.200000000 0.047581277800
988.270000000 8.200000000 -0.108905799700
987.520000000 7.800000000 -0.081946663600
982.520000000 8.000000000 0.045366324500
981.020000000 9.200000000 0.053823590300
979.770000000 10.000000000 0.057473287000
983.020000000 7.600000000 0.039714720100
982.770000000 7.800000000 0.042755488300
991.520000000 10.000000000 -0.235785722700
980.770000000 9.400000000 0.054488401900
990.770000000 9.600000000 -0.205888345800
986.770000000 5.400000000 -0.058987073600
990.020000000 9.200000000 -0.176012501100
984.520000000 5.800000000 0.011468089200
989.270000000 8.800000000 -0.146667659300
988.520000000 8.400000000 -0.118199303700
980.520000000 9.600000000 0.055017449000
991.020000000 9.800000000 -0.215903267300
987.770000000 8.000000000 -0.090833030600
986.270000000 7.200000000 -0.039773587100
990.270000000 9.400000000 -0.185980394500
985.270000000 6.800000000 -0.009419995400
989.520000000 9.000000000 -0.156420216000
987.020000000 7.600000000 -0.064726658200
985.270000000 5.800000000 -0.009632777400
991.270000000 10.000000000 -0.225874260100
980.270000000 9.800000000 0.055442698300
988.770000000 8.600000000 -0.127628296600
990.520000000 9.600000000 -0.195987239500
986.020000000 5.600000000 -0.033189047100
983.520000000 5.400000000 0.035870041700
989.770000000 9.200000000 -0.166266888400
988.020000000 8.200000000 -0.099871382100
980.020000000 10.000000000 0.055447693900
984.520000000 6.800000000 0.010733447000
990.770000000 9.800000000 -0.206004545100
985.770000000 7.000000000 -0.024219937600
989.020000000 8.800000000 -0.137184768900
984.020000000 7.000000000 0.022139988800
990.020000000 9.400000000 -0.176189735500
987.270000000 7.800000000 -0.073327951100
991.020000000 10.000000000 -0.215999662900
986.520000000 5.400000000 -0.050388421900
984.020000000 5.600000000 0.024161951600
984.770000000 5.800000000 0.004687272500
988.270000000 8.400000000 -0.109056942200
985.020000000 5.800000000 -0.002349420000
989.270000000 9.000000000 -0.146858826300
981.520000000 9.000000000 0.050402872300
990.270000000 9.600000000 -0.186167269900
986.520000000 7.400000000 -0.047890763700
981.270000000 9.200000000 0.051403604400
981.770000000 8.800000000 0.049176231000
981.020000000 9.400000000 0.051992137000
982.020000000 8.600000000 0.047684907900
980.770000000 9.600000000 0.052658695700
990.520000000 9.800000000 -0.196173295400
988.520000000 8.600000000 -0.118384204800
989.520000000 9.200000000 -0.156637638800
987.520000000 8.000000000 -0.082090295900
985.020000000 6.800000000 -0.002447331100
980.520000000 9.800000000 0.053203325700
982.270000000 8.400000000 0.045985601800
990.770000000 10.000000000 -0.206177771100
989.770000000 9.400000000 -0.166505113200
988.770000000 8.800000000 -0.127846121800
984.770000000 6.800000000 0.004272707300
982.520000000 8.200000000 0.043868959000
983.770000000 7.200000000 0.026967488200
987.770000000 8.200000000 -0.091009654100
980.270000000 10.000000000 0.053656615300
986.770000000 7.600000000 -0.056434311000
990.020000000 9.600000000 -0.176441893000
982.770000000 8.000000000 0.041374251200
989.020000000 9.000000000 -0.137433886500
985.770000000 5.600000000 -0.025329653200
990.270000000 9.800000000 -0.186423942400
988.020000000 8.400000000 -0.100081525700
983.020000000 7.800000000 0.038466028900
983.520000000 7.400000000 0.031286787200
986.020000000 7.200000000 -0.031997695600
989.270000000 9.200000000 -0.147136196500
983.270000000 7.600000000 0.035112556100
990.520000000 10.000000000 -0.196423560400
986.270000000 5.400000000 -0.041967041800
987.020000000 7.800000000 -0.064901329600
988.270000000 8.600000000 -0.109300933800
989.520000000 9.400000000 -0.156938657200
983.770000000 5.400000000 0.030096523500
989.770000000 9.600000000 -0.166823804400
988.520000000 8.800000000 -0.118661612300
987.270000000 8.000000000 -0.073534362000
990.020000000 9.800000000 -0.176769867500
988.770000000 9.000000000 -0.128155767900
990.270000000 10.000000000 -0.186751291200
981.020000000 9.600000000 0.050130821800
985.520000000 7.000000000 -0.016832238100
981.270000000 9.400000000 0.049559209500
981.520000000 9.200000000 0.048578426200
980.770000000 9.800000000 0.050805434600
987.520000000 8.200000000 -0.082329310500
986.270000000 7.400000000 -0.040195919600
989.020000000 9.200000000 -0.137773454200
981.770000000 9.000000000 0.047388866500
984.270000000 5.600000000 0.017862293900
980.520000000 10.000000000 0.051371395600
989.270000000 9.400000000 -0.147501781600
982.020000000 8.800000000 0.045952539900
987.770000000 8.400000000 -0.091281928100
989.520000000 9.600000000 -0.157325238000
984.270000000 7.000000000 0.016265355100
988.020000000 8.600000000 -0.100387580700
989.770000000 9.800000000 -0.167223915500
982.270000000 8.600000000 0.044230561700
986.520000000 7.600000000 -0.048347599800
990.020000000 10.000000000 -0.177174583100
985.520000000 5.600000000 -0.017536629000
988.270000000 8.800000000 -0.109640672800
988.520000000 9.000000000 -0.119034305200
986.020000000 5.400000000 -0.033734194900
982.520000000 8.400000000 0.042296286700
986.770000000 7.800000000 -0.056675009400
988.770000000 9.200000000 -0.128559693700
989.020000000 9.400000000 -0.138205409000
989.270000000 9.600000000 -0.147957548500
982.770000000 8.200000000 0.039909482000
987.020000000 8.000000000 -0.065173432200
989.520000000 9.800000000 -0.157798215700
989.770000000 10.000000000 -0.167706251100
985.770000000 7.200000000 -0.024447280900
987.270000000 8.200000000 -0.073838681000
983.020000000 8.000000000 0.037126347400
987.520000000 8.400000000 -0.082666583400
984.020000000 7.200000000 0.021431876300
981.020000000 9.800000000 0.048243444400
980.770000000 10.000000000 0.048932246900
987.770000000 8.600000000 -0.091652795700
981.270000000 9.600000000 0.047428175800
988.020000000 8.800000000 -0.100792221700
981.520000000 9.400000000 0.046715617200
984.020000000 5.400000000 0.024036480100
983.270000000 7.800000000 0.033913441000
988.270000000 9.000000000 -0.110078774400
988.520000000 9.200000000 -0.119504571000
981.770000000 9.200000000 0.045555193000
985.270000000 7.000000000 -0.009683615500
988.770000000 9.400000000 -0.129059627700
983.770000000 7.400000000 0.026087034500
989.020000000 9.600000000 -0.138731494500
984.520000000 5.600000000 0.011290682500
983.520000000 7.600000000 0.030241655200
989.270000000 9.800000000 -0.148504123100
986.020000000 7.400000000 -0.032473143200
989.520000000 10.000000000 -0.158358335500
982.020000000 9.000000000 0.044165577700
985.270000000 5.600000000 -0.009967871900
986.270000000 7.600000000 -0.040474414800
982.270000000 8.800000000 0.042508490400
984.520000000 7.000000000 0.010258676500
985.770000000 5.400000000 -0.025701118600
986.520000000 7.800000000 -0.048656836200
986.770000000 8.000000000 -0.057015359400
987.020000000 8.200000000 -0.065545648300
989.270000000 10.000000000 -0.149142175900
989.020000000 9.800000000 -0.139352336500
987.270000000 8.400000000 -0.074243493400
988.770000000 9.600000000 -0.129657194000
988.520000000 9.400000000 -0.120074018800
988.270000000 9.200000000 -0.110617213000
987.520000000 8.600000000 -0.083104744600
988.020000000 9.000000000 -0.101297825600
987.770000000 8.800000000 -0.092124663300
982.520000000 8.600000000 0.040653102100
984.770000000 5.600000000 0.004455620000
985.020000000 5.600000000 -0.002633772300
982.770000000 8.400000000 0.038365878200
981.020000000 10.000000000 0.046333752600
985.020000000 7.000000000 -0.002781241000
981.270000000 9.800000000 0.045511905100
985.520000000 7.200000000 -0.017324779200
981.520000000 9.600000000 0.044818658400
984.770000000 7.000000000 0.003868225700
989.020000000 10.000000000 -0.140068396900
988.770000000 9.800000000 -0.130352824900
988.520000000 9.600000000 -0.120743997400
981.770000000 9.400000000 0.043679758900
983.020000000 8.200000000 0.035699944900
988.270000000 9.400000000 -0.111257478600
988.020000000 9.200000000 -0.101906128200
987.770000000 9.000000000 -0.092699609700
982.020000000 9.200000000 0.042328722800
987.520000000 8.800000000 -0.083645887700
984.270000000 5.400000000 0.017697265400
987.270000000 8.600000000 -0.074751086500
983.270000000 8.000000000 0.032620646100
985.770000000 7.400000000 -0.024976955700
984.270000000 7.200000000 0.015625108000
987.020000000 8.400000000 -0.066020190700
985.520000000 5.400000000 -0.017878908700
986.770000000 8.200000000 -0.057457681700
982.270000000 9.000000000 0.040728159200
988.770000000 10.000000000 -0.131146788600
986.520000000 8.000000000 -0.049067579200
986.020000000 7.600000000 -0.032822199200
986.270000000 7.800000000 -0.040854219300
988.520000000 9.800000000 -0.121514804700
983.520000000 7.800000000 0.029096873500
988.270000000 9.600000000 -0.112000651700
988.020000000 9.400000000 -0.102618299400
984.020000000 7.400000000 0.020616425200
983.770000000 7.600000000 0.025102339700
982.520000000 8.800000000 0.038839701600
987.770000000 9.200000000 -0.093379125000
987.520000000 9.000000000 -0.084291763600
981.270000000 10.000000000 0.043570660100
988.520000000 10.000000000 -0.122386463000
987.270000000 8.800000000 -0.075363189000
981.520000000 9.800000000 0.042891595500
982.770000000 8.600000000 0.036748055400
988.270000000 9.800000000 -0.112846821500
987.020000000 8.600000000 -0.066598996500
985.270000000 7.200000000 -0.010230328900
981.770000000 9.600000000 0.041766818600
988.020000000 9.600000000 -0.103435203400
986.770000000 8.400000000 -0.058003760900
987.770000000 9.400000000 -0.094164095800
982.020000000 9.400000000 0.040446538500
983.020000000 8.400000000 0.034191273200
985.270000000 5.400000000 -0.010278491300
986.520000000 8.200000000 -0.049581769900
984.520000000 5.400000000 0.011087033900
987.520000000 9.200000000 -0.085043542100
988.270000000 10.000000000 -0.113795802000
986.270000000 8.000000000 -0.041337080300
982.270000000 9.200000000 0.038894210000
984.520000000 7.200000000 0.009550825700
987.270000000 9.000000000 -0.076081246100
988.020000000 9.800000000 -0.104356758300
985.520000000 7.400000000 -0.017714474400
983.270000000 8.200000000 0.031238108900
986.020000000 7.800000000 -0.033274199800
985.770000000 7.600000000 -0.025398043900
987.770000000 9.600000000 -0.095055088400
987.020000000 8.800000000 -0.067283421800
982.520000000 9.000000000 0.037072159300
987.520000000 9.400000000 -0.085901841500
985.020000000 7.200000000 -0.003382212000
986.770000000 8.600000000 -0.058655161400
983.520000000 8.000000000 0.027855929000
988.020000000 10.000000000 -0.105382435000
985.020000000 5.400000000 -0.002910529700
981.520000000 10.000000000 0.040637876800
984.770000000 5.400000000 0.004214621600
987.270000000 9.200000000 -0.076906092500
984.770000000 7.200000000 0.003213382100
987.770000000 9.800000000 -0.096051693000
982.770000000 8.800000000 0.035060703800
981.770000000 9.800000000 0.039820514600
986.520000000 8.400000000 -0.050200775300
984.270000000 7.400000000 0.014877313700
983.770000000 7.800000000 0.024016184700
987.020000000 9.000000000 -0.068074546800
987.520000000 9.600000000 -0.086866922700
982.020000000 9.600000000 0.038523301500
984.020000000 7.600000000 0.019695689900
986.270000000 8.200000000 -0.041924454300
983.020000000 8.600000000 0.032604739100
987.770000000 10.000000000 -0.097153231500
986.770000000 8.800000000 -0.059412870600
987.270000000 9.400000000 -0.077837973800
982.270000000 9.400000000 0.037011183800
986.020000000 8.000000000 -0.033830396800
987.520000000 9.800000000 -0.087938107600
985.270000000 7.400000000 -0.010692372000
987.020000000 9.200000000 -0.068972818600
986.520000000 8.600000000 -0.050925727900
985.770000000 7.800000000 -0.025923322900
983.270000000 8.400000000 0.029769985000
982.520000000 9.200000000 0.035247169400
985.520000000 7.600000000 -0.018208544700
987.270000000 9.600000000 -0.078876845500
987.520000000 10.000000000 -0.089114464800
986.770000000 9.000000000 -0.060277529100
986.270000000 8.400000000 -0.042617317300
981.770000000 10.000000000 0.037844695200
983.520000000 8.200000000 0.026522388700
987.020000000 9.400000000 -0.069978207300
982.770000000 9.000000000 0.033308424100
987.270000000 9.800000000 -0.080021791200
984.520000000 7.400000000 0.008872778200
982.020000000 9.800000000 0.036563225100
986.520000000 8.800000000 -0.051757238800
986.020000000 8.200000000 -0.034491814700
986.770000000 9.200000000 -0.061249274800
983.770000000 8.000000000 0.022831630000
985.020000000 7.400000000 -0.003916806100
983.020000000 8.800000000 0.030944826100
987.020000000 9.600000000 -0.071090288500
982.270000000 9.600000000 0.035083405700
987.270000000 10.000000000 -0.081271566500
986.270000000 8.600000000 -0.043416347400
985.770000000 8.000000000 -0.026553591700
984.270000000 7.600000000 0.014023519100
984.020000000 7.800000000 0.018671970800
984.770000000 7.400000000 0.002606593100
986.520000000 9.000000000 -0.052695516500
982.520000000 9.400000000 0.033369239400
987.020000000 9.800000000 -0.072307869800
986.770000000 9.400000000 -0.062327683000
983.270000000 8.600000000 0.028220405800
985.520000000 7.800000000 -0.018807686900
985.270000000 7.600000000 -0.011259818400
986.020000000 8.400000000 -0.035258974900
987.020000000 10.000000000 -0.073629416500
986.770000000 9.600000000 -0.063512012400
986.270000000 8.800000000 -0.044321738200
982.770000000 9.200000000 0.031383525600
986.520000000 9.200000000 -0.053740359800
982.020000000 10.000000000 0.034570232000
983.520000000 8.400000000 0.025100089600
985.770000000 8.200000000 -0.027289407300
986.770000000 9.800000000 -0.064800769100
982.270000000 9.800000000 0.033115107600
983.020000000 9.000000000 0.029216010100
986.520000000 9.400000000 -0.054890945600
986.020000000 8.600000000 -0.036132130800
986.270000000 9.000000000 -0.045333307200
983.770000000 8.200000000 0.021551836300
984.520000000 7.600000000 0.008088352200
986.770000000 10.000000000 -0.066192150100
985.020000000 7.600000000 -0.004557482400
982.520000000 9.600000000 0.031442698100
985.520000000 8.000000000 -0.019512243600
986.520000000 9.600000000 -0.056146204500
983.270000000 8.800000000 0.026593659100
984.020000000 8.000000000 0.017547875600
985.270000000 7.800000000 -0.011932876000
986.270000000 9.200000000 -0.046450417500
984.270000000 7.800000000 0.013065532800
985.770000000 8.400000000 -0.028130818200
984.770000000 7.600000000 0.001893398800
986.020000000 8.800000000 -0.037111006700
986.520000000 9.800000000 -0.057504348500
982.770000000 9.400000000 0.029516600100
986.270000000 9.400000000 -0.047671936500
983.520000000 8.600000000 0.023592878100
986.520000000 10.000000000 -0.058963261500
982.270000000 10.000000000 0.031110277400
986.020000000 9.000000000 -0.038195043800
985.520000000 8.200000000 -0.020322280000
983.020000000 9.200000000 0.027422683300
986.270000000 9.600000000 -0.048996429900
985.770000000 8.600000000 -0.029077639800
983.770000000 8.400000000 0.020180296200
982.520000000 9.800000000 0.029471803500
985.020000000 7.800000000 -0.005303951000
986.270000000 9.800000000 -0.050421811600
986.020000000 9.200000000 -0.039383214000
985.270000000 8.000000000 -0.012711391800
984.520000000 7.800000000 0.007198855300
983.270000000 9.000000000 0.024894038200
986.270000000 10.000000000 -0.051945738500
985.770000000 8.800000000 -0.030129164500
984.020000000 8.200000000 0.016326159200
982.770000000 9.600000000 0.027597067900
985.520000000 8.400000000 -0.021237382700
986.020000000 9.400000000 -0.040674008400
984.270000000 8.000000000 0.012005494000
984.770000000 7.800000000 0.001074596500
983.520000000 8.800000000 0.022004785000
986.020000000 9.600000000 -0.042065657700
985.770000000 9.000000000 -0.031284406800
983.020000000 9.400000000 0.025569232200
985.270000000 8.200000000 -0.013594950500
986.020000000 9.800000000 -0.043555796100
985.520000000 8.600000000 -0.022256912700
982.520000000 10.000000000 0.027460562100
985.020000000 8.000000000 -0.006155545800
985.770000000 9.200000000 -0.032541953000
986.020000000 10.000000000 -0.045141819900
983.770000000 8.600000000 0.018720531800
983.270000000 9.200000000 0.023125793800
984.520000000 8.000000000 0.006205944300
985.770000000 9.400000000 -0.033899955500
982.770000000 9.800000000 0.025629200000
985.520000000 8.800000000 -0.023379741200
984.020000000 8.400000000 0.015009920100
984.770000000 8.000000000 0.000151349800
985.270000000 8.400000000 -0.014582664700
985.770000000 9.600000000 -0.035356301800
984.270000000 8.200000000 0.010845709600
983.520000000 9.000000000 0.020339887600
985.770000000 9.800000000 -0.036908362100
985.520000000 9.000000000 -0.024604456500
983.020000000 9.600000000 0.023659966900
985.020000000 8.200000000 -0.007111380300
985.770000000 10.000000000 -0.038553293800
985.270000000 8.600000000 -0.015673443700
985.520000000 9.200000000 -0.025929270300
983.770000000 8.800000000 0.017176292800
983.270000000 9.400000000 0.021293219200
984.520000000 8.200000000 0.005111463800
985.520000000 9.400000000 -0.027351997800
982.770000000 10.000000000 0.023617036600
984.770000000 8.200000000 -0.000874970700
984.020000000 8.600000000 0.013602325700
985.270000000 8.800000000 -0.016865734000
985.020000000 8.400000000 -0.008170095300
985.520000000 9.600000000 -0.028870217500
984.270000000 8.400000000 0.009588873900
985.520000000 9.800000000 -0.030481027400
983.520000000 9.200000000 0.018602281800
985.520000000 10.000000000 -0.032181356100
983.020000000 9.800000000 0.021699089600
985.270000000 9.000000000 -0.018157728000
985.020000000 8.600000000 -0.009330157200
983.770000000 9.000000000 0.015551417100
985.270000000 9.200000000 -0.019547263200
984.770000000 8.400000000 -0.002002550100
984.520000000 8.400000000 0.003917677300
983.270000000 9.600000000 0.019400553800
985.270000000 9.400000000 -0.021031830500
984.020000000 8.800000000 0.012106820000
984.270000000 8.600000000 0.008237772600
985.020000000 8.800000000 -0.010589591200
985.270000000 9.600000000 -0.022608714200
985.270000000 9.800000000 -0.024274773900
983.520000000 9.400000000 0.016796128800
985.270000000 10.000000000 -0.026026722000
984.770000000 8.600000000 -0.003229414600
983.020000000 10.000000000 0.019575906900
985.020000000 9.000000000 -0.011946206900
984.520000000 8.600000000 0.002626971800
983.770000000 9.200000000 0.013849795800
985.020000000 9.200000000 -0.013397486900
983.270000000 9.800000000 0.017451973600
985.020000000 10.000000000 -0.073694393000
984.770000000 8.800000000 -0.004553201600
984.020000000 9.000000000 0.010526965400
984.270000000 8.800000000 0.006795520900
985.020000000 9.800000000 -0.072059124700
985.020000000 9.400000000 -0.014940626000
985.020000000 9.600000000 -0.070421561600
983.520000000 9.600000000 0.014925573000
984.520000000 8.800000000 0.001242100100
984.770000000 9.000000000 -0.005971327400
984.770000000 10.000000000 -0.067758455900
984.770000000 9.800000000 -0.066071927500
984.770000000 9.600000000 -0.064386203900
983.770000000 9.400000000 0.012075438200
984.770000000 9.400000000 -0.062704712200
984.770000000 9.200000000 -0.061030663500
984.270000000 9.000000000 0.005265374700
984.020000000 9.200000000 0.008866430300
983.270000000 10.000000000 0.015451596100
984.520000000 9.000000000 -0.000234009600
984.520000000 10.000000000 -0.061919357600
984.520000000 9.800000000 -0.060185309500
984.520000000 9.600000000 -0.058454964300
983.520000000 9.800000000 0.012994743000
984.520000000 9.400000000 -0.056731563100
984.520000000 9.200000000 -0.055018141900
984.270000000 9.200000000 0.003650747200
983.770000000 9.600000000 0.010232369400
984.270000000 10.000000000 -0.056184329100
984.020000000 9.400000000 0.007129043300
984.270000000 9.800000000 -0.054406363500
984.270000000 9.600000000 -0.052634857600
984.270000000 9.400000000 -0.050872869800
983.520000000 10.000000000 0.011007745800
984.020000000 10.000000000 -0.050560135400
984.020000000 9.800000000 -0.048741735500
984.020000000 9.600000000 0.005318671900
983.770000000 9.800000000 0.008324653800
983.770000000 10.000000000 -0.045053023800
