919.710000000 8.200000000 0.152508795300
919.460000000 8.200000000 0.103706158700
919.460000000 8.400000000 0.099427506300
919.960000000 8.200000000 0.201893165700
919.710000000 8.400000000 0.146146193100
920.210000000 8.200000000 0.242898047000
919.960000000 8.400000000 0.193233430400
920.960000000 8.200000000 0.219633951800
920.710000000 8.200000000 0.257587164600
920.460000000 8.200000000 0.264345049900
919.210000000 8.400000000 0.055993352100
919.210000000 8.200000000 0.058187648700
921.210000000 8.200000000 0.155705720200
919.710000000 8.000000000 0.161503344800
920.210000000 8.400000000 0.233240947100
919.460000000 8.000000000 0.114002317200
920.960000000 8.400000000 0.222295820700
919.960000000 8.000000000 0.205758720600
920.710000000 8.400000000 0.253341406600
920.460000000 8.400000000 0.255923748000
919.710000000 8.600000000 0.158415973200
921.210000000 8.400000000 0.166412085300
919.460000000 8.600000000 0.122234016700
921.460000000 8.200000000 0.078709147900
920.210000000 8.000000000 0.240226402900
920.960000000 8.000000000 0.204945981500
920.710000000 8.000000000 0.245404303100
920.460000000 8.000000000 0.256214708100
921.210000000 8.000000000 0.140400663000
919.960000000 8.600000000 0.189068213100
919.210000000 8.000000000 0.067159354700
919.210000000 8.600000000 0.059681415600
921.460000000 8.400000000 0.096326731100
921.460000000 8.000000000 0.064403288100
918.960000000 8.400000000 0.016594503100
918.960000000 8.200000000 0.016574565300
920.210000000 8.600000000 0.211734503500
921.710000000 8.200000000 0.005058527900
919.710000000 7.800000000 0.171817466600
920.460000000 8.600000000 0.232301771600
919.460000000 7.800000000 0.128535226000
920.710000000 8.600000000 0.235293865200
920.960000000 8.600000000 0.216123655400
919.960000000 7.800000000 0.206636890800
921.210000000 8.600000000 0.175023153400
918.960000000 8.600000000 0.036284528700
919.210000000 7.800000000 0.073839247200
921.710000000 8.400000000 0.026350846500
918.960000000 8.000000000 0.023412406400
920.210000000 7.800000000 0.229353606700
921.710000000 8.000000000 -0.006926375400
919.710000000 8.800000000 0.144833147500
919.460000000 8.800000000 0.116743236800
920.460000000 7.800000000 0.235400915100
920.710000000 7.800000000 0.219120338600
921.460000000 8.600000000 0.117719017000
920.960000000 7.800000000 0.178517773700
919.960000000 8.800000000 0.168245255900
921.210000000 7.800000000 0.118546754100
919.210000000 8.800000000 0.083307899500
918.960000000 7.800000000 0.030217269400
919.460000000 7.600000000 0.144197404400
920.210000000 8.800000000 0.186554029600
919.210000000 7.600000000 0.095814108800
919.710000000 7.600000000 0.184924393900
921.460000000 7.800000000 0.050214357700
921.960000000 8.200000000 -0.050236079800
918.960000000 7.600000000 0.046144068200
919.960000000 7.600000000 0.213482290500
920.460000000 8.800000000 0.198999345300
918.710000000 8.400000000 -0.015201596500
918.960000000 7.400000000 0.057525795000
918.710000000 7.400000000 0.007256863600
921.710000000 8.600000000 0.054550159700
920.210000000 7.600000000 0.225881412600
918.710000000 8.200000000 -0.019272768900
920.710000000 8.800000000 0.202862322300
918.710000000 8.600000000 -0.009605454300
920.960000000 8.800000000 0.205016434200
918.960000000 8.800000000 0.043815430300
920.460000000 7.600000000 0.218331188000
919.210000000 7.400000000 0.111479416500
921.960000000 8.400000000 -0.030526926700
918.710000000 7.600000000 0.001865058600
921.210000000 8.800000000 0.181206643600
921.960000000 8.000000000 -0.058882813900
919.460000000 7.400000000 0.162812084000
918.710000000 7.200000000 0.017610557400
918.960000000 7.200000000 0.069738268900
920.710000000 7.600000000 0.188582360700
918.710000000 7.800000000 -0.006666719000
918.460000000 7.400000000 -0.032017633300
918.710000000 8.000000000 -0.013866232700
921.710000000 7.800000000 -0.012524915900
919.710000000 7.400000000 0.197853982400
921.460000000 8.800000000 0.138814345000
919.210000000 7.200000000 0.124130636500
919.960000000 7.400000000 0.216054603500
920.210000000 7.400000000 0.214859277000
920.960000000 7.600000000 0.139278158500
918.460000000 7.200000000 -0.024639122200
920.460000000 7.400000000 0.193848654600
919.710000000 9.000000000 0.126387372600
919.960000000 9.000000000 0.144462436400
919.460000000 7.200000000 0.172846213000
920.210000000 9.000000000 0.160836905200
918.460000000 7.600000000 -0.033051952700
919.460000000 9.000000000 0.104898750800
920.460000000 9.000000000 0.174999252000
921.960000000 8.600000000 -0.003641328100
921.710000000 8.800000000 0.083745755300
918.710000000 8.800000000 0.000512291300
921.210000000 7.600000000 0.090765513500
920.710000000 7.400000000 0.154498070500
919.710000000 7.200000000 0.207405343700
920.710000000 9.000000000 0.184040799700
920.460000000 7.200000000 0.174483299300
920.210000000 7.200000000 0.209389403500
924.210000000 8.200000000 -0.110575735600
919.960000000 7.200000000 0.220705390000
919.210000000 9.000000000 0.078126907300
924.210000000 8.000000000 -0.106619551800
918.960000000 7.000000000 0.082408525000
920.960000000 9.000000000 0.182822674500
922.210000000 8.200000000 -0.079254269600
918.460000000 8.400000000 -0.052396681200
920.710000000 7.200000000 0.121521800800
918.460000000 8.600000000 -0.050350718200
919.210000000 7.000000000 0.131245285300
918.710000000 7.000000000 0.034116368700
921.210000000 9.000000000 0.181709826000
920.960000000 7.400000000 0.101901389700
921.960000000 7.800000000 -0.057695627200
921.460000000 7.600000000 0.033426854800
918.460000000 7.800000000 -0.035515602700
922.210000000 8.400000000 -0.066681183900
918.210000000 7.400000000 -0.057558018700
919.460000000 7.000000000 0.173734232800
921.460000000 9.000000000 0.153943464200
920.460000000 7.000000000 0.155937910100
922.210000000 8.000000000 -0.083926007200
921.960000000 8.800000000 0.025678319900
920.710000000 7.000000000 0.100594736600
918.960000000 9.000000000 0.057465877400
920.210000000 7.000000000 0.195434317000
919.710000000 7.000000000 0.202658429700
920.960000000 7.200000000 0.060802798700
920.460000000 9.200000000 0.154172718500
919.960000000 7.000000000 0.211302295300
924.210000000 8.400000000 -0.106318660100
920.210000000 9.200000000 0.139897853100
918.210000000 7.200000000 -0.052485726800
918.460000000 8.200000000 -0.046440124500
918.460000000 7.000000000 -0.007908099300
918.210000000 7.600000000 -0.057127401200
920.710000000 9.200000000 0.164366781700
923.960000000 8.000000000 -0.122439727200
918.460000000 8.000000000 -0.042082406600
923.960000000 8.200000000 -0.120224863300
919.960000000 9.200000000 0.135793626300
918.460000000 8.800000000 -0.039327874800
921.710000000 9.000000000 0.108748167800
924.210000000 7.800000000 -0.092367261600
922.210000000 8.600000000 -0.048265889300
920.960000000 9.200000000 0.168254241300
920.960000000 7.000000000 0.041063956900
919.710000000 9.200000000 0.119767218800
921.210000000 7.400000000 0.046090360700
910.460000000 10.000000000 0.104107022300
910.710000000 10.000000000 0.071477778300
921.710000000 7.600000000 -0.017008069900
909.460000000 10.000000000 0.077905267500
910.210000000 10.000000000 0.120653934800
918.710000000 9.000000000 0.015113517600
921.210000000 9.200000000 0.162692248800
909.960000000 10.000000000 0.108353704200
909.710000000 10.000000000 0.103249788300
909.210000000 10.000000000 0.049151863900
921.960000000 9.000000000 0.054797705300
919.460000000 9.200000000 0.100076794600
919.210000000 6.800000000 0.134573370200
918.960000000 6.800000000 0.096812576100
923.960000000 7.800000000 -0.118930593100
910.960000000 10.000000000 0.028976241100
910.460000000 9.800000000 0.109222963500
909.460000000 9.800000000 0.070843629500
922.210000000 8.800000000 -0.024918137100
920.460000000 9.400000000 0.135949432800
910.710000000 9.800000000 0.081063710200
909.710000000 9.800000000 0.093927793200
920.710000000 9.400000000 0.144872143900
910.210000000 9.800000000 0.119811125100
919.460000000 6.800000000 0.165618166300
921.460000000 9.200000000 0.159673258700
920.710000000 6.800000000 0.085854262100
909.960000000 9.800000000 0.112794771800
920.460000000 6.800000000 0.137098535900
921.210000000 7.200000000 0.005512325100
920.210000000 9.400000000 0.134437412000
918.210000000 8.600000000 -0.077152408700
923.960000000 8.400000000 -0.110386401400
909.210000000 9.800000000 0.051207501400
919.210000000 9.200000000 0.070687823000
914.960000000 10.000000000 -0.078515835100
918.210000000 8.400000000 -0.077781423900
918.710000000 6.800000000 0.056226782500
920.960000000 9.400000000 0.151564300100
923.710000000 8.000000000 -0.113316506100
904.710000000 9.200000000 -0.005002099100
920.210000000 6.800000000 0.173667058300
919.710000000 6.800000000 0.185523852700
922.460000000 8.200000000 -0.084909066600
921.710000000 9.200000000 0.127319648900
923.710000000 8.200000000 -0.108761325500
919.960000000 6.800000000 0.189669057700
920.960000000 6.800000000 0.030338892700
910.960000000 9.800000000 0.041636891700
922.210000000 7.800000000 -0.079720310900
915.210000000 10.000000000 -0.079258292900
918.210000000 7.000000000 -0.038442943200
921.210000000 7.000000000 -0.010693649800
908.960000000 10.000000000 0.021445468100
918.210000000 7.800000000 -0.055889539400
914.960000000 9.800000000 -0.081432372300
919.960000000 9.400000000 0.121245741800
917.960000000 7.400000000 -0.072442479400
922.460000000 8.400000000 -0.081601619700
921.210000000 9.400000000 0.155070081400
922.210000000 9.000000000 0.003232158700
904.710000000 9.400000000 0.001596746200
904.960000000 9.200000000 -0.041042704100
921.460000000 7.400000000 -0.001638868100
904.460000000 9.200000000 0.027729183400
918.210000000 8.800000000 -0.074870005200
914.710000000 10.000000000 -0.077181346700
921.960000000 9.200000000 0.082712955800
919.710000000 9.400000000 0.138291388800
909.460000000 9.600000000 0.074590198700
919.460000000 9.400000000 0.109235972200
914.710000000 9.800000000 -0.079688325500
915.210000000 9.800000000 -0.080349117500
909.210000000 9.600000000 0.051586117600
920.710000000 9.600000000 0.128281980800
920.460000000 9.600000000 0.129436522700
914.710000000 9.600000000 -0.082248382300
904.460000000 9.400000000 0.033168889600
914.460000000 9.400000000 -0.076247997600
910.460000000 9.600000000 0.097917288500
918.460000000 9.000000000 -0.027800984700
920.960000000 9.600000000 0.137363135800
924.210000000 8.600000000 -0.096888348500
914.460000000 9.600000000 -0.073568388800
922.460000000 8.000000000 -0.084941372300
921.460000000 9.400000000 0.150066077700
914.710000000 9.400000000 -0.083972498800
917.960000000 7.600000000 -0.071632795000
922.460000000 8.600000000 -0.074085019500
911.210000000 10.000000000 0.013737600300
904.960000000 9.400000000 -0.034395515900
909.710000000 9.600000000 0.097214423100
914.460000000 9.800000000 -0.075534194700
910.710000000 9.600000000 0.065507620600
914.960000000 9.600000000 -0.084825754200
918.460000000 6.800000000 0.016740577300
919.210000000 9.400000000 0.075666025300
918.960000000 9.200000000 0.039570894100
908.960000000 9.800000000 0.023840628600
910.210000000 9.600000000 0.114843487700
920.210000000 9.600000000 0.121364742500
923.710000000 7.800000000 -0.119749903700
918.210000000 8.200000000 -0.068679496600
914.460000000 9.200000000 -0.074952155400
921.210000000 9.600000000 0.146607831100
921.960000000 7.600000000 -0.052527222800
914.460000000 10.000000000 -0.077570937600
909.960000000 9.600000000 0.113277435300
922.210000000 9.200000000 0.034441459900
923.460000000 8.000000000 -0.088033959300
923.460000000 8.200000000 -0.078289479000
917.960000000 7.200000000 -0.068077825000
921.210000000 6.800000000 -0.018014352800
918.210000000 8.000000000 -0.061056170600
922.460000000 8.800000000 -0.059886846700
914.210000000 9.400000000 -0.073123425200
914.710000000 9.200000000 -0.084211260100
920.710000000 9.800000000 0.125971511000
914.210000000 9.600000000 -0.071171626400
915.210000000 9.600000000 -0.075656652500
911.210000000 9.800000000 0.001197401000
905.210000000 9.200000000 -0.072024926500
923.710000000 8.400000000 -0.091037459700
915.460000000 10.000000000 -0.079143017500
921.710000000 9.400000000 0.139159172800
920.460000000 9.800000000 0.118912428600
920.960000000 9.800000000 0.130874216600
924.210000000 7.600000000 -0.072714179800
904.710000000 9.000000000 -0.013233016200
923.210000000 8.200000000 -0.061767187000
914.960000000 9.400000000 -0.087831385400
914.210000000 9.200000000 -0.065234929300
921.460000000 9.600000000 0.150185450900
922.460000000 9.000000000 -0.037915214900
914.210000000 9.800000000 -0.068744666900
908.960000000 9.600000000 0.030472781500
915.460000000 9.800000000 -0.072307184300
910.960000000 9.600000000 0.026295589300
904.960000000 9.000000000 -0.043842043700
921.960000000 9.400000000 0.106986373700
921.210000000 9.800000000 0.138502806400
919.210000000 6.600000000 0.136371180400
911.460000000 10.000000000 0.004800225600
919.960000000 9.600000000 0.107413537800
923.460000000 8.400000000 -0.076672352900
918.960000000 9.400000000 0.044121306400
920.710000000 10.000000000 0.122442334900
918.960000000 6.600000000 0.112619839600
915.210000000 9.400000000 -0.083782203500
909.210000000 9.400000000 0.056394577000
920.960000000 10.000000000 0.129509687400
914.210000000 10.000000000 -0.066285155700
919.460000000 6.600000000 0.152486935300
904.460000000 9.000000000 0.018888775300
923.960000000 8.600000000 -0.091393396300
920.210000000 9.800000000 0.108098581400
914.960000000 9.200000000 -0.094560101600
905.210000000 9.400000000 -0.067089766300
915.460000000 9.600000000 -0.072640091200
923.210000000 8.000000000 -0.059527199700
920.210000000 10.000000000 0.084984846400
922.210000000 9.400000000 0.064313843800
920.460000000 10.000000000 0.103506587400
913.960000000 9.400000000 -0.089788138900
914.460000000 9.000000000 -0.071791052800
922.460000000 9.200000000 -0.010612042600
921.460000000 7.200000000 -0.032587181800
923.960000000 7.600000000 -0.104246981400
919.710000000 6.600000000 0.160910457400
909.460000000 9.400000000 0.079582318700
919.710000000 9.600000000 0.125750392700
921.460000000 9.800000000 0.144849643100
921.710000000 9.600000000 0.140969753300
921.210000000 10.000000000 0.132956743200
922.960000000 8.200000000 -0.056207828200
914.710000000 9.000000000 -0.088141575500
920.460000000 6.600000000 0.115183271500
908.710000000 10.000000000 -0.002973643400
923.210000000 8.400000000 -0.066260568800
922.710000000 8.200000000 -0.061676051500
920.210000000 6.600000000 0.144646048500
919.960000000 6.600000000 0.159384965900
920.710000000 6.600000000 0.073154062000
915.210000000 9.200000000 -0.092832393900
905.210000000 9.000000000 -0.068365886800
918.710000000 6.600000000 0.081398576500
919.460000000 9.600000000 0.103960350200
917.960000000 8.600000000 -0.091813564300
914.210000000 9.000000000 -0.061338253300
913.960000000 9.200000000 -0.077525578400
910.460000000 9.400000000 0.080472335200
922.710000000 8.400000000 -0.080806709800
904.710000000 9.600000000 0.009018693100
919.960000000 10.000000000 0.052629731600
904.460000000 9.600000000 0.037521891300
914.960000000 9.000000000 -0.099262841000
920.960000000 6.600000000 0.025341011600
908.960000000 9.400000000 0.034830078500
910.210000000 9.400000000 0.103716880100
915.460000000 9.400000000 -0.076222986000
918.210000000 6.800000000 -0.016578413500
913.960000000 9.600000000 -0.083459936100
918.710000000 9.200000000 0.016489177900
921.460000000 10.000000000 0.132058814200
913.960000000 10.000000000 -0.081862419800
921.710000000 7.400000000 -0.033836875100
909.710000000 9.400000000 0.099813163300
921.460000000 7.000000000 -0.044957432900
922.960000000 8.000000000 -0.051059141800
913.710000000 9.400000000 -0.092504844100
921.710000000 9.800000000 0.142297714900
921.960000000 9.600000000 0.116577953100
923.710000000 8.600000000 -0.082773692900
922.460000000 9.400000000 0.017817929400
905.460000000 9.200000000 -0.090248361200
917.960000000 7.800000000 -0.069682657700
917.960000000 8.400000000 -0.088109463500
909.960000000 9.400000000 0.109933376300
923.460000000 7.800000000 -0.089312128700
922.710000000 8.600000000 -0.081806033800
911.710000000 10.000000000 -0.003872056000
904.960000000 9.600000000 -0.022904338300
910.710000000 9.400000000 0.046316579000
922.710000000 8.000000000 -0.055652413500
919.210000000 9.600000000 0.077412627600
913.710000000 9.200000000 -0.092460252300
913.710000000 10.000000000 -0.083998739700
911.460000000 9.800000000 -0.006012809000
915.710000000 9.800000000 -0.073856599600
915.210000000 9.000000000 -0.098909169400
922.960000000 8.400000000 -0.064338930000
913.960000000 9.800000000 -0.059878334400
922.710000000 8.800000000 -0.076925672600
917.960000000 7.000000000 -0.056799583100
919.960000000 9.800000000 0.092343896600
915.460000000 9.200000000 -0.081367373500
908.710000000 9.800000000 0.000043373700
922.210000000 9.600000000 0.079726435200
917.960000000 8.800000000 -0.092262141400
918.210000000 9.000000000 -0.063151687400
921.960000000 9.800000000 0.126518011100
921.710000000 10.000000000 0.136659130500
922.460000000 7.800000000 -0.080470599200
911.210000000 9.600000000 -0.009277682800
917.710000000 7.400000000 -0.079498678400
905.460000000 9.000000000 -0.081054016900
921.210000000 6.600000000 -0.018334435300
922.710000000 9.000000000 -0.065011203300
918.460000000 6.600000000 0.045382872200
923.460000000 8.600000000 -0.074246920600
915.710000000 9.600000000 -0.069368831800
922.460000000 9.600000000 0.036510549500
906.960000000 9.600000000 -0.003498450400
922.210000000 9.800000000 0.097306311100
915.710000000 10.000000000 -0.076349481900
921.460000000 6.800000000 -0.050714656700
919.710000000 10.000000000 0.019111130400
913.460000000 10.000000000 -0.075763404400
913.960000000 9.000000000 -0.073253385700
909.210000000 9.200000000 0.060436088600
907.210000000 9.600000000 0.025703055800
913.710000000 9.600000000 -0.083372004300
905.460000000 9.400000000 -0.087625742000
922.460000000 9.800000000 0.058556206500
917.710000000 7.600000000 -0.079914547500
924.210000000 8.800000000 -0.083233624700
921.960000000 10.000000000 0.128507942000
918.710000000 9.400000000 0.017385505100
914.460000000 8.800000000 -0.063249707200
922.710000000 9.200000000 -0.047169193600
923.710000000 7.600000000 -0.112456478200
915.460000000 9.000000000 -0.084501475100
913.460000000 9.200000000 -0.085666425500
913.460000000 9.400000000 -0.084459066400
914.710000000 8.800000000 -0.084494270400
908.960000000 9.200000000 0.038643583700
914.210000000 8.800000000 -0.042313560800
922.710000000 9.400000000 -0.024854524100
922.710000000 9.600000000 -0.005773411600
923.210000000 8.600000000 -0.070860356100
922.710000000 9.800000000 0.016708301400
922.210000000 10.000000000 0.107960544500
905.210000000 9.600000000 -0.053652502600
918.960000000 9.600000000 0.049052406100
908.710000000 9.600000000 0.011305979500
915.710000000 9.400000000 -0.065260641300
907.710000000 10.000000000 0.017551517100
909.460000000 9.200000000 0.083048656600
922.960000000 8.600000000 -0.078293412900
905.710000000 9.200000000 -0.092906028000
919.210000000 6.400000000 0.137696638700
914.960000000 8.800000000 -0.098513498900
904.960000000 8.800000000 -0.045868255200
922.210000000 7.600000000 -0.069733381300
908.960000000 9.000000000 0.047123849400
906.710000000 9.600000000 -0.034989386800
919.710000000 9.800000000 0.033046323800
910.960000000 9.400000000 0.011055819700
918.960000000 6.400000000 0.127296537200
923.960000000 8.800000000 -0.082208484400
906.960000000 9.800000000 -0.001676285200
904.710000000 8.800000000 -0.019657971300
913.460000000 9.600000000 -0.084217004500
917.960000000 8.200000000 -0.079461962000
919.460000000 6.400000000 0.139289215200
917.960000000 8.000000000 -0.071958810100
923.210000000 7.800000000 -0.061523582800
905.210000000 8.800000000 -0.064493708300
905.710000000 9.000000000 -0.081388577800
909.210000000 9.000000000 0.072707004800
908.960000000 8.600000000 0.066735982900
922.460000000 10.000000000 0.076102078000
907.460000000 10.000000000 -0.005019309000
907.960000000 10.000000000 0.039234988400
915.710000000 9.200000000 -0.062271826000
908.710000000 8.600000000 0.033555090400
907.210000000 9.400000000 0.021554686100
907.460000000 8.400000000 0.002979532300
905.460000000 10.000000000 -0.032959401600
908.960000000 8.800000000 0.056351874000
918.710000000 6.400000000 0.105379939100
905.210000000 9.800000000 -0.011959990500
913.210000000 10.000000000 -0.056714143600
919.710000000 6.400000000 0.135435923900
910.210000000 9.200000000 0.088632077000
911.710000000 9.800000000 -0.007841516300
913.710000000 9.000000000 -0.083290904800
913.710000000 9.800000000 -0.067881375600
906.960000000 9.400000000 -0.005856479100
917.710000000 7.200000000 -0.076184794300
907.210000000 9.800000000 0.026024125500
905.210000000 10.000000000 -0.003041553800
905.460000000 9.800000000 -0.038110867100
907.710000000 8.400000000 0.034787602700
909.710000000 9.200000000 0.100125223400
910.460000000 9.200000000 0.061302620900
904.460000000 8.800000000 0.007721229500
906.710000000 9.800000000 -0.031686864800
905.460000000 8.800000000 -0.072025701400
907.460000000 9.600000000 0.048435453300
918.210000000 6.600000000 0.009404291400
915.710000000 9.000000000 -0.059177808500
913.210000000 9.400000000 -0.073441907800
909.210000000 8.600000000 0.094833493200
917.460000000 7.600000000 -0.082643665400
922.960000000 8.800000000 -0.080457739500
908.710000000 9.400000000 0.015940964200
915.210000000 8.800000000 -0.098372504100
907.960000000 9.800000000 0.035127911700
908.460000000 9.600000000 0.069800011800
922.960000000 9.800000000 -0.022222949200
908.210000000 9.600000000 0.050363432600
922.710000000 10.000000000 0.036884788400
909.960000000 9.200000000 0.104084946200
908.210000000 9.800000000 0.055399380600
908.710000000 8.800000000 0.026439702100
919.960000000 6.400000000 0.126801461000
908.460000000 9.400000000 0.066409856100
908.710000000 8.400000000 0.041588816800
905.960000000 9.200000000 -0.082110792400
917.460000000 7.400000000 -0.084524743300
909.210000000 8.800000000 0.085152320600
905.710000000 9.400000000 -0.091419205100
918.460000000 6.400000000 0.072877146300
905.710000000 10.000000000 -0.060455355800
917.710000000 7.800000000 -0.077385678900
908.960000000 8.400000000 0.073585100500
909.460000000 9.000000000 0.094109244600
913.210000000 9.200000000 -0.068659037400
922.960000000 9.600000000 -0.040753811600
923.710000000 8.800000000 -0.076663196100
913.210000000 9.600000000 -0.067348174800
908.210000000 10.000000000 0.057840671400
913.960000000 8.800000000 -0.027843620600
907.210000000 10.000000000 -0.027952399100
917.210000000 7.600000000 -0.077322162700
906.210000000 9.200000000 -0.062798149900
907.710000000 9.800000000 0.014247681900
908.460000000 9.800000000 0.071756593900
908.710000000 9.000000000 0.023750348000
921.460000000 6.600000000 -0.050178751300
911.960000000 10.000000000 -0.029000721900
909.460000000 8.600000000 0.107875876100
905.460000000 9.600000000 -0.046684932000
904.710000000 9.800000000 -0.002071455600
908.210000000 9.400000000 0.045479156100
906.460000000 9.200000000 -0.041280075900
907.210000000 8.400000000 -0.029364423800
915.960000000 9.800000000 -0.073714017900
910.210000000 8.600000000 0.046382978600
919.460000000 9.800000000 0.087616123300
920.210000000 6.400000000 0.111893147200
907.460000000 9.400000000 0.043701328300
922.960000000 7.800000000 -0.049080237700
905.960000000 9.000000000 -0.073304742600
917.960000000 6.800000000 -0.039664164200
905.710000000 9.800000000 -0.064187370200
922.960000000 9.000000000 -0.078300505900
913.460000000 9.000000000 -0.079603150500
910.210000000 9.000000000 0.074723944100
913.460000000 9.800000000 -0.072103627000
904.960000000 9.800000000 0.004335566400
917.210000000 7.400000000 -0.078576080500
909.960000000 8.600000000 0.078297793900
910.960000000 7.200000000 -0.005460206000
907.960000000 9.600000000 0.029274702100
909.710000000 8.600000000 0.101429373000
918.460000000 9.200000000 -0.017211437200
905.710000000 8.800000000 -0.070785537400
907.460000000 8.600000000 0.004992274100
910.460000000 9.000000000 0.044221922800
922.710000000 7.800000000 -0.050913099200
915.460000000 8.800000000 -0.082064747800
910.710000000 9.200000000 0.033102922100
922.960000000 9.400000000 -0.056829750500
909.710000000 9.000000000 0.103823848100
909.460000000 8.800000000 0.103133916900
909.210000000 8.400000000 0.097074165900
904.460000000 9.800000000 0.026895120700
922.960000000 10.000000000 -0.004341092400
909.960000000 9.000000000 0.097036346800
918.210000000 6.400000000 0.034677516700
906.960000000 10.000000000 -0.045549545400
908.710000000 9.200000000 0.020319767300
918.460000000 6.200000000 0.094206243800
908.460000000 8.600000000 0.005542622400
919.460000000 10.000000000 -0.015892215100
906.460000000 9.600000000 -0.062683709000
918.210000000 6.200000000 0.055377811200
922.960000000 9.200000000 -0.070805363400
923.210000000 8.800000000 -0.077506713600
915.960000000 9.600000000 -0.064601272300
910.210000000 8.400000000 0.041667174500
918.710000000 6.200000000 0.123239293700
916.960000000 7.600000000 -0.064440242900
910.210000000 8.800000000 0.057684198000
905.960000000 9.400000000 -0.081435650600
906.710000000 9.400000000 -0.034891758100
907.460000000 9.800000000 0.035531330900
916.960000000 7.400000000 -0.064155176300
906.210000000 9.400000000 -0.063368335400
910.460000000 8.600000000 0.016257474200
908.710000000 8.200000000 0.049884270900
908.460000000 8.400000000 0.011433635800
909.960000000 8.400000000 0.070920355600
918.960000000 6.200000000 0.137562394100
907.210000000 8.600000000 -0.023146586500
908.460000000 9.200000000 0.064853914100
908.460000000 10.000000000 0.070687294000
905.960000000 10.000000000 -0.080193661200
910.960000000 7.000000000 -0.007265363400
911.210000000 7.200000000 -0.031783372200
917.710000000 8.600000000 -0.086765795900
907.710000000 8.600000000 0.032524295200
906.460000000 9.400000000 -0.043771863000
920.460000000 6.400000000 0.089017882900
907.960000000 8.400000000 0.058346852700
915.960000000 9.000000000 -0.031015465000
918.210000000 6.000000000 0.065318904800
904.960000000 10.000000000 0.022977979900
923.460000000 8.800000000 -0.073903366900
909.960000000 8.800000000 0.086462102800
909.710000000 8.800000000 0.103605106500
907.710000000 9.600000000 0.054642938100
919.210000000 6.200000000 0.138078913100
918.460000000 6.000000000 0.102354481800
921.710000000 7.200000000 -0.046080227900
909.460000000 8.400000000 0.104703918100
923.460000000 7.600000000 -0.097224980600
907.710000000 8.200000000 0.029460575400
917.710000000 8.400000000 -0.083759807100
906.460000000 9.800000000 -0.058931846200
906.710000000 9.200000000 -0.023996707100
910.710000000 7.200000000 0.021528380000
910.460000000 8.800000000 0.026872778300
909.710000000 8.400000000 0.094613254100
907.460000000 8.200000000 -0.000625693500
908.210000000 9.200000000 0.043059039900
915.710000000 8.800000000 -0.053766142600
905.960000000 9.800000000 -0.083695441500
918.710000000 9.600000000 0.022358940900
908.960000000 8.200000000 0.078467533000
917.960000000 6.200000000 0.015921846000
915.960000000 10.000000000 -0.069763541200
906.210000000 9.000000000 -0.061495617000
919.460000000 6.200000000 0.129172995700
905.710000000 9.600000000 -0.067120365800
908.460000000 8.200000000 0.019474368500
909.960000000 8.200000000 0.064669489900
911.460000000 9.600000000 -0.012643187300
910.210000000 8.200000000 0.039857596200
906.710000000 10.000000000 -0.064395293600
918.710000000 6.000000000 0.129484921700
911.210000000 7.000000000 -0.034368529900
923.210000000 9.800000000 -0.053946375800
910.710000000 7.000000000 0.015063858600
907.710000000 9.400000000 0.051710344900
917.960000000 6.000000000 0.027308663400
912.960000000 9.400000000 -0.049648542000
906.460000000 9.000000000 -0.046005595500
915.960000000 9.200000000 -0.041157327600
915.960000000 8.800000000 -0.022595353400
907.960000000 9.400000000 0.024423228600
919.210000000 9.800000000 0.069195352500
915.960000000 9.400000000 -0.052925869800
913.210000000 9.800000000 -0.058568552100
911.460000000 7.200000000 -0.052504524600
909.710000000 8.200000000 0.087073668800
917.460000000 7.800000000 -0.077750846700
921.960000000 7.400000000 -0.049289777900
919.710000000 6.200000000 0.115023523600
906.210000000 9.800000000 -0.090244382600
910.460000000 7.200000000 0.046600110800
909.210000000 8.200000000 0.096923582300
920.710000000 6.400000000 0.057500541200
911.210000000 7.400000000 -0.019408345200
917.460000000 9.400000000 0.054059129200
906.210000000 10.000000000 -0.088186211900
905.960000000 8.800000000 -0.065886013200
910.460000000 8.400000000 0.015382822600
909.460000000 8.200000000 0.099768817400
917.960000000 6.400000000 -0.001580745300
910.960000000 7.400000000 -0.003128401500
908.460000000 8.800000000 0.003547079400
912.960000000 10.000000000 -0.030921956500
918.960000000 6.000000000 0.142096623800
906.710000000 9.000000000 -0.030450310600
910.710000000 7.400000000 0.022146722300
917.710000000 9.400000000 0.089475527400
916.460000000 8.800000000 0.017378347000
916.710000000 7.400000000 -0.043101653500
910.710000000 9.000000000 0.015023191500
910.460000000 7.400000000 0.045003879800
916.210000000 8.800000000 0.001443279100
907.210000000 8.800000000 -0.019937247000
912.960000000 9.600000000 -0.047923889000
918.460000000 5.800000000 0.105774730400
904.710000000 10.000000000 0.002523744900
924.210000000 7.400000000 -0.049159359200
917.460000000 9.200000000 0.059630811200
911.210000000 9.400000000 -0.017237737800
907.960000000 8.600000000 0.053959146100
923.210000000 9.600000000 -0.064955763500
906.460000000 10.000000000 -0.079720221500
918.210000000 5.800000000 0.073013514300
913.710000000 8.800000000 -0.063417635900
906.960000000 8.800000000 -0.035376105500
914.210000000 8.600000000 -0.040613640100
906.960000000 8.600000000 -0.045530047300
923.210000000 10.000000000 -0.041613683100
913.210000000 9.000000000 -0.067378170800
917.960000000 6.600000000 -0.020320681900
906.960000000 8.400000000 -0.053916268100
917.710000000 9.200000000 0.091480426500
912.960000000 9.200000000 -0.045298442200
905.960000000 9.600000000 -0.081794783500
916.710000000 7.600000000 -0.044926680600
917.710000000 8.800000000 -0.088730007400
919.210000000 6.000000000 0.140053525600
914.460000000 8.600000000 -0.058552648900
920.960000000 6.400000000 0.020400708500
924.210000000 9.000000000 -0.073954217100
923.210000000 9.000000000 -0.080936014700
906.960000000 9.000000000 -0.027845408800
906.210000000 9.600000000 -0.077365681500
918.710000000 5.800000000 0.130437433700
910.210000000 7.800000000 0.050214886700
917.210000000 7.800000000 -0.070875726600
919.960000000 6.200000000 0.098416648800
911.460000000 7.400000000 -0.045189466300
907.960000000 8.200000000 0.052756939100
907.460000000 8.800000000 0.000318929600
907.210000000 9.200000000 0.011789937500
910.210000000 8.000000000 0.045152813200
910.460000000 7.600000000 0.040133483700
910.460000000 8.200000000 0.018416287400
918.460000000 9.400000000 -0.004013976100
904.460000000 10.000000000 0.024782462000
917.710000000 8.000000000 -0.075688004500
917.710000000 7.000000000 -0.068121299100
911.960000000 9.800000000 -0.024076836200
910.210000000 7.600000000 0.056053128100
909.960000000 8.000000000 0.059283282600
907.960000000 9.200000000 0.021280527100
917.960000000 9.000000000 -0.082340598100
907.210000000 8.200000000 -0.030467821300
905.460000000 8.600000000 -0.059011288000
919.460000000 6.000000000 0.125737711800
910.210000000 7.400000000 0.063210941900
907.460000000 9.200000000 0.030791359000
908.710000000 8.000000000 0.057746529600
911.460000000 7.000000000 -0.056887969400
916.210000000 9.000000000 -0.008781585800
917.960000000 9.400000000 0.117255911200
906.710000000 8.800000000 -0.046363029600
908.460000000 8.000000000 0.029676921700
910.460000000 7.000000000 0.043872412300
917.210000000 9.400000000 0.021022653200
916.710000000 8.800000000 0.012190358700
923.210000000 9.400000000 -0.074868992000
910.210000000 7.200000000 0.067752227200
917.960000000 5.800000000 0.040488682700
906.210000000 8.800000000 -0.060390565500
923.960000000 7.400000000 -0.082778006800
905.710000000 8.600000000 -0.057685051100
923.960000000 9.000000000 -0.074984699500
917.710000000 8.200000000 -0.079241149100
908.460000000 9.000000000 0.065918318900
917.710000000 6.200000000 -0.014291243600
921.710000000 7.000000000 -0.058448791500
917.710000000 6.000000000 -0.002706485600
910.460000000 7.800000000 0.033460225900
914.710000000 8.600000000 -0.078077592000
911.710000000 7.200000000 -0.073656961300
910.960000000 9.200000000 0.006171094300
906.960000000 9.200000000 -0.024293761700
917.460000000 7.200000000 -0.081499464800
913.960000000 8.600000000 -0.045971240800
918.960000000 5.800000000 0.141226589700
909.710000000 8.000000000 0.077368445700
919.710000000 6.000000000 0.101972095700
908.210000000 9.000000000 0.049131184800
923.210000000 9.200000000 -0.080681219700
923.710000000 9.000000000 -0.073022522000
923.460000000 9.000000000 -0.077543422600
906.460000000 8.800000000 -0.054282657800
917.210000000 9.200000000 0.028838962300
909.960000000 7.800000000 0.065085656900
921.210000000 6.400000000 -0.015796355900
908.960000000 8.000000000 0.079847127200
917.960000000 9.200000000 0.116024561200
908.210000000 8.400000000 0.069799594600
907.210000000 9.000000000 -0.017400648400
910.710000000 8.800000000 0.003342637800
904.960000000 8.600000000 -0.044726382900
916.460000000 9.000000000 0.012280885100
905.210000000 8.600000000 -0.057567663500
916.960000000 7.800000000 -0.058150991800
921.710000000 6.800000000 -0.065412968400
910.710000000 7.600000000 0.020578187000
909.460000000 8.000000000 0.089638806900
904.460000000 8.400000000 -0.028921101200
904.710000000 8.600000000 -0.026005908800
907.710000000 8.800000000 0.023265382300
907.710000000 9.200000000 0.046000242200
919.210000000 5.800000000 0.136820495100
909.960000000 7.600000000 0.067604929200
909.210000000 8.000000000 0.091167159400
910.710000000 8.600000000 -0.003561262500
912.960000000 9.800000000 -0.047122817500
917.460000000 9.600000000 0.049609974000
917.460000000 9.000000000 0.065773434900
910.460000000 8.000000000 0.027006467800
908.210000000 8.200000000 -0.004834667800
917.710000000 9.600000000 0.082302756600
908.210000000 8.600000000 0.066013187200
916.710000000 8.600000000 0.008627613100
910.960000000 6.800000000 -0.017123311800
914.960000000 8.600000000 -0.090547286000
906.710000000 8.600000000 -0.055484537000
918.210000000 9.400000000 0.129490673500
918.960000000 9.800000000 0.048992343200
917.460000000 8.400000000 -0.067846991100
917.460000000 8.600000000 -0.067181125300
911.710000000 7.400000000 -0.067478373600
916.210000000 9.800000000 -0.069271385700
923.460000000 9.800000000 -0.075626537200
917.710000000 9.000000000 0.090148925800
920.210000000 6.200000000 0.080307714600
919.460000000 5.800000000 0.119528144600
907.960000000 8.800000000 0.042607888600
912.210000000 10.000000000 -0.042948324200
905.960000000 8.600000000 -0.057101965000
904.460000000 8.600000000 -0.029080351800
916.460000000 8.600000000 0.014819036200
907.960000000 9.000000000 0.030114093800
922.460000000 7.600000000 -0.070850834300
910.710000000 6.800000000 0.009918733500
923.210000000 7.600000000 -0.066603988400
911.710000000 7.000000000 -0.076333850600
916.210000000 8.600000000 0.006081856800
919.960000000 6.000000000 0.078316584200
913.210000000 8.800000000 -0.071491412800
916.460000000 7.400000000 -0.018796511000
909.710000000 7.800000000 0.076397210400
908.710000000 7.800000000 0.054886877500
918.210000000 9.600000000 0.063889317200
912.960000000 8.800000000 -0.073750212800
908.210000000 8.800000000 0.057692203700
916.960000000 8.600000000 -0.011129073800
907.460000000 9.000000000 -0.003410442700
911.460000000 7.600000000 -0.037458933900
916.960000000 7.200000000 -0.055504787700
916.210000000 10.000000000 -0.071580879400
917.960000000 9.600000000 0.109557971400
910.960000000 7.600000000 0.008378282200
913.460000000 8.800000000 -0.068963676700
911.210000000 6.800000000 -0.034800242600
919.710000000 5.800000000 0.093698300400
909.960000000 7.400000000 0.070952974300
917.210000000 7.200000000 -0.073913715800
912.710000000 9.400000000 -0.026755105700
908.210000000 8.000000000 0.001934071800
911.710000000 9.600000000 -0.007215053800
918.210000000 9.200000000 0.125816240900
917.710000000 6.400000000 -0.027715375600
912.960000000 9.000000000 -0.073309063900
921.710000000 6.600000000 -0.067561015500
908.960000000 7.800000000 0.073026798700
918.210000000 9.800000000 0.062625043100
911.210000000 7.600000000 -0.012799987600
923.460000000 9.200000000 -0.080349504900
923.460000000 10.000000000 -0.069516181900
911.960000000 7.200000000 -0.085211627200
915.210000000 8.600000000 -0.088611677300
917.710000000 5.800000000 0.014953752000
916.460000000 7.600000000 -0.020896490700
923.460000000 9.600000000 -0.078397944600
924.210000000 9.200000000 -0.067588292100
923.960000000 9.200000000 -0.070336110900
916.210000000 9.200000000 -0.024081951000
908.460000000 7.800000000 0.029848149000
917.460000000 8.000000000 -0.071946345300
921.460000000 6.400000000 -0.044826041900
910.210000000 7.000000000 0.065802484800
917.210000000 8.600000000 -0.039200663600
906.710000000 8.400000000 -0.065305881200
912.710000000 9.600000000 -0.031809732300
906.460000000 8.600000000 -0.059283800400
923.460000000 9.400000000 -0.080839641400
923.710000000 9.200000000 -0.075262121900
917.210000000 9.600000000 0.019121049000
917.210000000 9.000000000 0.053044486800
917.960000000 9.800000000 0.034013140900
909.210000000 7.800000000 0.082130290600
909.960000000 7.200000000 0.077676996600
906.210000000 8.600000000 -0.058446485500
909.460000000 7.800000000 0.082723118400
907.710000000 9.000000000 0.015151689800
911.710000000 7.600000000 -0.064220055900
916.210000000 9.600000000 -0.058209113800
916.710000000 7.200000000 -0.037921283400
909.710000000 7.600000000 0.074334174400
923.710000000 7.400000000 -0.097243391000
915.960000000 8.600000000 -0.015262239600
918.460000000 9.600000000 0.095264218700
919.210000000 10.000000000 -0.033936470700
916.710000000 7.800000000 -0.038129944400
917.460000000 8.200000000 -0.069720566300
911.960000000 7.400000000 -0.082246854900
918.460000000 9.800000000 0.092923730600
923.210000000 6.200000000 -0.066634148400
917.210000000 8.400000000 -0.044801428900
912.710000000 8.800000000 -0.069734565900
906.960000000 8.200000000 -0.052902896000
910.710000000 7.800000000 0.016879964600
916.960000000 8.800000000 -0.007374995400
923.210000000 6.400000000 -0.062928684100
913.710000000 8.600000000 -0.053011763800
912.960000000 8.600000000 -0.070409357500
915.460000000 8.600000000 -0.071414366400
912.710000000 9.200000000 -0.021634001300
912.710000000 10.000000000 -0.005459131200
904.460000000 8.200000000 -0.032175201900
916.960000000 9.200000000 0.014727441600
910.710000000 8.400000000 -0.002055207000
919.960000000 5.800000000 0.066356204500
912.710000000 9.000000000 -0.068892836600
917.710000000 6.800000000 -0.055929020000
915.710000000 8.600000000 -0.044138971700
913.210000000 8.600000000 -0.069541484100
917.210000000 8.000000000 -0.064674325300
924.210000000 9.400000000 -0.069431781800
911.960000000 7.000000000 -0.085046924700
916.210000000 9.400000000 -0.041877523100
916.710000000 9.000000000 0.008389676900
918.460000000 10.000000000 0.074532821800
912.210000000 7.200000000 -0.084951736000
904.710000000 8.400000000 -0.052521299600
918.210000000 10.000000000 0.060448639100
917.460000000 8.800000000 0.070244438900
916.960000000 9.400000000 -0.002601681500
911.960000000 7.600000000 -0.082592435200
922.960000000 7.600000000 -0.040239315500
923.710000000 9.400000000 -0.079117894200
912.210000000 9.800000000 -0.031852442800
910.960000000 9.000000000 -0.005416140000
911.460000000 6.800000000 -0.057769402900
912.960000000 7.400000000 -0.029483821200
916.960000000 8.400000000 -0.020670149500
918.710000000 9.800000000 0.115633979400
920.460000000 6.200000000 0.059985280000
913.460000000 8.600000000 -0.066141530900
912.710000000 9.800000000 -0.039939414700
922.960000000 6.200000000 -0.082854136800
923.960000000 9.400000000 -0.074050143400
923.460000000 6.400000000 -0.036235250500
912.210000000 7.400000000 -0.085932932800
912.710000000 8.600000000 -0.065944261800
910.460000000 6.800000000 0.035526271900
909.460000000 7.600000000 0.076413497300
907.710000000 8.000000000 0.019622337100
923.460000000 6.200000000 -0.038781635500
905.710000000 8.400000000 -0.046411525500
917.210000000 8.200000000 -0.053648140300
909.710000000 7.400000000 0.073847703600
910.710000000 8.200000000 0.003414288400
922.960000000 6.400000000 -0.079337202000
917.460000000 6.000000000 -0.020019710100
912.960000000 7.600000000 -0.033596348000
912.710000000 7.400000000 -0.055155232500
912.460000000 7.200000000 -0.072522163400
920.210000000 6.000000000 0.054306469900
922.710000000 7.600000000 -0.046576287600
909.210000000 7.600000000 0.073830746100
917.960000000 10.000000000 0.035037566000
918.710000000 10.000000000 0.097864680000
917.710000000 6.600000000 -0.040567457700
923.710000000 9.800000000 -0.086169853800
908.210000000 7.800000000 0.007387287900
923.710000000 9.600000000 -0.082780346300
917.210000000 8.800000000 -0.038654461500
912.460000000 7.400000000 -0.076734833400
908.960000000 7.600000000 0.065587498200
912.210000000 7.600000000 -0.088274888700
912.710000000 7.200000000 -0.050874635600
905.460000000 8.400000000 -0.046421855700
916.960000000 9.000000000 0.026773503100
912.710000000 7.600000000 -0.059642620400
917.460000000 6.200000000 -0.030105415700
910.710000000 8.000000000 0.011969301800
917.710000000 9.800000000 0.032246146400
913.210000000 7.400000000 -0.007622564700
906.460000000 8.400000000 -0.063745245300
913.210000000 7.600000000 -0.009708821800
907.460000000 8.000000000 -0.003256692800
912.210000000 7.000000000 -0.081172555700
905.960000000 8.400000000 -0.049421235900
908.710000000 7.600000000 0.050368960900
912.460000000 8.800000000 -0.058417506500
912.460000000 7.600000000 -0.079802326900
912.460000000 10.000000000 -0.047910004900
916.960000000 8.000000000 -0.049776554100
907.960000000 8.000000000 0.039349470300
924.210000000 9.600000000 -0.074548833100
916.710000000 8.400000000 -0.002046991600
912.960000000 7.200000000 -0.026232270500
912.460000000 9.800000000 -0.035722967200
912.460000000 9.000000000 -0.055566489700
916.210000000 7.600000000 0.004272122400
909.960000000 7.000000000 0.075971931200
916.460000000 10.000000000 -0.057660810600
923.960000000 9.600000000 -0.080013170800
912.460000000 7.000000000 -0.066075786900
913.960000000 8.400000000 -0.044937148700
921.710000000 6.400000000 -0.051935926100
911.960000000 9.600000000 -0.014287808000
923.710000000 10.000000000 -0.084594704200
916.460000000 7.200000000 -0.016332589100
918.960000000 10.000000000 0.111758485400
911.710000000 6.800000000 -0.074752576600
912.960000000 8.400000000 -0.063846722200
912.460000000 9.600000000 -0.021974321500
916.460000000 9.200000000 0.000393946800
912.710000000 7.000000000 -0.043849125500
916.210000000 7.400000000 0.005905426600
909.710000000 7.200000000 0.076081462200
922.710000000 6.200000000 -0.086507089400
912.460000000 8.600000000 -0.054285652900
911.460000000 9.400000000 -0.033674519500
906.210000000 8.400000000 -0.054815735700
916.960000000 8.200000000 -0.034613631700
911.460000000 7.800000000 -0.029168406500
917.460000000 5.800000000 -0.000827399300
913.210000000 8.400000000 -0.069167651200
914.210000000 8.400000000 -0.052065782200
916.460000000 9.800000000 -0.058804497100
911.210000000 9.200000000 -0.022521771500
922.210000000 7.400000000 -0.059443645200
910.960000000 7.800000000 0.007353728600
920.210000000 5.800000000 0.036589339400
912.710000000 8.400000000 -0.060307920000
905.210000000 8.400000000 -0.051215365500
911.210000000 7.800000000 -0.003778767800
909.460000000 7.400000000 0.070772595700
904.710000000 8.200000000 -0.052672300500
916.460000000 7.800000000 -0.016854075700
908.460000000 7.600000000 0.028195938100
923.460000000 7.400000000 -0.089874960500
911.710000000 7.800000000 -0.054945770700
912.460000000 9.400000000 -0.009659511000
916.960000000 9.600000000 -0.003267285400
904.960000000 8.400000000 -0.049162067500
906.710000000 8.200000000 -0.063274383500
904.460000000 8.000000000 -0.043046630900
913.460000000 8.400000000 -0.064247988200
917.460000000 9.800000000 0.045467045200
920.710000000 6.200000000 0.036641486000
917.460000000 7.000000000 -0.068744786100
916.460000000 8.400000000 0.007389921200
922.710000000 6.400000000 -0.084100455000
921.960000000 7.200000000 -0.051993280600
913.460000000 7.600000000 -0.022882597500
923.960000000 9.800000000 -0.086963802600
912.960000000 7.000000000 -0.021108098300
911.960000000 7.800000000 -0.074562817800
913.710000000 8.400000000 -0.050994802300
912.210000000 9.600000000 -0.017353098800
911.960000000 6.800000000 -0.081288151400
917.710000000 10.000000000 0.017547387600
910.960000000 8.800000000 -0.008071552000
923.210000000 6.000000000 -0.071679800700
923.710000000 6.400000000 -0.004233347300
909.210000000 7.400000000 0.063658013900
913.460000000 7.800000000 -0.016906134800
924.210000000 9.800000000 -0.079975895600
914.460000000 8.400000000 -0.059099301700
913.210000000 7.200000000 -0.006580299700
907.210000000 8.000000000 -0.025549938900
912.460000000 8.400000000 -0.055442996300
912.210000000 7.800000000 -0.082998551400
910.960000000 6.600000000 -0.020107848600
913.210000000 7.800000000 -0.011258010800
922.960000000 6.000000000 -0.081782259000
910.960000000 8.400000000 -0.001710235400
916.710000000 8.000000000 -0.030558012400
910.210000000 6.800000000 0.055832393500
912.960000000 7.800000000 -0.038595762100
910.710000000 6.600000000 0.001069293800
922.460000000 6.200000000 -0.077509298900
912.460000000 9.200000000 -0.046572905000
912.460000000 7.800000000 -0.078165583300
912.210000000 6.800000000 -0.075429730100
912.710000000 7.800000000 -0.061753612000
915.960000000 7.600000000 0.025772817400
917.460000000 6.400000000 -0.040523916500
911.210000000 6.000000000 -0.060326226100
912.460000000 6.800000000 -0.059040240900
910.460000000 5.800000000 -0.071509808300
908.960000000 7.400000000 0.053593486500
911.210000000 5.800000000 -0.057039696700
911.210000000 8.400000000 -0.021985594200
923.710000000 6.200000000 -0.004790304200
912.210000000 8.800000000 -0.040108196400
920.460000000 6.000000000 0.034681208400
911.210000000 6.600000000 -0.034452661900
912.710000000 6.800000000 -0.037133734700
910.960000000 6.000000000 -0.071332857000
912.210000000 9.000000000 -0.032916791700
923.210000000 6.600000000 -0.057826239600
916.210000000 8.400000000 0.005935804900
910.210000000 5.800000000 -0.061102170500
917.210000000 9.800000000 0.022030858300
913.710000000 7.600000000 -0.044159442200
911.460000000 6.000000000 -0.043892968400
910.960000000 5.800000000 -0.067111641200
910.710000000 6.000000000 -0.073260568100
909.460000000 7.200000000 0.066055215900
923.960000000 10.000000000 -0.087204620200
910.710000000 5.800000000 -0.072869725500
915.960000000 8.400000000 -0.015637511400
907.960000000 7.800000000 -0.019043169900
920.960000000 6.200000000 0.013309264600
916.460000000 9.600000000 -0.049933377700
910.960000000 8.200000000 -0.008533306400
916.710000000 8.200000000 -0.016819583300
923.460000000 6.600000000 -0.037851166000
913.460000000 7.400000000 -0.033214386600
910.960000000 8.600000000 -0.010493692900
908.210000000 7.600000000 0.002524672300
910.460000000 6.000000000 -0.066763699100
916.710000000 9.200000000 -0.003788790000
909.710000000 7.000000000 0.072925008800
921.960000000 6.400000000 -0.064259618500
922.460000000 6.400000000 -0.079500705000
911.460000000 5.800000000 -0.042665127700
914.710000000 8.400000000 -0.071448229300
915.960000000 7.400000000 0.027526659900
922.710000000 6.000000000 -0.080080121800
915.960000000 8.200000000 -0.010088574100
921.960000000 6.600000000 -0.071843408000
912.210000000 8.600000000 -0.036840342000
923.210000000 7.400000000 -0.065371818800
915.710000000 8.400000000 0.008954702900
906.460000000 8.200000000 -0.061438355600
916.210000000 8.200000000 -0.037742845700
912.710000000 8.200000000 -0.055918201800
922.210000000 6.200000000 -0.066825114200
913.710000000 7.800000000 -0.035409275400
905.710000000 8.200000000 -0.033308364500
923.460000000 6.000000000 -0.048321396100
916.710000000 10.000000000 -0.037683952600
912.960000000 8.200000000 -0.055870346700
904.710000000 8.000000000 -0.056513130700
905.960000000 8.200000000 -0.040689263500
908.710000000 7.400000000 0.040301855700
910.210000000 6.000000000 -0.053529594100
921.210000000 6.200000000 -0.009729111600
916.210000000 7.800000000 0.002507913600
915.710000000 7.600000000 0.040024116600
911.460000000 6.600000000 -0.053494066000
904.960000000 8.200000000 -0.066795639700
921.960000000 6.800000000 -0.065515615000
924.210000000 10.000000000 -0.081126838900
913.210000000 8.200000000 -0.059263825400
916.460000000 8.200000000 -0.063254438300
912.460000000 8.200000000 -0.055533602800
913.460000000 8.000000000 -0.023888602900
916.960000000 7.000000000 -0.049144085500
911.460000000 8.400000000 -0.042416136700
912.960000000 6.800000000 -0.016822658500
911.210000000 8.200000000 -0.026690010000
911.210000000 6.200000000 -0.056212458800
905.460000000 8.200000000 -0.037310347000
916.710000000 7.000000000 -0.034453287700
904.460000000 7.800000000 -0.043676659500
921.460000000 6.200000000 -0.029366944000
909.960000000 5.800000000 -0.041771136200
922.960000000 6.600000000 -0.069834828400
917.210000000 7.000000000 -0.061473265300
916.710000000 9.400000000 -0.008659166300
912.210000000 8.400000000 -0.050193931900
910.460000000 6.600000000 0.022196369200
906.210000000 8.200000000 -0.051725193900
910.960000000 8.000000000 0.002242732300
911.460000000 6.200000000 -0.039176870100
916.460000000 9.400000000 -0.044416613900
922.210000000 6.400000000 -0.068762809000
913.960000000 7.600000000 -0.067244261500
912.210000000 9.400000000 -0.002569947900
914.960000000 8.400000000 -0.076357595600
909.210000000 7.200000000 0.051805064100
913.210000000 7.000000000 -0.004918046800
910.960000000 6.200000000 -0.071006000000
921.960000000 6.200000000 -0.051105514200
915.710000000 8.200000000 0.012392379300
910.710000000 6.200000000 -0.071637503800
922.460000000 6.000000000 -0.070550665300
913.710000000 7.400000000 -0.054954540000
920.460000000 5.800000000 0.014128442900
913.460000000 8.200000000 -0.056322217000
921.710000000 6.200000000 -0.045050758900
921.960000000 7.000000000 -0.055735155900
911.710000000 6.000000000 -0.025106251200
907.710000000 7.800000000 0.011459363600
916.710000000 9.800000000 -0.041911318900
916.460000000 8.000000000 -0.012323799500
916.210000000 7.200000000 0.002525260000
910.460000000 6.200000000 -0.068023718900
910.210000000 6.200000000 -0.054357808100
915.460000000 7.600000000 0.035978660000
913.710000000 8.200000000 -0.039409842300
913.710000000 8.000000000 -0.036529876300
915.710000000 7.400000000 0.041026834400
914.210000000 7.600000000 -0.080772064600
906.960000000 8.000000000 -0.043288216000
909.960000000 6.000000000 -0.033948246400
911.460000000 8.200000000 -0.040721103500
913.210000000 8.000000000 -0.018639126800
913.960000000 8.200000000 -0.045898549300
922.960000000 7.400000000 -0.040122434500
915.210000000 8.400000000 -0.069598816300
911.710000000 6.600000000 -0.067230045800
909.960000000 6.200000000 -0.032872483100
911.710000000 9.400000000 -0.003067926000
917.210000000 6.000000000 -0.019616479100
912.210000000 9.200000000 -0.022977074600
917.210000000 5.800000000 -0.003034641000
924.210000000 7.200000000 -0.023522276400
914.460000000 7.600000000 -0.076862007400
917.460000000 6.800000000 -0.059996981200
914.460000000 7.400000000 -0.068917907800
923.960000000 7.200000000 -0.056216046200
923.710000000 6.600000000 -0.011900429600
913.960000000 7.400000000 -0.072913907500
912.210000000 8.200000000 -0.053681947300
905.210000000 8.200000000 -0.045691873900
914.210000000 7.400000000 -0.079087726800
908.960000000 7.200000000 0.037092663300
915.960000000 7.800000000 0.020530652300
922.460000000 7.400000000 -0.045269213600
913.960000000 7.800000000 -0.059122450600
911.710000000 5.800000000 -0.025314347800
909.960000000 6.800000000 0.067696675700
917.460000000 10.000000000 0.014779870400
914.710000000 7.400000000 -0.042971894100
915.460000000 8.400000000 -0.051993899000
911.710000000 8.400000000 -0.059468515200
909.460000000 7.000000000 0.060278516300
915.460000000 7.400000000 0.040673267100
915.210000000 7.600000000 0.014016015500
922.210000000 6.000000000 -0.057244081100
914.710000000 7.600000000 -0.054412007300
917.460000000 6.600000000 -0.048748955100
911.710000000 8.200000000 -0.053838178500
908.460000000 7.400000000 0.022902799800
911.960000000 6.600000000 -0.072487667200
911.710000000 6.200000000 -0.025297127700
913.460000000 7.200000000 -0.043543681500
911.960000000 9.400000000 0.001741354000
914.960000000 7.400000000 -0.008332097000
909.960000000 6.400000000 -0.036741212000
907.460000000 7.800000000 -0.004735780900
911.460000000 8.000000000 -0.026506684700
915.210000000 7.400000000 0.023045308900
904.960000000 8.000000000 -0.062066927600
911.210000000 8.000000000 -0.002793809200
911.210000000 9.000000000 -0.014480014300
911.960000000 9.000000000 -0.005452862000
911.960000000 8.800000000 -0.009233384400
904.710000000 7.800000000 -0.057070162100
914.960000000 7.600000000 -0.020107070000
922.710000000 7.400000000 -0.025921942700
915.710000000 7.800000000 0.028282973900
911.960000000 8.400000000 -0.064778432300
914.210000000 8.200000000 -0.055684931600
911.210000000 8.600000000 -0.014634858800
911.710000000 8.000000000 -0.047676999100
922.710000000 6.600000000 -0.066140942300
910.210000000 6.400000000 -0.056831464200
916.210000000 8.000000000 -0.030640473600
909.710000000 5.800000000 -0.018575258600
913.960000000 8.000000000 -0.052807319900
916.460000000 7.000000000 -0.018928045400
916.960000000 9.800000000 0.003442928400
912.460000000 6.600000000 -0.051758647000
920.710000000 6.000000000 0.017326135200
923.960000000 6.400000000 0.027086550400
911.960000000 8.200000000 -0.056828148700
912.710000000 6.600000000 -0.031683813800
917.210000000 6.200000000 -0.033504009200
912.210000000 6.600000000 -0.067430734600
912.710000000 8.000000000 -0.053308680700
912.460000000 8.000000000 -0.055729389200
923.710000000 7.200000000 -0.075511142600
913.710000000 7.200000000 -0.065737910600
911.960000000 8.600000000 -0.031320553300
914.210000000 7.800000000 -0.075746491600
911.960000000 8.000000000 -0.060172669600
914.210000000 7.200000000 -0.072233706700
909.710000000 6.200000000 -0.009358670600
913.960000000 7.200000000 -0.075566947500
916.710000000 9.600000000 -0.016260625800
915.460000000 7.800000000 0.021496368600
912.960000000 8.000000000 -0.044564649500
914.460000000 7.200000000 -0.054863527400
909.710000000 6.000000000 -0.012629633800
907.960000000 7.600000000 -0.020964006000
912.210000000 8.000000000 -0.071539506300
915.960000000 8.000000000 -0.004372140900
909.210000000 7.000000000 0.043588213600
910.210000000 6.600000000 0.044276312000
922.210000000 6.600000000 -0.066353276400
909.960000000 6.600000000 -0.039949435700
923.710000000 6.000000000 -0.015985522400
910.460000000 6.400000000 -0.067212484800
911.210000000 6.400000000 -0.052492573900
916.960000000 10.000000000 -0.014568477900
909.710000000 6.400000000 -0.012941058700
908.710000000 7.200000000 0.023563027400
913.210000000 6.800000000 -0.004025512400
911.460000000 8.600000000 -0.035489063700
923.960000000 6.200000000 0.023517597500
921.960000000 6.000000000 -0.042731981700
911.460000000 6.400000000 -0.039188105600
910.960000000 6.400000000 -0.061824515500
914.710000000 7.200000000 -0.026822086400
904.960000000 7.800000000 -0.062540173500
915.460000000 8.200000000 0.023742916100
906.710000000 8.000000000 -0.053627733100
905.210000000 8.000000000 -0.057478562000
922.460000000 6.600000000 -0.066672153800
909.710000000 6.600000000 -0.018306970600
914.460000000 7.800000000 -0.075927317100
914.460000000 8.200000000 -0.064822047900
915.210000000 5.800000000 -0.042397175000
911.460000000 9.200000000 -0.031847432300
910.710000000 6.400000000 -0.066476345100
922.960000000 5.800000000 -0.070921093200
914.210000000 8.000000000 -0.067114874700
912.960000000 6.600000000 -0.014130915500
915.210000000 7.800000000 0.000027303300
914.960000000 5.800000000 -0.018464453500
913.460000000 7.000000000 -0.052275493700
914.960000000 7.200000000 0.003684254600
911.960000000 6.000000000 -0.007023859300
905.710000000 8.000000000 -0.030859939800
916.960000000 5.800000000 -0.005442159300
905.460000000 8.000000000 -0.043974474100
923.210000000 5.800000000 -0.064588844800
904.460000000 7.600000000 -0.044145345700
914.710000000 7.800000000 -0.059239666900
922.210000000 7.200000000 -0.047328036300
909.710000000 6.800000000 -0.018613629000
905.210000000 7.800000000 -0.057066187300
911.960000000 9.200000000 0.003158017100
908.960000000 7.000000000 0.027466632400
922.710000000 5.800000000 -0.068850308700
914.210000000 7.000000000 -0.066940605600
913.960000000 7.000000000 -0.077024392800
914.960000000 7.800000000 -0.030400229600
915.960000000 7.200000000 0.020573666300
905.710000000 7.800000000 -0.021996147900
905.460000000 7.800000000 -0.041757524000
911.710000000 8.600000000 -0.054000929000
913.710000000 7.000000000 -0.070984982000
914.460000000 7.000000000 -0.042828623200
915.460000000 5.800000000 -0.056622073100
923.460000000 7.200000000 -0.076476566500
907.210000000 7.800000000 -0.019457204300
905.960000000 8.000000000 -0.039853919300
905.960000000 7.800000000 -0.004481198300
908.210000000 7.400000000 0.002196289600
915.710000000 8.000000000 0.015476388900
914.710000000 7.000000000 -0.012625750200
923.960000000 6.600000000 0.016708843400
915.210000000 7.200000000 0.026080168800
909.460000000 5.800000000 0.001707437300
914.460000000 8.000000000 -0.072038635600
914.710000000 8.200000000 -0.066546320900
909.460000000 6.800000000 0.005491278100
922.460000000 5.800000000 -0.061654415000
920.710000000 5.800000000 -0.002411038800
921.710000000 6.000000000 -0.032905586100
911.960000000 6.200000000 -0.008444003800
911.960000000 5.800000000 -0.007816922900
914.710000000 5.800000000 0.009853747700
923.210000000 6.800000000 -0.052597586100
911.710000000 6.400000000 -0.025233350700
906.460000000 8.000000000 -0.055362898900
923.460000000 6.800000000 -0.045605134200
914.960000000 7.000000000 0.013308701100
904.710000000 7.600000000 -0.055045340200
922.210000000 6.800000000 -0.057624772200
906.210000000 8.000000000 -0.049617454400
920.960000000 6.000000000 0.001270522200
922.960000000 6.800000000 -0.053220592400
909.460000000 6.600000000 0.005546996800
917.210000000 6.400000000 -0.042711682600
917.210000000 10.000000000 0.014468712700
922.210000000 5.800000000 -0.052062049500
907.710000000 7.600000000 0.005147942300
923.210000000 7.200000000 -0.060792524400
914.960000000 8.200000000 -0.059345245400
911.710000000 9.000000000 0.017001833800
915.460000000 7.200000000 0.035604640800
904.960000000 7.600000000 -0.058022424600
914.710000000 8.000000000 -0.063223220400
922.710000000 7.200000000 -0.022005531900
909.460000000 6.400000000 0.009828015200
922.960000000 7.200000000 -0.040479585500
911.210000000 8.800000000 -0.014499385800
911.710000000 8.800000000 0.009042323600
924.210000000 6.400000000 0.051626604100
905.710000000 7.600000000 -0.016966663300
917.210000000 6.800000000 -0.054142642800
915.710000000 7.200000000 0.032716602100
905.210000000 7.600000000 -0.051358111200
923.460000000 5.800000000 -0.048107761900
915.460000000 8.000000000 0.000071863200
923.710000000 6.800000000 -0.027654178400
906.210000000 7.800000000 0.006053812300
905.960000000 7.600000000 0.001530643100
905.460000000 7.600000000 -0.036449030000
909.460000000 6.200000000 0.010684256400
922.460000000 7.200000000 0.000625982200
915.210000000 8.200000000 -0.044759396500
908.710000000 7.000000000 0.014543188700
915.710000000 5.800000000 -0.058229200500
916.210000000 7.000000000 -0.003864252700
916.710000000 5.800000000 -0.019806571300
911.960000000 6.400000000 -0.062609650200
908.460000000 7.200000000 0.010511413200
916.960000000 6.000000000 -0.008963612800
915.210000000 8.000000000 -0.019753141300
914.960000000 8.000000000 -0.043343070900
922.710000000 6.800000000 -0.045047015000
922.210000000 7.000000000 -0.045669060200
909.460000000 6.000000000 0.004453108600
921.460000000 6.000000000 -0.021035919000
909.210000000 6.800000000 0.040188379600
915.210000000 7.000000000 0.028267959100
912.210000000 6.400000000 -0.059756465300
904.460000000 7.400000000 -0.045144923000
906.710000000 7.800000000 -0.002892274600
906.960000000 7.600000000 0.021068610300
906.960000000 7.800000000 0.017887450800
906.710000000 7.600000000 -0.002254885200
924.210000000 6.200000000 0.047960799200
921.960000000 5.800000000 -0.041825428600
912.460000000 6.400000000 -0.043618902600
922.460000000 6.800000000 -0.049049396100
914.460000000 5.800000000 0.035146519500
913.210000000 6.600000000 -0.004453105900
923.960000000 6.000000000 0.015627883400
921.210000000 6.000000000 -0.013896526800
916.710000000 6.800000000 -0.031247995800
906.460000000 7.800000000 -0.018416378600
907.210000000 7.600000000 0.043313607600
912.710000000 6.400000000 -0.027225174000
907.960000000 7.400000000 0.016361689200
916.960000000 6.800000000 -0.043118447100
905.210000000 5.800000000 0.032487332800
907.460000000 7.600000000 -0.004925593300
923.710000000 7.000000000 -0.050819873800
906.210000000 7.600000000 0.012689586700
908.960000000 6.800000000 0.023800918800
924.210000000 6.600000000 0.042625442100
904.710000000 7.400000000 -0.050368849200
923.460000000 7.000000000 -0.060105636700
922.960000000 7.000000000 -0.042373180400
922.710000000 7.000000000 -0.036131054200
911.710000000 9.200000000 0.022646948700
917.210000000 6.600000000 -0.046285193400
923.960000000 7.000000000 -0.027818165700
904.960000000 5.800000000 0.018166314800
904.460000000 7.000000000 -0.051008306400
906.460000000 7.600000000 -0.021069614200
904.460000000 7.200000000 -0.048184402300
904.460000000 6.800000000 -0.050510823700
916.460000000 6.800000000 -0.025160802500
904.960000000 7.400000000 -0.049790490400
915.960000000 5.800000000 -0.052323535100
913.460000000 6.800000000 -0.053253356400
923.210000000 7.000000000 -0.055484529600
923.960000000 6.800000000 -0.002536416800
916.460000000 5.800000000 -0.029992815100
922.460000000 7.000000000 -0.037286646700
909.210000000 5.800000000 0.013803150500
905.210000000 7.400000000 -0.043986108200
905.460000000 5.800000000 0.042771216500
907.710000000 7.400000000 0.002415236800
908.210000000 7.200000000 0.037712212700
909.210000000 6.600000000 0.026170030200
904.710000000 6.800000000 -0.036415655200
907.960000000 7.200000000 0.019869960800
924.210000000 7.000000000 0.002411997900
916.710000000 6.000000000 -0.024862358300
912.960000000 6.400000000 -0.013299994200
904.960000000 6.800000000 -0.018419375600
916.210000000 5.800000000 -0.041891932500
913.710000000 6.800000000 -0.068293139300
914.210000000 6.800000000 -0.054287821100
913.960000000 6.800000000 -0.069352135100
915.460000000 7.000000000 0.031390178900
914.710000000 6.800000000 -0.000708349200
912.210000000 6.000000000 0.006795237300
904.710000000 7.000000000 -0.046666324100
914.460000000 6.800000000 -0.027845539200
905.460000000 7.400000000 -0.032611496700
904.710000000 7.200000000 -0.048839721800
913.960000000 6.200000000 -0.008585747300
921.710000000 5.800000000 -0.030925694900
915.460000000 6.000000000 -0.048043184000
906.960000000 7.400000000 0.023566070900
913.710000000 6.200000000 -0.026703000100
911.460000000 9.000000000 -0.029624531000
914.960000000 6.800000000 0.017339296600
904.960000000 7.200000000 -0.043632175800
904.960000000 7.000000000 -0.036681894200
912.710000000 6.200000000 -0.022516373500
906.710000000 7.400000000 0.001318005800
905.210000000 6.000000000 0.026550835000
920.960000000 5.800000000 -0.013959884600
923.710000000 5.800000000 -0.023858780000
913.960000000 6.000000000 -0.013501579900
912.210000000 5.800000000 0.002870905900
905.710000000 7.400000000 -0.010210060500
915.210000000 6.000000000 -0.035270378000
916.960000000 6.200000000 -0.029855158200
905.210000000 6.800000000 -0.001499983000
908.710000000 6.800000000 0.009648528900
914.210000000 5.800000000 0.049288034400
907.210000000 7.400000000 0.043754290800
915.960000000 7.000000000 0.011749351400
904.710000000 5.800000000 0.002080502200
907.710000000 7.200000000 0.003104331700
905.210000000 7.200000000 -0.033562336100
914.210000000 6.200000000 0.014073378400
912.210000000 6.200000000 0.003535012500
908.460000000 7.000000000 0.004478607800
907.960000000 7.000000000 0.022473199300
915.710000000 6.000000000 -0.051172155900
908.210000000 7.000000000 0.042231924800
905.460000000 6.000000000 0.036408070500
905.210000000 7.000000000 -0.022310396700
913.460000000 6.200000000 -0.044220965400
914.210000000 6.000000000 0.007242524100
905.710000000 5.800000000 0.048272565000
912.460000000 6.200000000 -0.040264356900
911.460000000 8.800000000 -0.023154269900
924.210000000 6.800000000 0.024705506900
905.960000000 7.400000000 0.004979572300
912.960000000 6.200000000 -0.007165970700
904.960000000 6.000000000 0.012365546100
909.210000000 6.400000000 0.025318972800
913.710000000 6.000000000 -0.030185248700
924.210000000 6.000000000 0.037255547900
912.710000000 6.000000000 -0.018328504600
916.210000000 6.800000000 -0.012136971600
906.460000000 5.800000000 0.041479878100
907.710000000 7.000000000 0.003281054100
913.710000000 6.400000000 -0.026527315400
915.710000000 7.000000000 0.024986682500
914.960000000 6.000000000 -0.013744325400
912.460000000 6.000000000 -0.035146400300
913.960000000 6.400000000 -0.003970009700
907.460000000 7.400000000 0.057062838200
906.710000000 5.800000000 0.031178750100
906.460000000 7.400000000 -0.012029447600
904.460000000 6.600000000 -0.044989716300
905.460000000 7.200000000 -0.020357821100
915.210000000 6.800000000 0.023552963500
904.960000000 6.600000000 -0.011282043500
913.460000000 6.400000000 -0.044372573500
904.710000000 6.600000000 -0.029953423900
914.210000000 6.400000000 0.012114891800
916.460000000 6.000000000 -0.036375965900
906.210000000 5.800000000 0.047726623700
915.960000000 6.000000000 -0.046631973200
905.960000000 5.800000000 0.049828365400
913.210000000 6.200000000 -0.052874166500
921.460000000 5.800000000 -0.018132589800
905.460000000 7.000000000 -0.007253541600
914.710000000 6.600000000 0.012443209100
916.710000000 6.200000000 -0.025848815200
908.960000000 6.600000000 0.024664746600
905.210000000 6.600000000 0.005603520200
912.460000000 5.800000000 -0.028191618600
909.210000000 6.200000000 0.020516747600
914.460000000 6.200000000 0.031643312400
905.710000000 6.000000000 0.042186297500
913.210000000 6.400000000 -0.053051687800
914.460000000 6.600000000 -0.000297024200
913.960000000 5.800000000 -0.024428891000
905.460000000 6.800000000 0.003054418100
914.460000000 6.000000000 0.022746793900
912.960000000 6.000000000 -0.003596021800
914.710000000 6.000000000 0.011493864500
916.960000000 6.400000000 -0.038273170600
914.460000000 6.400000000 0.020014554300
907.460000000 7.200000000 -0.009782263100
916.960000000 6.600000000 -0.042890071900
916.210000000 6.000000000 -0.037964824600
904.710000000 6.000000000 -0.001570727900
906.960000000 5.800000000 0.017395746000
905.710000000 7.200000000 -0.006585246000
906.210000000 7.400000000 0.013605927100
912.710000000 5.800000000 -0.013032740000
916.460000000 6.600000000 -0.029342833900
913.460000000 6.600000000 -0.004310757400
921.210000000 5.800000000 -0.015110588600
909.210000000 6.000000000 0.012450866400
904.460000000 5.800000000 -0.013072128400
913.460000000 6.000000000 -0.040868528200
907.460000000 7.000000000 -0.011444916000
914.960000000 6.600000000 0.025409083800
914.710000000 6.400000000 0.019749769900
916.710000000 6.600000000 -0.034930765600
912.960000000 5.800000000 -0.031093588100
908.710000000 6.600000000 0.004872633100
915.960000000 6.800000000 0.004424037400
916.210000000 6.600000000 -0.015874376500
923.960000000 5.800000000 0.000840864000
908.460000000 6.800000000 -0.000854684400
914.210000000 6.600000000 -0.005660282900
915.460000000 6.800000000 0.025694407500
905.210000000 6.200000000 0.017214879400
906.960000000 7.200000000 0.031527258500
906.710000000 7.200000000 0.013034942600
905.960000000 6.000000000 0.045185733600
905.460000000 6.200000000 0.026071801800
907.960000000 6.800000000 0.021546632100
916.460000000 6.200000000 -0.039985671600
913.710000000 5.800000000 -0.034164674600
913.960000000 6.600000000 -0.010346547700
906.710000000 6.000000000 0.033337730900
908.960000000 5.800000000 0.015008715900
908.210000000 6.800000000 0.040166620200
906.460000000 6.000000000 0.041432168300
907.710000000 6.800000000 0.002948065800
914.710000000 6.200000000 0.035492006700
913.210000000 5.800000000 -0.017370797700
905.460000000 6.600000000 0.008782951200
905.710000000 7.000000000 0.004155421600
906.210000000 6.000000000 0.045355700000
907.210000000 7.200000000 0.046515107200
908.960000000 6.400000000 0.022929301500
913.710000000 6.600000000 -0.027322424600
915.710000000 6.800000000 0.018542913700
906.460000000 7.200000000 0.002745132900
914.960000000 6.400000000 0.027739383300
905.960000000 7.200000000 0.004698967600
904.960000000 6.200000000 0.005669644600
915.210000000 6.600000000 0.037913594400
915.710000000 6.200000000 -0.041543155900
915.960000000 6.600000000 0.001276244300
907.210000000 5.800000000 0.001361403100
904.460000000 6.000000000 -0.017147613700
908.460000000 6.600000000 0.004563654800
906.960000000 6.000000000 0.021969880900
905.710000000 6.200000000 0.032842766500
913.210000000 6.000000000 0.005345249100
913.460000000 5.800000000 0.002113019600
908.710000000 6.400000000 0.005499908700
915.460000000 6.200000000 -0.032771572500
915.960000000 6.200000000 -0.041597262000
916.210000000 6.400000000 -0.015389980700
905.710000000 6.800000000 0.012322569300
916.710000000 6.400000000 -0.021331911900
916.210000000 6.200000000 -0.043798502500
907.460000000 6.800000000 -0.011303741500
916.460000000 6.400000000 -0.028250753900
906.210000000 7.200000000 -0.010442401300
914.960000000 6.200000000 0.035402558700
904.960000000 6.400000000 -0.013432238300
924.210000000 5.800000000 0.018300220400
907.210000000 7.000000000 -0.019352681900
915.460000000 6.600000000 0.049191840000
908.960000000 6.200000000 0.026079841000
915.960000000 6.400000000 -0.005535814400
915.210000000 6.200000000 -0.019153855700
905.960000000 6.200000000 0.038180194800
908.210000000 6.600000000 0.020232042300
907.710000000 5.800000000 -0.038590032600
915.210000000 6.400000000 0.035361964300
904.460000000 6.400000000 -0.037630047600
907.460000000 5.800000000 -0.047496136300
904.710000000 6.400000000 -0.027647139500
905.210000000 6.400000000 0.000424554200
904.710000000 6.200000000 -0.004086309100
908.710000000 6.200000000 0.007421433900
908.460000000 6.400000000 -0.009394993100
907.960000000 5.800000000 -0.023572485900
906.710000000 7.000000000 0.030068768200
908.710000000 5.800000000 -0.020761098700
906.460000000 7.000000000 0.018525194400
907.210000000 6.000000000 0.008601444800
906.210000000 6.200000000 0.041546408100
915.710000000 6.600000000 0.011347742800
915.710000000 6.400000000 -0.034620974200
905.710000000 6.600000000 0.008715707800
915.460000000 6.400000000 -0.020357148700
906.460000000 6.200000000 0.040902659300
908.210000000 5.800000000 -0.006365777900
906.710000000 6.200000000 0.035178441600
906.960000000 7.000000000 0.039395321200
905.960000000 7.000000000 0.009917987500
908.460000000 6.200000000 -0.009913444500
908.960000000 6.000000000 0.024695383400
907.710000000 6.000000000 -0.038611970800
907.960000000 6.000000000 -0.021756358400
906.210000000 7.000000000 0.007106471300
907.460000000 6.000000000 -0.047968354100
905.460000000 6.400000000 0.013557907200
906.960000000 6.200000000 0.025587387400
908.210000000 6.000000000 -0.002542546000
908.710000000 6.000000000 0.005005096100
907.960000000 6.600000000 0.022633202400
905.710000000 6.400000000 0.020896358400
907.210000000 6.800000000 -0.018983775700
908.460000000 6.000000000 -0.014952368100
908.460000000 5.800000000 0.008468676400
904.460000000 6.200000000 -0.017823763200
906.460000000 6.800000000 0.029175583300
906.710000000 6.800000000 0.033679630600
905.960000000 6.400000000 0.029121479000
905.960000000 6.800000000 0.010330877300
907.710000000 6.600000000 0.023675529300
906.960000000 6.800000000 0.035854883500
906.210000000 6.800000000 0.021269897000
906.210000000 6.400000000 0.035773839800
908.210000000 6.200000000 -0.022523518700
908.210000000 6.400000000 -0.019757714100
907.210000000 6.200000000 0.014626640800
906.460000000 6.400000000 0.038276393000
906.460000000 6.600000000 0.034592822200
907.460000000 6.600000000 0.026649864400
905.960000000 6.600000000 0.011393697900
906.710000000 6.400000000 0.035886175900
906.210000000 6.600000000 0.029408186700
906.710000000 6.600000000 0.035041093800
906.960000000 6.600000000 0.032650217400
907.210000000 6.600000000 0.029524909300
906.960000000 6.400000000 0.030127324200
907.960000000 6.200000000 -0.020321730500
907.710000000 6.200000000 -0.036344874700
907.460000000 6.200000000 -0.044774398200
907.210000000 6.400000000 0.023407535600
907.460000000 6.400000000 0.017590504100
907.710000000 6.400000000 0.012967545500
907.960000000 6.400000000 0.011626055500
