1176.060000000 7.500000000 1.122205853500
1175.810000000 7.500000000 1.202684760100
1174.810000000 7.000000000 0.903149843200
1175.060000000 7.000000000 1.055546164500
1175.560000000 7.500000000 1.220703482600
1176.310000000 7.500000000 0.980414927000
1175.310000000 7.000000000 1.157358527200
1174.560000000 7.000000000 0.704196393500
1175.560000000 7.000000000 1.206080198300
1175.810000000 7.000000000 1.195691108700
1175.310000000 7.500000000 1.176624178900
1176.060000000 7.000000000 1.121312260600
1176.310000000 7.000000000 0.984821796400
1175.060000000 7.500000000 1.070133090000
1176.560000000 7.500000000 0.784793674900
1174.310000000 7.000000000 0.473807036900
1176.560000000 7.000000000 0.797935485800
1174.810000000 7.500000000 0.904954135400
1179.310000000 7.000000000 -0.731926143200
1179.560000000 7.000000000 -0.746011555200
1179.060000000 7.000000000 -0.700529575300
1176.810000000 7.500000000 0.551702439800
1174.560000000 7.500000000 0.694282293300
1176.810000000 7.000000000 0.579061806200
1174.060000000 7.000000000 0.237594172400
1179.810000000 7.000000000 -0.755413830300
1178.810000000 7.000000000 -0.654036879500
1177.060000000 7.500000000 0.306719541500
1174.310000000 7.500000000 0.459244966500
1177.060000000 7.000000000 0.348052263300
1180.060000000 7.000000000 -0.725848913200
1173.810000000 7.000000000 0.022362584200
1178.560000000 7.000000000 -0.590040385700
1177.310000000 7.000000000 0.122928470400
1180.310000000 7.000000000 -0.663251698000
1177.310000000 7.500000000 0.074548795800
1174.060000000 7.500000000 0.223908320100
1179.310000000 7.500000000 -0.671746134800
1179.560000000 7.500000000 -0.659305095700
1179.060000000 7.500000000 -0.675028026100
1178.310000000 7.000000000 -0.505231261300
1180.560000000 7.000000000 -0.572373211400
1177.560000000 7.000000000 -0.081429317600
1179.810000000 7.500000000 -0.664442300800
1177.560000000 7.500000000 -0.130317583700
1178.810000000 7.500000000 -0.661361753900
1173.560000000 7.000000000 -0.155738219600
1178.060000000 7.000000000 -0.395527124400
1177.810000000 7.000000000 -0.255366861800
1173.810000000 7.500000000 0.008433250700
1180.810000000 7.000000000 -0.456650346500
1171.810000000 7.000000000 -0.495492488100
1180.060000000 7.500000000 -0.653768956700
1178.560000000 7.500000000 -0.621803343300
1172.060000000 7.000000000 -0.515129566200
1171.560000000 7.000000000 -0.471007734500
1177.810000000 7.500000000 -0.302842229600
1171.310000000 6.500000000 -0.524127244900
1171.060000000 6.500000000 -0.499621033700
1178.310000000 7.500000000 -0.549397110900
1178.060000000 7.500000000 -0.442515671300
1171.310000000 7.000000000 -0.444108247800
1170.810000000 6.500000000 -0.451959043700
1172.310000000 7.000000000 -0.522953927500
1180.310000000 7.500000000 -0.620971858500
1181.060000000 7.000000000 -0.316145360500
1171.560000000 6.500000000 -0.528765380400
1179.560000000 6.500000000 -0.728461504000
1173.310000000 7.000000000 -0.294475585200
1179.810000000 6.500000000 -0.753797292700
1170.560000000 6.500000000 -0.383031010600
1173.560000000 7.500000000 -0.175123646900
1171.810000000 7.500000000 -0.453137844800
1171.060000000 7.000000000 -0.411096960300
1180.060000000 6.500000000 -0.719870388500
1179.310000000 6.500000000 -0.665389120600
1171.560000000 7.500000000 -0.425592064900
1172.060000000 7.500000000 -0.481500178600
1172.560000000 7.000000000 -0.510325789500
1170.310000000 6.500000000 -0.302554249800
1180.560000000 7.500000000 -0.558192372300
1173.060000000 7.000000000 -0.398059129700
1171.310000000 7.500000000 -0.396641314000
1171.810000000 6.500000000 -0.516672611200
1172.810000000 7.000000000 -0.469646811500
1172.310000000 7.500000000 -0.505592048200
1180.310000000 6.500000000 -0.623257875400
1181.310000000 7.000000000 -0.150046259200
1170.810000000 7.000000000 -0.369312465200
1170.560000000 6.000000000 -0.414274126300
1170.060000000 6.500000000 -0.223135322300
1170.310000000 6.000000000 -0.318612188100
1180.810000000 7.500000000 -0.460655361400
1179.060000000 6.500000000 -0.588699042800
1173.310000000 7.500000000 -0.320720821600
1171.060000000 7.500000000 -0.361705541600
1170.810000000 6.000000000 -0.488785505300
1172.560000000 7.500000000 -0.512606680400
1180.560000000 6.500000000 -0.486060380900
1170.560000000 7.000000000 -0.320886999400
1170.060000000 6.000000000 -0.218428656500
1175.310000000 6.500000000 0.942610204200
1175.560000000 6.500000000 0.974716961400
1173.060000000 7.500000000 -0.425528377300
1171.060000000 6.000000000 -0.539084792100
1172.810000000 7.500000000 -0.488766461600
1175.060000000 6.500000000 0.864588916300
1170.810000000 7.500000000 -0.319182097900
1169.810000000 6.500000000 -0.152665630000
1172.060000000 6.500000000 -0.488149583300
1175.810000000 6.500000000 0.959943056100
1181.060000000 7.500000000 -0.327127605700
1176.060000000 6.500000000 0.932431459400
1174.810000000 6.500000000 0.747462749500
1178.810000000 6.500000000 -0.560468375700
1175.560000000 8.000000000 0.995765388000
1175.310000000 8.000000000 0.976446926600
1175.810000000 8.000000000 0.966068983100
1181.560000000 7.000000000 -0.012665725300
1180.810000000 6.500000000 -0.356428831800
1170.310000000 7.000000000 -0.269993871500
1176.310000000 6.500000000 0.840819239600
1175.060000000 8.000000000 0.903974413900
1176.060000000 8.000000000 0.892701089400
1174.560000000 6.500000000 0.603387057800
1171.310000000 6.000000000 -0.548296153500
1170.560000000 7.500000000 -0.273148775100
1174.810000000 8.000000000 0.780596256300
1169.810000000 6.000000000 -0.129404738500
1176.310000000 8.000000000 0.780924081800
1176.560000000 6.500000000 0.712091267100
1179.560000000 8.000000000 -0.569719374200
1181.310000000 7.500000000 -0.163347303900
1179.810000000 8.000000000 -0.556284785300
1171.310000000 8.000000000 -0.351492703000
1174.310000000 6.500000000 0.445495516100
1171.060000000 8.000000000 -0.334335118500
1179.310000000 8.000000000 -0.568248868000
1174.560000000 8.000000000 0.619983911500
1170.060000000 7.000000000 -0.220131039600
1178.560000000 6.500000000 -0.482917934700
1176.560000000 8.000000000 0.635241210500
1171.560000000 8.000000000 -0.377136081500
1181.060000000 6.500000000 -0.225914076000
1172.310000000 6.500000000 -0.442250639200
1180.060000000 8.000000000 -0.528064549000
1176.810000000 6.500000000 0.557857334600
1169.560000000 6.500000000 -0.093888774500
1170.810000000 8.000000000 -0.304323226200
1179.060000000 8.000000000 -0.567186713200
1170.310000000 7.500000000 -0.229869067700
1171.560000000 6.000000000 -0.515916585900
1174.060000000 6.500000000 0.285709768500
1174.310000000 8.000000000 0.440368890800
1176.810000000 8.000000000 0.463992774500
1181.810000000 7.000000000 0.166865706400
1180.310000000 8.000000000 -0.485480547000
1177.060000000 6.500000000 0.389258295300
1171.810000000 8.000000000 -0.401407033200
1169.810000000 7.000000000 -0.188288524700
1170.560000000 8.000000000 -0.271844834100
1169.560000000 6.000000000 -0.062115460600
1181.560000000 7.500000000 0.013621477400
1178.310000000 6.500000000 -0.386181801600
1178.810000000 8.000000000 -0.547127127600
1181.310000000 6.500000000 -0.137750789500
1177.060000000 8.000000000 0.280861556500
1177.310000000 6.500000000 0.215233907100
1174.060000000 8.000000000 0.257419496800
1172.560000000 6.500000000 -0.379810184200
1173.810000000 6.500000000 0.134654328200
1170.060000000 7.500000000 -0.193203002200
1180.560000000 8.000000000 -0.429380029400
1170.310000000 8.000000000 -0.235644012700
1171.810000000 6.000000000 -0.448239266900
1172.060000000 8.000000000 -0.418472558300
1178.060000000 6.500000000 -0.265032440400
1169.560000000 7.000000000 -0.138821989300
1177.560000000 6.500000000 0.043073020900
1178.560000000 8.000000000 -0.503422915900
1169.310000000 6.500000000 -0.053052976700
1177.810000000 6.500000000 -0.119843520200
1177.310000000 8.000000000 0.100036725400
1173.810000000 8.000000000 0.084583804000
1170.060000000 8.000000000 -0.199296295600
1173.560000000 6.500000000 0.000357143200
1181.810000000 7.500000000 0.172015845800
1180.810000000 8.000000000 -0.361302763200
1172.810000000 6.500000000 -0.303246438500
1182.060000000 7.000000000 0.314368248000
1169.810000000 7.500000000 -0.172185897800
1181.560000000 6.500000000 -0.065649323200
1180.060000000 6.000000000 -0.501436531500
1178.310000000 8.000000000 -0.433406323200
1169.310000000 6.000000000 -0.017407471300
1180.310000000 6.000000000 -0.481933981200
1170.560000000 8.500000000 -0.274560302500
1177.560000000 8.000000000 -0.063262485000
1172.310000000 8.000000000 -0.420829206700
1172.060000000 6.000000000 -0.358547300100
1179.810000000 6.000000000 -0.506977021700
1170.310000000 8.500000000 -0.249764397700
1170.810000000 8.500000000 -0.294956177500
1173.310000000 6.500000000 -0.114682488100
1180.560000000 6.000000000 -0.443166941400
1173.060000000 6.500000000 -0.214524388300
1169.310000000 7.000000000 -0.094522886000
1170.060000000 8.500000000 -0.219388455200
1178.060000000 8.000000000 -0.336684554800
1177.810000000 8.000000000 -0.213034912900
1169.810000000 8.000000000 -0.167666658800
1170.060000000 5.500000000 -0.224154576700
1173.560000000 8.000000000 -0.067883245600
1170.310000000 5.500000000 -0.292662262900
1179.560000000 6.000000000 -0.502526581300
1181.060000000 8.000000000 -0.282824546100
1171.060000000 8.500000000 -0.311534136500
1175.560000000 6.000000000 0.675347685800
1175.310000000 6.000000000 0.631686449100
1180.810000000 6.000000000 -0.384749859600
1169.810000000 5.500000000 -0.156450793100
1175.810000000 6.000000000 0.695604145500
1169.810000000 8.500000000 -0.179194971900
1170.560000000 5.500000000 -0.351459741600
1175.060000000 6.000000000 0.574040889700
1169.560000000 7.500000000 -0.145604804200
1176.060000000 6.000000000 0.683048546300
1172.560000000 8.000000000 -0.402219802100
1179.310000000 6.000000000 -0.484814405400
1169.060000000 6.500000000 -0.010332088900
1180.060000000 8.500000000 -0.377911031200
1174.810000000 6.000000000 0.544505417300
1171.310000000 8.500000000 -0.320874720800
1173.310000000 8.000000000 -0.194180920700
1179.810000000 8.500000000 -0.389737516600
1172.310000000 6.000000000 -0.263035923200
1182.060000000 7.500000000 0.270516187000
1169.560000000 8.000000000 -0.142487883600
1181.060000000 6.000000000 -0.295807689400
1170.810000000 5.500000000 -0.392250001400
1176.310000000 6.000000000 0.632364392300
1180.310000000 8.500000000 -0.372243166000
1169.560000000 5.500000000 -0.098525308100
1169.560000000 8.500000000 -0.140220806000
1181.810000000 6.500000000 0.008594238200
1169.060000000 7.000000000 -0.175029948400
1182.310000000 7.000000000 0.370736211500
1179.560000000 8.500000000 -0.405189693000
1181.310000000 8.000000000 -0.196679294100
1172.810000000 8.000000000 -0.359495192800
1174.560000000 6.000000000 0.468082517400
1173.060000000 8.000000000 -0.290972262600
1175.560000000 8.500000000 0.671256542200
1175.310000000 8.500000000 0.664475858200
1179.060000000 6.000000000 -0.446080803900
1175.810000000 8.500000000 0.652384758000
1180.560000000 8.500000000 -0.366086483000
1176.560000000 6.000000000 0.548956096200
1175.060000000 8.500000000 0.627673685600
1169.310000000 7.500000000 -0.170340448600
1171.060000000 5.500000000 -0.408388733900
1164.560000000 6.000000000 0.149965986600
1176.060000000 8.500000000 0.610645055800
1164.810000000 6.000000000 0.138259366200
1169.060000000 6.000000000 0.007769837000
1171.560000000 8.500000000 -0.318245381100
1174.810000000 8.500000000 0.560822367700
1164.310000000 6.000000000 0.157249853000
1181.310000000 6.000000000 -0.203160136900
1174.310000000 6.000000000 0.387477666100
1182.560000000 7.000000000 0.308298498400
1179.310000000 8.500000000 -0.414159804600
1168.810000000 6.500000000 -0.138882115500
1164.060000000 6.500000000 0.154490500700
1165.060000000 6.000000000 0.125646099400
1164.310000000 6.500000000 0.149331778300
1163.810000000 6.500000000 0.154159575700
1169.310000000 8.500000000 -0.106658399100
1164.060000000 6.000000000 0.155744642000
1169.310000000 5.500000000 -0.066845916200
1168.810000000 7.000000000 -0.130110189300
1176.310000000 8.500000000 0.546056807000
1176.810000000 6.000000000 0.445165067900
1168.810000000 5.500000000 -0.196837559300
1169.310000000 8.000000000 -0.121975019600
1180.810000000 8.500000000 -0.348840355900
1169.060000000 5.500000000 -0.217035591600
1174.560000000 8.500000000 0.471373796500
1164.560000000 6.500000000 0.137490809000
1163.560000000 6.500000000 0.150123491900
1172.560000000 6.000000000 -0.173590585600
1178.810000000 6.000000000 -0.380807131500
1168.560000000 5.500000000 -0.172306761100
1168.810000000 6.000000000 -0.177836090300
1169.060000000 7.500000000 -0.208783745800
1171.310000000 5.500000000 -0.396164178800
1163.810000000 6.000000000 0.144602045400
1165.310000000 6.000000000 0.109772168100
1163.310000000 6.500000000 0.139921873800
1174.060000000 6.000000000 0.302896887100
1181.560000000 8.000000000 -0.107967801400
1164.810000000 6.500000000 0.121448665900
1176.560000000 8.500000000 0.459977150000
1169.810000000 9.000000000 -0.177104204900
1168.810000000 7.500000000 -0.189341664300
1182.060000000 6.500000000 0.052316289400
1168.310000000 5.500000000 -0.160927668200
1181.560000000 6.000000000 -0.144626662100
1177.060000000 6.000000000 0.334045171700
1182.310000000 7.500000000 0.279249936300
1163.560000000 6.000000000 0.131198808600
1179.060000000 8.500000000 -0.404584348200
1174.310000000 8.500000000 0.370060056400
1170.060000000 9.000000000 -0.205882549300
1168.560000000 6.500000000 -0.102811761200
1169.560000000 9.000000000 -0.146973714200
1168.560000000 6.000000000 -0.152136921900
1171.810000000 8.500000000 -0.302295118600
1163.060000000 6.500000000 0.120605044100
1182.560000000 7.500000000 0.202868551000
1169.060000000 8.000000000 -0.167156979400
1168.560000000 5.000000000 -0.183429539200
1181.060000000 8.500000000 -0.310554891800
1168.560000000 7.000000000 -0.148162215900
1168.560000000 7.500000000 -0.163940131700
1168.310000000 5.000000000 -0.154507577400
1168.810000000 5.000000000 -0.187353178900
1165.560000000 6.000000000 0.103814274100
1165.060000000 6.500000000 0.103107065000
1171.560000000 5.500000000 -0.356261462000
1178.560000000 6.000000000 -0.291785150800
1163.310000000 6.000000000 0.111155174700
1176.810000000 8.500000000 0.357102036500
1170.310000000 9.000000000 -0.229352280500
1173.810000000 6.000000000 0.241479143500
1169.310000000 9.000000000 -0.119237698600
1168.060000000 5.500000000 -0.129593268000
1169.060000000 8.500000000 -0.082257285700
1162.810000000 6.500000000 0.090427197500
1168.810000000 8.000000000 -0.168538525700
1177.310000000 6.000000000 0.225827843000
1182.310000000 6.500000000 0.147503331300
1169.060000000 5.000000000 -0.209498390600
1168.310000000 7.000000000 -0.145163834100
1181.810000000 6.000000000 -0.056618426000
1172.810000000 6.000000000 -0.114911280600
1168.310000000 6.000000000 -0.128366977000
1168.060000000 5.000000000 -0.136981532000
1174.060000000 8.500000000 0.265189409300
1182.560000000 6.500000000 0.236637011200
1168.310000000 7.500000000 -0.134016156200
1182.560000000 8.000000000 0.047980547000
1178.810000000 8.500000000 -0.370786845700
1181.310000000 8.500000000 -0.248185932600
1170.560000000 9.000000000 -0.238034054600
1168.310000000 6.500000000 -0.145515620700
1178.310000000 6.000000000 -0.188186049500
1173.560000000 6.000000000 0.144849211000
1165.310000000 6.500000000 0.082799330400
1165.810000000 6.000000000 0.073278352600
1163.060000000 6.000000000 0.090122237800
1168.560000000 8.000000000 -0.153620436800
1177.560000000 6.000000000 0.123162195100
1177.060000000 8.500000000 0.245484605400
1169.060000000 9.000000000 -0.096675932400
1168.060000000 7.000000000 -0.110239520700
1171.810000000 5.500000000 -0.293205022800
1169.310000000 5.000000000 -0.225942358400
1181.810000000 8.000000000 -0.025181725600
1168.810000000 8.500000000 -0.132624447300
1164.310000000 5.500000000 0.112533830100
1163.810000000 7.000000000 0.138054966900
1164.060000000 5.500000000 0.113465361300
1164.060000000 7.000000000 0.123166509000
1167.810000000 5.500000000 -0.095625408000
1167.810000000 5.000000000 -0.095579974400
1182.060000000 6.000000000 0.036947123700
1163.560000000 7.000000000 0.147044569300
1164.560000000 5.500000000 0.115347094800
1163.310000000 7.000000000 0.145497337000
1168.060000000 7.500000000 -0.118543662100
1163.060000000 7.000000000 0.129954904300
1172.060000000 8.500000000 -0.275778472400
1163.810000000 5.500000000 0.109841808700
1162.810000000 7.000000000 0.099193006800
1164.310000000 7.000000000 0.105207353800
1168.060000000 6.000000000 -0.106953434600
1177.810000000 6.000000000 0.022146433600
1178.060000000 6.000000000 -0.081431299400
1164.810000000 5.500000000 0.116676189000
1173.060000000 6.000000000 -0.044359374800
1173.310000000 6.000000000 0.047363556900
1173.810000000 8.500000000 0.200665518600
1182.310000000 8.000000000 -0.033251449500
1181.560000000 8.500000000 -0.169772818700
1182.310000000 6.000000000 0.127914786300
1170.810000000 9.000000000 -0.239672258500
1178.560000000 8.500000000 -0.315576672600
1168.060000000 6.500000000 -0.120717227500
1169.560000000 5.000000000 -0.223982334100
1165.060000000 5.500000000 0.115844287000
1182.060000000 8.000000000 -0.069030970300
1163.560000000 5.500000000 0.105414867400
1167.810000000 7.000000000 -0.077233247500
1168.310000000 8.000000000 -0.135160580300
1164.560000000 7.000000000 0.085941493500
1177.310000000 8.500000000 0.133080586800
1182.560000000 6.000000000 0.202128008000
1175.560000000 5.500000000 0.450517505400
1175.310000000 5.500000000 0.439767599100
1168.810000000 9.000000000 -0.076663240800
1166.060000000 6.000000000 0.033610153900
1175.810000000 5.500000000 0.460094004900
1167.810000000 7.500000000 -0.084325306100
1168.560000000 8.500000000 -0.110290601800
1175.060000000 5.500000000 0.405750125600
1165.310000000 5.500000000 0.111036688100
1167.560000000 5.000000000 -0.052677117300
1167.560000000 5.500000000 -0.060260087300
1172.060000000 5.500000000 -0.214831069100
1165.560000000 6.500000000 0.059233777200
1162.810000000 6.000000000 0.067130692300
1176.060000000 5.500000000 0.449508965000
1167.810000000 6.000000000 -0.101952970000
1181.810000000 8.500000000 -0.089979276100
1174.810000000 5.500000000 0.357001870900
1163.310000000 5.500000000 0.100226566200
1165.560000000 5.500000000 0.099263809600
1178.310000000 8.500000000 -0.245614647900
1169.810000000 5.000000000 -0.198299005600
1180.310000000 9.000000000 -0.338450282800
1177.560000000 8.500000000 0.024813991000
1173.560000000 8.500000000 0.088923715100
1168.560000000 9.000000000 -0.111651457800
1180.060000000 9.000000000 -0.318399727300
1165.810000000 5.500000000 0.090650916100
1180.560000000 9.000000000 -0.329190850300
1167.810000000 6.500000000 -0.091845355900
1176.310000000 5.500000000 0.420324444800
1164.810000000 7.000000000 0.066013529900
1168.810000000 9.500000000 -0.120711587400
1168.560000000 9.500000000 -0.119483873200
1171.060000000 9.000000000 -0.232222855100
1168.060000000 8.000000000 -0.111012682300
1166.060000000 5.500000000 0.061796419300
1167.560000000 7.000000000 -0.048684049400
1172.310000000 8.500000000 -0.243262589000
1180.560000000 5.500000000 -0.317253589600
1169.060000000 9.500000000 -0.123893611100
1174.560000000 5.500000000 0.305190771800
1163.560000000 5.000000000 0.095729492600
1177.810000000 8.500000000 -0.075557440500
1179.810000000 9.000000000 -0.285844713400
1180.310000000 5.500000000 -0.308145821100
1178.060000000 8.500000000 -0.165382012700
1180.810000000 9.000000000 -0.286339789600
1182.060000000 8.500000000 -0.074594058100
1180.810000000 5.500000000 -0.321176916400
1163.810000000 5.000000000 0.091833248700
1167.560000000 7.500000000 -0.053226508200
1166.310000000 6.000000000 -0.007469882300
1163.310000000 5.000000000 0.099630892300
1168.310000000 9.500000000 -0.117661751800
1168.310000000 8.500000000 -0.105843521700
1168.310000000 9.000000000 -0.089090898600
1167.560000000 6.000000000 -0.075169295100
1182.310000000 8.500000000 0.012242185900
1166.310000000 5.500000000 0.025390405200
1182.560000000 8.500000000 0.093427769800
1176.560000000 5.500000000 0.376386493400
1180.060000000 5.500000000 -0.296383470300
1181.060000000 9.000000000 -0.221586331700
1181.060000000 5.500000000 -0.308700919200
1167.310000000 5.500000000 -0.024138564200
1170.060000000 5.000000000 -0.198009237600
1169.310000000 9.500000000 -0.131195485600
1163.060000000 5.000000000 0.108787283300
1163.060000000 5.500000000 0.094103708900
1164.060000000 5.000000000 0.087899737100
1167.310000000 5.000000000 -0.015096813400
1173.310000000 8.500000000 -0.013348259000
1162.810000000 5.000000000 0.137698635500
1179.560000000 9.000000000 -0.256745815300
1172.310000000 5.500000000 -0.131392046800
1167.560000000 6.500000000 -0.060430765200
1174.310000000 5.500000000 0.258335143300
1181.310000000 5.500000000 -0.266338080200
1168.060000000 9.500000000 -0.113777220200
1166.560000000 5.500000000 -0.012604360500
1181.310000000 9.000000000 -0.155644625400
1179.810000000 5.500000000 -0.281046986600
1167.810000000 8.000000000 -0.083656951800
1165.810000000 6.500000000 0.032747104800
1166.810000000 6.000000000 -0.142553031400
1165.060000000 7.000000000 0.054195690900
1176.810000000 5.500000000 0.322420507700
1167.060000000 6.000000000 -0.161567643300
1164.310000000 5.000000000 0.083961710300
1165.810000000 8.500000000 0.072276860500
1172.560000000 8.500000000 -0.213245943200
1171.310000000 9.000000000 -0.216079667200
1168.060000000 9.000000000 -0.074630357300
1166.560000000 6.000000000 -0.118246406300
1169.560000000 9.500000000 -0.150508284600
1167.310000000 6.000000000 -0.045174151700
1163.310000000 9.000000000 -0.123414054500
1165.560000000 8.500000000 0.099674344100
1163.560000000 9.000000000 -0.138993233400
1166.060000000 8.500000000 0.039480190700
1181.560000000 5.500000000 -0.190148249300
1170.310000000 5.000000000 -0.211114004300
1173.060000000 8.500000000 -0.098861604900
1166.810000000 6.500000000 -0.154207319000
1166.560000000 6.500000000 -0.142445027800
1168.060000000 8.500000000 -0.087000608400
1167.310000000 7.000000000 -0.023766338800
1167.810000000 9.500000000 -0.107968919000
1165.310000000 8.500000000 0.118813730800
1163.060000000 9.000000000 -0.102282464500
1163.810000000 9.000000000 -0.147325113400
1167.310000000 7.500000000 -0.012386447800
1167.060000000 5.500000000 0.010478018800
1172.810000000 8.500000000 -0.164674639700
1167.060000000 6.500000000 -0.155867666000
1179.310000000 9.000000000 -0.235757932100
1166.310000000 6.500000000 -0.125009819900
1165.060000000 8.500000000 0.125896021700
1166.810000000 5.500000000 -0.045146793100
1167.310000000 6.500000000 -0.029603412400
1175.310000000 9.000000000 0.383357614300
1175.560000000 9.000000000 0.394078224900
1174.060000000 5.500000000 0.217790722800
1164.810000000 8.500000000 0.117922358200
1179.560000000 5.500000000 -0.250177621800
1181.560000000 9.000000000 -0.102420799400
1175.060000000 9.000000000 0.359675288200
1166.310000000 8.500000000 0.003638980000
1164.060000000 9.000000000 -0.145364254700
1162.810000000 5.500000000 0.084616623800
1164.560000000 5.000000000 0.078142076700
1175.810000000 9.000000000 0.391216903900
1162.810000000 9.000000000 -0.076308347300
1181.810000000 5.500000000 -0.091606654200
1177.060000000 5.500000000 0.260046094700
1169.810000000 9.500000000 -0.156971782400
1174.810000000 9.000000000 0.357071548700
1164.560000000 8.500000000 0.096341773900
1166.060000000 6.500000000 -0.103635780500
1167.560000000 9.500000000 -0.099461101000
1166.310000000 9.500000000 -0.122465632900
1167.560000000 8.000000000 -0.057542581100
1167.060000000 5.000000000 0.008250274700
1163.060000000 9.500000000 -0.119748152800
1176.060000000 9.000000000 0.374137312200
1166.560000000 9.500000000 -0.131926417400
1166.060000000 9.500000000 -0.114495374300
1172.560000000 5.500000000 -0.053990207600
1170.560000000 5.000000000 -0.219825699900
1162.810000000 9.500000000 -0.093209326300
1167.810000000 9.000000000 -0.069894142400
1166.060000000 7.000000000 -0.121863581200
1174.560000000 9.000000000 0.335984528100
1165.810000000 7.000000000 -0.099981673100
1164.310000000 9.000000000 -0.131503149900
1163.310000000 9.500000000 -0.140328452000
1166.060000000 9.000000000 0.011301829500
1165.810000000 9.000000000 0.045952033300
1164.310000000 8.500000000 0.067826129500
1166.810000000 9.500000000 -0.133973062000
1171.560000000 9.000000000 -0.193153664500
1166.310000000 7.000000000 -0.141293466100
1167.810000000 8.500000000 -0.072992108800
1176.310000000 9.000000000 0.342990875200
1165.560000000 9.000000000 -0.133518651100
1165.810000000 9.500000000 -0.096868939700
1166.560000000 8.500000000 -0.011634751200
1165.310000000 9.000000000 -0.128287240900
1166.310000000 9.000000000 -0.023984497400
1165.310000000 7.000000000 0.047037113500
1174.310000000 9.000000000 0.304580956700
1173.810000000 5.500000000 0.196898028300
1165.560000000 7.000000000 -0.075103960900
1163.560000000 9.500000000 -0.149656981200
1164.810000000 5.000000000 0.072647377800
1165.060000000 9.000000000 -0.114972405100
1167.310000000 9.500000000 -0.086230538800
1179.060000000 9.000000000 -0.214971423100
1182.060000000 5.500000000 0.008115055000
1167.060000000 7.500000000 0.017032709000
1179.310000000 5.500000000 -0.216220483200
1167.060000000 7.000000000 0.000135208000
1166.060000000 7.500000000 -0.111876651600
1163.310000000 8.000000000 -0.016816014400
1170.060000000 9.500000000 -0.158006787300
1163.310000000 8.500000000 -0.103527352200
1166.560000000 7.000000000 -0.155390992800
1177.310000000 5.500000000 0.189394056800
1163.560000000 8.500000000 -0.109477229400
1164.560000000 7.500000000 -0.098865583500
1164.060000000 7.500000000 -0.038380991700
1164.560000000 9.000000000 -0.106732428100
1176.560000000 9.000000000 0.299084097100
1164.310000000 7.500000000 -0.075486667500
1167.060000000 9.500000000 -0.126993060100
1164.810000000 9.000000000 -0.096874333900
1166.310000000 7.500000000 -0.127748414900
1163.560000000 8.000000000 -0.045272838300
1163.060000000 8.000000000 0.017979612600
1163.810000000 7.500000000 -0.004112829500
1165.810000000 7.500000000 -0.089563101500
1164.060000000 8.500000000 0.041067924400
1170.810000000 5.000000000 -0.221140757200
1164.810000000 7.500000000 -0.113272331700
1163.060000000 8.500000000 -0.094930224100
1166.560000000 9.000000000 -0.055264443200
1181.810000000 9.000000000 -0.063363611700
1163.810000000 9.500000000 -0.142681166500
1165.560000000 9.500000000 -0.078236006200
1174.060000000 9.000000000 0.264407545300
1165.060000000 7.500000000 -0.112607128900
1167.310000000 8.000000000 -0.034796968100
1163.810000000 8.500000000 -0.112454630400
1166.810000000 8.500000000 -0.042987849600
1166.810000000 9.000000000 -0.113879501800
1165.810000000 8.000000000 0.076916649900
1165.560000000 7.500000000 -0.068046987100
1165.560000000 8.000000000 0.088707424700
1165.060000000 9.500000000 -0.127753451500
1167.560000000 9.000000000 -0.094312295300
1165.310000000 8.000000000 0.091458223800
1165.310000000 7.500000000 -0.111113421600
1166.810000000 7.000000000 -0.133055463400
1165.310000000 9.500000000 -0.133804664000
1162.810000000 8.000000000 0.053928412500
1164.810000000 9.500000000 -0.113390773500
1166.560000000 7.500000000 -0.138203382500
1163.560000000 7.500000000 0.027813429000
1165.060000000 8.000000000 0.086365617800
1163.810000000 8.000000000 -0.066688813300
1176.810000000 9.000000000 0.247076258100
1166.060000000 8.000000000 0.059912618200
1162.810000000 8.500000000 -0.082846872500
1167.060000000 9.000000000 -0.106230184400
1172.810000000 5.500000000 0.010306082700
1164.060000000 9.500000000 -0.130664929700
1164.810000000 8.000000000 -0.091766074300
1175.560000000 5.000000000 0.302417993500
1173.560000000 5.500000000 0.149468511300
1165.060000000 5.000000000 0.069160722200
1175.310000000 5.000000000 0.270068645500
1166.810000000 5.000000000 0.035046771200
1171.810000000 9.000000000 -0.165677651800
1175.810000000 5.000000000 0.325849026400
1167.310000000 9.000000000 -0.095000170200
1164.560000000 9.500000000 -0.092433735700
1167.560000000 8.500000000 -0.063602425200
1182.310000000 5.500000000 0.087980747200
1177.560000000 5.500000000 0.130985185500
1164.560000000 8.000000000 -0.100968152300
1173.810000000 9.000000000 0.215555369900
1175.060000000 5.000000000 0.249102696800
1171.060000000 5.000000000 -0.210946306600
1176.060000000 5.000000000 0.331425219800
1170.310000000 9.500000000 -0.153638243700
1164.310000000 8.000000000 -0.097966991400
1164.310000000 9.500000000 -0.111988797800
1179.060000000 5.500000000 -0.182846590900
1164.060000000 8.000000000 -0.089910768000
1163.310000000 7.500000000 0.048964444500
1166.810000000 7.500000000 0.042036391800
1178.810000000 9.000000000 -0.183158919200
1176.310000000 5.000000000 0.313738584500
1166.310000000 8.000000000 0.038211483500
1177.060000000 9.000000000 0.193094268400
1174.810000000 5.000000000 0.215102493800
1167.060000000 8.500000000 -0.066199600700
1176.560000000 5.000000000 0.274365335700
1173.310000000 5.500000000 0.095139585400
1182.060000000 9.000000000 -0.026961332200
1166.560000000 8.000000000 -0.113790176800
1167.060000000 8.000000000 -0.014342673100
1173.560000000 9.000000000 0.159827515500
1165.310000000 5.000000000 0.066457584500
1162.810000000 7.500000000 -0.092839300600
1163.060000000 7.500000000 0.067587591700
1173.060000000 5.500000000 0.042432267200
1177.810000000 5.500000000 0.051467768800
1171.310000000 5.000000000 -0.187470078500
1166.810000000 8.000000000 -0.122119262800
1176.810000000 5.000000000 0.218408808100
1172.060000000 9.000000000 -0.134711071800
1174.560000000 5.000000000 0.178139880300
1177.310000000 9.000000000 0.140225812800
1170.560000000 9.500000000 -0.139941573100
1182.560000000 5.500000000 0.134282559200
1178.810000000 5.500000000 -0.152663111700
1167.310000000 8.500000000 -0.076626166700
1173.310000000 9.000000000 0.137206986500
1178.560000000 9.000000000 -0.098603323100
1166.560000000 5.000000000 0.051465116400
1177.060000000 5.000000000 0.155216276600
1178.060000000 5.500000000 -0.018930127800
1165.560000000 5.000000000 0.060214594000
1177.560000000 9.000000000 0.117778979200
1182.310000000 9.000000000 -0.023686239500
1171.560000000 5.000000000 -0.159141361700
1173.060000000 9.000000000 0.075198829200
1180.810000000 9.500000000 -0.127304449700
1165.810000000 5.000000000 -0.090099521000
1180.560000000 9.500000000 -0.175994977400
1178.560000000 5.500000000 -0.112776577500
1172.310000000 9.000000000 -0.099459745000
1166.060000000 5.000000000 -0.093673095100
1181.060000000 9.500000000 -0.091627977800
1178.310000000 5.500000000 -0.073143646100
1174.310000000 5.000000000 0.138444140600
1170.810000000 9.500000000 -0.121514171400
1180.310000000 9.500000000 -0.218554824600
1182.560000000 9.000000000 0.014158283400
1177.810000000 9.000000000 0.072281941800
1178.310000000 9.000000000 -0.034198917400
1166.310000000 5.000000000 -0.098631821600
1172.810000000 9.000000000 0.020793870100
1178.060000000 9.000000000 0.023134721400
1180.060000000 9.500000000 -0.236081957800
1172.560000000 9.000000000 -0.025717364600
1177.310000000 5.000000000 0.121729083400
1181.310000000 9.500000000 -0.131266936700
1171.810000000 5.000000000 -0.118938863300
1179.810000000 9.500000000 -0.220976322900
1181.560000000 9.500000000 -0.180285990200
1181.810000000 9.500000000 -0.133367300000
1171.060000000 9.500000000 -0.098873920700
1179.560000000 9.500000000 -0.179356545200
1182.060000000 9.500000000 -0.080944038900
1174.060000000 5.000000000 0.100690156200
1176.060000000 9.500000000 0.203028246800
1175.810000000 9.500000000 0.216979801700
1176.310000000 9.500000000 0.189468637100
1171.310000000 9.500000000 -0.017193235500
1179.310000000 9.500000000 -0.128816902600
1175.560000000 9.500000000 0.220069840600
1182.060000000 5.000000000 0.159591004300
1177.560000000 5.000000000 0.075437016800
1182.310000000 5.000000000 0.157590463800
1182.310000000 9.500000000 -0.098098486700
1176.560000000 9.500000000 0.184912249400
1175.060000000 9.500000000 0.191902652400
1175.310000000 9.500000000 0.208528086500
1174.810000000 9.500000000 0.195559740100
1182.560000000 5.000000000 0.151894912100
1182.560000000 9.500000000 -0.098540432800
1171.560000000 9.500000000 0.021804954900
1181.810000000 5.000000000 0.158439561700
1172.060000000 5.000000000 -0.076725833100
1174.560000000 9.500000000 0.194542706000
1176.810000000 9.500000000 0.203001067000
1179.060000000 9.500000000 -0.086510799800
1171.810000000 9.500000000 0.064010717000
1177.060000000 9.500000000 0.204197600500
1174.310000000 9.500000000 0.188275858800
1174.060000000 9.500000000 0.208246544000
1173.810000000 9.500000000 0.197893142700
1172.060000000 9.500000000 0.106676250700
1172.310000000 5.000000000 0.179216936200
1181.560000000 5.000000000 0.154559597400
1177.310000000 9.500000000 0.199424862900
1173.560000000 9.500000000 0.180170506200
1172.560000000 5.000000000 0.185795828700
1172.310000000 9.500000000 0.145123094300
1172.560000000 9.500000000 0.173711806500
1178.810000000 9.500000000 -0.058344870800
1173.310000000 9.500000000 0.187306731900
1172.810000000 5.000000000 0.179803490600
1177.560000000 9.500000000 0.177829071900
1172.810000000 9.500000000 0.189382299800
1173.060000000 9.500000000 0.178633868700
1177.810000000 9.500000000 0.161661669600
1173.810000000 5.000000000 0.082664564300
1181.310000000 5.000000000 -0.149065360400
1179.810000000 5.000000000 0.155905753400
1180.060000000 5.000000000 0.161661922900
1178.060000000 9.500000000 0.108258985000
1173.060000000 5.000000000 0.160518229000
1179.560000000 5.000000000 0.159742146700
1180.310000000 5.000000000 0.167820349300
1181.060000000 5.000000000 -0.175200954100
1173.310000000 5.000000000 0.128596425100
1178.310000000 9.500000000 0.056171666800
1179.310000000 5.000000000 0.159269824600
1178.560000000 9.500000000 -0.037056621200
1180.560000000 5.000000000 0.168172031600
1177.810000000 5.000000000 0.037026822600
1180.810000000 5.000000000 -0.184371322400
1173.560000000 5.000000000 0.076396353500
1179.060000000 5.000000000 0.155137464400
1178.810000000 5.000000000 0.148585036400
1178.560000000 5.000000000 0.125431895300
1178.060000000 5.000000000 0.020892646200
1178.310000000 5.000000000 0.113557212100
