1019.420000000 7.600000000 0.022519052000
1019.670000000 7.400000000 -0.248137086600
1019.670000000 7.600000000 -0.254078090200
1019.920000000 7.400000000 -0.492887973800
1019.420000000 7.400000000 0.007836235700
1019.170000000 7.600000000 0.268578290900
1019.920000000 7.600000000 -0.512899398800
1020.170000000 7.400000000 -0.686157226600
1020.420000000 7.400000000 -0.800603270500
1019.170000000 7.400000000 0.234265148600
1018.920000000 7.600000000 0.451286673500
1020.170000000 7.600000000 -0.704044640100
1020.420000000 7.600000000 -0.795590996700
1017.420000000 7.600000000 0.118789687800
1010.920000000 6.600000000 -0.085982307800
1010.670000000 6.600000000 0.042452797300
1018.670000000 7.600000000 0.555775642400
1017.670000000 7.600000000 0.281866043800
1011.170000000 6.600000000 -0.223574802300
1018.920000000 7.400000000 0.402698397600
1008.670000000 6.400000000 0.146010056100
1010.420000000 6.600000000 0.138461321600
1017.170000000 7.600000000 -0.026502221800
1008.920000000 6.400000000 0.165043249700
1008.420000000 6.400000000 0.139406785400
1008.670000000 6.600000000 0.148551061700
1011.420000000 6.600000000 -0.336888283500
1008.920000000 6.600000000 0.163161069200
1008.420000000 6.200000000 0.155961379400
1017.920000000 7.600000000 0.419228583600
1008.670000000 6.200000000 0.167085871100
1017.170000000 7.800000000 -0.042560551300
1017.420000000 7.800000000 0.094157204000
1010.670000000 6.400000000 0.024878999200
1019.670000000 7.200000000 -0.224239081100
1011.670000000 6.600000000 -0.396971195900
1018.420000000 7.600000000 0.579777896400
1008.420000000 6.600000000 0.124571114800
1019.420000000 7.800000000 0.031019935400
1019.920000000 7.200000000 -0.413337200900
1009.170000000 6.600000000 0.184337198700
1018.170000000 7.600000000 0.529442787200
1010.420000000 6.400000000 0.122919805300
1010.920000000 6.400000000 -0.093891508900
1019.170000000 7.800000000 0.250292748200
1010.170000000 6.600000000 0.195322915900
1008.170000000 6.400000000 0.143577262800
1009.170000000 6.400000000 0.192224606900
1011.920000000 6.600000000 -0.392682105300
1006.670000000 6.400000000 -0.012267604500
1012.420000000 6.600000000 -0.252000808700
1012.170000000 6.600000000 -0.335302054900
1012.670000000 6.600000000 -0.171960890300
1008.670000000 6.800000000 0.170785129100
1006.420000000 6.400000000 -0.096105024200
1008.170000000 6.200000000 0.150359675300
1020.170000000 7.200000000 -0.579473614700
1019.670000000 7.800000000 -0.208778441000
1006.920000000 6.400000000 0.064496964200
1019.420000000 7.200000000 -0.030067242700
1011.170000000 6.400000000 -0.202988997100
1008.920000000 6.200000000 0.184239476900
1016.920000000 7.600000000 -0.126056492300
1008.920000000 6.800000000 0.177577644600
1017.670000000 7.800000000 0.252356708000
1020.420000000 7.200000000 -0.704503297800
1004.670000000 6.600000000 -0.015463817900
1012.920000000 6.600000000 -0.114291720100
1008.170000000 6.600000000 0.133015066400
1006.170000000 6.400000000 -0.170762032300
1006.670000000 6.600000000 -0.012462858100
1010.170000000 6.400000000 0.190132707400
1016.920000000 7.800000000 -0.131490528600
1018.670000000 7.400000000 0.500676751100
1009.420000000 6.600000000 0.207376554600
1008.420000000 6.800000000 0.164622306800
1007.170000000 6.400000000 0.121547475500
1004.920000000 6.600000000 -0.085887745000
1006.420000000 6.600000000 -0.094345912300
1006.920000000 6.600000000 0.064725667200
1007.920000000 6.400000000 0.149414032700
1018.920000000 7.800000000 0.419306874300
1011.420000000 6.400000000 -0.293592423200
1004.420000000 6.600000000 0.047190155800
1004.670000000 6.400000000 -0.010609760900
1004.920000000 6.400000000 -0.077521033600
1009.920000000 6.600000000 0.229033082700
1008.420000000 6.000000000 0.175603225800
1009.420000000 6.400000000 0.219315365000
1012.670000000 6.800000000 -0.202783763400
1019.920000000 7.800000000 -0.430826187100
1005.920000000 6.400000000 -0.220204889800
1009.670000000 6.600000000 0.225394725800
1012.670000000 6.400000000 -0.183648183900
1012.920000000 6.800000000 -0.148059755600
1008.170000000 6.000000000 0.155933365200
1007.420000000 6.400000000 0.152749568200
1012.420000000 6.400000000 -0.250254362800
1005.170000000 6.400000000 -0.148045286500
1006.170000000 6.600000000 -0.160740524500
1007.920000000 6.200000000 0.146421089800
1011.670000000 6.400000000 -0.342453211500
1007.670000000 6.400000000 0.159396499400
1008.670000000 7.000000000 0.201029077200
1007.170000000 6.600000000 0.123665042200
1012.420000000 6.800000000 -0.268200576300
1017.670000000 7.400000000 0.283751368500
1005.170000000 6.600000000 -0.153436854500
1009.920000000 6.400000000 0.234098702700
1010.920000000 6.800000000 -0.079623632100
1017.420000000 7.400000000 0.157935991900
1011.170000000 6.800000000 -0.190661370800
1012.170000000 6.400000000 -0.315676689100
1004.420000000 6.400000000 0.042865809100
1008.670000000 6.000000000 0.192973226300
1007.920000000 6.600000000 0.149352625000
1008.420000000 7.000000000 0.193117037400
1012.920000000 6.400000000 -0.128282457600
1005.670000000 6.400000000 -0.232634276200
1011.920000000 6.400000000 -0.359413445000
1005.420000000 6.400000000 -0.205487310900
1009.670000000 6.400000000 0.236637979700
1011.420000000 6.800000000 -0.287822842600
1009.170000000 6.800000000 0.184829309600
1019.170000000 7.200000000 0.147584572400
1010.670000000 6.800000000 0.022002531200
1013.170000000 6.600000000 -0.083217591000
1017.920000000 7.800000000 0.399982810000
1012.170000000 6.800000000 -0.327581048000
1017.920000000 7.400000000 0.404573917400
1008.170000000 6.800000000 0.148390233500
1009.170000000 6.200000000 0.204183682800
1011.670000000 6.800000000 -0.348146915400
1005.920000000 6.600000000 -0.210507690900
1018.420000000 7.400000000 0.527888655700
1004.170000000 6.600000000 0.093114182400
1007.420000000 6.600000000 0.155883312200
1011.920000000 6.800000000 -0.359877407600
1018.670000000 7.800000000 0.519361496000
1005.420000000 6.600000000 -0.204687804000
1013.170000000 6.800000000 -0.110364675500
1007.920000000 6.000000000 0.134859040400
1020.170000000 7.800000000 -0.596625506900
1007.670000000 6.600000000 0.161508873100
1008.920000000 7.000000000 0.199424371100
1017.170000000 7.400000000 0.038167860400
1018.170000000 7.400000000 0.491678416700
1005.670000000 6.600000000 -0.226146519200
1007.670000000 6.200000000 0.137991905200
1010.420000000 6.800000000 0.099383726700
1008.170000000 7.000000000 0.176091924300
1012.920000000 7.000000000 -0.234140455700
1006.920000000 6.200000000 0.036556515800
1013.170000000 7.000000000 -0.187839418600
1016.670000000 7.600000000 -0.163703694900
1007.170000000 6.200000000 0.088379658800
1006.670000000 6.200000000 -0.027831327200
1007.420000000 6.200000000 0.122815571700
1008.920000000 6.000000000 0.205749973700
1016.670000000 7.800000000 -0.158952444800
1018.170000000 7.800000000 0.492557376600
1013.170000000 6.400000000 -0.089086376100
1018.420000000 7.800000000 0.542580664200
1020.420000000 7.800000000 -0.679504692600
1012.670000000 7.000000000 -0.267285615200
1004.170000000 6.400000000 0.087928250400
1007.920000000 6.800000000 0.151634231200
1013.420000000 7.000000000 -0.134584203400
1013.420000000 7.200000000 -0.174961328500
1006.420000000 6.200000000 -0.095124498000
1009.420000000 6.800000000 0.182491272700
1007.670000000 6.000000000 0.110921613900
1013.170000000 7.200000000 -0.232692539700
1008.420000000 7.200000000 0.211753860100
1009.420000000 6.200000000 0.219382748000
1013.670000000 7.200000000 -0.108008071800
1010.170000000 6.800000000 0.148256123100
1008.170000000 7.200000000 0.180616915200
1007.920000000 7.000000000 0.149866551200
1013.420000000 6.800000000 -0.107465587600
1018.920000000 7.200000000 0.287834674100
1012.420000000 7.000000000 -0.284204214800
1008.670000000 7.200000000 0.222950443600
1012.670000000 6.200000000 -0.213591560700
1006.670000000 6.800000000 -0.023330893400
1008.170000000 5.800000000 0.153854340300
1012.920000000 6.200000000 -0.187609285100
1003.920000000 6.600000000 0.114909276400
1009.170000000 7.000000000 0.188019067000
1010.670000000 6.200000000 -0.010339956700
1016.920000000 7.400000000 -0.052237872000
1007.920000000 7.200000000 0.135272830700
1006.920000000 6.800000000 0.044541381300
1012.920000000 7.200000000 -0.269472837400
1007.920000000 5.800000000 0.121899098200
1010.420000000 6.200000000 0.071615271300
1007.670000000 6.800000000 0.139487519900
1013.420000000 6.600000000 -0.070646874600
1006.170000000 6.200000000 -0.152881905400
1010.920000000 6.200000000 -0.083865597800
1012.420000000 6.200000000 -0.248252734500
1013.920000000 7.200000000 -0.041574679300
1004.670000000 6.800000000 -0.015371621600
1013.670000000 7.000000000 -0.080838799500
1006.420000000 6.800000000 -0.091075435300
1009.170000000 6.000000000 0.210576072300
1007.170000000 6.800000000 0.089810162800
1013.670000000 7.400000000 -0.150463968500
1008.420000000 5.800000000 0.179302230500
1013.920000000 7.400000000 -0.070840105400
1010.170000000 6.200000000 0.141998603900
1009.670000000 6.200000000 0.218837499600
1004.420000000 6.800000000 0.036835759900
1009.670000000 6.800000000 0.180958494500
1009.920000000 6.800000000 0.172547072200
1007.420000000 6.800000000 0.128368958800
1012.170000000 7.000000000 -0.291874945200
1011.170000000 6.200000000 -0.159995719800
1008.920000000 7.200000000 0.211358517400
1007.420000000 6.000000000 0.080931708200
1009.920000000 6.200000000 0.192538812800
1007.670000000 7.000000000 0.114609688500
1013.420000000 7.400000000 -0.218706682300
1013.170000000 6.200000000 -0.142276331800
1004.920000000 6.200000000 -0.068554274700
1012.170000000 6.200000000 -0.270875901000
1012.670000000 7.200000000 -0.277954191000
1004.670000000 6.200000000 -0.011109067100
1007.670000000 7.200000000 0.081885099400
1017.170000000 8.000000000 -0.016128690900
1004.920000000 6.800000000 -0.070948377300
1014.170000000 7.400000000 0.005094381500
1007.670000000 5.800000000 0.085277095400
1013.420000000 6.400000000 -0.079100333200
1011.420000000 6.200000000 -0.219271034000
1005.920000000 6.200000000 -0.189353629900
1011.920000000 7.000000000 -0.276964873100
1008.670000000 5.800000000 0.196639448400
1006.170000000 6.800000000 -0.146539837100
1019.670000000 7.000000000 -0.209530189600
1011.920000000 6.200000000 -0.272619128200
1019.920000000 7.000000000 -0.334045767800
1003.920000000 6.400000000 0.106328569400
1011.670000000 6.200000000 -0.256704777500
1005.170000000 6.200000000 -0.127534553400
1017.420000000 8.000000000 0.082139082300
1016.420000000 7.600000000 -0.140204265700
1011.670000000 7.000000000 -0.240396052600
1013.170000000 7.400000000 -0.259809404600
1007.170000000 6.000000000 0.042936366100
1014.170000000 7.200000000 0.019048707600
1005.670000000 6.200000000 -0.196925148400
1012.420000000 7.200000000 -0.258700579400
1005.420000000 6.200000000 -0.174300342800
1020.170000000 7.000000000 -0.434476912000
1007.420000000 7.000000000 0.071920432200
1009.170000000 7.200000000 0.179198727000
1009.420000000 6.000000000 0.202924028000
1004.420000000 6.200000000 0.034000661200
1018.670000000 7.200000000 0.377308189900
1004.170000000 6.800000000 0.076423138400
1016.920000000 8.000000000 -0.077616661800
1005.170000000 6.800000000 -0.122556239400
1013.920000000 7.000000000 -0.030441025300
1013.670000000 6.800000000 -0.072009310100
1017.420000000 7.200000000 0.195392638400
1014.420000000 7.400000000 0.067926280200
1011.420000000 7.000000000 -0.188374698200
1020.420000000 7.000000000 -0.547036290200
1009.420000000 7.000000000 0.156891807900
1016.420000000 7.800000000 -0.128384485800
1019.420000000 7.000000000 -0.085159011200
1014.170000000 7.600000000 -0.033204384100
1008.920000000 5.800000000 0.203389436000
1013.920000000 7.600000000 -0.115279004000
1017.670000000 7.200000000 0.278518617200
1007.420000000 7.200000000 0.026800040200
1003.670000000 6.600000000 0.110037103300
1019.420000000 8.000000000 0.061040137000
1005.920000000 6.800000000 -0.179525837300
1012.170000000 7.200000000 -0.218146964900
1011.170000000 7.000000000 -0.130241975200
1014.420000000 7.600000000 0.041509471800
1012.920000000 7.400000000 -0.265058517500
1012.920000000 6.000000000 -0.215013250700
1013.420000000 6.200000000 -0.110773392000
1012.670000000 6.000000000 -0.224439486900
1017.170000000 7.200000000 0.116774901700
1006.920000000 6.000000000 -0.000252236800
1016.670000000 7.400000000 -0.099944621300
1019.670000000 8.000000000 -0.102571338400
1007.420000000 5.800000000 0.046756900800
1019.170000000 8.000000000 0.211346253800
1005.420000000 6.800000000 -0.163228482000
1010.920000000 7.000000000 -0.086655169700
1017.670000000 8.000000000 0.198669761400
1007.920000000 7.400000000 0.105638027200
1013.670000000 7.600000000 -0.189020887000
1012.420000000 6.000000000 -0.224208682800
1005.670000000 6.800000000 -0.184600904600
1009.670000000 6.000000000 0.180099219100
1013.170000000 6.000000000 -0.185924783300
1007.170000000 7.000000000 0.025219440500
1013.670000000 6.600000000 -0.070910714600
1017.920000000 7.200000000 0.351841718000
1012.670000000 7.400000000 -0.237485095900
1007.670000000 7.400000000 0.046549998200
1009.170000000 5.800000000 0.196250379100
1011.920000000 7.200000000 -0.165589824300
1008.170000000 7.400000000 0.160737693300
1014.670000000 7.600000000 0.099195472900
1018.420000000 7.200000000 0.413100034000
1009.420000000 7.200000000 0.132932201000
1019.920000000 8.000000000 -0.261588782100
1010.670000000 7.000000000 -0.026789465900
1014.670000000 7.400000000 0.113224655400
1013.670000000 6.400000000 -0.067838139800
1012.420000000 7.400000000 -0.189435079700
1019.170000000 7.000000000 0.035471905000
1002.920000000 6.600000000 0.012927300300
1018.170000000 7.200000000 0.401032388200
1006.670000000 6.000000000 -0.043769888600
1018.920000000 8.000000000 0.330726951400
1012.170000000 6.000000000 -0.211512789100
1009.670000000 7.000000000 0.127969279900
1003.420000000 6.600000000 0.083551995500
1008.420000000 7.400000000 0.199789941300
1014.420000000 7.200000000 0.070125252000
1003.170000000 6.600000000 0.046809118200
1003.670000000 6.400000000 0.101388171300
1009.920000000 6.000000000 0.134820416600
1013.420000000 7.600000000 -0.236467585000
1006.920000000 7.000000000 0.002665030300
1004.170000000 6.200000000 0.061410289300
1016.170000000 7.600000000 -0.073252603400
1012.170000000 7.400000000 -0.134746730300
1016.920000000 7.200000000 0.053152367500
1011.670000000 7.200000000 -0.131445854900
1002.670000000 6.600000000 -0.009152080900
1020.170000000 8.000000000 -0.397343635600
1014.920000000 7.600000000 0.135433465200
1010.420000000 7.000000000 0.026083329700
1008.670000000 7.400000000 0.212458685000
1009.420000000 5.800000000 0.172707825900
1014.170000000 7.000000000 0.015137273800
1015.420000000 7.600000000 0.130898520400
1013.420000000 6.000000000 -0.149040773500
1017.920000000 8.000000000 0.299113452400
1003.920000000 6.800000000 0.095050841600
1007.420000000 7.400000000 -0.006661919900
1007.170000000 7.200000000 -0.022519132100
1015.670000000 7.600000000 0.083401158500
1008.920000000 7.400000000 0.195279821800
1011.920000000 6.000000000 -0.188382372300
1015.170000000 7.600000000 0.147365182600
1013.670000000 6.200000000 -0.083541348600
1007.920000000 5.600000000 0.106385707900
1016.670000000 8.000000000 -0.094259172700
1010.170000000 6.000000000 0.077690169200
1006.670000000 7.000000000 -0.038003467000
1009.170000000 7.400000000 0.153529018200
1013.920000000 6.800000000 -0.041289433800
1007.170000000 5.800000000 0.009873518700
1020.420000000 8.000000000 -0.456036597500
1009.920000000 7.000000000 0.098259046700
1015.920000000 7.600000000 0.009897518900
1008.170000000 5.600000000 0.135912343900
1013.170000000 7.600000000 -0.245188966400
1011.920000000 7.400000000 -0.084419384600
1018.670000000 8.000000000 0.403622090800
1010.170000000 7.000000000 0.068975895600
1007.670000000 5.600000000 0.070903025600
1006.420000000 6.000000000 -0.083008304200
1009.670000000 7.200000000 0.069930538500
1016.170000000 7.800000000 -0.059347346400
1012.670000000 5.800000000 -0.206940040000
1014.920000000 7.400000000 0.137811586300
1011.670000000 6.000000000 -0.163886532200
1012.420000000 5.800000000 -0.186734288900
1014.170000000 7.800000000 -0.085522815600
1014.420000000 7.800000000 -0.006464574000
1010.420000000 6.000000000 0.019053276600
1002.920000000 6.400000000 0.011824894700
1011.420000000 7.200000000 -0.095187097800
1009.420000000 7.400000000 0.097753748300
1018.170000000 8.000000000 0.382036805200
1012.920000000 5.800000000 -0.214086517700
1008.420000000 5.600000000 0.156425714500
1009.670000000 5.800000000 0.133468836500
1018.920000000 7.000000000 0.142902761700
1003.420000000 6.400000000 0.077412195500
1012.920000000 7.600000000 -0.215346485400
1003.170000000 6.400000000 0.043707910900
1006.420000000 7.000000000 -0.090633638200
1010.670000000 6.000000000 -0.033464886200
1011.420000000 6.000000000 -0.137404486500
1018.420000000 8.000000000 0.420529991400
1014.670000000 7.800000000 0.061832286400
1012.170000000 5.800000000 -0.159244760900
1016.420000000 7.400000000 -0.101968236300
1002.670000000 6.400000000 -0.009173917600
1013.920000000 7.800000000 -0.157349839800
1012.670000000 7.600000000 -0.160933151800
1012.420000000 7.600000000 -0.101077348000
1010.920000000 6.000000000 -0.077809229500
1013.170000000 5.800000000 -0.209188282500
1011.170000000 6.000000000 -0.106867201600
1013.670000000 6.000000000 -0.111631721300
1002.420000000 6.600000000 -0.018082954000
1013.920000000 6.600000000 -0.045118637400
1008.670000000 5.600000000 0.167041957400
1014.920000000 7.800000000 0.108422145200
1015.170000000 6.600000000 0.032867308700
1017.170000000 7.000000000 0.190682396300
1015.170000000 7.400000000 0.138001143900
1015.420000000 7.800000000 0.121903985700
1016.670000000 7.200000000 0.008866460100
1007.420000000 5.600000000 0.035027112800
1015.670000000 7.800000000 0.084811516100
1012.170000000 7.600000000 -0.057453192800
1011.670000000 7.400000000 -0.047776587300
1016.170000000 6.800000000 0.180103927900
1015.920000000 7.800000000 0.020013770100
1015.920000000 6.800000000 0.149914473300
1006.170000000 6.000000000 -0.114570960400
1015.170000000 7.800000000 0.129100039600
1017.420000000 7.000000000 0.229752272400
1014.670000000 7.200000000 0.106015257500
1009.670000000 7.400000000 0.038627769800
1013.920000000 6.400000000 -0.056967135500
1011.920000000 5.800000000 -0.129742994900
1013.420000000 5.800000000 -0.183980554300
1014.920000000 6.600000000 -0.016080044200
1007.170000000 7.400000000 -0.047129210100
1016.420000000 6.800000000 0.221443951100
1015.420000000 6.600000000 0.093488588900
1016.920000000 7.000000000 0.149346604900
1015.670000000 6.800000000 0.085045255700
1013.670000000 7.800000000 -0.203100428000
1011.170000000 7.200000000 -0.097902312900
1015.920000000 7.000000000 0.117579907200
1008.920000000 5.600000000 0.167273983400
1009.920000000 5.800000000 0.084540210700
1016.170000000 7.000000000 0.185334548400
1009.920000000 7.200000000 0.021646555500
1016.670000000 6.800000000 0.218766555200
1016.170000000 6.600000000 0.171230465200
1006.170000000 7.000000000 -0.126565188200
1015.670000000 6.600000000 0.138682544200
1006.920000000 7.200000000 -0.054216641900
1003.670000000 6.800000000 0.090458840100
1006.920000000 5.800000000 -0.021819856000
1002.670000000 6.800000000 -0.000403525200
1016.420000000 6.600000000 0.206224605400
1015.920000000 6.600000000 0.139475688300
1003.920000000 6.200000000 0.075400710100
1017.670000000 7.000000000 0.263043850700
1015.670000000 7.000000000 0.040056310600
1015.420000000 7.400000000 0.111045599000
1013.920000000 6.200000000 -0.070920698300
1015.170000000 6.800000000 0.017605770400
1018.670000000 7.000000000 0.225018277800
1004.920000000 6.000000000 -0.059444811200
1002.920000000 6.800000000 0.015994584200
1016.420000000 7.000000000 0.232221335200
1015.170000000 6.400000000 0.045744981600
1015.420000000 6.800000000 0.066552221800
1015.420000000 6.400000000 0.110631391400
1009.170000000 5.600000000 0.155974879900
1005.170000000 6.000000000 -0.097243554900
1013.670000000 5.800000000 -0.138088613700
1014.420000000 7.000000000 0.053108468700
1005.920000000 6.000000000 -0.134539753200
1011.920000000 7.600000000 -0.031858362300
1016.920000000 6.800000000 0.218110740200
1016.670000000 7.000000000 0.228506833300
1004.670000000 6.000000000 -0.020113421600
1016.670000000 6.600000000 0.231330424500
1002.420000000 6.400000000 -0.016753960400
1014.170000000 6.800000000 -0.004787125200
1019.920000000 6.800000000 -0.254121840000
1015.670000000 6.400000000 0.157986879300
1014.920000000 6.400000000 -0.013229964300
1004.670000000 7.000000000 -0.004014363500
1019.670000000 6.800000000 -0.216210290800
1005.420000000 6.000000000 -0.125595197100
1014.920000000 6.800000000 -0.003815185000
1002.420000000 6.800000000 -0.004750760300
1011.670000000 5.800000000 -0.102795831900
1020.170000000 6.800000000 -0.334054470100
1013.420000000 7.800000000 -0.211335957100
1004.920000000 7.000000000 -0.025380363700
1013.920000000 6.000000000 -0.076424837100
1005.670000000 6.000000000 -0.138785511300
1014.670000000 6.600000000 -0.051202539400
1017.920000000 7.000000000 0.285953998600
1020.420000000 6.800000000 -0.400211513000
1015.420000000 7.000000000 -0.029613899100
1015.920000000 6.400000000 0.198827505100
1009.420000000 5.600000000 0.132806867400
1017.170000000 6.800000000 0.238071411800
1010.920000000 7.200000000 -0.095468282700
1019.420000000 6.800000000 -0.144592568300
1003.170000000 6.800000000 0.040583051700
1016.920000000 6.600000000 0.244905248300
1016.920000000 8.200000000 -0.022327544200
1018.420000000 7.000000000 0.274384290000
1010.170000000 5.800000000 0.032575022400
1017.170000000 8.200000000 0.079267777500
1011.420000000 7.400000000 -0.048455357600
1016.170000000 7.400000000 -0.065551273500
1005.920000000 7.000000000 -0.139292001700
1012.170000000 5.600000000 -0.126938417600
1015.670000000 7.400000000 0.059447288500
1003.420000000 6.800000000 0.068666413400
1005.170000000 7.000000000 -0.064484588800
1018.170000000 7.000000000 0.292321562800
1007.170000000 5.600000000 0.004469565600
1012.420000000 5.600000000 -0.156172961000
1004.420000000 7.000000000 0.025027643900
1016.170000000 7.200000000 0.135029360700
1009.920000000 7.400000000 -0.025750586800
1013.170000000 7.800000000 -0.180798158000
1016.170000000 6.400000000 0.180148601500
1013.920000000 5.800000000 -0.077647343300
1016.420000000 7.200000000 0.193632751700
1012.670000000 7.800000000 -0.079751171200
1012.920000000 7.800000000 -0.132629185900
1004.420000000 6.000000000 0.012038343600
1014.670000000 6.400000000 -0.050442710500
1015.920000000 7.200000000 0.061281494800
1020.420000000 8.200000000 -0.275352805900
1016.420000000 8.000000000 -0.070844598100
1017.170000000 6.600000000 0.245502412300
1020.170000000 8.200000000 -0.156640127300
1010.170000000 7.200000000 -0.015179803600
1017.420000000 6.800000000 0.247461468000
1012.420000000 7.800000000 -0.036631815100
1010.670000000 7.200000000 -0.064265005300
1017.420000000 8.200000000 0.182421505500
1002.170000000 6.600000000 -0.018348835400
1016.420000000 6.400000000 0.192324191300
1019.170000000 6.800000000 -0.069662176100
1011.920000000 5.600000000 -0.093887671800
1019.920000000 8.200000000 -0.038640543800
1009.670000000 5.600000000 0.100156031500
1012.670000000 5.600000000 -0.176410049200
1006.670000000 7.200000000 -0.059107679900
1005.420000000 7.000000000 -0.101460814500
1016.670000000 8.200000000 -0.099537067100
1014.670000000 6.800000000 -0.040428325500
1005.670000000 7.000000000 -0.129002243300
1017.420000000 6.600000000 0.211078420300
1015.670000000 7.200000000 -0.009152118100
1007.670000000 7.600000000 0.017096132000
1007.920000000 7.600000000 0.062932215600
1014.920000000 7.200000000 0.119770914300
1015.920000000 7.400000000 -0.005455936300
1006.670000000 5.800000000 -0.046062126800
1011.420000000 5.800000000 -0.081670269400
1002.170000000 6.800000000 -0.010786318200
1010.420000000 7.200000000 -0.032303534400
1014.170000000 6.600000000 -0.027900042000
1015.170000000 7.000000000 0.045031018600
1017.670000000 6.600000000 0.161463841800
1016.670000000 6.400000000 0.207677036500
1014.420000000 8.000000000 -0.065876118800
1014.670000000 8.000000000 -0.000078760700
1012.920000000 5.600000000 -0.184582337700
1018.670000000 8.200000000 0.093546241500
1019.670000000 8.200000000 0.060618400600
1017.670000000 6.800000000 0.242404952600
1011.670000000 7.600000000 -0.024444676900
1018.920000000 8.200000000 -0.015392795200
1006.920000000 7.400000000 -0.072052225500
1014.170000000 6.400000000 -0.055780667800
1012.170000000 7.800000000 -0.011546211300
1010.420000000 5.800000000 -0.008599116500
1014.170000000 8.000000000 -0.129324361700
1017.670000000 8.200000000 0.263037055700
1014.170000000 6.200000000 -0.064048484000
1014.170000000 6.000000000 -0.041788153400
1008.170000000 7.600000000 0.108573839100
1014.920000000 8.000000000 0.051781356300
1013.170000000 5.600000000 -0.177965849600
1018.920000000 6.800000000 0.008805498500
1017.920000000 6.600000000 0.092220582100
1014.420000000 6.400000000 -0.080580145100
1009.420000000 7.600000000 0.076645247600
1014.920000000 7.000000000 0.001311058200
1014.170000000 5.800000000 -0.013881918000
1016.920000000 6.400000000 0.223598241800
1018.420000000 8.200000000 0.193200990600
1007.420000000 7.600000000 -0.021034758500
1013.420000000 5.600000000 -0.153727248300
1014.420000000 6.600000000 -0.073438711500
1009.170000000 7.600000000 0.120798021600
1017.920000000 6.800000000 0.220028474900
1015.420000000 7.200000000 -0.059427849900
1013.920000000 8.000000000 -0.171121090700
1011.670000000 5.600000000 -0.065682701800
1015.420000000 8.600000000 -0.019836498400
1015.170000000 6.200000000 0.065932512300
1015.420000000 6.200000000 0.116505071500
1003.670000000 6.200000000 0.069842323700
1019.420000000 8.200000000 0.121041931200
1009.920000000 5.600000000 0.062725588700
1015.670000000 8.600000000 0.016369639000
1017.170000000 6.400000000 0.216630309800
1017.920000000 8.200000000 0.302487909800
1018.170000000 6.600000000 0.069874517600
1008.420000000 7.600000000 0.143595963700
1017.670000000 6.400000000 0.122545570100
1015.170000000 8.600000000 -0.068426094900
1004.170000000 7.000000000 0.045513577800
1015.170000000 8.000000000 0.081277422600
1017.920000000 6.400000000 0.059011824400
1015.670000000 6.200000000 0.147857457400
1009.670000000 7.600000000 0.027299078200
1019.170000000 8.200000000 -0.116770163200
1017.420000000 6.400000000 0.172045171300
1014.920000000 6.200000000 0.012779266600
1018.170000000 8.200000000 0.292223274700
1020.420000000 8.400000000 -0.118821397400
1008.920000000 7.600000000 0.150523528500
1013.670000000 5.600000000 -0.110890969600
1018.670000000 6.800000000 0.084902450400
1001.670000000 6.000000000 -0.035512272300
1011.170000000 7.400000000 -0.068883672400
1018.170000000 6.800000000 0.178783476400
1011.170000000 5.800000000 -0.066183164700
1018.170000000 6.400000000 0.028772156700
1016.420000000 8.200000000 -0.138298526400
1004.170000000 6.000000000 0.030173640700
1008.670000000 7.600000000 0.158857047600
1006.420000000 7.200000000 -0.088609695400
1015.920000000 6.200000000 0.154322087800
1018.420000000 9.000000000 0.058282814900
1001.420000000 6.000000000 -0.013989006200
1013.670000000 8.000000000 -0.180117428300
1001.920000000 6.000000000 -0.044464632900
1010.670000000 5.800000000 -0.035722404700
1018.420000000 6.800000000 0.119643561500
1014.420000000 6.800000000 0.019012492200
1014.920000000 8.600000000 -0.120409205600
1002.920000000 7.000000000 -0.001117965300
1014.670000000 7.000000000 0.075374789500
1015.170000000 8.400000000 -0.046126049000
1007.920000000 5.400000000 0.088274791800
1018.420000000 6.600000000 -0.015173188400
1014.670000000 6.200000000 -0.027893595400
1002.920000000 7.200000000 0.010191434100
1001.670000000 5.800000000 -0.027991045300
1008.170000000 5.400000000 0.101389616700
1010.170000000 7.400000000 -0.058923859100
1014.420000000 6.200000000 -0.059810321800
1018.420000000 9.200000000 0.078129619400
1003.170000000 7.000000000 0.019202999800
1020.170000000 8.400000000 -0.000644249400
1018.170000000 9.000000000 -0.031713422400
1006.920000000 5.600000000 -0.017395528000
1018.670000000 9.000000000 0.120081216100
1015.920000000 8.600000000 0.062737137100
1014.920000000 8.400000000 -0.097248524400
1018.420000000 6.400000000 -0.053903520100
1001.920000000 5.800000000 -0.048574660000
1020.420000000 8.600000000 -0.009674989600
1018.170000000 9.200000000 -0.009645436900
1016.170000000 6.200000000 0.165367260600
1007.670000000 5.400000000 0.070250667600
1002.170000000 6.400000000 -0.014605747500
1002.670000000 7.200000000 -0.006993856700
1001.420000000 5.800000000 -0.023419948300
1002.170000000 6.000000000 -0.068426780400
1012.920000000 8.000000000 -0.048316016800
1013.420000000 8.000000000 -0.152214452600
1008.420000000 5.400000000 0.109445452700
1006.420000000 5.800000000 -0.062718920400
1001.920000000 6.800000000 -0.022579720200
1010.920000000 5.800000000 -0.052747461900
1018.670000000 6.600000000 -0.045734584300
1002.920000000 6.000000000 -0.074445679800
1013.170000000 8.000000000 -0.102032966900
1015.420000000 8.400000000 0.008880428000
1002.920000000 6.200000000 0.013813730300
1012.670000000 8.000000000 -0.008096207900
1002.670000000 6.000000000 -0.088212594400
1003.170000000 6.000000000 -0.050731163500
1002.420000000 6.000000000 -0.089660368900
1011.920000000 7.800000000 -0.011480600600
1001.670000000 6.200000000 -0.025296889200
1015.170000000 7.200000000 0.107261553400
1002.670000000 6.200000000 0.001945126800
1002.170000000 7.000000000 0.009286119600
1002.170000000 5.800000000 -0.068987891100
1014.420000000 6.000000000 -0.006629797200
1013.920000000 5.600000000 -0.053823892000
1003.170000000 7.200000000 0.027237715200
1018.670000000 9.200000000 0.159234210800
1002.920000000 7.400000000 0.029005356100
1016.420000000 6.200000000 0.168826282000
1020.170000000 8.600000000 0.098854661000
1014.670000000 8.600000000 -0.151742368900
1001.920000000 6.200000000 -0.048847291600
1014.670000000 8.400000000 -0.135003000500
1015.420000000 8.000000000 0.086394175900
1000.670000000 8.800000000 -0.070989437400
1001.170000000 6.000000000 -0.011820814600
1000.670000000 8.600000000 -0.058985017200
1008.670000000 5.400000000 0.112430691700
1001.420000000 6.200000000 -0.024448446900
1002.670000000 7.000000000 -0.021892733900
1018.920000000 9.000000000 0.201332062500
1011.420000000 5.600000000 -0.046083733400
1018.920000000 6.600000000 -0.120843894800
1016.920000000 8.400000000 -0.052851419900
1018.420000000 8.800000000 0.006989120500
1018.670000000 6.400000000 -0.137390017500
1014.420000000 5.800000000 0.039830949200
1018.670000000 8.800000000 0.099584311200
1017.170000000 8.400000000 0.030807076000
1007.170000000 7.600000000 -0.053687986000
1009.920000000 7.600000000 -0.018217144500
1001.920000000 7.000000000 -0.011695838500
1002.920000000 5.800000000 -0.079631328600
1002.420000000 5.800000000 -0.084057584400
1007.420000000 5.400000000 0.055932980000
1014.920000000 8.200000000 -0.034206226500
1016.170000000 8.000000000 -0.131553500900
1003.170000000 5.800000000 -0.058716353000
1003.420000000 6.000000000 -0.033389259100
1002.670000000 5.800000000 -0.088468775200
1003.170000000 7.400000000 0.047142650900
1015.670000000 8.400000000 -0.006907276300
1017.920000000 9.200000000 -0.088280834300
1002.670000000 7.400000000 0.011378143000
1020.420000000 8.800000000 0.044691268400
1014.670000000 8.200000000 -0.079387500900
1002.170000000 6.200000000 -0.070158354900
1002.420000000 7.000000000 0.030002297800
1010.170000000 5.600000000 0.026166213700
1020.170000000 8.800000000 0.143604189200
1019.920000000 8.400000000 0.099776238200
1000.920000000 8.800000000 -0.070101887000
1003.170000000 6.200000000 -0.056248664900
1001.170000000 5.800000000 -0.006405160800
1014.420000000 8.400000000 -0.153233856000
1016.670000000 6.200000000 0.178134545700
1017.920000000 9.000000000 -0.107330650100
1001.170000000 6.200000000 -0.021917402700
1012.420000000 8.000000000 0.010705963700
1001.670000000 5.600000000 -0.031968429700
1013.670000000 8.400000000 -0.080909997200
1013.670000000 8.600000000 -0.044027783000
1002.420000000 6.200000000 -0.083634011400
1003.420000000 5.800000000 -0.029993854500
1014.420000000 8.200000000 -0.121772840600
1003.420000000 6.200000000 0.052686803000
1015.920000000 8.400000000 0.032141361400
1003.420000000 7.000000000 0.036973334800
1008.920000000 5.400000000 0.110148325600
1013.920000000 8.400000000 -0.123346097800
1014.420000000 8.600000000 -0.157012537100
1010.920000000 7.400000000 -0.084319390400
1001.170000000 8.800000000 -0.059279341300
1019.170000000 6.600000000 -0.182982847100
1002.420000000 7.200000000 -0.023666778600
1017.420000000 8.400000000 0.119532756500
1001.920000000 5.600000000 -0.049757640800
1014.170000000 8.400000000 -0.149114355400
1013.420000000 8.400000000 -0.030580772100
1013.920000000 8.600000000 -0.094654351500
1018.920000000 8.800000000 0.187382325500
1018.170000000 9.400000000 0.025148447600
1002.920000000 7.600000000 0.045599680400
1015.170000000 8.200000000 0.007616404000
1010.420000000 7.400000000 -0.062890432800
1005.420000000 8.400000000 0.052990291300
1013.420000000 8.600000000 0.003568912200
1014.170000000 8.200000000 -0.151473537100
1017.920000000 6.200000000 0.024375570900
1006.170000000 7.200000000 -0.096996694800
1001.420000000 5.600000000 -0.028169859200
1016.670000000 8.400000000 -0.111065693200
1018.920000000 9.200000000 0.219535410400
1000.920000000 8.600000000 -0.070125810800
1014.170000000 8.600000000 -0.136006891700
1005.920000000 5.200000000 0.062601998400
1001.420000000 8.800000000 -0.040013231300
1016.170000000 8.600000000 0.090753197700
1002.420000000 7.400000000 -0.011577303500
1018.170000000 8.800000000 -0.072274819000
1006.920000000 8.400000000 0.034499041700
1017.670000000 6.200000000 0.082063511000
1001.920000000 6.600000000 -0.017789237200
1007.170000000 8.400000000 0.002417738500
1013.920000000 8.200000000 -0.157189309600
1010.670000000 7.400000000 -0.090915031700
1005.170000000 8.400000000 0.049081817300
1006.170000000 5.200000000 0.071794346000
1002.670000000 7.600000000 0.029911240600
1003.420000000 7.400000000 0.063451252900
1019.170000000 9.000000000 0.254436314100
1005.670000000 8.400000000 0.060736514600
1003.420000000 7.200000000 0.051857013300
1018.170000000 6.200000000 -0.044003970900
1019.420000000 6.600000000 -0.197284936900
1018.420000000 9.400000000 0.097639709700
1018.920000000 6.400000000 -0.209042131900
1019.920000000 8.800000000 0.221888616700
1011.920000000 5.400000000 -0.086167343000
1011.420000000 7.600000000 -0.046326559000
1013.670000000 8.200000000 -0.133471116400
1019.920000000 8.600000000 0.185149371600
1003.670000000 6.000000000 -0.002504018800
1016.920000000 6.200000000 0.185295268900
1001.670000000 7.000000000 -0.027521906400
1013.170000000 8.200000000 -0.030620984700
1013.420000000 8.200000000 -0.086278632300
1012.170000000 5.400000000 -0.117905110100
1011.420000000 9.200000000 0.031149845600
1002.170000000 5.600000000 -0.066296324100
1011.170000000 9.200000000 -0.011819927000
1016.420000000 8.400000000 0.095565170000
1009.170000000 5.400000000 0.103039391300
1006.170000000 5.800000000 -0.073540598200
1003.170000000 7.600000000 0.058064095700
1000.920000000 6.000000000 -0.001184047100
1017.920000000 9.400000000 -0.044653475300
1005.420000000 8.200000000 0.047720976200
1012.920000000 8.200000000 0.016045337500
1017.420000000 6.200000000 0.127563640500
1013.170000000 8.400000000 0.016705362100
1005.670000000 8.200000000 0.054480388800
1001.170000000 8.600000000 -0.063586443700
1000.920000000 6.200000000 -0.000085335200
1019.670000000 6.600000000 -0.237755835100
1007.170000000 5.400000000 0.032501414400
1014.170000000 5.600000000 -0.004412247800
1003.670000000 5.800000000 0.000504335400
1006.670000000 8.400000000 0.057203874000
1017.170000000 6.200000000 0.175305068500
1014.670000000 6.000000000 0.026769923000
1004.920000000 8.400000000 0.042337782700
1001.670000000 8.800000000 -0.016077179500
1012.670000000 8.200000000 -0.037743676500
1005.670000000 5.200000000 0.048620760400
1006.670000000 7.400000000 -0.077387161600
1016.170000000 8.200000000 -0.136639863300
1005.170000000 8.200000000 0.045316979300
1000.670000000 8.400000000 -0.041298486300
1007.420000000 8.400000000 -0.034913916100
1010.920000000 9.200000000 -0.055842880200
1011.170000000 9.000000000 -0.003621069500
1020.420000000 9.600000000 0.117338135800
1018.420000000 6.200000000 -0.082752078800
1001.420000000 8.600000000 -0.048743430500
1003.920000000 7.000000000 0.043708447400
1002.420000000 5.600000000 -0.077240116900
1011.670000000 9.200000000 0.064737133700
1001.420000000 6.400000000 -0.036121662700
1019.920000000 6.600000000 -0.262180447600
1003.170000000 5.600000000 -0.052766319400
1006.420000000 5.200000000 0.076128318900
1017.670000000 8.400000000 0.191096678400
1011.670000000 5.400000000 -0.055637642700
1019.170000000 8.800000000 0.252056866900
1003.920000000 8.000000000 0.010086547600
1002.920000000 5.600000000 -0.070684209500
1010.920000000 9.000000000 -0.045559689400
1018.670000000 5.800000000 0.002836058800
1004.920000000 8.200000000 0.041313622100
1015.420000000 8.200000000 0.141020506600
1016.170000000 8.400000000 0.155124187500
1005.920000000 8.400000000 0.067942895000
1012.420000000 5.400000000 -0.141017317800
1002.670000000 5.600000000 -0.079131953400
1005.920000000 8.200000000 0.060085967200
1003.670000000 8.000000000 -0.002937043300
1001.170000000 6.400000000 -0.029656074900
1001.170000000 5.600000000 -0.012644371000
1018.670000000 5.600000000 0.037194255700
1020.420000000 9.400000000 0.149852976200
1020.170000000 9.000000000 0.141730159500
1001.670000000 9.600000000 0.035219710300
1018.420000000 5.800000000 -0.071883566700
1020.170000000 6.600000000 -0.267064362800
1012.420000000 8.200000000 0.012102648600
1019.920000000 9.000000000 0.183861479200
1003.420000000 5.600000000 -0.028498111300
1017.670000000 9.200000000 -0.143915414800
1015.170000000 8.800000000 -0.077176041900
1019.420000000 9.000000000 0.273672521100
1012.170000000 8.000000000 0.013582103900
1015.420000000 8.800000000 -0.021573444800
1001.420000000 9.600000000 0.013974217700
1003.920000000 7.800000000 0.006668910400
1003.670000000 7.400000000 0.075193502000
1013.170000000 8.600000000 0.037991114000
1001.670000000 6.800000000 -0.028183532900
1009.420000000 5.400000000 0.092577688400
1011.420000000 9.000000000 0.036392077800
1001.670000000 6.400000000 -0.054761707800
1002.420000000 7.600000000 0.001176247500
1000.920000000 5.800000000 0.003693236700
1003.670000000 7.200000000 0.071896992600
1019.670000000 8.800000000 0.269738376100
1003.670000000 7.800000000 -0.009199198300
1018.670000000 6.000000000 -0.032126281400
1018.670000000 9.400000000 0.160592630500
1003.420000000 7.600000000 0.067218139800
1002.670000000 7.800000000 0.047831080900
1005.920000000 5.400000000 0.057575754800
1018.920000000 5.800000000 0.090750142900
1020.170000000 9.600000000 0.035474658000
1002.170000000 7.600000000 0.003323927500
1018.420000000 5.600000000 -0.030888915100
1019.420000000 10.000000000 0.078545764100
1001.670000000 8.600000000 -0.029310336300
1006.420000000 8.400000000 0.069633014500
1019.670000000 8.400000000 0.168522268500
1019.170000000 6.400000000 -0.256598204400
1019.670000000 10.000000000 0.137073829800
1019.170000000 9.200000000 0.249369964000
1019.670000000 9.000000000 0.242933660700
1018.920000000 5.600000000 0.104322008800
1004.920000000 8.600000000 0.049682505400
1020.420000000 10.000000000 0.205433115400
1000.920000000 6.400000000 -0.005900494300
1006.170000000 5.400000000 0.072803407900
1004.670000000 8.400000000 0.037374697600
1020.420000000 6.600000000 -0.251426518000
1011.170000000 5.600000000 -0.037074714900
1020.420000000 5.400000000 0.159492716200
1015.670000000 8.000000000 0.067852132000
1001.920000000 6.400000000 -0.030399946500
1010.670000000 9.000000000 -0.080579318100
1018.420000000 6.000000000 -0.102916546200
1011.420000000 9.400000000 0.015514228500
1015.670000000 8.200000000 0.184944763800
1007.170000000 8.600000000 -0.019004268600
1015.920000000 8.200000000 0.207862049300
1005.920000000 5.800000000 -0.080118693400
1004.170000000 8.000000000 0.025804588600
1002.920000000 7.800000000 0.059895202500
1018.920000000 6.000000000 0.042487241300
1019.420000000 8.800000000 0.280794829100
1001.170000000 9.000000000 -0.036967132200
1020.170000000 9.400000000 0.064463414300
1002.420000000 7.800000000 0.031049402400
1005.170000000 5.800000000 -0.067554600500
1006.670000000 8.200000000 0.073429942100
1002.420000000 8.000000000 0.038891375100
1001.420000000 9.400000000 0.009607136200
1004.670000000 8.600000000 0.041650380900
1019.170000000 5.600000000 0.151322290300
1000.670000000 9.000000000 -0.061171349100
1006.920000000 8.200000000 0.056169740900
1001.920000000 9.600000000 0.052955143200
1020.420000000 9.000000000 0.060572903600
1005.420000000 5.800000000 -0.078349389100
1000.920000000 8.400000000 -0.051096223300
1006.670000000 5.200000000 0.081954427100
1005.170000000 8.600000000 0.058112625000
1014.920000000 8.800000000 -0.101648375400
1000.920000000 9.000000000 -0.053870640700
1010.670000000 9.200000000 -0.090192601100
1006.170000000 8.400000000 0.073292747100
1001.920000000 7.600000000 0.026389751600
1020.420000000 5.600000000 0.142290130300
1006.920000000 8.600000000 0.005998320400
1019.920000000 10.000000000 0.187888756400
1005.920000000 7.200000000 0.012295844000
1001.420000000 9.000000000 -0.015368406700
1020.170000000 5.400000000 0.190578937500
1005.670000000 5.400000000 0.040030401200
1005.420000000 5.200000000 0.024740649400
1002.170000000 8.000000000 0.021161604700
1018.170000000 5.800000000 -0.134987205300
1018.670000000 6.200000000 -0.153228357400
1005.670000000 5.800000000 -0.082223191900
1002.170000000 7.400000000 -0.003519811200
1006.420000000 5.400000000 0.083038821800
1006.170000000 8.200000000 0.070866830600
1020.170000000 10.000000000 0.214429542400
1001.170000000 9.400000000 -0.012383475900
1010.420000000 5.600000000 -0.003593386600
1011.670000000 9.400000000 0.049597282000
1006.670000000 5.600000000 -0.030182201400
1020.170000000 5.600000000 0.186557844300
1003.920000000 7.400000000 0.078958697600
1000.670000000 6.200000000 0.010267699100
1004.670000000 8.200000000 0.036362174900
1003.920000000 6.000000000 0.033189337700
1011.170000000 9.400000000 -0.023584647100
1003.670000000 7.600000000 0.072446823100
1017.670000000 9.000000000 -0.154531970600
1006.420000000 8.200000000 0.076690331100
1000.670000000 5.400000000 0.014097910400
1005.670000000 7.200000000 -0.016801673900
1012.670000000 5.400000000 -0.147606238700
1006.920000000 5.400000000 0.081479832500
1005.170000000 7.200000000 -0.009461984000
1015.670000000 8.800000000 0.038077924400
1001.670000000 9.400000000 0.031864099200
1012.920000000 8.400000000 0.049050059200
1004.920000000 5.800000000 -0.050932511700
1011.920000000 9.200000000 0.085422262500
1002.170000000 7.200000000 -0.037947472200
1006.920000000 5.200000000 0.076381161800
1007.670000000 8.400000000 -0.071141727300
1018.170000000 5.600000000 -0.098776623600
1001.170000000 9.600000000 -0.006536536400
1000.670000000 5.600000000 0.021375302200
1002.670000000 8.000000000 0.054449677500
1001.920000000 8.800000000 0.006522037600
1006.670000000 5.400000000 0.086263671500
1019.420000000 5.600000000 0.193482458600
1018.920000000 6.200000000 -0.037247244300
1017.670000000 9.400000000 -0.101469054800
1003.670000000 5.600000000 -0.002595778100
1007.420000000 8.600000000 -0.046248588700
1019.920000000 5.400000000 0.202459245900
1014.920000000 6.000000000 0.054976947600
1000.670000000 6.000000000 0.017495347200
1019.170000000 5.800000000 0.150356993100
1020.420000000 9.800000000 0.186162456900
1010.170000000 7.600000000 -0.052156809700
1005.420000000 8.600000000 0.062180321700
1003.920000000 7.200000000 0.078600965400
1019.920000000 5.600000000 0.210870444800
1020.420000000 5.200000000 0.170046493400
1003.920000000 7.600000000 0.070855520700
1019.420000000 6.400000000 -0.271203607300
1017.920000000 8.400000000 0.229549676200
1017.920000000 8.800000000 -0.088547311700
1004.170000000 7.800000000 0.023742258500
1004.420000000 8.800000000 0.038535278300
1019.670000000 5.600000000 0.207336127800
1003.170000000 7.800000000 0.065969549100
1001.420000000 7.000000000 -0.034833129500
1019.670000000 6.400000000 -0.219589725100
1004.920000000 7.200000000 0.015840513600
1019.170000000 10.000000000 0.024867909000
1019.670000000 8.600000000 0.240037307100
1014.670000000 5.800000000 0.072939664100
1004.170000000 7.400000000 0.068610563900
1018.170000000 6.000000000 -0.159309476600
1011.670000000 9.000000000 0.066858701400
1019.920000000 6.400000000 -0.147914230800
1003.420000000 8.000000000 -0.014631955000
1001.670000000 5.400000000 -0.034123815600
1005.420000000 7.200000000 -0.041596110900
1016.420000000 8.600000000 0.128880485900
1003.670000000 7.000000000 0.051088783900
1004.170000000 7.600000000 0.059371449100
1004.420000000 7.400000000 0.049199685500
1007.170000000 8.200000000 0.024665640700
1003.420000000 7.800000000 -0.023689163800
1000.920000000 5.400000000 0.027946222600
1011.670000000 7.800000000 0.024241291000
1000.670000000 7.600000000 0.036318592700
1007.170000000 5.200000000 0.064546831000
1019.670000000 5.400000000 0.189218819100
1001.920000000 8.600000000 -0.020550657100
1008.920000000 8.600000000 -0.058253619800
1016.670000000 8.600000000 0.040504846700
1005.920000000 7.400000000 0.017335098200
1019.420000000 9.200000000 0.245148927000
1011.420000000 5.400000000 -0.033084552700
1009.670000000 5.400000000 0.079727254800
1003.920000000 5.800000000 0.026597259600
1004.170000000 8.200000000 0.031090077000
1019.920000000 6.200000000 -0.101251468100
1001.920000000 5.400000000 -0.049148771900
1006.920000000 7.600000000 -0.064223296900
1003.920000000 8.200000000 0.017324442000
1000.670000000 6.400000000 0.000941049800
1002.170000000 9.600000000 0.063213191900
1002.920000000 8.000000000 0.065502695700
1008.920000000 8.400000000 -0.048668291400
1001.420000000 5.400000000 -0.027966149200
1012.170000000 8.200000000 0.047746222500
1004.670000000 8.800000000 0.053469676500
1019.670000000 9.800000000 0.143714189500
1004.170000000 8.800000000 0.023047547800
1001.920000000 7.400000000 0.017324367500
1020.170000000 9.800000000 0.198376715200
1009.920000000 8.800000000 -0.088709339500
1010.420000000 9.000000000 -0.101897954900
1004.670000000 7.400000000 0.023914553200
1008.670000000 8.600000000 -0.092637285600
1006.670000000 8.600000000 0.028615213900
1019.920000000 9.800000000 0.182722032100
1006.170000000 7.400000000 0.042319960900
1001.170000000 8.400000000 -0.051972106100
1004.420000000 8.600000000 0.034015093000
1004.170000000 9.400000000 0.045769922400
1002.170000000 7.800000000 0.012628389500
1004.420000000 8.000000000 0.043418526600
1005.670000000 7.400000000 -0.011193843600
1010.170000000 8.800000000 -0.061184648400
1001.670000000 9.000000000 0.005755775600
1019.170000000 6.000000000 0.108135871600
1018.670000000 8.400000000 0.145012915100
1018.920000000 8.400000000 0.078582525300
1001.670000000 7.600000000 0.044966679100
1004.920000000 8.000000000 0.042041722700
1000.920000000 9.400000000 -0.029618604100
1005.670000000 8.000000000 0.034214116600
1019.170000000 6.200000000 0.036541614700
1000.670000000 6.600000000 -0.025489864900
1016.920000000 8.600000000 -0.026987066500
1019.420000000 5.400000000 0.151660934100
1001.920000000 9.400000000 0.048929974400
1019.670000000 6.200000000 -0.131262466300
1018.920000000 9.400000000 0.202580466900
1005.920000000 8.000000000 0.042896509200
1018.670000000 8.600000000 0.102190777700
1019.920000000 9.600000000 -0.035007976000
1020.170000000 5.200000000 0.175372332300
1004.420000000 7.600000000 0.033081963700
1019.670000000 9.200000000 0.210479363800
1018.420000000 8.600000000 0.032158400900
1009.170000000 8.600000000 -0.014989755100
1004.170000000 7.200000000 0.073944337700
1008.670000000 8.400000000 -0.094282455700
1004.420000000 8.200000000 0.045460827600
1017.920000000 5.800000000 -0.177686393300
1012.920000000 5.400000000 -0.135894671100
1001.670000000 7.200000000 -0.018381267800
1020.170000000 6.400000000 -0.064924940500
1010.170000000 9.000000000 -0.067030847100
1004.670000000 5.800000000 -0.031595662200
1019.920000000 9.400000000 -0.012185255100
1017.920000000 9.600000000 0.007174323300
1004.670000000 7.600000000 0.011289065700
1020.170000000 6.200000000 -0.020347651100
1009.170000000 8.400000000 -0.001191454100
1019.170000000 5.400000000 0.122901126700
1019.420000000 9.800000000 0.092479981500
1014.670000000 8.800000000 -0.126118153300
1003.170000000 8.000000000 0.069712825100
1004.420000000 9.400000000 0.064339913400
1001.920000000 8.000000000 0.003741526500
1000.920000000 5.600000000 0.034586586100
1018.920000000 5.400000000 0.096419505800
1005.670000000 8.600000000 0.067037768700
1018.670000000 5.400000000 0.060597583700
1009.670000000 8.800000000 -0.103648886100
1004.670000000 8.000000000 0.034925155300
1018.170000000 9.600000000 0.058000281500
1000.920000000 7.200000000 -0.004920440300
1001.170000000 5.400000000 0.041179530300
1001.920000000 7.200000000 0.000322613700
1019.920000000 9.200000000 0.154839888200
1002.170000000 8.200000000 0.029387714300
1017.920000000 5.600000000 -0.145124673800
1007.670000000 8.600000000 -0.066814921800
1003.670000000 8.200000000 0.030507894200
1010.920000000 9.400000000 -0.060621604300
1001.170000000 7.200000000 -0.019824706000
1003.420000000 8.200000000 0.050740379800
1002.170000000 5.400000000 -0.061448250000
1015.170000000 6.000000000 0.077016025800
1018.420000000 5.400000000 0.005527340800
1012.670000000 8.400000000 -0.008855523500
1004.170000000 9.600000000 0.050990693300
1010.420000000 9.200000000 -0.106506742500
1018.170000000 8.400000000 0.230238929400
1005.170000000 8.000000000 0.051420636500
1015.920000000 8.000000000 -0.112583406300
1018.420000000 8.400000000 0.198714673500
1011.920000000 8.000000000 0.041411541400
1006.420000000 7.400000000 0.048696935200
1011.920000000 9.400000000 0.074895866200
1003.420000000 5.400000000 -0.020026085900
1019.420000000 5.800000000 0.187575489300
1015.920000000 6.000000000 0.112414039700
1018.170000000 5.400000000 -0.055151429000
1003.920000000 9.600000000 0.030447254000
1002.420000000 9.600000000 0.064418137100
1019.920000000 5.200000000 0.165854185800
1004.920000000 7.400000000 0.002538985300
1017.920000000 6.000000000 -0.195101961500
1001.420000000 8.400000000 -0.054118640700
1010.920000000 8.800000000 -0.034644071000
1003.920000000 9.400000000 0.027291012900
1007.920000000 8.400000000 -0.100175276400
1002.420000000 8.200000000 0.048352822700
1020.420000000 9.200000000 0.177598789300
1015.670000000 6.000000000 0.106836065600
1008.420000000 8.600000000 -0.111911281900
1003.170000000 5.400000000 -0.037603162200
1001.920000000 8.200000000 0.013964033700
1015.420000000 6.000000000 0.092923983900
1001.670000000 9.800000000 0.037566673000
1019.420000000 6.200000000 -0.229920834300
1003.920000000 5.200000000 0.015993179800
1005.420000000 5.400000000 0.023497130700
1004.920000000 8.800000000 0.065669633400
1001.420000000 9.800000000 0.019893350100
1010.670000000 8.800000000 -0.066449120600
1019.670000000 9.600000000 0.117475383000
1009.920000000 9.000000000 -0.094011515400
1008.420000000 8.400000000 -0.115773588400
1005.420000000 7.400000000 -0.037779513700
1004.420000000 7.200000000 0.058100197500
1003.170000000 8.200000000 0.062098093300
1020.420000000 5.800000000 0.128705576100
1017.170000000 6.000000000 -0.106608785700
1001.420000000 7.200000000 -0.030583003500
1000.670000000 5.800000000 0.016074596000
1016.920000000 6.000000000 -0.043490648300
1000.670000000 5.200000000 0.007841923300
1007.420000000 5.200000000 0.043267387900
1014.420000000 5.600000000 0.045404519900
1009.420000000 8.800000000 -0.106784030800
1001.670000000 8.400000000 -0.046928949700
1020.170000000 5.800000000 0.165920361900
1001.920000000 9.800000000 0.045495156200
1004.420000000 8.400000000 0.032753370700
1015.920000000 8.800000000 0.086298346500
1005.170000000 5.200000000 0.002977817800
1000.920000000 7.600000000 0.050990738000
1004.170000000 9.000000000 0.019278002900
1010.420000000 8.800000000 -0.024887843100
1004.670000000 9.400000000 0.078957639600
1016.170000000 6.000000000 0.122552447000
1002.420000000 5.400000000 -0.068206347500
1003.670000000 5.400000000 -0.002719290300
1011.170000000 7.600000000 -0.092729635500
1000.920000000 9.200000000 -0.026832016200
1012.170000000 9.200000000 0.093792147900
1013.670000000 8.800000000 -0.032028541000
1002.670000000 9.600000000 0.057837996600
1001.170000000 6.600000000 -0.018035313100
1013.170000000 5.400000000 -0.110080987200
1000.920000000 6.600000000 -0.011947568500
1003.670000000 5.200000000 0.000168635000
1019.670000000 5.800000000 0.195871681000
1004.920000000 7.600000000 -0.012565051200
1006.170000000 8.000000000 0.057120528100
1011.170000000 8.800000000 0.001277701200
1020.170000000 9.200000000 0.108816154300
1004.170000000 5.200000000 0.033070258800
1018.920000000 8.600000000 0.175203576700
1019.920000000 5.800000000 0.189770877400
1007.420000000 8.200000000 -0.015384218700
1002.920000000 5.400000000 -0.053517341600
1013.420000000 8.800000000 -0.000586818600
1001.170000000 7.000000000 -0.015063781300
1000.920000000 9.600000000 -0.023516885900
1001.170000000 9.200000000 -0.014161190000
1004.420000000 9.600000000 0.069843083600
1017.670000000 5.800000000 -0.197850480700
1002.670000000 8.200000000 0.060050424200
1005.420000000 8.000000000 0.036792047300
1008.170000000 8.400000000 -0.052369203400
1005.920000000 8.600000000 0.064764194200
1001.920000000 7.800000000 -0.016584446700
1001.420000000 7.600000000 0.056272905300
1019.170000000 8.400000000 0.007950853600
1017.920000000 5.400000000 -0.105180345500
1006.420000000 8.600000000 0.047649323900
1009.170000000 8.800000000 -0.101124510200
1009.670000000 8.600000000 -0.086411848700
1001.170000000 8.200000000 -0.033395264300
1002.920000000 8.200000000 0.064952477800
1009.420000000 8.400000000 0.044478174300
1008.920000000 8.800000000 -0.089120663700
1003.920000000 9.000000000 0.006724630500
1002.670000000 5.400000000 -0.064612828200
1010.420000000 7.600000000 -0.087930470700
1019.670000000 5.200000000 0.141705572600
1002.170000000 9.400000000 0.057212706700
1001.920000000 8.400000000 -0.045675296300
1012.420000000 8.400000000 0.031946666500
1009.420000000 8.600000000 0.028391702100
1007.920000000 8.600000000 -0.092966347900
1017.420000000 6.000000000 -0.191529899800
1002.170000000 9.800000000 0.057670570900
1001.420000000 6.600000000 -0.039539642600
1001.670000000 5.200000000 0.049381457300
1000.920000000 5.200000000 0.018394054800
1008.670000000 8.800000000 -0.072426393600
1017.170000000 8.600000000 -0.085541881600
1003.920000000 8.800000000 0.008557667000
1002.920000000 9.600000000 0.046662110800
1004.670000000 7.200000000 0.029811818200
1008.170000000 8.600000000 -0.113348431900
1017.670000000 9.600000000 -0.044343154900
1014.670000000 9.800000000 0.018882338000
1000.670000000 7.400000000 -0.004954278500
1017.670000000 6.000000000 -0.208062857400
1001.920000000 5.200000000 0.039861582200
1004.920000000 9.400000000 0.084562815700
1011.920000000 9.000000000 0.083961203700
1001.670000000 7.400000000 0.035384550700
1003.920000000 5.600000000 0.020184624900
1016.920000000 5.800000000 -0.154871150900
1019.420000000 9.600000000 0.064589209900
1004.420000000 9.200000000 0.052715342500
1017.420000000 9.200000000 -0.167716711800
1017.670000000 5.600000000 -0.175408661400
1007.670000000 8.200000000 0.005028123000
1001.420000000 8.200000000 -0.042987518000
1019.420000000 8.600000000 0.256638824900
1019.420000000 8.400000000 0.201449424000
1010.920000000 5.600000000 -0.030437886700
1000.670000000 9.400000000 -0.040743030600
1005.420000000 9.400000000 0.061369929500
1004.420000000 7.800000000 0.012789794200
1005.170000000 9.400000000 0.078370936200
1019.170000000 9.800000000 0.041062124100
1009.920000000 8.600000000 -0.069188252100
1000.670000000 9.200000000 -0.037241406700
1014.920000000 9.800000000 -0.034903463000
1001.420000000 5.200000000 0.046213619400
1017.170000000 5.800000000 -0.184004008800
1018.420000000 9.600000000 0.106602504800
1005.170000000 7.400000000 -0.020022401600
1017.420000000 5.800000000 -0.198721751600
1002.170000000 8.600000000 -0.022276144500
1000.670000000 7.200000000 -0.002777768500
1014.420000000 8.800000000 -0.128067106000
1001.170000000 7.600000000 0.058357555400
1010.670000000 5.600000000 -0.023041466300
1002.420000000 9.800000000 0.063417643300
1018.170000000 8.600000000 -0.023008694900
1013.920000000 8.800000000 -0.074834339300
1019.170000000 9.400000000 0.216012880200
1009.920000000 5.400000000 0.063429646200
1001.170000000 9.800000000 0.000143107000
1009.670000000 9.000000000 -0.106673307700
1000.920000000 8.200000000 -0.022456962600
1001.170000000 5.200000000 0.033575370900
1020.420000000 6.200000000 0.056132510300
1004.420000000 9.000000000 0.038294475500
1003.420000000 5.200000000 -0.021056952000
1006.170000000 8.600000000 0.058520145700
1012.920000000 8.600000000 0.053396303200
1000.920000000 7.000000000 -0.003766551100
1004.170000000 9.200000000 0.037848129900
1003.420000000 8.400000000 0.034680955100
1005.170000000 8.800000000 0.071297891400
1004.670000000 9.200000000 0.066630773200
1004.420000000 5.200000000 0.049880769100
1002.170000000 8.400000000 -0.036237783700
1020.420000000 6.400000000 -0.046918690200
1019.420000000 6.000000000 0.154000669700
1016.670000000 5.800000000 -0.112660355900
1002.170000000 5.200000000 0.020011363600
1016.420000000 6.000000000 0.132694780800
1003.670000000 8.400000000 0.012188987800
1001.670000000 8.000000000 -0.012892443700
1002.670000000 9.800000000 0.061173383100
1010.670000000 7.600000000 -0.113103829300
1010.920000000 7.600000000 -0.105466693600
1016.670000000 6.000000000 -0.031454131000
1001.420000000 6.800000000 -0.030717982000
1000.920000000 7.400000000 -0.016698785100
1019.170000000 8.600000000 0.232513904600
1001.670000000 8.200000000 0.000779455500
1001.670000000 6.600000000 -0.057931654200
1005.670000000 9.400000000 0.037600025500
1014.670000000 5.400000000 -0.032593950600
1001.420000000 9.200000000 0.001175452300
1004.420000000 5.800000000 -0.014090338700
1013.420000000 5.400000000 -0.077035240800
1002.920000000 9.800000000 0.052208643400
1004.670000000 9.600000000 0.082284346200
1010.170000000 9.200000000 -0.103083849000
1016.920000000 5.600000000 -0.176175609200
1008.420000000 8.800000000 -0.053240355100
1003.670000000 9.600000000 0.010951302000
1017.420000000 5.600000000 -0.190519556400
1014.670000000 5.200000000 -0.011916330100
1010.670000000 9.400000000 -0.086968191000
1018.920000000 10.000000000 -0.019425651100
1017.670000000 5.400000000 -0.145142510500
1005.170000000 5.400000000 -0.003961564000
1014.170000000 8.800000000 -0.109418623100
1003.920000000 5.400000000 0.015460069300
1017.170000000 5.600000000 -0.191291302400
1003.170000000 9.600000000 0.034918271000
1004.170000000 8.600000000 0.025266954700
1011.420000000 8.800000000 0.033732779300
1017.420000000 9.400000000 -0.138707876200
1007.920000000 8.200000000 -0.030283860900
1014.420000000 9.800000000 0.064897120000
1006.420000000 8.000000000 0.071904420900
1014.920000000 5.200000000 -0.078177057200
1014.920000000 5.400000000 -0.098280906700
1011.170000000 5.400000000 -0.015263079700
1005.670000000 7.800000000 0.047511801100
1016.670000000 5.600000000 -0.143167376500
1012.170000000 9.400000000 0.090343684000
1004.170000000 8.400000000 0.036351759000
1005.670000000 7.600000000 -0.004975920100
1005.420000000 9.600000000 0.051117200400
1005.920000000 7.800000000 0.052331745600
1004.920000000 9.200000000 0.076000377500
1001.920000000 9.000000000 0.021909155000
1012.420000000 9.200000000 0.092556148800
1009.420000000 9.000000000 -0.103963859400
1003.170000000 9.800000000 0.039995431900
1002.420000000 5.200000000 -0.003314374500
1002.170000000 8.800000000 0.022023158100
1008.920000000 9.000000000 -0.068996965900
1002.420000000 9.400000000 0.056623734500
1016.170000000 8.800000000 0.115755192900
1005.170000000 9.600000000 0.072383455900
1003.170000000 5.200000000 -0.033998101900
1013.170000000 8.800000000 0.023763150000
1004.670000000 7.800000000 0.034992259000
1019.670000000 9.400000000 0.089323535600
1004.920000000 9.600000000 0.083643242700
1005.920000000 5.600000000 0.039757669000
1014.420000000 5.400000000 0.018599741200
1007.170000000 8.800000000 -0.034075841300
1008.670000000 9.000000000 -0.047442134500
1009.170000000 9.000000000 -0.089533485500
1017.420000000 9.000000000 -0.164811044900
1009.670000000 8.400000000 0.076222762500
1019.420000000 5.200000000 0.105888910600
1015.170000000 9.800000000 -0.084124870600
1010.170000000 8.600000000 -0.069729492100
1000.670000000 8.200000000 -0.019448211400
1006.920000000 8.800000000 -0.015883065800
1019.420000000 9.400000000 0.200508177300
1003.920000000 8.400000000 -0.021962305500
1000.670000000 6.800000000 -0.027840586400
1010.420000000 8.600000000 -0.057425797000
1003.170000000 8.400000000 0.050238169700
1005.420000000 7.800000000 0.033921357200
1005.170000000 7.600000000 -0.034891083800
1004.670000000 5.200000000 0.063180916000
1003.670000000 9.400000000 0.010291085600
1005.920000000 7.600000000 0.017181569700
1012.170000000 9.800000000 0.040333923000
1001.670000000 7.800000000 0.047955073400
1017.920000000 5.200000000 -0.064284704600
1000.670000000 7.800000000 0.027200486500
1005.670000000 9.600000000 0.024806866400
1005.420000000 7.600000000 -0.025389334200
1015.170000000 5.200000000 -0.143813073600
1005.170000000 9.200000000 0.076677843900
1015.170000000 5.400000000 -0.160559237000
1006.170000000 5.600000000 0.053248755600
1017.420000000 5.400000000 -0.173134878300
1014.420000000 5.200000000 0.037673044900
1001.420000000 8.000000000 -0.025226546500
1004.920000000 5.200000000 -0.022331552600
1004.670000000 9.000000000 0.058434639100
1000.670000000 7.000000000 -0.019817560900
1000.920000000 6.800000000 -0.015972029400
1005.420000000 8.800000000 0.067248642400
1020.420000000 6.000000000 0.126466885200
1017.670000000 5.200000000 -0.113309264200
1016.420000000 8.800000000 0.106281198600
1010.170000000 7.800000000 -0.056547362400
1016.920000000 9.600000000 -0.082461997900
1004.170000000 5.400000000 0.028950342900
1016.920000000 5.400000000 -0.185435995500
1018.170000000 5.200000000 -0.010680841300
1009.920000000 7.800000000 -0.026293767600
1017.170000000 9.600000000 -0.013916270800
1006.170000000 7.800000000 0.062774121800
1017.670000000 8.800000000 -0.139822602300
1016.670000000 5.400000000 -0.164798110700
1002.420000000 8.400000000 -0.025559844400
1012.670000000 9.200000000 0.084564179200
1005.670000000 5.600000000 0.029825924000
1007.420000000 8.800000000 -0.052192606000
1017.170000000 5.400000000 -0.187486618800
1012.420000000 9.800000000 -0.001773773500
1007.670000000 5.200000000 0.013532478400
1017.420000000 9.600000000 -0.094672508500
1006.420000000 5.600000000 0.065950602300
1005.420000000 9.200000000 0.066943056900
1016.420000000 5.600000000 -0.095624856700
1017.420000000 8.600000000 0.123817510900
1004.170000000 5.800000000 0.043307807300
1004.920000000 5.400000000 -0.027694787800
1004.920000000 7.800000000 0.045538224300
1008.170000000 5.200000000 0.064862720700
1006.670000000 8.800000000 0.006498056000
1014.920000000 9.600000000 0.003238997000
1011.920000000 8.200000000 0.061368126400
1016.420000000 5.800000000 -0.063269600300
1002.670000000 9.400000000 0.050153527400
1002.670000000 5.200000000 -0.022553943100
1015.420000000 5.200000000 -0.186775192600
1006.670000000 8.000000000 0.078775018500
1001.420000000 7.400000000 0.047623071800
1002.420000000 8.600000000 -0.026264118000
1009.920000000 9.200000000 -0.084957703900
1003.920000000 9.200000000 0.024080047400
1008.420000000 5.200000000 0.055959444500
1019.670000000 6.000000000 0.177387863400
1017.420000000 5.200000000 -0.151171356400
1015.420000000 5.400000000 -0.197855636500
1011.420000000 9.600000000 -0.005661613800
1007.920000000 5.200000000 0.074823856400
1020.170000000 6.000000000 0.144240036600
1003.670000000 9.000000000 0.002182853900
1011.920000000 9.800000000 0.070660904000
1019.170000000 9.600000000 0.015638567500
1005.920000000 9.400000000 0.011408345800
1001.670000000 9.200000000 0.017722068400
1010.670000000 8.600000000 -0.042882360500
1002.920000000 5.200000000 -0.046024762100
1012.920000000 9.400000000 0.075989887100
1010.420000000 7.800000000 -0.082855768500
1003.420000000 9.800000000 0.028134226800
1012.920000000 9.600000000 0.014904012900
1012.170000000 8.400000000 0.058714211000
1012.170000000 9.000000000 0.088046111200
1016.420000000 5.400000000 -0.127581104600
1015.670000000 5.200000000 -0.195950061100
1016.170000000 5.200000000 -0.144744068400
1018.670000000 9.600000000 0.147230684800
1012.420000000 9.400000000 0.095807358600
1015.920000000 5.200000000 -0.177021637600
1011.420000000 7.800000000 -0.101191751700
1012.670000000 9.400000000 0.091116987200
1001.170000000 7.400000000 -0.030787248200
1015.170000000 9.600000000 -0.044918019300
1006.170000000 7.600000000 0.030134011100
1016.670000000 8.800000000 0.068592324900
1015.670000000 5.400000000 -0.199725553400
1017.170000000 5.200000000 -0.174338743100
1002.920000000 9.400000000 0.041525170200
1003.420000000 9.600000000 0.038726292600
1001.170000000 8.000000000 -0.015121709600
1003.170000000 8.800000000 0.026469431800
1019.920000000 6.000000000 0.170513361700
1009.670000000 9.200000000 -0.069713309400
1016.670000000 5.200000000 -0.157926321000
1015.920000000 5.400000000 -0.171985134500
1012.920000000 9.200000000 0.070815995300
1000.670000000 9.600000000 -0.035636853400
1015.420000000 9.600000000 -0.019072061400
1000.920000000 7.800000000 0.041464738500
1001.420000000 7.800000000 0.054472032900
1005.670000000 9.200000000 0.048880342400
1008.420000000 9.000000000 -0.029072713100
1014.170000000 9.800000000 0.091702610300
1002.920000000 8.800000000 0.004473632700
1016.920000000 5.200000000 -0.181835472600
1012.670000000 9.600000000 -0.033587072000
1013.670000000 5.400000000 -0.042758509500
1008.170000000 8.200000000 -0.060471534700
1016.420000000 5.200000000 -0.151193857200
1003.170000000 8.600000000 0.015315124800
1009.670000000 7.800000000 0.003786928700
1009.920000000 8.400000000 0.086662560700
1016.170000000 5.400000000 -0.129197254800
1007.670000000 8.800000000 -0.070922188500
1014.670000000 9.600000000 0.044964317200
1018.420000000 5.200000000 0.039722222800
1010.420000000 9.400000000 -0.093441352200
1014.420000000 10.000000000 0.007306262400
1008.170000000 8.800000000 -0.041403874800
1002.920000000 8.600000000 -0.003786609700
1006.420000000 7.800000000 0.070792011900
1016.670000000 9.600000000 -0.134631931800
1000.920000000 9.800000000 -0.018233725800
1011.670000000 9.600000000 0.027782948700
1004.920000000 9.000000000 0.071732744600
1005.670000000 8.800000000 0.061512850200
1004.420000000 5.400000000 0.039157941900
1016.670000000 9.000000000 -0.005570648200
1002.670000000 8.400000000 -0.019677626000
1011.170000000 7.800000000 -0.111768499000
1002.670000000 8.600000000 -0.011861377400
1011.170000000 9.600000000 -0.036631446300
1010.920000000 8.400000000 -0.031928800000
1018.920000000 9.800000000 -0.003032018400
1010.170000000 5.400000000 0.042433459300
1014.920000000 5.600000000 -0.088308468500
1006.920000000 8.000000000 0.076321356000
1011.420000000 8.000000000 -0.102657549100
1008.670000000 5.200000000 0.052230265000
1009.420000000 9.200000000 -0.035714965300
1010.670000000 7.800000000 -0.101297125200
1006.420000000 7.600000000 0.048603151000
1005.170000000 7.800000000 0.055270649500
1003.420000000 8.600000000 0.029575666400
1002.920000000 8.400000000 0.057595185900
1009.920000000 5.200000000 -0.032307669500
1001.170000000 7.800000000 0.051626559300
1017.670000000 8.600000000 0.143889099400
1004.670000000 5.400000000 -0.048146430400
1016.420000000 9.000000000 0.020952966100
1011.170000000 8.000000000 -0.113419108100
1014.670000000 5.600000000 -0.038865223500
1010.170000000 8.000000000 -0.030033174900
1011.670000000 8.800000000 0.057187292700
1003.670000000 9.800000000 0.030338577900
1012.670000000 9.800000000 -0.045757565600
1019.170000000 5.200000000 0.106911011000
1001.170000000 6.800000000 -0.004948764100
1010.420000000 8.000000000 -0.057072415900
1011.170000000 8.400000000 -0.060241602400
1013.170000000 9.600000000 0.063518725300
1003.420000000 8.800000000 0.041985712900
1018.670000000 5.200000000 0.080659456600
1003.170000000 9.400000000 0.032842781400
1017.170000000 9.200000000 -0.158198252300
1011.670000000 8.000000000 -0.075625389800
1010.170000000 8.400000000 -0.054582588400
1005.920000000 9.600000000 -0.001704383800
1010.920000000 7.800000000 -0.106213063000
1014.170000000 5.200000000 0.061548009500
1015.670000000 10.000000000 0.040600292400
1015.420000000 9.800000000 -0.120588392000
1015.170000000 5.600000000 -0.139274805800
1014.170000000 10.000000000 0.048674788300
1003.670000000 8.800000000 -0.002094876000
1013.170000000 9.400000000 0.050599657000
1014.170000000 5.400000000 0.049921348700
1002.670000000 8.800000000 -0.017006179300
1001.920000000 10.000000000 0.042087312800
1010.670000000 8.400000000 0.006782186700
1002.170000000 10.000000000 0.047509249300
1010.170000000 5.200000000 -0.001340413300
1014.920000000 5.800000000 0.082762070000
1007.920000000 8.800000000 -0.087679199900
1010.920000000 8.000000000 -0.106228150400
1016.420000000 9.200000000 -0.023349029900
1010.670000000 8.000000000 -0.084906548300
1003.170000000 10.000000000 0.042623743400
1006.420000000 8.800000000 0.028716130200
1006.670000000 7.600000000 -0.055909745400
1002.920000000 10.000000000 0.051983233500
1004.170000000 5.600000000 0.036106072400
1002.420000000 10.000000000 0.054123617700
1017.920000000 9.800000000 0.048639591800
1003.670000000 8.600000000 -0.009656478700
1018.920000000 5.200000000 0.097019478700
1017.920000000 8.600000000 -0.058519620400
1004.170000000 9.800000000 0.047761719700
1006.670000000 7.800000000 0.072687178900
1003.920000000 9.800000000 0.030486036100
1002.670000000 10.000000000 0.055874943700
1007.170000000 8.000000000 0.062822826200
1005.420000000 5.600000000 0.023058943500
1016.920000000 8.800000000 0.011543292600
1010.420000000 8.400000000 0.045755729100
1014.670000000 10.000000000 -0.023152720200
1001.670000000 10.000000000 0.030389614400
1004.920000000 5.600000000 -0.026464659700
1016.670000000 9.200000000 -0.072695553300
1005.920000000 8.800000000 0.046862866700
1016.920000000 9.000000000 -0.059339977800
1015.920000000 10.000000000 -0.015688216300
1015.420000000 5.600000000 -0.176520124100
1005.170000000 9.000000000 0.071484044200
1005.920000000 9.200000000 0.026083601600
1016.170000000 5.600000000 -0.044800058000
1015.670000000 9.600000000 -0.069139190000
1015.420000000 10.000000000 0.086955919900
1009.170000000 9.200000000 -0.017533419700
1012.420000000 9.000000000 0.082429394100
1017.670000000 9.800000000 0.005158674400
1005.170000000 5.600000000 -0.004460119600
1001.920000000 9.200000000 0.032247547100
1017.170000000 9.000000000 -0.139032885400
1003.420000000 10.000000000 0.029020091500
1017.170000000 9.400000000 -0.153344616300
1013.170000000 9.800000000 0.020692793700
1010.170000000 9.400000000 -0.089727953100
1010.920000000 8.600000000 -0.029201177900
1009.920000000 8.000000000 -0.007519595300
1008.920000000 8.200000000 -0.020683648100
1018.920000000 9.600000000 0.170748636100
1011.670000000 9.800000000 0.083161480700
1010.920000000 5.400000000 -0.000108585900
1011.670000000 5.200000000 -0.058635179000
1004.670000000 5.600000000 -0.046607151600
1010.420000000 8.200000000 -0.054917000200
1015.670000000 5.600000000 -0.186296433200
1013.170000000 9.200000000 0.050396136900
1002.420000000 8.800000000 -0.016088293900
1003.920000000 8.600000000 0.039841506600
1008.670000000 8.200000000 -0.061089113400
1004.420000000 5.600000000 -0.068118698900
1017.420000000 9.800000000 -0.046656590000
1013.920000000 9.800000000 0.095318958200
1016.920000000 9.200000000 -0.122255288100
1016.420000000 9.600000000 -0.158141747100
1009.670000000 5.200000000 -0.053510602600
1016.920000000 9.800000000 -0.043599005800
1012.420000000 9.600000000 -0.072046414000
1012.920000000 9.800000000 -0.010813056500
1011.920000000 9.600000000 0.057378474600
1011.420000000 5.200000000 -0.033761628000
1010.170000000 8.200000000 -0.025669554200
1016.170000000 9.000000000 0.054282262900
1008.920000000 9.200000000 -0.048009078900
1009.170000000 8.200000000 0.023535516100
1015.920000000 5.600000000 -0.166701570200
1003.420000000 9.400000000 0.032365195500
1008.920000000 5.200000000 0.053914234000
1009.920000000 9.400000000 -0.075051821800
1004.420000000 9.800000000 0.062327586100
1010.670000000 8.200000000 -0.082541555200
1016.170000000 5.800000000 -0.058950051700
1014.420000000 9.600000000 0.072916686500
1018.170000000 9.800000000 0.080436199900
1009.670000000 9.400000000 -0.055090315600
1008.670000000 9.200000000 -0.024995276700
1006.170000000 8.800000000 0.042388673900
1013.420000000 9.800000000 0.052718512700
1011.420000000 8.400000000 -0.070848316000
1016.170000000 9.200000000 0.015488704700
1007.420000000 8.000000000 0.040001578600
1009.420000000 7.800000000 0.028791341900
1012.670000000 9.000000000 0.071012459700
1010.420000000 5.200000000 0.035541500900
1008.420000000 8.200000000 -0.087681323300
1006.920000000 7.800000000 0.070641480400
1005.420000000 9.000000000 0.056154951500
1013.420000000 9.600000000 0.102411575600
1011.920000000 5.200000000 -0.080278642500
1010.920000000 8.200000000 -0.102356381700
1010.920000000 9.600000000 -0.059929214400
1017.170000000 9.800000000 0.011895869900
1014.920000000 10.000000000 -0.066880971200
1000.920000000 8.000000000 -0.007074776600
1011.670000000 8.200000000 -0.073643401300
1001.420000000 10.000000000 0.017231684200
1011.420000000 8.200000000 -0.098077051300
1011.170000000 8.200000000 -0.108435437100
1006.170000000 9.400000000 -0.014053238600
1016.670000000 9.800000000 -0.092162355800
1012.170000000 9.600000000 0.047469429700
1013.670000000 9.800000000 0.079864755300
1017.420000000 8.800000000 -0.120562322400
1016.420000000 9.400000000 -0.074788741800
1013.920000000 10.000000000 0.075009740900
1017.170000000 8.800000000 -0.050538893800
1003.920000000 10.000000000 0.021875621800
1009.420000000 9.400000000 -0.034548316200
1015.920000000 9.600000000 -0.116437956700
1015.170000000 10.000000000 0.116348117600
1015.670000000 9.800000000 -0.139670506100
1013.420000000 9.400000000 0.074145443700
1009.420000000 8.200000000 0.058857243500
1003.670000000 9.200000000 0.011943503300
1010.420000000 5.400000000 0.018975734700
1004.670000000 9.800000000 0.071175098400
1016.170000000 9.600000000 -0.149842768900
1005.420000000 9.800000000 0.042728528400
1002.170000000 9.200000000 0.041926320600
1016.670000000 9.400000000 -0.116277381800
1016.170000000 9.400000000 -0.030159680200
1016.170000000 10.000000000 -0.071099087600
1003.670000000 10.000000000 0.013034238500
1005.170000000 9.800000000 0.061677850800
1016.920000000 9.400000000 -0.144894972400
1004.170000000 10.000000000 -0.003501399900
1012.920000000 8.800000000 0.033461872500
1011.670000000 8.400000000 -0.061164617500
1000.670000000 9.800000000 -0.045246206200
1011.170000000 5.200000000 -0.009057317900
1013.670000000 10.000000000 0.024066856100
1008.170000000 9.000000000 -0.017138989600
1012.920000000 9.000000000 0.056648593400
1004.920000000 9.800000000 0.071485176700
1002.170000000 9.000000000 0.030969323600
1013.920000000 5.400000000 -0.026501802700
1018.670000000 10.000000000 -0.054204739600
1005.670000000 9.000000000 0.031062675600
1009.920000000 8.200000000 -0.000109036100
1011.170000000 8.600000000 -0.002103028600
1012.170000000 5.200000000 -0.096531391100
1008.420000000 9.200000000 -0.008759278800
1006.170000000 9.200000000 0.001783433500
1009.670000000 8.200000000 0.075682416600
1003.420000000 9.000000000 0.005098939900
1006.670000000 9.000000000 -0.014213503300
1005.670000000 9.800000000 0.018309526100
1011.920000000 8.800000000 0.069827765200
1013.920000000 5.200000000 0.076390370700
1007.670000000 8.000000000 0.012898837200
1011.920000000 8.400000000 0.065167911400
1015.420000000 9.000000000 0.070525929300
1016.170000000 9.800000000 -0.005413472700
1006.920000000 9.000000000 -0.037249960000
1007.170000000 7.800000000 0.058160200700
1015.920000000 9.800000000 0.026422666400
1007.670000000 7.800000000 0.027995202700
1012.670000000 8.600000000 0.049688823500
1015.420000000 9.400000000 0.000369752800
1015.420000000 5.800000000 -0.150760948700
1015.170000000 5.800000000 -0.129256784900
1006.170000000 9.600000000 -0.024779368200
1018.420000000 9.800000000 0.104596346600
1010.670000000 5.200000000 0.069425694600
1009.170000000 5.200000000 0.054918330200
1007.920000000 7.800000000 0.013400211000
1009.670000000 10.000000000 -0.032979998700
1002.420000000 9.200000000 0.045587815300
1016.420000000 9.800000000 -0.072584435300
1015.670000000 5.800000000 -0.153661787500
1012.170000000 10.000000000 0.017751224300
1010.670000000 5.400000000 -0.000665936300
1009.670000000 8.000000000 0.010115142000
1006.420000000 9.000000000 0.007911512600
1007.420000000 7.800000000 0.036387227500
1015.670000000 9.000000000 0.022808300300
1004.420000000 10.000000000 -0.027784863500
1007.170000000 9.800000000 -0.011972351000
1013.670000000 9.600000000 0.123741298900
1008.170000000 7.800000000 0.039873547900
1007.420000000 9.800000000 -0.046240881100
1015.170000000 9.000000000 0.107490390500
1003.420000000 9.200000000 0.022676495800
1014.670000000 9.400000000 -0.068744890400
1012.670000000 10.000000000 0.010313045200
1015.920000000 5.800000000 -0.090335756500
1006.920000000 9.800000000 0.023061702000
1011.420000000 9.800000000 0.078425608600
1014.170000000 9.600000000 0.083235308500
1012.420000000 5.200000000 -0.105301342900
1005.920000000 9.000000000 0.036411434400
1007.170000000 9.000000000 -0.057206306600
1009.170000000 9.400000000 -0.017251428200
1013.920000000 9.000000000 0.054562307900
1014.170000000 9.000000000 0.078994199600
1009.420000000 10.000000000 0.002116668000
1009.170000000 7.800000000 0.088057756400
1011.920000000 10.000000000 0.045154903100
1013.670000000 9.400000000 0.105380103000
1013.420000000 9.200000000 0.023763964000
1013.420000000 10.000000000 -0.002584006900
1009.420000000 5.200000000 -0.065578393600
1011.420000000 8.600000000 -0.069280199700
1015.170000000 9.400000000 0.029851216800
1014.920000000 9.200000000 -0.043427962800
1003.170000000 9.200000000 0.029911048700
1000.670000000 10.000000000 -0.048678740900
1008.670000000 7.800000000 0.036993596700
1002.670000000 9.200000000 0.043554253900
1018.670000000 9.800000000 -0.037209723100
1015.920000000 9.400000000 0.002162323800
1012.920000000 10.000000000 0.036914818000
1015.670000000 9.400000000 -0.041047073900
1010.920000000 5.200000000 0.005542376100
1007.670000000 9.800000000 -0.068480230900
1001.170000000 10.000000000 0.003832736800
1012.420000000 10.000000000 -0.018193317600
1002.920000000 9.200000000 0.037477508200
1006.670000000 9.800000000 0.048175197100
1008.920000000 7.800000000 0.015539122700
1014.920000000 9.400000000 -0.041504401700
1015.170000000 9.200000000 -0.008677884900
1013.670000000 9.000000000 0.036947522300
1014.420000000 9.400000000 -0.083899132900
1009.920000000 10.000000000 -0.059762936100
1009.170000000 8.000000000 -0.009425055200
1008.920000000 8.000000000 0.018209036400
1010.670000000 9.600000000 -0.065157316600
1008.420000000 7.800000000 0.063817732000
1011.670000000 8.600000000 -0.038068123200
1015.920000000 9.000000000 0.067177183900
1007.420000000 9.000000000 -0.069806709900
1005.920000000 9.800000000 -0.006535699600
1000.920000000 10.000000000 -0.053457241500
1014.920000000 9.000000000 0.128897935200
1013.170000000 9.000000000 0.040740534700
1014.420000000 9.000000000 0.102181501700
1012.670000000 5.200000000 -0.103072658200
1003.170000000 9.000000000 0.022105522500
1013.920000000 9.600000000 0.124267846300
1002.920000000 9.000000000 0.012044278900
1014.670000000 9.200000000 -0.068838045000
1000.670000000 8.000000000 0.000412095300
1016.420000000 10.000000000 -0.113098777800
1006.170000000 9.000000000 0.019627369900
1015.920000000 9.200000000 0.039189077900
1015.420000000 9.200000000 0.029776601100
1009.420000000 8.000000000 -0.040005929800
1007.420000000 10.000000000 -0.011417029400
1007.670000000 9.000000000 -0.072947405300
1007.670000000 10.000000000 -0.033320173600
1012.420000000 8.600000000 0.029435418500
1009.170000000 10.000000000 0.034829832600
1004.670000000 10.000000000 -0.044227760300
1007.920000000 8.000000000 -0.012435342200
1007.920000000 9.800000000 0.037364412100
1002.670000000 9.000000000 -0.005978193600
1008.920000000 10.000000000 0.068821758000
1013.670000000 9.200000000 0.048811975900
1013.170000000 10.000000000 0.060839202300
1007.920000000 9.000000000 -0.068268224600
1014.670000000 9.000000000 0.132906585900
1009.170000000 9.800000000 0.055575855100
1013.920000000 9.200000000 0.075267568200
1006.420000000 9.800000000 0.057152416600
1014.170000000 9.400000000 -0.091046638800
1011.670000000 10.000000000 0.060123797500
1008.920000000 9.800000000 0.079433098400
1013.920000000 9.400000000 0.119463786500
1012.170000000 8.800000000 0.072786882500
1008.170000000 9.800000000 0.066899992500
1011.170000000 9.800000000 0.062606789200
1008.670000000 8.000000000 0.038836207200
1007.920000000 10.000000000 0.053087875200
1011.920000000 8.600000000 -0.010541535000
1010.420000000 9.600000000 -0.077203244000
1007.170000000 10.000000000 0.010055152700
1012.920000000 5.200000000 -0.086635895100
1008.170000000 9.200000000 -0.002492189900
1008.670000000 9.800000000 0.090374320700
1015.670000000 9.200000000 -0.019511448200
1016.920000000 10.000000000 -0.015777297300
1008.420000000 9.800000000 0.086012281500
1002.420000000 9.000000000 0.001391512000
1006.420000000 9.200000000 -0.020459560700
1013.420000000 9.000000000 -0.011637277000
1010.920000000 9.800000000 0.042494256000
1006.420000000 9.400000000 -0.035656526700
1010.670000000 9.800000000 0.022448880600
1008.920000000 9.400000000 -0.025761039900
1016.670000000 10.000000000 -0.064215712200
1009.420000000 9.800000000 0.023634426300
1008.670000000 10.000000000 0.085730671900
1013.670000000 5.200000000 0.084127612400
1014.170000000 9.200000000 0.097776718400
1014.420000000 9.200000000 -0.084254011500
1008.170000000 10.000000000 0.076498538300
1007.920000000 9.600000000 0.020581433500
1008.670000000 9.400000000 -0.006048715700
1004.920000000 10.000000000 -0.021823488200
1010.170000000 10.000000000 -0.071928136100
1017.170000000 10.000000000 -0.043068926800
1008.170000000 9.600000000 0.050650220400
1008.420000000 10.000000000 0.088235698600
1008.920000000 9.600000000 0.085369594400
1010.170000000 9.600000000 -0.074906460900
1008.670000000 9.600000000 0.088344328100
1008.420000000 9.600000000 0.075464785100
1009.670000000 9.600000000 -0.042230248500
1017.420000000 10.000000000 -0.001061622600
1006.920000000 10.000000000 0.027830751600
1009.170000000 9.600000000 0.066447667800
1017.670000000 10.000000000 0.035535480800
1009.920000000 9.600000000 -0.061130091500
1007.170000000 9.600000000 -0.013227133100
1007.420000000 9.600000000 -0.037548273800
1007.670000000 9.600000000 -0.006443928500
1012.420000000 8.800000000 0.067434482300
1009.420000000 9.600000000 -0.024825425800
1013.170000000 5.200000000 -0.052530866100
1005.170000000 10.000000000 -0.000806551100
1012.670000000 8.800000000 0.055466268200
1010.420000000 9.800000000 0.005607235700
1017.920000000 10.000000000 0.069292381400
1006.920000000 9.600000000 0.012717317800
1006.670000000 9.200000000 -0.037865091100
1006.670000000 10.000000000 0.048420641600
1008.420000000 9.400000000 0.005765493000
1012.170000000 8.600000000 0.048836186500
1009.670000000 9.800000000 -0.010032937900
1006.170000000 9.800000000 -0.027042944000
1006.420000000 9.600000000 -0.041834969100
1011.420000000 10.000000000 0.063751854000
1005.670000000 10.000000000 0.047054544100
1013.420000000 5.200000000 0.044484395500
1005.920000000 10.000000000 0.051304742700
1005.420000000 10.000000000 0.044294238100
1006.420000000 10.000000000 0.045135080800
1008.420000000 8.000000000 0.049667127400
1006.920000000 9.200000000 -0.053001649700
1008.170000000 8.000000000 -0.031739398800
1018.170000000 10.000000000 0.088182732500
1006.170000000 10.000000000 0.052290901500
1007.920000000 9.400000000 0.008223133200
1010.420000000 10.000000000 -0.070761844500
1008.170000000 9.400000000 0.034911375500
1007.170000000 9.200000000 -0.061075352100
1018.420000000 10.000000000 -0.077704615900
1006.670000000 9.600000000 0.034016843900
1007.670000000 9.200000000 -0.052197579300
1007.420000000 9.200000000 -0.060382206000
1007.920000000 9.200000000 -0.041055161500
1006.920000000 9.400000000 0.037286132600
1007.170000000 9.400000000 0.025295358200
1006.670000000 9.400000000 -0.057724174100
1007.670000000 9.400000000 -0.011108143300
1011.170000000 10.000000000 0.059461731500
1009.920000000 9.800000000 -0.047185059600
1010.170000000 9.800000000 -0.058397229800
1007.420000000 9.400000000 0.006283659000
1010.670000000 10.000000000 0.036748677500
1010.920000000 10.000000000 0.049985699400
