866.990000000 10.000000000 -0.192390233300
866.990000000 9.800000000 -0.193847298600
867.240000000 9.600000000 -0.155153304300
866.990000000 9.600000000 -0.190369099400
866.740000000 10.000000000 -0.223162069900
867.240000000 9.400000000 -0.153728380800
867.240000000 9.800000000 -0.156205907500
866.490000000 10.000000000 -0.270396530600
866.740000000 9.800000000 -0.225105553900
867.240000000 10.000000000 -0.160421401300
867.240000000 9.200000000 -0.148623034400
866.740000000 9.600000000 -0.227109447100
866.990000000 9.400000000 -0.186754196900
866.490000000 9.800000000 -0.274318039400
866.240000000 10.000000000 -0.307168185700
866.740000000 9.400000000 -0.228999331600
867.490000000 9.200000000 -0.119261406400
867.490000000 9.400000000 -0.121113494000
866.990000000 9.200000000 -0.180340811600
867.240000000 9.000000000 -0.146592572300
866.490000000 9.600000000 -0.275960415600
867.490000000 9.000000000 -0.117250144500
867.490000000 9.600000000 -0.124848865000
866.240000000 9.800000000 -0.306709826000
866.740000000 9.200000000 -0.230824157600
865.990000000 10.000000000 -0.316222459100
867.490000000 8.800000000 -0.117153935100
867.490000000 9.800000000 -0.126520663500
866.990000000 9.000000000 -0.177943781000
866.490000000 9.400000000 -0.279487043600
867.240000000 8.800000000 -0.144223362200
866.240000000 9.600000000 -0.309784144200
867.490000000 10.000000000 -0.127965360900
866.740000000 9.000000000 -0.232141181800
867.740000000 9.000000000 -0.093968398900
865.990000000 9.800000000 -0.317088544400
867.740000000 9.200000000 -0.094815813000
867.490000000 8.600000000 -0.114754878000
866.990000000 8.800000000 -0.176254048900
867.740000000 8.800000000 -0.092909999200
866.490000000 9.200000000 -0.280636578800
865.740000000 10.000000000 -0.298713356300
867.740000000 9.400000000 -0.095536485300
867.740000000 8.600000000 -0.091513611400
867.240000000 8.600000000 -0.138755336400
866.740000000 8.800000000 -0.234034419100
866.240000000 9.400000000 -0.312365293500
867.740000000 9.600000000 -0.096087418500
866.990000000 8.600000000 -0.175539746900
865.990000000 9.600000000 -0.317189931900
865.740000000 9.800000000 -0.294620811900
865.490000000 10.000000000 -0.236742571000
867.490000000 8.400000000 -0.111958064100
866.490000000 9.000000000 -0.283576756700
867.740000000 8.400000000 -0.090645417600
867.740000000 9.800000000 -0.097102299300
867.240000000 8.400000000 -0.131551578600
874.240000000 6.600000000 -0.269688934100
874.240000000 6.400000000 -0.270454555700
866.740000000 8.600000000 -0.235005393600
873.990000000 6.400000000 -0.248963698700
874.490000000 6.600000000 -0.270801276000
873.990000000 6.600000000 -0.248912096000
865.240000000 10.000000000 -0.136756464800
866.240000000 9.200000000 -0.311421334700
874.240000000 6.800000000 -0.265509814000
874.490000000 6.400000000 -0.271715104600
865.490000000 9.800000000 -0.233563318800
867.990000000 8.800000000 -0.062888525400
873.740000000 6.200000000 -0.203081950500
866.990000000 8.400000000 -0.176085814800
874.490000000 6.800000000 -0.266925334900
873.740000000 6.400000000 -0.204321548300
867.990000000 9.000000000 -0.062051635200
874.740000000 6.600000000 -0.260992556800
867.740000000 10.000000000 -0.097474210000
873.990000000 6.200000000 -0.245007291400
874.740000000 6.400000000 -0.260600715900
873.740000000 6.000000000 -0.201330170000
873.990000000 6.800000000 -0.247315257800
865.740000000 9.600000000 -0.290861129800
874.740000000 6.800000000 -0.260414660000
867.990000000 8.600000000 -0.063407950100
874.240000000 6.200000000 -0.268289297800
865.990000000 9.400000000 -0.313705772200
873.740000000 6.600000000 -0.205167442600
874.240000000 7.000000000 -0.259420394900
874.490000000 7.000000000 -0.263371557000
867.990000000 9.200000000 -0.059997167400
873.490000000 6.200000000 -0.150157526100
874.990000000 6.600000000 -0.242023974700
874.490000000 6.200000000 -0.270803511100
873.490000000 6.400000000 -0.150910109300
874.740000000 7.000000000 -0.258562684100
874.990000000 6.800000000 -0.244728714200
874.990000000 6.400000000 -0.239626303300
873.990000000 6.000000000 -0.240488931500
866.490000000 8.800000000 -0.283980697400
874.740000000 6.200000000 -0.259381741300
873.990000000 7.000000000 -0.242580220100
873.490000000 6.000000000 -0.149747058700
874.990000000 7.000000000 -0.246432706700
865.240000000 9.800000000 -0.135678052900
867.740000000 8.200000000 -0.088203311000
873.740000000 6.800000000 -0.204283803700
867.490000000 8.200000000 -0.106577768900
873.490000000 6.600000000 -0.151685819000
867.990000000 8.400000000 -0.063188135600
874.490000000 7.200000000 -0.258986145300
874.740000000 7.200000000 -0.257578909400
874.240000000 7.200000000 -0.253926694400
867.990000000 9.400000000 -0.058826498700
865.490000000 9.600000000 -0.226964041600
874.990000000 6.200000000 -0.236374497400
874.990000000 7.200000000 -0.247136071300
874.240000000 6.000000000 -0.263708949100
867.240000000 8.200000000 -0.128386691200
864.990000000 10.000000000 -0.021565977500
873.990000000 7.200000000 -0.238038778300
873.490000000 6.800000000 -0.152335599100
866.740000000 8.400000000 -0.235809192100
873.740000000 7.000000000 -0.202386647500
874.490000000 6.000000000 -0.266975700900
875.240000000 6.800000000 -0.211643427600
874.740000000 7.400000000 -0.255577862300
866.990000000 8.200000000 -0.177064523100
875.240000000 6.600000000 -0.208005338900
874.490000000 7.400000000 -0.253953129100
874.990000000 7.400000000 -0.248441562100
874.740000000 6.000000000 -0.255228221400
875.240000000 7.000000000 -0.215522334000
866.240000000 9.000000000 -0.310106009200
874.240000000 7.400000000 -0.247378021500
865.740000000 9.400000000 -0.285791367300
867.990000000 9.600000000 -0.057618975600
875.240000000 6.400000000 -0.204479664600
875.240000000 7.200000000 -0.219587788000
865.240000000 9.600000000 -0.128476515400
874.990000000 6.000000000 -0.231840640300
865.990000000 9.200000000 -0.312537044300
873.240000000 6.400000000 -0.094162248100
867.990000000 8.200000000 -0.062772080300
873.490000000 7.000000000 -0.152675271000
874.990000000 7.600000000 -0.248768225300
873.240000000 6.200000000 -0.093609258500
874.740000000 7.600000000 -0.253979265700
873.990000000 7.400000000 -0.232297048000
873.740000000 7.200000000 -0.199382305100
875.240000000 7.400000000 -0.221291437700
873.240000000 6.600000000 -0.095614679200
874.490000000 7.600000000 -0.250279873600
864.990000000 9.800000000 -0.016357265400
875.240000000 6.200000000 -0.200873121600
874.240000000 7.600000000 -0.242451176000
865.490000000 9.400000000 -0.219004169100
866.490000000 8.600000000 -0.283924371000
875.240000000 7.600000000 -0.222961992000
867.990000000 9.800000000 -0.055002279600
873.240000000 6.800000000 -0.097454741600
874.990000000 7.800000000 -0.248876363000
873.240000000 6.000000000 -0.094088904600
874.740000000 7.800000000 -0.252164542700
873.490000000 7.200000000 -0.152549132700
868.240000000 8.800000000 -0.005680885200
873.740000000 7.400000000 -0.195236429600
873.990000000 7.600000000 -0.225372046200
867.740000000 8.000000000 -0.084836006200
874.490000000 7.800000000 -0.246243029800
868.240000000 8.600000000 -0.011477088600
868.240000000 9.000000000 0.000837639000
867.240000000 8.000000000 -0.126880511600
867.490000000 8.000000000 -0.101194419000
875.240000000 6.000000000 -0.196842685300
875.240000000 7.800000000 -0.224634036400
874.240000000 7.800000000 -0.236969098400
865.240000000 9.400000000 -0.124797187700
865.740000000 9.200000000 -0.279699832200
866.740000000 8.200000000 -0.236508354500
868.240000000 9.200000000 0.004679412600
873.240000000 7.000000000 -0.099805250800
866.990000000 8.000000000 -0.178794935300
875.490000000 7.000000000 -0.162024393700
875.490000000 6.800000000 -0.157760128400
874.990000000 8.000000000 -0.248784318600
868.240000000 8.400000000 -0.014834584700
875.490000000 7.200000000 -0.163296416400
864.990000000 9.600000000 -0.016318328700
874.740000000 8.000000000 -0.250106126100
866.240000000 8.800000000 -0.310935229100
875.490000000 6.600000000 -0.154399231100
873.490000000 7.400000000 -0.152640461900
867.990000000 10.000000000 -0.052121155000
867.990000000 8.000000000 -0.061343271300
873.740000000 7.600000000 -0.189955309000
875.490000000 7.400000000 -0.168991804100
874.490000000 8.000000000 -0.241931989800
873.990000000 7.800000000 -0.220165997700
875.240000000 8.000000000 -0.226313829400
868.240000000 9.400000000 0.011680026500
864.740000000 10.000000000 0.093966826800
865.990000000 9.000000000 -0.308136493000
875.490000000 6.400000000 -0.151932030900
865.490000000 9.200000000 -0.212470933800
874.240000000 8.000000000 -0.231048122000
875.490000000 7.600000000 -0.171217754500
873.240000000 7.200000000 -0.101946018600
874.990000000 8.200000000 -0.247817650400
868.240000000 8.200000000 -0.018980439800
874.740000000 8.200000000 -0.247810393600
875.240000000 8.200000000 -0.227875962900
866.490000000 8.400000000 -0.283289492100
875.490000000 6.200000000 -0.150315672200
873.490000000 7.600000000 -0.152384176900
875.490000000 7.800000000 -0.173782140000
868.490000000 8.800000000 0.076093576800
873.740000000 7.800000000 -0.186113357500
868.240000000 9.600000000 0.014978027900
874.490000000 8.200000000 -0.237394645800
872.990000000 6.400000000 -0.046990636700
873.990000000 8.000000000 -0.214332684900
868.490000000 9.000000000 0.082652948800
868.490000000 8.600000000 0.068921156200
872.990000000 6.600000000 -0.046926450000
865.240000000 9.200000000 -0.115716733000
874.990000000 8.400000000 -0.247407198000
874.240000000 8.200000000 -0.224721595600
864.990000000 9.400000000 -0.010377452700
864.740000000 9.800000000 0.096532717300
873.240000000 7.400000000 -0.104210004200
867.240000000 7.800000000 -0.127277851100
872.990000000 6.200000000 -0.047910075600
868.490000000 9.200000000 0.092012189300
875.490000000 8.000000000 -0.176684141200
865.740000000 9.000000000 -0.272226750900
874.740000000 8.400000000 -0.246191740000
872.990000000 6.800000000 -0.047556061300
875.240000000 8.400000000 -0.226804986600
868.490000000 8.400000000 0.061366818800
875.490000000 6.000000000 -0.149339094800
869.740000000 8.400000000 0.234931632900
869.490000000 8.600000000 0.256124556100
868.240000000 8.000000000 -0.020972073100
868.240000000 9.800000000 0.021886799500
873.490000000 7.800000000 -0.151680916500
873.740000000 8.000000000 -0.181613832700
869.490000000 8.800000000 0.253052979700
874.490000000 8.400000000 -0.232599884300
869.740000000 8.600000000 0.230795547400
869.740000000 8.200000000 0.238988429300
867.490000000 7.800000000 -0.094896435700
873.990000000 8.200000000 -0.207877114400
869.490000000 8.400000000 0.257727146100
866.740000000 8.000000000 -0.237138360700
868.740000000 8.800000000 0.161422267600
866.990000000 7.800000000 -0.181202039100
868.490000000 9.400000000 0.093448109900
867.740000000 7.800000000 -0.079241260900
875.490000000 8.200000000 -0.179849937600
866.240000000 8.600000000 -0.308350294800
868.740000000 8.600000000 0.153097838200
874.990000000 8.600000000 -0.246486499900
868.740000000 9.000000000 0.165660783600
865.490000000 9.000000000 -0.201945781700
869.240000000 8.800000000 0.256163954700
872.990000000 7.000000000 -0.048957169100
869.490000000 9.000000000 0.249635607000
874.240000000 8.400000000 -0.218046307600
869.240000000 8.600000000 0.255385667100
875.740000000 7.000000000 -0.090112209300
875.740000000 7.200000000 -0.093664363000
869.740000000 8.800000000 0.227002844200
869.240000000 9.000000000 0.254469007300
873.240000000 7.600000000 -0.106312356900
869.990000000 8.200000000 0.205957070000
869.990000000 8.000000000 0.213406667100
865.990000000 8.800000000 -0.304668486100
875.240000000 8.600000000 -0.228243500000
874.740000000 8.600000000 -0.243525818000
868.990000000 8.800000000 0.224055379600
867.990000000 7.800000000 -0.058973994100
875.740000000 6.800000000 -0.087900869500
868.490000000 8.200000000 0.052021045200
875.740000000 7.400000000 -0.094369769100
869.740000000 8.000000000 0.242543146000
868.990000000 8.600000000 0.220249995600
869.490000000 8.200000000 0.257561028000
868.740000000 9.200000000 0.170904919500
868.990000000 9.000000000 0.227521464200
868.740000000 8.400000000 0.143411621500
869.990000000 8.400000000 0.199302762700
872.990000000 6.000000000 -0.049049269400
869.240000000 8.400000000 0.253089904800
864.740000000 9.600000000 0.098268225800
869.240000000 9.200000000 0.252221763100
875.740000000 7.600000000 -0.095769114800
875.740000000 6.600000000 -0.087091460800
868.490000000 9.600000000 0.101738058000
873.740000000 8.200000000 -0.176447883200
869.990000000 7.800000000 0.220833331300
874.490000000 8.600000000 -0.229670047800
869.490000000 9.200000000 0.245210886000
875.490000000 8.400000000 -0.178744152200
868.240000000 10.000000000 0.024198336500
873.490000000 8.000000000 -0.150480732300
873.990000000 8.400000000 -0.200840041000
868.990000000 9.200000000 0.227124288700
869.740000000 9.000000000 0.221868842800
872.990000000 7.200000000 -0.050743907700
868.990000000 8.400000000 0.213659286500
874.990000000 8.800000000 -0.245189547500
865.240000000 9.000000000 -0.109517708400
864.990000000 9.200000000 -0.004552010000
869.990000000 8.600000000 0.193891257000
875.740000000 7.800000000 -0.097864411800
868.740000000 9.400000000 0.174780279400
874.240000000 8.600000000 -0.211064353600
870.240000000 7.800000000 0.192621722800
875.740000000 6.400000000 -0.090410374100
875.240000000 8.800000000 -0.227061897500
866.490000000 8.200000000 -0.281966716100
869.240000000 9.400000000 0.248189717500
874.740000000 8.800000000 -0.241555929200
873.240000000 7.800000000 -0.108271054900
870.240000000 7.600000000 0.204670265300
868.990000000 9.400000000 0.227343350600
870.240000000 8.000000000 0.180699259000
868.740000000 8.200000000 0.131233647500
869.240000000 8.200000000 0.247742012100
868.240000000 7.800000000 -0.021998902800
869.490000000 9.400000000 0.240439966300
875.740000000 8.000000000 -0.100634649400
875.490000000 8.600000000 -0.182387754300
868.490000000 8.000000000 0.043589323800
869.740000000 7.800000000 0.243605345500
869.490000000 8.000000000 0.254604548200
868.490000000 9.800000000 0.105173505800
865.740000000 8.800000000 -0.263977766000
870.490000000 7.800000000 0.203520759900
870.490000000 7.600000000 0.204513549800
869.990000000 7.600000000 0.226668477100
869.990000000 8.800000000 0.189915657000
869.740000000 9.200000000 0.216929882800
874.490000000 8.800000000 -0.224489554800
873.740000000 8.400000000 -0.173772096600
867.240000000 7.600000000 -0.129583090500
868.990000000 8.200000000 0.203246280600
873.490000000 8.200000000 -0.148738846200
872.990000000 7.400000000 -0.052838545300
870.240000000 8.200000000 0.171531274900
873.990000000 8.600000000 -0.193260401500
868.740000000 9.600000000 0.173624590000
864.490000000 10.000000000 0.177259311100
875.740000000 6.200000000 -0.092337623200
874.990000000 9.000000000 -0.243613526200
869.240000000 9.600000000 0.244284227500
870.490000000 7.400000000 0.204050943300
868.990000000 9.600000000 0.226295232800
870.240000000 7.400000000 0.213331207600
870.490000000 8.000000000 0.193660572200
875.740000000 8.200000000 -0.104124926000
874.240000000 8.800000000 -0.206845790100
875.240000000 9.000000000 -0.228049948800
865.490000000 8.800000000 -0.192636027900
864.740000000 9.400000000 0.096282593900
874.740000000 9.000000000 -0.238300800300
875.490000000 8.800000000 -0.181532606500
870.240000000 8.400000000 0.165066286900
869.490000000 9.600000000 0.235559031400
873.240000000 8.000000000 -0.109970688800
870.740000000 7.600000000 0.187068924300
869.990000000 9.000000000 0.187491402000
867.490000000 7.600000000 -0.092154808300
866.240000000 8.400000000 -0.304802388000
869.740000000 9.400000000 0.214905262000
858.740000000 7.000000000 -0.126575365700
868.490000000 10.000000000 0.107545062900
870.740000000 7.400000000 0.196332678200
858.740000000 6.800000000 -0.130289197000
868.740000000 8.000000000 0.120118752100
868.740000000 9.800000000 0.174605324900
869.240000000 8.000000000 0.238453492500
866.990000000 7.600000000 -0.184250906100
866.740000000 7.800000000 -0.237640962000
874.490000000 9.000000000 -0.221306398500
858.740000000 7.200000000 -0.122707858700
873.740000000 8.600000000 -0.167489990600
858.990000000 6.800000000 -0.034457456300
865.990000000 8.600000000 -0.298465907600
870.740000000 7.800000000 0.177342861900
858.990000000 7.000000000 -0.030716186400
872.740000000 6.600000000 -0.015127877700
872.740000000 6.400000000 -0.017734888900
870.490000000 7.200000000 0.208016634000
869.240000000 9.800000000 0.240433812100
868.990000000 9.800000000 0.224130109000
875.740000000 8.400000000 -0.102869547900
872.990000000 7.600000000 -0.054986383800
858.740000000 6.600000000 -0.133872479200
858.990000000 6.600000000 -0.038276221600
873.990000000 8.800000000 -0.188983485100
873.490000000 8.400000000 -0.148150131100
875.740000000 6.000000000 -0.095817722400
870.490000000 8.200000000 0.183616742500
874.990000000 9.200000000 -0.241820126800
858.990000000 7.200000000 -0.027071820600
864.490000000 9.800000000 0.176595300400
858.740000000 7.400000000 -0.118716545400
868.490000000 7.800000000 0.036380596500
870.240000000 8.600000000 0.159672975500
868.990000000 8.000000000 0.189946398100
864.990000000 9.000000000 -0.002645653200
858.990000000 6.400000000 -0.042184658300
869.490000000 7.800000000 0.248133897800
875.240000000 9.200000000 -0.226781964300
875.990000000 7.200000000 -0.019484553500
858.740000000 6.400000000 -0.137294843800
875.990000000 7.400000000 -0.018306564500
869.740000000 7.600000000 0.241490125700
865.240000000 8.800000000 -0.098625183100
869.990000000 7.400000000 0.229178041200
874.240000000 9.000000000 -0.199401691600
870.740000000 7.200000000 0.194753125300
858.490000000 7.200000000 -0.213591486200
858.490000000 7.000000000 -0.215985342900
858.990000000 7.400000000 -0.023553103200
875.990000000 7.000000000 -0.019230930100
874.740000000 9.200000000 -0.236046478200
867.740000000 7.600000000 -0.073118619600
869.990000000 9.200000000 0.183579042600
875.490000000 9.000000000 -0.180657282500
872.740000000 6.800000000 -0.012341247900
875.990000000 7.600000000 -0.018005961600
870.740000000 8.000000000 0.167675957100
869.490000000 9.800000000 0.230708152100
858.490000000 7.400000000 -0.210880130500
858.740000000 7.600000000 -0.114616178000
870.240000000 7.200000000 0.218682423200
858.990000000 6.200000000 -0.046167872800
858.490000000 6.800000000 -0.218042761100
867.990000000 7.600000000 -0.054511580600
875.740000000 8.600000000 -0.107540562700
875.990000000 6.800000000 -0.022489113700
873.240000000 8.200000000 -0.111353121700
869.740000000 9.600000000 0.211015462900
868.740000000 10.000000000 0.178877010900
858.740000000 6.200000000 -0.140603408200
875.990000000 7.800000000 -0.018515873700
868.990000000 10.000000000 0.220905095300
858.990000000 7.600000000 -0.020193694200
869.240000000 10.000000000 0.235543102000
874.490000000 9.200000000 -0.217947945000
870.240000000 8.800000000 0.156155660700
858.490000000 7.600000000 -0.207833990500
873.740000000 8.800000000 -0.164089307200
872.740000000 6.200000000 -0.017376275700
858.490000000 6.600000000 -0.219815686300
868.240000000 7.600000000 -0.021662192400
872.990000000 7.800000000 -0.057248842000
873.990000000 9.000000000 -0.180565714800
870.490000000 8.400000000 0.173796668600
858.990000000 6.000000000 -0.050267003500
874.990000000 9.400000000 -0.239835336800
858.740000000 7.800000000 -0.110960617700
873.490000000 8.600000000 -0.145379424100
866.490000000 8.000000000 -0.281590491500
865.740000000 8.600000000 -0.253295838800
872.740000000 7.000000000 -0.009766733300
875.990000000 6.600000000 -0.024930287200
875.990000000 8.000000000 -0.019868383200
858.240000000 7.200000000 -0.275133997200
858.240000000 7.400000000 -0.274829447300
864.740000000 9.200000000 0.096743360200
875.240000000 9.400000000 -0.225358262700
870.490000000 7.000000000 0.210473209600
868.740000000 7.800000000 0.107384018600
870.740000000 7.000000000 0.196435779300
869.990000000 9.400000000 0.180524677000
870.740000000 8.200000000 0.158366426800
858.240000000 7.000000000 -0.275021582800
858.990000000 7.800000000 -0.018994659200
874.240000000 9.200000000 -0.194937542100
875.490000000 9.200000000 -0.184935331300
858.740000000 6.000000000 -0.143349304800
874.740000000 9.400000000 -0.233567029200
870.990000000 7.400000000 0.165970116900
869.240000000 7.800000000 0.225668236600
858.490000000 7.800000000 -0.204477712500
858.240000000 7.600000000 -0.274048149600
858.490000000 6.400000000 -0.221246510700
875.740000000 8.800000000 -0.106932222800
864.490000000 9.600000000 0.174529761100
870.990000000 7.600000000 0.157511040600
869.490000000 10.000000000 0.225966125700
870.240000000 9.000000000 0.154570668900
875.990000000 8.200000000 -0.022105906200
858.240000000 6.800000000 -0.274470269700
867.240000000 7.400000000 -0.133537977900
865.490000000 8.600000000 -0.179321050600
870.990000000 7.200000000 0.174270302100
869.740000000 9.800000000 0.207622915500
859.240000000 6.800000000 0.042907137400
858.740000000 8.000000000 -0.106646828400
868.990000000 7.800000000 0.175580233300
859.240000000 7.000000000 0.045095745500
859.240000000 6.600000000 0.040425322900
875.990000000 6.400000000 -0.029072869600
873.240000000 8.400000000 -0.112844191500
874.490000000 9.400000000 -0.212195739200
858.240000000 7.800000000 -0.272805601400
870.990000000 7.800000000 0.149203777300
872.740000000 7.200000000 -0.008840338300
868.490000000 7.600000000 0.030731814000
858.990000000 8.000000000 -0.015877021500
859.240000000 7.200000000 0.046984307500
873.740000000 9.000000000 -0.160448655500
859.240000000 6.400000000 0.037663877000
874.990000000 9.600000000 -0.237688764900
872.990000000 8.000000000 -0.059582289300
873.990000000 9.200000000 -0.175825610800
869.490000000 7.600000000 0.237922772800
857.990000000 7.400000000 -0.294529020800
858.490000000 8.000000000 -0.199844732900
870.490000000 8.600000000 0.164437308900
869.990000000 9.600000000 0.178325787200
858.490000000 6.200000000 -0.220581069600
857.990000000 7.200000000 -0.292785406100
873.490000000 8.800000000 -0.144058272200
870.740000000 8.400000000 0.149550885000
858.240000000 6.600000000 -0.273520022600
875.240000000 9.600000000 -0.223835021300
869.990000000 7.200000000 0.226740881800
859.240000000 7.400000000 0.048552613700
857.990000000 7.600000000 -0.295704752200
869.740000000 7.400000000 0.235018506600
875.990000000 8.400000000 -0.025350451500
875.740000000 9.000000000 -0.112901277800
875.490000000 9.400000000 -0.184413522500
859.240000000 6.200000000 0.034606833000
870.240000000 9.200000000 0.151733681600
874.240000000 9.400000000 -0.190398067200
870.990000000 7.000000000 0.176115587400
867.490000000 7.400000000 -0.090893082300
874.740000000 9.600000000 -0.230874046700
866.240000000 8.200000000 -0.301471650600
857.990000000 7.000000000 -0.290518254000
870.240000000 7.000000000 0.218730807300
865.990000000 8.400000000 -0.291394531700
864.990000000 8.800000000 0.003049838800
870.990000000 8.000000000 0.141235739000
858.740000000 8.200000000 -0.102317437500
858.240000000 8.000000000 -0.271065443800
857.990000000 7.800000000 -0.296320259600
870.740000000 6.800000000 0.197959199500
875.990000000 6.200000000 -0.036622703100
865.240000000 8.600000000 -0.090110220000
858.990000000 8.200000000 -0.013027301100
869.740000000 10.000000000 0.201562553600
859.240000000 7.600000000 0.049740973900
859.240000000 6.000000000 0.031253103200
872.740000000 7.400000000 -0.007776203600
868.740000000 6.000000000 0.207461595500
857.990000000 6.800000000 -0.285625428000
872.740000000 6.000000000 -0.015400028800
874.490000000 9.600000000 -0.208587721000
858.490000000 8.200000000 -0.195906207000
875.990000000 8.600000000 -0.024897048200
858.240000000 6.400000000 -0.272153228500
866.740000000 7.600000000 -0.237775012900
868.740000000 7.600000000 0.096578709800
858.490000000 6.000000000 -0.221415966700
873.240000000 8.600000000 -0.113512747000
866.990000000 7.400000000 -0.187803968800
873.740000000 9.200000000 -0.152715727700
864.490000000 9.400000000 0.171823993300
876.240000000 7.400000000 0.040344215900
869.990000000 9.800000000 0.176997304000
874.990000000 9.800000000 -0.235284328500
857.740000000 7.400000000 -0.258650839300
870.240000000 9.400000000 0.153472587500
873.990000000 9.400000000 -0.170956447700
876.240000000 7.600000000 0.042073596300
870.490000000 6.800000000 0.211456134900
857.740000000 7.200000000 -0.256463557500
876.240000000 7.200000000 0.037684623200
872.990000000 8.200000000 -0.061948798600
857.990000000 8.000000000 -0.296314060700
857.740000000 7.600000000 -0.260297715700
875.740000000 9.200000000 -0.113069094700
868.740000000 6.200000000 0.210649699000
864.240000000 10.000000000 0.217131122900
870.990000000 8.200000000 0.133729130000
875.240000000 9.800000000 -0.222179293600
864.740000000 9.000000000 0.094179101300
869.240000000 7.600000000 0.210708007200
870.740000000 8.600000000 0.141345113500
875.490000000 9.600000000 -0.183972671600
859.240000000 7.800000000 0.047752466100
868.490000000 6.000000000 0.169710516900
873.490000000 9.000000000 -0.142459675700
870.990000000 6.800000000 0.177244275800
868.990000000 6.000000000 0.227728024100
876.240000000 7.800000000 0.042923420700
857.740000000 7.000000000 -0.253311395600
870.490000000 8.800000000 0.155657261600
858.240000000 8.200000000 -0.268792152400
874.740000000 9.800000000 -0.227984592300
874.240000000 9.600000000 -0.185803622000
857.990000000 6.600000000 -0.282491624400
857.740000000 7.800000000 -0.261418163800
858.740000000 8.400000000 -0.098028659800
876.240000000 7.000000000 0.035023313000
868.990000000 7.600000000 0.160992056100
868.490000000 6.200000000 0.168556451800
858.990000000 8.400000000 -0.012572032400
865.740000000 8.400000000 -0.242082640500
872.740000000 7.600000000 -0.007922905500
871.240000000 7.400000000 0.133587330600
867.740000000 7.400000000 -0.067355431600
868.740000000 6.400000000 0.206855222600
862.990000000 9.000000000 0.188555672800
875.990000000 8.800000000 -0.029829230200
876.240000000 8.000000000 0.042868521100
875.990000000 6.000000000 -0.044457115200
857.740000000 6.800000000 -0.250329047400
862.990000000 9.200000000 0.192671850300
857.490000000 7.400000000 -0.174888581000
871.240000000 7.200000000 0.140320673600
862.990000000 8.800000000 0.183919742700
871.240000000 7.600000000 0.127159193200
857.490000000 7.200000000 -0.175632759900
857.490000000 7.600000000 -0.175203457500
868.990000000 6.200000000 0.222308874100
874.490000000 9.800000000 -0.204843834000
858.240000000 6.200000000 -0.267870694400
857.740000000 8.000000000 -0.261237710700
862.990000000 9.400000000 0.196193680200
863.240000000 9.400000000 0.241708248900
868.490000000 6.400000000 0.173133418000
857.990000000 8.200000000 -0.293794721400
870.240000000 9.600000000 0.153117910000
868.240000000 7.400000000 -0.019627707100
863.240000000 9.200000000 0.240894764700
858.490000000 8.400000000 -0.191708311400
876.240000000 6.800000000 0.030240610200
869.990000000 10.000000000 0.176546841900
859.240000000 8.000000000 0.048401806500
862.740000000 8.600000000 0.102214776000
857.490000000 7.000000000 -0.174840092700
862.740000000 8.800000000 0.108582295500
862.990000000 8.600000000 0.178737804300
863.240000000 9.600000000 0.241868704600
857.490000000 7.800000000 -0.175197616200
869.240000000 6.000000000 0.208377569900
862.740000000 9.000000000 0.113431789000
867.990000000 7.400000000 -0.048963870900
863.240000000 9.000000000 0.239465028000
874.990000000 10.000000000 -0.232655093100
862.990000000 9.600000000 0.199165269700
871.240000000 7.800000000 0.121125355400
862.740000000 8.400000000 0.095667414400
875.740000000 9.400000000 -0.113504923900
873.740000000 9.400000000 -0.148353949200
866.490000000 7.800000000 -0.277943104500
870.490000000 9.000000000 0.134045451900
868.490000000 7.400000000 0.027005234700
868.740000000 6.600000000 0.209402531400
873.240000000 8.800000000 -0.114430800100
869.490000000 7.400000000 0.224335432100
873.990000000 9.600000000 -0.161534786200
865.490000000 8.400000000 -0.167083382600
863.490000000 9.400000000 0.259485185100
857.240000000 7.400000000 -0.067350447200
868.490000000 6.600000000 0.171161159900
863.490000000 9.600000000 0.257744133500
857.240000000 7.200000000 -0.072040461000
863.240000000 9.800000000 0.244764670700
871.240000000 7.000000000 0.145956724900
857.990000000 6.400000000 -0.278875678800
870.990000000 8.400000000 0.126799061900
876.240000000 8.200000000 0.041858881700
862.740000000 9.200000000 0.119127631200
857.490000000 6.800000000 -0.173651859200
857.240000000 7.600000000 -0.065350227100
864.240000000 9.800000000 0.214249640700
857.740000000 6.600000000 -0.246790066400
875.490000000 9.800000000 -0.183589115700
875.240000000 10.000000000 -0.220430821200
863.490000000 9.200000000 0.260760992800
868.990000000 6.400000000 0.223465427800
857.240000000 7.000000000 -0.073963813500
872.990000000 8.400000000 -0.064299613200
857.490000000 8.000000000 -0.174836710100
863.490000000 9.800000000 0.255597442400
862.990000000 8.400000000 0.173048734700
858.240000000 8.400000000 -0.265988737300
863.240000000 8.800000000 0.237332657000
862.990000000 9.800000000 0.201541274800
874.740000000 10.000000000 -0.224888771800
857.240000000 7.800000000 -0.063296333000
857.740000000 8.200000000 -0.261405080600
858.740000000 8.600000000 -0.094367675500
874.240000000 9.800000000 -0.181142240800
862.740000000 8.200000000 0.089612469100
873.490000000 9.200000000 -0.140540257100
858.990000000 8.600000000 -0.010038295800
869.740000000 7.200000000 0.224373176700
869.990000000 7.000000000 0.219380036000
869.240000000 6.200000000 0.200438067300
870.740000000 6.600000000 0.199433177700
863.240000000 10.000000000 0.244008615600
857.240000000 6.800000000 -0.075696863200
862.740000000 9.400000000 0.124509058900
875.990000000 9.000000000 -0.030405091100
872.740000000 7.800000000 -0.008104069200
863.490000000 9.000000000 0.261586844900
863.740000000 9.600000000 0.243582502000
870.740000000 8.800000000 0.133880481100
876.240000000 6.600000000 0.024983689200
863.740000000 9.400000000 0.246122017500
872.490000000 6.600000000 0.006254213400
863.490000000 10.000000000 0.253075540100
857.490000000 6.600000000 -0.171980977100
870.240000000 9.800000000 0.153788298400
868.490000000 6.800000000 0.175416752700
870.990000000 6.600000000 0.180457338700
871.240000000 8.000000000 0.115590296700
857.240000000 8.000000000 -0.061184022600
870.240000000 6.800000000 0.213941887000
857.990000000 8.400000000 -0.292799979400
863.740000000 9.800000000 0.240817174300
868.740000000 6.800000000 0.211650714300
862.990000000 10.000000000 0.203348189600
859.240000000 8.200000000 0.048606667700
856.990000000 7.200000000 0.028072819100
857.490000000 8.200000000 -0.175361618400
863.740000000 9.200000000 0.248393803800
856.990000000 7.400000000 0.032404806500
857.240000000 6.600000000 -0.080223426200
864.490000000 9.200000000 0.167406186500
863.240000000 8.600000000 0.237198501800
876.240000000 8.400000000 0.042288053800
870.490000000 9.200000000 0.135435283200
856.990000000 7.000000000 0.023661093800
867.240000000 7.200000000 -0.138600707100
868.990000000 6.600000000 0.216693326800
862.990000000 8.200000000 0.168324843000
864.990000000 8.600000000 0.005688734400
874.490000000 10.000000000 -0.200955316400
862.740000000 9.600000000 0.129562392800
856.990000000 7.600000000 0.036663238000
868.740000000 7.400000000 0.087013229700
863.990000000 9.600000000 0.207443967500
858.240000000 6.000000000 -0.265840500600
862.740000000 8.000000000 0.082679167400
869.240000000 6.400000000 0.199960932100
863.990000000 9.800000000 0.204962685700
871.240000000 6.800000000 0.149794861700
857.740000000 6.400000000 -0.242298334800
872.490000000 6.800000000 0.010787450700
869.490000000 6.000000000 0.187848016600
856.990000000 6.800000000 0.015834162000
863.740000000 10.000000000 0.237815544000
863.990000000 9.400000000 0.209729090300
857.240000000 8.200000000 -0.061448074900
863.490000000 8.800000000 0.261836320200
875.740000000 9.600000000 -0.121391236800
858.490000000 8.600000000 -0.187261477100
856.990000000 7.800000000 0.040791001200
863.990000000 10.000000000 0.202331081000
857.740000000 8.400000000 -0.261049926300
868.490000000 7.000000000 0.172574594600
865.990000000 8.200000000 -0.281932890400
863.740000000 9.000000000 0.250339031200
864.240000000 9.600000000 0.151190266000
856.990000000 6.600000000 0.011457009200
857.490000000 6.400000000 -0.171696320200
857.990000000 6.200000000 -0.272647589400
857.240000000 6.400000000 -0.081565760100
863.990000000 9.200000000 0.211713179900
872.490000000 6.400000000 0.007193156100
873.740000000 9.600000000 -0.143785104200
866.240000000 8.000000000 -0.294653117700
873.990000000 9.800000000 -0.156300336100
864.240000000 9.400000000 0.152756974100
867.490000000 7.200000000 -0.092864558100
869.240000000 7.400000000 0.194692403100
868.740000000 7.000000000 0.206310644700
856.990000000 8.000000000 0.044748000800
875.490000000 10.000000000 -0.183309227200
865.240000000 8.400000000 -0.078161917600
862.740000000 9.800000000 0.134230226300
857.490000000 8.400000000 -0.174495294700
869.240000000 6.600000000 0.190792441400
856.990000000 6.400000000 0.003604795300
873.240000000 9.000000000 -0.115094952300
868.990000000 6.800000000 0.217107191700
875.990000000 9.200000000 -0.037380266900
863.240000000 8.400000000 0.233553126500
870.490000000 6.600000000 0.208362698600
868.990000000 7.400000000 0.146851226700
870.240000000 10.000000000 0.155489206300
857.240000000 8.400000000 -0.059279270500
872.990000000 8.600000000 -0.066327326000
864.740000000 8.800000000 0.092486038800
874.240000000 10.000000000 -0.172804012900
858.240000000 8.600000000 -0.261048495800
864.240000000 9.200000000 0.154125809700
876.240000000 6.400000000 0.017471399200
872.740000000 8.000000000 -0.008832366200
863.990000000 9.000000000 0.213538765900
858.740000000 8.800000000 -0.090056181000
876.240000000 8.600000000 0.039649713800
858.990000000 8.800000000 -0.007954476400
870.490000000 9.400000000 0.135077461600
862.990000000 8.000000000 0.161480620500
869.490000000 6.200000000 0.186712354400
856.990000000 8.200000000 0.048540212200
863.740000000 8.800000000 0.251950591800
857.240000000 6.200000000 -0.085716016600
872.490000000 7.000000000 0.016691077500
873.490000000 9.400000000 -0.138287916800
859.240000000 8.400000000 0.045537497800
868.490000000 7.200000000 0.176456719600
862.740000000 7.800000000 0.075757816400
856.990000000 6.200000000 -0.004166436800
863.490000000 8.600000000 0.261442989100
871.240000000 8.200000000 0.110716119400
870.990000000 8.600000000 0.120645754000
868.240000000 6.200000000 0.114590048800
868.240000000 6.000000000 0.109506182400
857.990000000 8.600000000 -0.291158676100
862.490000000 8.800000000 0.028490224900
862.490000000 8.600000000 0.022771677000
857.740000000 6.200000000 -0.237975031100
868.240000000 6.400000000 0.114438138900
862.740000000 10.000000000 0.138517975800
869.240000000 6.800000000 0.189717248100
857.490000000 6.200000000 -0.170938581200
859.490000000 6.600000000 0.083934068700
864.240000000 9.000000000 0.155270814900
859.490000000 6.800000000 0.084237016700
862.490000000 9.000000000 0.034336842600
871.490000000 7.400000000 0.102735452400
868.740000000 7.200000000 0.207907185000
868.240000000 6.600000000 0.119608484200
862.490000000 8.400000000 0.017183737800
859.490000000 6.400000000 0.083233073400
871.240000000 6.600000000 0.154486671100
857.740000000 8.600000000 -0.260080575900
871.490000000 7.600000000 0.098279781600
856.990000000 8.400000000 0.052130956200
868.990000000 7.000000000 0.208967194000
863.990000000 8.800000000 0.215451836600
856.990000000 6.000000000 -0.011705287700
875.740000000 9.800000000 -0.122722759800
857.240000000 8.600000000 -0.057064894600
857.490000000 8.600000000 -0.173260003300
859.490000000 7.000000000 0.081653662000
871.490000000 7.200000000 0.107768178000
856.740000000 7.000000000 0.096761390600
862.490000000 9.200000000 0.040247555800
856.740000000 6.800000000 0.091089010200
856.740000000 7.200000000 0.102309264200
868.240000000 6.800000000 0.118940420400
857.240000000 6.000000000 -0.089534744600
856.740000000 6.600000000 0.082048460800
856.740000000 7.400000000 0.111102625700
859.490000000 6.200000000 0.082136847100
876.490000000 7.400000000 0.073597006500
876.490000000 7.600000000 0.075727701200
862.490000000 8.200000000 0.011757143800
869.490000000 6.400000000 0.185445889800
863.240000000 8.200000000 0.229140311500
863.740000000 8.600000000 0.253100156800
857.990000000 6.000000000 -0.268332630400
865.740000000 8.200000000 -0.227439194900
869.240000000 7.000000000 0.188470840500
870.490000000 9.600000000 0.139649495500
856.740000000 6.400000000 0.072996579100
875.990000000 9.400000000 -0.039098192000
856.740000000 7.600000000 0.116477847100
864.240000000 8.800000000 0.156189709900
869.490000000 7.200000000 0.208689779000
858.490000000 8.800000000 -0.181817427300
873.990000000 10.000000000 -0.150950670200
859.490000000 7.200000000 0.081245884300
876.240000000 8.800000000 0.038896676200
868.240000000 7.000000000 0.124096937500
873.740000000 9.800000000 -0.138983413600
872.490000000 7.200000000 0.020716579600
876.490000000 7.200000000 0.070528730800
862.490000000 9.400000000 0.046210497600
871.490000000 7.800000000 0.094524376100
876.490000000 7.800000000 0.076949708200
856.740000000 6.200000000 0.064087592100
856.990000000 8.600000000 0.055508382600
862.990000000 7.800000000 0.155170902600
870.740000000 9.000000000 0.127361849000
871.490000000 7.000000000 0.113296881300
866.740000000 7.400000000 -0.237109348200
863.490000000 8.400000000 0.260334312900
856.740000000 7.800000000 0.121653027800
870.990000000 6.400000000 0.183756753800
868.990000000 7.200000000 0.208649009500
872.740000000 8.200000000 -0.009773603600
857.490000000 6.000000000 -0.169772654800
863.990000000 8.600000000 0.216839805200
862.740000000 7.600000000 0.068992830800
876.240000000 6.200000000 0.008948988300
859.490000000 6.000000000 0.080634512000
873.240000000 9.200000000 -0.115452230000
856.740000000 6.000000000 0.055484596600
858.990000000 9.000000000 -0.008063295900
866.990000000 7.200000000 -0.191440716400
859.240000000 8.600000000 0.045177012700
872.490000000 6.200000000 0.011252729200
857.240000000 8.800000000 -0.054804138800
862.490000000 8.000000000 0.006503577300
872.990000000 8.800000000 -0.068531036400
868.240000000 7.200000000 0.122871942800
869.740000000 7.000000000 0.210456818300
857.740000000 6.000000000 -0.232767373300
856.740000000 8.000000000 0.126581773200
858.240000000 8.800000000 -0.257442176300
862.490000000 9.600000000 0.052173402200
869.240000000 7.200000000 0.187082916500
867.740000000 7.200000000 -0.062402568800
859.490000000 7.400000000 0.080447085200
869.990000000 6.800000000 0.207679241900
873.490000000 9.600000000 -0.135661765900
858.740000000 9.000000000 -0.085964433800
870.740000000 6.400000000 0.198798939600
857.490000000 8.800000000 -0.171595290300
876.490000000 7.000000000 0.066484712100
864.490000000 9.000000000 0.076424583800
876.490000000 8.000000000 0.077228881400
864.240000000 8.600000000 0.156840249900
857.990000000 8.800000000 -0.288780689200
869.490000000 6.600000000 0.184061721000
865.490000000 8.200000000 -0.153218790900
857.740000000 8.800000000 -0.258403837700
875.740000000 10.000000000 -0.124382220200
870.490000000 9.800000000 0.141600608800
856.990000000 8.800000000 0.058621671100
856.740000000 8.200000000 0.131256595300
863.740000000 8.400000000 0.253688663200
871.490000000 6.800000000 0.118523962800
870.240000000 6.600000000 0.204972609900
872.490000000 7.400000000 0.024856222800
876.240000000 9.000000000 0.034381073000
875.990000000 9.600000000 -0.041296746600
863.240000000 8.000000000 0.226052761100
862.490000000 9.800000000 0.058086935400
871.240000000 6.400000000 0.159728393000
871.240000000 8.400000000 0.106672920300
864.490000000 8.800000000 0.076644577100
863.990000000 8.400000000 0.217832833500
862.490000000 7.800000000 0.001411830300
866.490000000 7.600000000 -0.272549063000
865.740000000 8.000000000 -0.197587370900
876.490000000 8.200000000 0.077979087800
859.490000000 7.600000000 0.079263851000
871.490000000 8.000000000 0.091645620800
863.490000000 8.200000000 0.260684400800
856.740000000 8.400000000 0.135634943800
857.240000000 9.000000000 -0.054830074300
864.990000000 8.400000000 0.009989136800
876.490000000 6.800000000 0.061784256200
873.740000000 10.000000000 -0.133991316000
872.740000000 8.400000000 -0.010968339600
862.990000000 7.600000000 0.148011207600
864.240000000 8.400000000 0.157181829200
869.490000000 6.800000000 0.182582303900
858.490000000 9.000000000 -0.176960974900
867.990000000 7.200000000 -0.041511248800
865.740000000 7.800000000 -0.195094302300
870.490000000 10.000000000 0.144522324200
862.490000000 10.000000000 0.063912734400
856.990000000 9.000000000 0.058882363100
865.990000000 8.000000000 -0.157117635000
859.240000000 8.800000000 0.041331846300
857.490000000 9.000000000 -0.170639038100
870.990000000 8.800000000 0.115442104600
862.740000000 7.400000000 0.062009133400
876.240000000 6.000000000 -0.002064575700
873.240000000 9.400000000 -0.115497164400
864.490000000 8.600000000 0.076746702200
858.990000000 9.200000000 -0.006461903500
872.990000000 9.000000000 -0.070361301300
864.740000000 8.600000000 0.088722646200
871.490000000 6.600000000 0.124196909400
872.490000000 7.600000000 0.027724133800
856.740000000 8.600000000 0.139664992700
871.740000000 7.400000000 0.073672361700
865.990000000 7.800000000 -0.156121268900
865.740000000 7.600000000 -0.192640811200
873.490000000 9.800000000 -0.132699474700
870.490000000 6.400000000 0.200833186500
857.740000000 9.000000000 -0.255496352900
863.740000000 8.200000000 0.255072504300
858.740000000 9.200000000 -0.082410171600
876.240000000 9.200000000 0.032467111900
865.240000000 8.200000000 -0.068125352300
876.490000000 8.400000000 0.076717257500
871.740000000 7.200000000 0.077321626200
875.990000000 9.800000000 -0.043982740500
859.490000000 7.800000000 0.074960842700
862.490000000 7.600000000 -0.003534405700
858.240000000 9.000000000 -0.253304034500
866.240000000 7.800000000 -0.286115258900
870.740000000 9.200000000 0.128244251000
863.990000000 8.200000000 0.218370184300
857.990000000 9.000000000 -0.283901751000
857.240000000 9.200000000 -0.052479334200
871.740000000 7.600000000 0.070988342200
865.990000000 7.600000000 -0.155172675800
865.490000000 8.000000000 -0.230309456600
863.240000000 7.800000000 0.219954893000
869.490000000 7.000000000 0.180993050300
876.490000000 6.600000000 0.055589109700
856.990000000 9.200000000 0.061747971900
867.490000000 7.000000000 -0.096708729900
865.740000000 7.400000000 -0.190191969300
867.240000000 7.000000000 -0.144416287500
864.240000000 8.200000000 0.157221689800
856.740000000 8.800000000 0.143275573800
864.490000000 8.400000000 0.076750986300
872.740000000 8.600000000 -0.012428088100
863.490000000 8.000000000 0.258116394300
872.490000000 6.000000000 0.017506783800
871.740000000 7.000000000 0.081768907600
865.990000000 7.400000000 -0.154227629300
872.490000000 7.800000000 0.029342830200
857.490000000 9.200000000 -0.168485745800
865.490000000 7.800000000 -0.227300792900
869.740000000 6.000000000 0.170318916400
870.990000000 6.200000000 0.184640958900
865.740000000 7.200000000 -0.187791928600
870.740000000 9.400000000 0.128717526800
869.740000000 6.800000000 0.194608360500
862.990000000 7.400000000 0.139581292900
859.240000000 9.000000000 0.040410798000
876.490000000 8.600000000 0.076172001700
871.490000000 6.400000000 0.130712613500
859.490000000 8.000000000 0.073183588700
876.240000000 9.400000000 0.030020555500
871.240000000 6.200000000 0.164875060300
856.740000000 9.000000000 0.144252196000
869.990000000 6.600000000 0.192941427200
873.240000000 9.600000000 -0.113944411300
865.990000000 7.200000000 -0.153318420100
859.240000000 9.400000000 -0.177470877800
875.990000000 10.000000000 -0.047161184300
858.490000000 9.200000000 -0.171954616900
872.990000000 9.200000000 -0.072068333600
858.990000000 9.400000000 -0.007126333700
862.490000000 7.400000000 -0.008373192500
871.490000000 8.200000000 0.089729711400
863.740000000 8.000000000 0.254660874600
856.990000000 9.400000000 0.064318418500
857.740000000 9.200000000 -0.253008455000
865.490000000 7.600000000 -0.224236205200
862.740000000 7.200000000 0.055040918300
857.240000000 9.400000000 -0.049988489600
873.490000000 10.000000000 -0.129368111500
864.490000000 8.200000000 0.075635038300
863.990000000 8.000000000 0.218309506800
871.740000000 7.800000000 0.069385245400
865.740000000 7.000000000 -0.185421928800
859.240000000 9.200000000 -0.180013686400
871.740000000 6.800000000 0.087044671200
876.490000000 6.400000000 0.048383351400
864.240000000 8.000000000 0.156875401700
870.740000000 9.600000000 0.134036988000
859.490000000 9.400000000 -0.117446005300
869.740000000 6.200000000 0.168636113400
858.740000000 9.400000000 -0.078517101700
872.490000000 8.000000000 0.031800799100
859.490000000 9.200000000 -0.121443018300
870.740000000 6.200000000 0.193775907200
865.990000000 7.000000000 -0.152418643200
872.240000000 6.800000000 0.024762114500
871.990000000 7.200000000 0.046994734600
870.240000000 6.400000000 0.191461548200
857.990000000 9.200000000 -0.280619561700
862.240000000 8.800000000 -0.042759608500
872.240000000 7.000000000 0.019711643500
871.240000000 8.600000000 0.103522770100
872.240000000 7.200000000 0.016638271500
859.240000000 9.600000000 -0.174355611200
862.240000000 9.000000000 -0.036408323800
872.740000000 8.800000000 -0.013856343000
862.240000000 8.600000000 -0.047125015400
871.990000000 7.400000000 0.044635556600
872.240000000 6.600000000 0.032152824100
858.240000000 9.200000000 -0.247063502700
863.240000000 7.600000000 0.214720651500
856.740000000 9.200000000 0.147415742300
862.240000000 9.200000000 -0.031535279000
865.490000000 7.400000000 -0.221088692500
867.990000000 6.800000000 0.068314902500
859.490000000 8.200000000 0.018535709000
867.990000000 6.600000000 0.063864901700
876.490000000 8.800000000 0.073331296400
862.240000000 8.400000000 -0.051245242400
867.990000000 7.000000000 0.073265552500
867.740000000 7.000000000 -0.060450308000
867.990000000 6.400000000 0.063516430600
857.490000000 9.400000000 -0.165721640000
865.740000000 6.800000000 -0.183127641700
862.240000000 9.400000000 -0.024793246800
866.240000000 7.600000000 -0.113732203800
863.490000000 7.800000000 0.254569619900
876.240000000 9.600000000 0.022431362400
867.990000000 6.200000000 0.063106782700
865.240000000 8.000000000 -0.247466698300
870.740000000 9.800000000 0.136522039800
865.990000000 6.800000000 -0.151558592900
871.990000000 7.000000000 0.050952591000
862.240000000 8.200000000 -0.055127259300
859.490000000 9.600000000 -0.114630579900
867.990000000 6.000000000 0.058773528800
856.990000000 9.600000000 0.063964091200
862.240000000 9.600000000 -0.019407002300
864.490000000 8.000000000 0.075605854400
871.740000000 6.600000000 0.093098744800
872.240000000 7.400000000 0.015058846200
866.740000000 7.200000000 -0.235551565900
869.740000000 6.400000000 0.166879549600
864.990000000 8.200000000 0.012318784400
857.240000000 9.600000000 -0.049940325300
872.490000000 8.200000000 0.032976664600
865.490000000 7.200000000 -0.217904835900
871.490000000 6.200000000 0.137896791100
859.490000000 9.000000000 -0.126147568200
876.240000000 10.000000000 -0.102727770800
873.240000000 9.800000000 -0.113185651600
872.990000000 9.400000000 -0.073613382900
862.490000000 7.200000000 -0.013144375800
866.240000000 7.400000000 -0.114317752400
864.740000000 8.400000000 -0.017191575800
862.240000000 9.800000000 -0.013795916900
865.740000000 6.600000000 -0.180885270200
856.740000000 9.400000000 0.150050878500
862.990000000 7.200000000 0.131138920800
872.240000000 6.400000000 0.037914644900
862.240000000 8.000000000 -0.060983333700
870.740000000 10.000000000 0.145293235800
859.490000000 8.400000000 0.018475409600
863.990000000 7.800000000 0.218591213200
858.990000000 9.600000000 -0.006112110300
870.990000000 9.000000000 0.111214503600
857.740000000 9.400000000 -0.249638080600
864.240000000 7.800000000 0.156431764400
865.240000000 7.800000000 -0.245050296200
863.740000000 7.800000000 0.253342777500
865.990000000 6.600000000 -0.150710955300
871.990000000 7.600000000 0.043441116800
876.490000000 10.000000000 -0.066973879900
876.490000000 6.200000000 0.039740208500
866.990000000 7.000000000 -0.194425374300
870.490000000 6.200000000 0.189935252100
858.490000000 9.400000000 -0.166013285500
866.490000000 7.400000000 -0.265579491900
872.740000000 9.000000000 -0.015734812200
876.490000000 9.000000000 0.071666955900
859.240000000 9.800000000 -0.172042772200
871.990000000 6.800000000 0.055769275900
862.240000000 10.000000000 -0.006259120100
866.240000000 7.200000000 -0.114883542100
876.240000000 9.800000000 0.018695348900
865.490000000 7.000000000 -0.214673250900
862.740000000 7.000000000 0.048134125800
869.740000000 6.600000000 0.178178638200
858.740000000 9.600000000 -0.075248323400
857.490000000 9.600000000 -0.163862571100
856.990000000 9.800000000 0.066353350900
862.240000000 7.800000000 -0.064563140300
857.990000000 9.400000000 -0.276494473200
872.490000000 8.400000000 0.033913020000
864.740000000 8.200000000 -0.016770431800
865.740000000 6.400000000 -0.178724050500
871.740000000 6.400000000 0.099608466000
865.240000000 7.600000000 -0.242454767200
865.990000000 6.400000000 -0.149893686200
871.740000000 8.000000000 0.068770028700
864.490000000 7.800000000 0.075423203400
869.990000000 6.400000000 0.176928207300
859.490000000 9.800000000 -0.112003460500
858.240000000 9.400000000 -0.242195129400
863.240000000 7.400000000 0.206917837300
856.740000000 9.600000000 0.150029987100
857.240000000 9.800000000 -0.047184895700
871.240000000 6.000000000 0.168465882500
859.490000000 8.600000000 0.017276631700
866.240000000 7.000000000 -0.115401186000
863.490000000 7.600000000 0.252164304300
864.990000000 8.000000000 -0.240978941300
870.990000000 6.000000000 0.182101696700
865.490000000 6.800000000 -0.211450249000
871.990000000 6.600000000 0.061310499900
873.240000000 10.000000000 -0.113508120200
872.990000000 9.600000000 -0.075001649600
872.240000000 7.600000000 0.013960191000
871.490000000 8.400000000 0.088606834400
872.240000000 6.200000000 0.044231277000
876.490000000 9.200000000 0.067016899600
858.990000000 9.800000000 -0.230598181500
870.990000000 9.200000000 0.132156774400
865.990000000 6.200000000 -0.149088650900
862.240000000 7.600000000 -0.068006053600
872.740000000 9.200000000 -0.017449116300
865.240000000 7.400000000 -0.239651724700
862.490000000 7.000000000 -0.017917856600
864.240000000 7.600000000 0.155489549000
865.740000000 6.200000000 -0.176630526800
867.490000000 6.800000000 -0.101863466200
876.490000000 6.000000000 0.029579367500
859.490000000 8.800000000 -0.129801705500
870.240000000 6.200000000 0.176265880500
872.490000000 8.600000000 0.033739622700
857.740000000 9.600000000 -0.245186671600
863.990000000 7.600000000 0.217512264800
864.740000000 8.000000000 -0.016170121700
866.240000000 6.800000000 -0.115887932500
863.740000000 7.600000000 0.252814382300
871.490000000 6.000000000 0.145304665000
856.740000000 9.800000000 0.152191370700
856.990000000 10.000000000 0.068430058700
870.990000000 9.400000000 0.133685708000
864.990000000 7.800000000 -0.239509061000
871.740000000 6.200000000 0.107148237500
859.740000000 9.200000000 -0.072870850600
857.490000000 9.800000000 -0.160434886800
858.490000000 9.600000000 -0.160798385700
865.490000000 6.600000000 -0.208216190300
859.740000000 9.400000000 -0.070117078700
859.240000000 10.000000000 -0.170090541200
864.490000000 7.600000000 0.074096307200
870.740000000 6.000000000 0.184136182100
871.990000000 7.800000000 0.043084792800
862.990000000 7.000000000 0.122045740500
872.240000000 7.800000000 0.057464163800
865.990000000 6.000000000 -0.148293629300
858.740000000 9.800000000 -0.071700595300
867.240000000 6.800000000 -0.150355830800
865.240000000 7.200000000 -0.236673548800
859.740000000 6.400000000 0.084029480800
871.990000000 6.400000000 0.068115137500
870.990000000 9.600000000 0.136079728600
866.240000000 6.600000000 -0.116318620700
857.240000000 10.000000000 -0.047073815000
865.740000000 6.000000000 -0.174604907600
871.240000000 8.800000000 0.101034835000
859.740000000 6.600000000 0.082576923100
859.740000000 6.200000000 0.085199698800
862.240000000 7.400000000 -0.068906687200
857.990000000 9.600000000 -0.269961535900
876.490000000 9.400000000 0.064273633100
859.490000000 10.000000000 -0.111246042000
872.490000000 8.800000000 0.034140761900
867.740000000 6.800000000 -0.061395712200
859.740000000 9.000000000 -0.076034270200
870.990000000 9.800000000 0.139409691100
859.740000000 9.600000000 -0.069035373600
864.740000000 7.800000000 -0.015347209800
859.740000000 6.000000000 0.086053863200
859.740000000 6.800000000 0.080829992900
862.740000000 6.800000000 0.041294243200
872.990000000 9.800000000 -0.076203979600
864.990000000 7.600000000 -0.237799495500
872.740000000 9.400000000 -0.019237482900
872.240000000 8.000000000 0.059379067300
858.240000000 9.600000000 -0.236770674600
863.240000000 7.200000000 0.199529096500
865.490000000 6.400000000 -0.205010205500
872.240000000 6.000000000 0.052560381600
858.990000000 10.000000000 -0.227086439700
870.990000000 10.000000000 0.143757194300
866.240000000 6.400000000 -0.116702780100
856.740000000 10.000000000 0.153703212700
863.490000000 7.400000000 0.248472467100
869.990000000 6.200000000 0.161011830000
864.240000000 7.400000000 0.154302805700
870.490000000 6.000000000 0.175128176800
865.240000000 7.000000000 -0.233507469300
859.740000000 7.000000000 0.076875761200
857.740000000 9.800000000 -0.240930333700
866.490000000 7.200000000 -0.071491323400
862.490000000 6.800000000 -0.022769790100
876.490000000 9.800000000 -0.063843607900
863.990000000 7.400000000 0.216597333600
869.990000000 6.000000000 0.140227064500
872.240000000 8.200000000 0.061433967200
871.990000000 6.200000000 0.075131818700
872.490000000 9.000000000 0.033557221300
871.740000000 6.000000000 0.115456104300
864.490000000 7.400000000 0.073883362100
864.990000000 7.400000000 -0.235817700600
857.490000000 10.000000000 -0.157798185900
876.490000000 9.600000000 0.061001576500
871.740000000 8.200000000 0.068746410300
859.740000000 9.800000000 -0.068881638300
863.740000000 7.400000000 0.249647662000
862.240000000 7.200000000 -0.072082556800
866.240000000 6.200000000 -0.117022924100
859.740000000 7.200000000 0.074648559100
864.740000000 7.600000000 -0.016310481400
865.490000000 6.200000000 -0.201825395200
866.490000000 7.000000000 -0.072860226000
859.740000000 8.800000000 -0.080486938400
865.240000000 6.800000000 -0.230207279300
870.240000000 6.000000000 0.160431549000
858.490000000 9.800000000 -0.154606014500
872.740000000 9.600000000 -0.021094942500
866.740000000 7.000000000 -0.230766892400
858.740000000 10.000000000 -0.068691887000
859.740000000 7.400000000 0.051221396800
871.240000000 9.000000000 0.138334482900
872.240000000 8.400000000 0.063546001900
872.990000000 10.000000000 -0.077196963100
857.990000000 9.800000000 -0.131469875600
871.240000000 9.200000000 0.140117362100
859.740000000 7.600000000 0.051044702500
864.990000000 7.200000000 -0.233571082400
872.490000000 9.200000000 0.033433519300
866.240000000 6.000000000 -0.117277465800
862.990000000 6.800000000 0.112667359400
871.240000000 9.400000000 0.137132555200
866.490000000 6.800000000 -0.074173651600
861.990000000 9.200000000 -0.087393879900
861.990000000 9.000000000 -0.094950057600
871.990000000 6.000000000 0.084277451000
858.240000000 9.800000000 -0.229474380600
861.990000000 8.800000000 -0.098183445600
865.490000000 6.000000000 -0.198665902000
859.740000000 7.800000000 0.049618832800
872.240000000 8.600000000 0.065695814800
861.990000000 9.400000000 -0.083611033900
871.240000000 9.600000000 0.140498429500
871.990000000 8.000000000 0.042991358800
871.490000000 8.600000000 0.087823920000
864.240000000 7.200000000 0.152643844500
865.240000000 6.600000000 -0.226749897000
861.990000000 9.600000000 -0.075563974700
864.740000000 7.400000000 -0.207980170800
866.990000000 6.800000000 -0.195447713100
861.990000000 8.600000000 -0.101168476000
857.740000000 10.000000000 -0.235177561600
859.740000000 10.000000000 -0.068399623000
871.240000000 9.800000000 0.138540253000
861.990000000 9.800000000 -0.071272425400
864.490000000 7.200000000 0.073413327300
861.740000000 9.000000000 -0.060440477000
863.490000000 7.200000000 0.241804048400
862.740000000 6.600000000 0.034423165000
863.240000000 7.000000000 0.190943479500
861.740000000 8.800000000 -0.062637873000
862.240000000 7.000000000 -0.075220264500
861.740000000 9.200000000 -0.057877618800
861.740000000 9.400000000 -0.055082645300
861.990000000 8.400000000 -0.103905223300
861.990000000 10.000000000 -0.062852099500
871.240000000 10.000000000 0.137009203400
872.740000000 9.800000000 -0.023013670000
861.740000000 9.600000000 -0.052154552200
863.990000000 7.200000000 0.213986769300
864.990000000 7.000000000 -0.231038779000
861.740000000 8.600000000 -0.064481042300
866.490000000 6.600000000 -0.075413599600
859.740000000 8.000000000 0.048457417600
857.990000000 10.000000000 -0.137596026100
862.490000000 6.600000000 -0.027767252200
872.490000000 9.400000000 0.032369118200
872.240000000 8.800000000 0.067889772400
867.740000000 6.600000000 0.024908315400
861.740000000 8.400000000 -0.066389262700
861.740000000 9.800000000 -0.048864286400
861.990000000 8.200000000 -0.106379747400
871.490000000 8.800000000 0.144374460000
867.740000000 6.400000000 0.022619830400
871.990000000 8.200000000 0.086801156400
858.490000000 10.000000000 -0.240762025100
867.490000000 6.600000000 -0.107911124800
863.740000000 7.200000000 0.247141569900
861.740000000 8.200000000 -0.067837730100
864.740000000 7.200000000 -0.206466302300
865.240000000 6.400000000 -0.223175555500
861.740000000 10.000000000 -0.045083701600
871.490000000 9.000000000 0.141127690700
867.740000000 6.200000000 0.022000780300
859.740000000 8.600000000 -0.084704898300
866.490000000 6.400000000 -0.076584398700
859.740000000 8.200000000 0.046844657500
871.490000000 9.200000000 0.138218209100
872.240000000 9.000000000 0.070145808200
871.990000000 8.400000000 0.091861702500
861.990000000 8.000000000 -0.108598314200
871.740000000 8.400000000 0.133946225000
867.740000000 6.000000000 0.020354136800
861.740000000 8.000000000 -0.069025486700
864.990000000 6.800000000 -0.229678958700
871.490000000 9.400000000 0.135670527800
858.240000000 10.000000000 -0.184885755200
872.490000000 9.600000000 0.031115995700
871.740000000 8.600000000 0.131562724700
872.740000000 10.000000000 -0.024960210500
871.990000000 8.600000000 0.094236984800
861.740000000 7.800000000 -0.070088170500
871.490000000 9.600000000 0.133521661200
871.740000000 8.800000000 0.134924024300
864.740000000 7.000000000 -0.204639703000
864.240000000 7.000000000 0.150678843300
864.490000000 7.000000000 0.072282083300
865.240000000 6.200000000 -0.219478279400
872.240000000 9.200000000 0.069836176900
866.490000000 6.200000000 -0.077672667800
861.990000000 7.800000000 -0.110544487800
862.240000000 6.800000000 -0.075809761900
861.490000000 9.000000000 -0.080405116100
861.490000000 9.200000000 -0.078641220900
861.490000000 9.400000000 -0.077834822200
859.740000000 8.400000000 0.044803921100
861.490000000 8.800000000 -0.080933287700
871.490000000 9.800000000 0.131776496800
871.990000000 8.800000000 0.097111351800
861.490000000 9.600000000 -0.076703831600
871.740000000 9.000000000 0.133222684300
867.240000000 6.600000000 -0.154892757500
861.490000000 8.600000000 -0.081140324500
864.990000000 6.600000000 -0.226945504500
862.990000000 6.600000000 0.103264085900
861.740000000 7.600000000 -0.070813618600
871.490000000 10.000000000 0.130467921500
861.490000000 9.800000000 -0.075233511600
871.740000000 9.200000000 0.131791576700
861.490000000 8.400000000 -0.082270585000
872.490000000 9.800000000 0.029668029400
863.490000000 7.000000000 0.235550746300
863.990000000 7.000000000 0.211558610200
861.490000000 10.000000000 -0.072739534100
871.990000000 9.000000000 0.100529670700
872.240000000 9.400000000 0.069424517500
866.740000000 6.800000000 -0.028975399200
866.490000000 6.000000000 -0.078678928300
863.240000000 6.800000000 0.181204661700
864.740000000 6.800000000 -0.204954311300
861.990000000 7.600000000 -0.112221665700
871.740000000 9.400000000 0.130614832000
862.490000000 6.400000000 -0.032988134800
861.490000000 8.200000000 -0.082202024800
862.740000000 6.400000000 0.027400741400
865.240000000 6.000000000 -0.215662017500
859.990000000 9.200000000 -0.039832465400
859.990000000 9.400000000 -0.040014516600
871.990000000 9.200000000 0.104502566200
861.740000000 7.400000000 -0.071371205200
863.740000000 7.000000000 0.243328526600
871.740000000 9.600000000 0.129710063300
864.990000000 6.400000000 -0.223901733800
859.990000000 9.000000000 -0.041117001300
866.740000000 6.600000000 -0.030534913800
872.240000000 9.600000000 0.071552343700
861.490000000 8.000000000 -0.081833414700
859.990000000 9.600000000 -0.039706368000
871.990000000 9.400000000 0.104043833900
864.490000000 6.800000000 -0.156001970200
872.490000000 10.000000000 0.028026780100
871.740000000 9.800000000 0.129091590600
864.740000000 6.600000000 -0.202787682400
861.990000000 7.400000000 -0.113591179300
861.740000000 7.200000000 -0.071718208500
862.240000000 6.600000000 -0.078874632700
861.490000000 7.800000000 -0.082430765000
871.990000000 9.600000000 0.103650197400
864.240000000 6.800000000 0.148284912100
871.740000000 10.000000000 0.128761798100
866.740000000 6.400000000 -0.032072626100
872.240000000 9.800000000 0.070881195400
859.990000000 8.800000000 -0.043190222200
859.990000000 9.800000000 -0.039623711300
864.990000000 6.200000000 -0.220569625500
871.990000000 9.800000000 0.108731284700
864.490000000 6.600000000 -0.153353884800
861.490000000 7.600000000 -0.081783779000
866.740000000 6.200000000 -0.033579338300
864.740000000 6.400000000 -0.200223162800
867.490000000 6.400000000 0.073909863800
861.740000000 7.000000000 -0.071785338200
866.990000000 6.600000000 -0.192992776600
872.240000000 10.000000000 0.070072121900
867.490000000 6.200000000 0.072655372300
863.990000000 6.800000000 0.208119750000
861.990000000 7.200000000 -0.114601813300
871.990000000 10.000000000 0.108671210700
867.490000000 6.000000000 0.071305267500
863.490000000 6.800000000 0.227774485900
862.990000000 6.400000000 0.093855939800
859.990000000 10.000000000 -0.040499258800
864.990000000 6.000000000 -0.216935738900
866.740000000 6.000000000 -0.035057514900
864.240000000 6.600000000 -0.083081655200
862.490000000 6.200000000 -0.038456209000
863.240000000 6.600000000 0.170207932600
861.490000000 7.400000000 -0.081927307000
864.490000000 6.400000000 -0.150314822800
863.740000000 6.800000000 0.238083362600
862.740000000 6.200000000 0.020101744700
864.740000000 6.200000000 -0.197252512000
861.740000000 6.800000000 -0.071767970900
859.990000000 8.600000000 -0.046139288700
866.990000000 6.400000000 0.010489276600
862.240000000 6.400000000 -0.081863582100
867.240000000 6.400000000 0.046210009600
861.990000000 7.000000000 -0.115203164500
866.990000000 6.200000000 0.008816246900
864.240000000 6.400000000 -0.078771233600
861.490000000 7.200000000 -0.081000857100
867.240000000 6.200000000 0.044606506800
864.490000000 6.200000000 -0.150041386500
864.740000000 6.000000000 -0.196468472500
867.240000000 6.000000000 0.042904872400
866.990000000 6.000000000 0.007097278300
861.740000000 6.600000000 -0.071419358300
863.990000000 6.600000000 -0.000957020700
861.240000000 10.000000000 -0.079510860100
861.240000000 9.600000000 -0.081227518600
861.240000000 9.800000000 -0.079733990100
861.240000000 9.400000000 -0.081295423200
861.240000000 9.200000000 -0.081104695800
864.240000000 6.200000000 -0.077871955900
861.490000000 7.000000000 -0.080744333600
861.240000000 9.000000000 -0.082127414600
864.490000000 6.000000000 -0.146456405500
859.990000000 6.200000000 0.057083163400
861.990000000 6.800000000 -0.046435065600
859.990000000 7.000000000 0.063172623500
859.990000000 6.000000000 0.059514235700
859.990000000 7.200000000 0.062676705400
859.990000000 6.400000000 0.054518692200
859.990000000 6.800000000 0.063915669900
863.490000000 6.600000000 0.218401953600
861.240000000 8.800000000 -0.081790603700
859.990000000 7.400000000 0.060852319000
859.990000000 8.400000000 -0.049816642000
859.990000000 6.600000000 0.051825840000
863.990000000 6.400000000 0.004143055100
861.740000000 6.400000000 -0.071059204600
859.990000000 7.600000000 0.059316407900
861.240000000 8.600000000 -0.081204228100
862.490000000 6.000000000 -0.042746696600
862.990000000 6.200000000 0.084362156700
863.740000000 6.600000000 0.229756638400
862.240000000 6.200000000 -0.082449697000
863.240000000 6.400000000 0.158746585200
864.240000000 6.000000000 -0.073163494500
861.990000000 6.600000000 -0.047147054200
861.240000000 8.400000000 -0.081862576300
862.740000000 6.000000000 0.012327727900
861.490000000 6.800000000 -0.079531788800
859.990000000 7.800000000 0.057211834900
863.990000000 6.200000000 0.009302480100
861.240000000 8.200000000 -0.081106521200
859.990000000 8.000000000 0.054613076200
861.740000000 6.200000000 -0.070389576300
861.990000000 6.400000000 -0.048976808800
861.240000000 8.000000000 -0.081388883300
861.490000000 6.600000000 -0.078933283700
859.990000000 8.200000000 0.051611594900
863.990000000 6.000000000 0.010668247900
861.240000000 7.800000000 -0.080444164600
863.490000000 6.400000000 0.206712558900
863.740000000 6.400000000 0.086386643400
861.990000000 6.200000000 -0.049385584900
861.740000000 6.000000000 -0.069702051600
860.240000000 9.200000000 -0.015878027300
860.240000000 9.400000000 -0.015651816500
862.240000000 6.000000000 -0.085110068300
860.240000000 9.000000000 -0.015891401100
861.240000000 7.600000000 -0.080416739000
860.240000000 9.600000000 -0.015566299700
861.490000000 6.400000000 -0.077426649600
862.990000000 6.000000000 0.075390167500
863.240000000 6.200000000 0.146937325600
860.240000000 8.800000000 -0.017291292500
863.740000000 6.200000000 0.087149329500
860.240000000 9.800000000 -0.016130166100
861.240000000 7.400000000 -0.079258881500
861.990000000 6.000000000 -0.050928436200
860.240000000 8.600000000 -0.019793706000
860.240000000 10.000000000 -0.015988146900
863.740000000 6.000000000 0.090760760000
861.490000000 6.200000000 -0.076530136200
861.240000000 7.200000000 -0.078959822700
863.490000000 6.200000000 0.194620877500
860.240000000 8.400000000 -0.023639801900
861.240000000 7.000000000 -0.077562212900
860.990000000 10.000000000 -0.073078192800
861.490000000 6.000000000 -0.075380697800
860.990000000 9.800000000 -0.073904633500
863.240000000 6.000000000 0.135783389200
860.990000000 9.600000000 -0.073628701300
860.990000000 9.400000000 -0.073196463300
861.240000000 6.800000000 -0.077023267700
860.990000000 9.200000000 -0.073696084300
860.240000000 7.200000000 0.053864691400
860.240000000 7.000000000 0.055928800300
860.990000000 9.000000000 -0.073231458700
860.240000000 7.400000000 0.051476299800
860.240000000 6.800000000 0.057404141900
860.990000000 8.800000000 -0.072583422100
860.240000000 7.600000000 0.049068506800
860.990000000 8.600000000 -0.072866916700
860.240000000 6.600000000 0.058770086600
860.990000000 8.400000000 -0.072154939200
860.240000000 7.800000000 0.046209912700
860.240000000 8.200000000 -0.028858542400
861.240000000 6.600000000 -0.076242148900
860.490000000 6.600000000 -0.068635761700
860.490000000 6.400000000 -0.067714117500
860.990000000 8.200000000 -0.072174862000
860.490000000 6.800000000 -0.069333739600
860.990000000 7.800000000 -0.038038950400
860.990000000 7.600000000 -0.038631897400
860.490000000 6.200000000 -0.066556349400
860.240000000 6.400000000 0.060050521000
860.990000000 8.000000000 -0.041154827900
860.490000000 7.000000000 -0.069805748800
860.990000000 7.400000000 -0.034996002900
863.490000000 6.000000000 0.144594386200
860.240000000 8.000000000 0.043016105900
860.490000000 6.000000000 -0.065155789300
860.240000000 6.200000000 0.016689794100
860.490000000 7.200000000 -0.070071145900
860.240000000 6.000000000 0.019424486900
860.990000000 7.200000000 -0.031194975600
860.740000000 7.800000000 -0.000618685600
860.740000000 7.600000000 0.002476334600
860.740000000 8.000000000 -0.003746722400
860.490000000 7.400000000 -0.070123739500
860.740000000 8.200000000 -0.006839911900
860.740000000 7.400000000 0.002857925600
861.240000000 6.400000000 -0.074578486400
860.990000000 7.000000000 -0.030506713300
860.490000000 7.600000000 -0.069980375500
860.740000000 8.400000000 -0.009851519900
860.740000000 7.200000000 0.006145534600
860.740000000 8.600000000 -0.012749480100
860.490000000 7.800000000 -0.069643795500
860.990000000 6.800000000 -0.026241095700
860.740000000 7.000000000 0.009194071400
860.490000000 8.000000000 0.024322340300
861.240000000 6.200000000 -0.073583081400
860.740000000 8.800000000 -0.015478675300
860.490000000 8.200000000 0.021332100000
860.740000000 6.800000000 0.010302669400
860.490000000 8.400000000 0.018290206800
860.990000000 6.600000000 -0.024683252000
860.740000000 9.000000000 -0.018016366300
860.740000000 6.600000000 -0.050607703600
860.490000000 8.600000000 0.015237806400
860.990000000 6.400000000 -0.065792568000
861.240000000 6.000000000 -0.072405688500
860.740000000 6.400000000 -0.049288783200
860.740000000 9.200000000 -0.020318316300
860.740000000 6.200000000 -0.063335493200
860.740000000 6.000000000 -0.063109375500
860.490000000 8.800000000 0.012237331800
860.490000000 9.200000000 0.006392752300
860.490000000 9.000000000 0.003297320300
860.990000000 6.200000000 -0.064716279500
860.490000000 9.400000000 0.008857764300
860.490000000 9.600000000 0.010674563200
860.740000000 9.400000000 -0.028312129900
860.990000000 6.000000000 -0.063279755400
860.490000000 9.800000000 0.011725934200
860.740000000 9.600000000 -0.030336629600
860.490000000 10.000000000 0.013090665500
860.740000000 9.800000000 -0.032027240800
860.740000000 10.000000000 -0.060995597400
