952.970000000 9.000000000 -0.023676149500
953.220000000 9.000000000 -0.184532567900
952.970000000 9.200000000 -0.020961562200
953.220000000 8.800000000 -0.185035541700
952.970000000 9.400000000 -0.020743988500
953.220000000 9.200000000 -0.180664554200
952.970000000 8.800000000 -0.024752510700
953.220000000 8.600000000 -0.188794374500
953.220000000 9.400000000 -0.180381074500
952.970000000 8.600000000 -0.028319465000
952.970000000 9.600000000 -0.019141262400
953.470000000 9.000000000 -0.329015046400
953.470000000 8.800000000 -0.329667359600
953.220000000 9.600000000 -0.176930874600
952.720000000 9.400000000 0.130321413300
952.720000000 9.200000000 0.129257291600
953.220000000 8.400000000 -0.189389228800
952.720000000 9.000000000 0.127743780600
952.970000000 9.800000000 -0.019544271800
953.470000000 9.200000000 -0.324893802400
952.970000000 8.400000000 -0.030240859800
953.470000000 8.600000000 -0.332564145300
952.720000000 9.600000000 0.130305677700
952.720000000 8.800000000 0.125483989700
953.470000000 9.400000000 -0.323523163800
953.220000000 9.800000000 -0.176625788200
952.720000000 9.800000000 0.130240395700
952.970000000 10.000000000 -0.019155887900
953.220000000 8.200000000 -0.192374289000
953.470000000 8.400000000 -0.332132607700
953.720000000 9.000000000 -0.434129774600
952.720000000 8.600000000 0.122435212100
952.970000000 8.200000000 -0.034228839000
953.720000000 8.800000000 -0.435103476000
953.470000000 9.600000000 -0.318853706100
953.720000000 9.200000000 -0.430977374300
954.720000000 9.000000000 -0.221389591700
953.220000000 10.000000000 -0.173915728900
954.470000000 9.000000000 -0.364175289900
954.720000000 8.800000000 -0.218677863500
954.720000000 9.200000000 -0.223840951900
953.720000000 8.600000000 -0.435984402900
952.720000000 10.000000000 0.128783315400
954.470000000 8.800000000 -0.362518489400
954.970000000 9.000000000 -0.061278764200
954.470000000 9.200000000 -0.366515129800
954.970000000 8.800000000 -0.058797396700
954.720000000 8.600000000 -0.214713811900
953.970000000 9.000000000 -0.480657726500
954.220000000 9.000000000 -0.456808090200
953.720000000 9.400000000 -0.428135663300
952.720000000 8.400000000 0.118972726200
954.720000000 9.400000000 -0.226415634200
953.970000000 8.800000000 -0.481390416600
954.970000000 8.600000000 -0.055703342000
954.970000000 9.200000000 -0.065313085900
954.220000000 8.800000000 -0.456505447600
953.470000000 9.800000000 -0.316787034300
953.470000000 8.200000000 -0.333071738500
954.220000000 9.200000000 -0.457605630200
953.970000000 9.200000000 -0.479374438500
954.470000000 8.600000000 -0.357943415600
954.470000000 9.400000000 -0.366068244000
953.220000000 8.000000000 -0.192589104200
952.470000000 9.400000000 0.247513085600
952.970000000 8.000000000 -0.036735564500
952.470000000 9.200000000 0.246842458800
954.970000000 9.400000000 -0.067955084100
954.970000000 8.400000000 -0.053931061200
954.720000000 8.400000000 -0.211627632400
953.720000000 8.400000000 -0.434538960500
952.470000000 9.000000000 0.244527250500
953.970000000 8.600000000 -0.479715406900
954.720000000 9.600000000 -0.228142440300
952.470000000 9.600000000 0.248310953400
954.220000000 8.600000000 -0.452732771600
954.220000000 9.400000000 -0.454951286300
953.970000000 9.400000000 -0.475832462300
953.720000000 9.600000000 -0.423390239500
955.220000000 8.800000000 0.081867449000
954.970000000 9.600000000 -0.072545446500
955.220000000 9.000000000 0.080910436800
955.220000000 8.600000000 0.084163777500
954.970000000 8.200000000 -0.052219867700
952.720000000 8.200000000 0.114520832900
954.470000000 8.400000000 -0.354314595500
954.470000000 9.600000000 -0.364185303400
953.470000000 10.000000000 -0.312065154300
952.470000000 9.800000000 0.247338801600
952.470000000 8.800000000 0.241136416800
955.220000000 9.200000000 0.076680652800
954.720000000 8.200000000 -0.207327529800
955.220000000 8.400000000 0.084641188400
954.720000000 9.800000000 -0.229228183600
953.970000000 8.400000000 -0.477166682500
954.220000000 8.400000000 -0.449316173800
954.970000000 9.800000000 -0.074846915900
955.220000000 9.400000000 0.074575617900
953.470000000 8.000000000 -0.330925315600
954.220000000 9.600000000 -0.452932775000
952.970000000 7.800000000 -0.040483746700
955.220000000 8.200000000 0.083536453500
953.970000000 9.600000000 -0.472094386800
954.970000000 8.000000000 -0.051782146100
953.720000000 9.800000000 -0.419134765900
953.720000000 8.200000000 -0.432535857000
953.220000000 7.800000000 -0.193965941700
952.470000000 8.600000000 0.238271936800
952.470000000 10.000000000 0.246430978200
954.470000000 8.200000000 -0.347987622000
954.470000000 9.800000000 -0.363627910600
954.720000000 8.000000000 -0.204271450600
955.220000000 9.600000000 0.068940535200
952.720000000 8.000000000 0.109915144700
954.720000000 10.000000000 -0.230202168200
954.970000000 10.000000000 -0.079587146600
955.220000000 8.000000000 0.081580191900
954.970000000 7.800000000 -0.051750145900
954.220000000 9.800000000 -0.447913229500
954.220000000 8.200000000 -0.442707121400
953.970000000 9.800000000 -0.466466099000
953.970000000 8.200000000 -0.472245007800
955.220000000 9.800000000 0.066145584000
952.470000000 8.400000000 0.233551770400
953.720000000 10.000000000 -0.413372248400
955.470000000 8.800000000 0.183868587000
966.220000000 5.600000000 0.064009159800
955.470000000 8.600000000 0.182656288100
954.470000000 10.000000000 -0.360255211600
955.470000000 9.000000000 0.182750329400
954.470000000 8.000000000 -0.342709183700
954.720000000 7.800000000 -0.200345695000
953.720000000 8.000000000 -0.428110122700
966.220000000 5.800000000 0.061885751800
952.970000000 7.600000000 -0.042936068000
953.470000000 7.800000000 -0.329101890300
955.220000000 7.800000000 0.078517235800
955.470000000 8.400000000 0.181360617300
955.470000000 9.200000000 0.179945886100
966.470000000 5.600000000 -0.059557542200
965.970000000 5.600000000 0.194425076200
952.220000000 9.200000000 0.310760498000
952.720000000 7.800000000 0.104407995900
953.220000000 7.600000000 -0.192973882000
952.220000000 9.400000000 0.311317801500
955.220000000 10.000000000 0.059751570200
966.470000000 5.800000000 -0.056919876500
954.970000000 7.600000000 -0.053322907500
966.220000000 6.000000000 0.063738085300
952.220000000 9.000000000 0.308049887400
952.220000000 9.600000000 0.312413066600
955.470000000 9.400000000 0.178919330200
954.220000000 10.000000000 -0.441531449600
955.470000000 8.200000000 0.178254842800
965.970000000 5.800000000 0.193844929300
965.220000000 5.600000000 0.401569813500
953.970000000 10.000000000 -0.459450244900
966.470000000 6.000000000 -0.053996764100
952.470000000 8.200000000 0.228634730000
954.220000000 8.000000000 -0.436299055800
965.720000000 5.600000000 0.313763439700
965.470000000 5.600000000 0.394845455900
953.970000000 8.000000000 -0.466182202100
966.220000000 6.200000000 0.060490123900
955.220000000 7.600000000 0.073982462300
954.720000000 7.600000000 -0.196993500000
952.220000000 8.800000000 0.305545061800
966.470000000 6.200000000 -0.057473890500
954.470000000 7.800000000 -0.335296154000
965.970000000 6.000000000 0.193543091400
965.220000000 5.800000000 0.398039221800
952.220000000 9.800000000 0.311322748700
965.470000000 5.800000000 0.391529887900
964.970000000 5.600000000 0.327585071300
965.720000000 5.800000000 0.314402431200
955.470000000 9.600000000 0.174372166400
955.470000000 8.000000000 0.174522236000
954.970000000 7.400000000 -0.055087242300
966.220000000 6.400000000 0.062034886300
966.470000000 6.400000000 -0.054572694000
952.720000000 7.600000000 0.099014416300
965.720000000 6.000000000 0.311587542300
965.220000000 6.000000000 0.397110760200
953.720000000 7.800000000 -0.422682344900
952.970000000 7.400000000 -0.045613989200
965.470000000 6.000000000 0.390765786200
965.970000000 6.200000000 0.191316902600
952.220000000 8.600000000 0.301300019000
964.970000000 5.800000000 0.325560540000
953.470000000 7.600000000 -0.324460387200
952.220000000 10.000000000 0.310535758700
955.470000000 9.800000000 0.171978488600
952.470000000 8.000000000 0.222470834900
953.220000000 7.400000000 -0.191870108200
954.720000000 7.400000000 -0.195070758500
955.220000000 7.400000000 0.068932600300
964.720000000 5.600000000 0.189321741500
965.470000000 6.200000000 0.386232793300
954.220000000 7.800000000 -0.427228391200
966.470000000 6.600000000 -0.051533684100
965.720000000 6.200000000 0.310373574500
966.220000000 6.600000000 0.063222453000
955.470000000 7.800000000 0.169564187500
965.970000000 6.400000000 0.190289422900
965.220000000 6.200000000 0.392734706400
964.970000000 6.000000000 0.324332565100
954.470000000 7.600000000 -0.329028725600
953.970000000 7.800000000 -0.457927763500
954.970000000 7.200000000 -0.058872606600
955.470000000 10.000000000 0.166391924000
952.220000000 8.400000000 0.296143561600
965.720000000 6.400000000 0.306478649400
964.720000000 5.800000000 0.187820032200
966.470000000 6.800000000 -0.055684223800
965.470000000 6.400000000 0.380617678200
966.220000000 6.800000000 0.058612480800
965.970000000 6.600000000 0.188410267200
955.720000000 8.800000000 0.239014953400
955.720000000 9.000000000 0.240027397900
965.220000000 6.400000000 0.391237527100
964.970000000 6.200000000 0.322211891400
952.720000000 7.400000000 0.093054346700
955.720000000 8.600000000 0.236471593400
951.970000000 9.200000000 0.313360482500
955.470000000 7.600000000 0.163590937900
952.470000000 7.800000000 0.215559721000
964.470000000 5.600000000 0.022207867400
955.220000000 7.200000000 0.061974808600
951.970000000 9.400000000 0.313954561900
954.720000000 7.200000000 -0.192987501600
955.720000000 9.200000000 0.239791765800
953.720000000 7.600000000 -0.414863407600
951.970000000 9.000000000 0.311451643700
952.970000000 7.200000000 -0.047255791700
963.720000000 8.400000000 -0.138766109900
964.720000000 6.000000000 0.188966885200
965.720000000 6.600000000 0.303013742000
963.720000000 8.600000000 -0.134842813000
965.470000000 6.600000000 0.378212451900
955.720000000 8.400000000 0.233615651700
963.720000000 8.200000000 -0.141984850200
966.470000000 7.000000000 -0.052827589200
965.970000000 6.800000000 0.184197291700
951.970000000 9.600000000 0.314349949400
953.470000000 7.400000000 -0.319202125100
966.220000000 7.000000000 0.059318788300
954.470000000 7.400000000 -0.321360707300
954.220000000 7.600000000 -0.418316721900
963.720000000 8.800000000 -0.130185872300
955.720000000 9.400000000 0.239976868000
954.970000000 7.000000000 -0.062548622500
963.470000000 8.400000000 -0.272248327700
964.970000000 6.400000000 0.321923583700
965.220000000 6.600000000 0.386494219300
951.970000000 8.800000000 0.309089452000
963.470000000 8.600000000 -0.269999831900
963.970000000 8.400000000 0.028134983000
964.470000000 5.800000000 0.021549416700
963.720000000 8.000000000 -0.144589483700
952.220000000 8.200000000 0.290765851700
963.970000000 8.600000000 0.033300992100
953.220000000 7.200000000 -0.188805490700
963.470000000 8.200000000 -0.273029297600
963.970000000 8.200000000 0.022533042400
965.720000000 6.800000000 0.298116684000
964.720000000 6.200000000 0.189397782100
953.970000000 7.600000000 -0.448455393300
951.970000000 9.800000000 0.313549935800
955.720000000 8.200000000 0.229467064100
963.720000000 9.000000000 -0.124557718600
963.470000000 8.800000000 -0.265754967900
963.970000000 8.800000000 0.038262914900
965.470000000 6.800000000 0.371806204300
965.970000000 7.000000000 0.181511849200
963.970000000 10.000000000 -0.129373565300
955.720000000 9.600000000 0.238107666400
966.470000000 7.200000000 -0.049992140400
963.470000000 8.000000000 -0.272629052400
955.470000000 7.400000000 0.156221941100
964.220000000 5.600000000 -0.108731582800
966.220000000 7.200000000 0.059503234900
963.970000000 8.000000000 0.016375999900
964.220000000 10.000000000 0.026965806300
964.470000000 6.000000000 0.025779405600
963.720000000 7.800000000 -0.147153079500
951.970000000 8.600000000 0.305603325400
954.720000000 7.000000000 -0.192490503200
964.970000000 6.600000000 0.320193350300
955.220000000 7.000000000 0.053449828200
963.470000000 9.000000000 -0.260282814500
963.970000000 9.000000000 0.044793285400
952.470000000 7.600000000 0.208008974800
965.220000000 6.800000000 0.381224930300
963.720000000 10.000000000 -0.254991352600
964.720000000 6.400000000 0.191454142300
952.720000000 7.200000000 0.087349973600
963.720000000 9.200000000 -0.117727436100
965.720000000 7.000000000 0.292188853000
951.970000000 10.000000000 0.312386095500
955.720000000 8.000000000 0.224974528000
965.970000000 7.200000000 0.175091028200
963.970000000 9.800000000 -0.131547913000
963.970000000 7.800000000 0.009641360500
955.720000000 9.800000000 0.235471576500
964.470000000 6.200000000 0.027554757900
954.470000000 7.200000000 -0.314812779400
954.970000000 6.800000000 -0.068621583300
963.470000000 7.800000000 -0.271305769700
964.220000000 9.800000000 0.021131165300
953.720000000 6.000000000 -0.024100121100
965.470000000 7.000000000 0.364555090700
953.720000000 5.800000000 -0.024503137900
966.470000000 7.400000000 -0.054859239600
963.970000000 9.200000000 0.050859011700
966.220000000 7.400000000 0.053348440700
951.720000000 9.200000000 0.263519048700
953.720000000 6.200000000 -0.023907514300
953.720000000 5.600000000 -0.025105645900
964.470000000 10.000000000 0.178986281200
963.470000000 9.200000000 -0.253172308200
964.220000000 8.600000000 0.192988842700
952.220000000 8.000000000 0.283967554600
954.220000000 7.400000000 -0.407494366200
951.720000000 9.400000000 0.263644009800
953.720000000 7.400000000 -0.404693186300
953.720000000 6.400000000 -0.023930719100
951.720000000 9.000000000 0.263289958200
964.220000000 5.800000000 -0.126712963000
952.970000000 7.000000000 -0.047859575600
963.720000000 9.400000000 -0.108141571300
964.220000000 8.400000000 0.187173768900
964.220000000 8.800000000 0.198496654600
963.720000000 7.600000000 -0.151980131900
964.970000000 6.800000000 0.320965945700
964.720000000 6.600000000 0.194004148200
963.220000000 8.400000000 -0.338211506600
965.720000000 7.200000000 0.286657929400
963.220000000 8.600000000 -0.337073355900
953.720000000 6.600000000 -0.024171024600
953.970000000 5.800000000 -0.152298122600
953.970000000 6.000000000 -0.152247518300
965.220000000 7.000000000 0.379831105500
963.720000000 9.800000000 -0.252911895500
951.970000000 8.400000000 0.301137328100
953.970000000 5.600000000 -0.152378082300
953.970000000 6.200000000 -0.152245774900
951.720000000 9.600000000 0.262679696100
951.720000000 8.800000000 0.261941462800
964.470000000 6.400000000 0.031246354800
953.470000000 7.200000000 -0.311422616200
964.220000000 8.200000000 0.180476263200
965.970000000 7.400000000 0.171666085700
963.220000000 8.200000000 -0.337352454700
964.220000000 9.000000000 0.203256353700
955.470000000 7.200000000 0.149186313200
964.220000000 9.600000000 0.014697481900
964.470000000 9.800000000 0.171492308400
963.970000000 9.400000000 0.057418789700
953.720000000 6.800000000 -0.024611685400
951.470000000 9.200000000 0.184995800300
953.970000000 6.400000000 -0.152318030600
951.470000000 9.400000000 0.183601275100
963.970000000 9.600000000 -0.134199291500
963.970000000 7.600000000 0.002430499100
955.720000000 10.000000000 0.233628243200
951.220000000 9.400000000 0.102719470900
965.470000000 7.200000000 0.361056596000
951.220000000 9.600000000 0.099062405500
951.470000000 9.000000000 0.186407953500
951.220000000 9.800000000 0.096820950500
966.220000000 7.600000000 0.052933674300
963.220000000 8.800000000 -0.333932071900
964.220000000 6.000000000 -0.124861866200
954.720000000 6.800000000 -0.191974133300
955.720000000 7.800000000 0.219570174800
951.220000000 9.200000000 0.106524109800
963.470000000 9.400000000 -0.244246900100
966.470000000 7.600000000 -0.052414260800
951.470000000 9.600000000 0.181865468600
955.220000000 6.800000000 0.045997180000
963.720000000 9.600000000 -0.098849773400
964.720000000 6.800000000 0.197192445400
963.470000000 10.000000000 -0.321239113800
951.720000000 9.800000000 0.261925041700
953.970000000 7.400000000 -0.436670243700
963.470000000 7.600000000 -0.269314646700
953.970000000 6.600000000 -0.152467086900
953.220000000 7.000000000 -0.184380859100
951.220000000 10.000000000 0.093541152800
964.970000000 7.000000000 0.319969177200
953.470000000 6.000000000 0.099324658500
951.220000000 9.000000000 0.108968652800
953.720000000 7.000000000 -0.025222234400
964.220000000 8.000000000 0.172829717400
964.470000000 6.600000000 0.037422973700
953.470000000 6.200000000 0.099834352700
953.470000000 5.800000000 0.098624900000
951.470000000 8.800000000 0.187298476700
963.220000000 8.000000000 -0.334293693300
965.720000000 7.400000000 0.280141294000
951.470000000 9.800000000 0.179852813500
964.470000000 9.600000000 0.163514792900
964.220000000 9.200000000 0.207463428400
953.470000000 5.600000000 0.097733423100
953.470000000 6.400000000 0.100157134200
964.470000000 8.000000000 0.249056324400
951.720000000 8.600000000 0.260253638000
952.470000000 7.400000000 0.199588075300
965.970000000 8.600000000 -0.009292132200
964.220000000 9.400000000 0.007710554200
965.970000000 8.400000000 -0.008264743700
965.970000000 7.600000000 0.167399391500
965.220000000 7.200000000 0.374867856500
951.220000000 8.800000000 0.112888030700
964.470000000 8.200000000 0.249283388300
953.470000000 6.600000000 0.100278466900
953.970000000 6.800000000 -0.152688860900
964.470000000 7.800000000 0.248170957000
963.720000000 7.400000000 -0.155290350300
965.970000000 8.200000000 -0.010671372500
963.220000000 9.000000000 -0.329838722900
963.970000000 5.600000000 -0.235157862300
964.720000000 10.000000000 0.285840332500
964.220000000 6.200000000 -0.121751472400
951.470000000 10.000000000 0.177971288600
964.220000000 7.800000000 0.095982842100
954.970000000 6.600000000 -0.074059441700
953.720000000 7.200000000 -0.025991318700
965.970000000 8.800000000 -0.010966590600
954.470000000 7.000000000 -0.307724028800
964.470000000 8.400000000 0.249949276400
951.720000000 10.000000000 0.260488003500
953.470000000 6.800000000 0.100202135700
964.720000000 7.000000000 0.200837850600
964.720000000 8.200000000 0.348910689400
951.470000000 8.600000000 0.187716975800
963.470000000 9.600000000 -0.235036596700
952.720000000 7.000000000 0.081856340200
964.470000000 6.800000000 0.044266644900
966.220000000 7.800000000 0.045314200200
964.470000000 9.400000000 0.155130088300
963.970000000 7.400000000 -0.008696377300
965.470000000 7.400000000 0.353664845200
965.720000000 8.400000000 0.102452501700
964.220000000 7.600000000 0.096205085500
965.720000000 8.600000000 0.105327740300
964.720000000 8.400000000 0.348894238500
951.220000000 8.600000000 0.115167073900
953.970000000 7.000000000 -0.170776978100
964.720000000 8.000000000 0.348488122200
964.470000000 7.600000000 0.247148037000
965.970000000 8.000000000 -0.009365708600
965.720000000 8.200000000 0.103000767500
964.720000000 9.800000000 0.280329704300
966.470000000 7.800000000 -0.057753477200
951.970000000 8.200000000 0.295940786600
965.720000000 8.800000000 0.103715784800
965.970000000 9.000000000 -0.006694204600
964.970000000 7.200000000 0.319156020900
952.220000000 7.800000000 0.276089012600
953.470000000 7.000000000 0.099939473000
964.470000000 8.600000000 0.252094447600
965.720000000 7.600000000 0.272766858300
963.220000000 7.800000000 -0.330013573200
950.970000000 9.800000000 0.036389548300
950.970000000 9.600000000 0.041783519100
950.970000000 10.000000000 0.035206243400
964.220000000 6.400000000 -0.117191039000
965.970000000 7.800000000 0.159291118400
963.470000000 9.800000000 -0.315894186500
954.220000000 7.200000000 -0.396743714800
954.220000000 5.800000000 -0.264131158600
964.470000000 7.000000000 0.050645213600
964.470000000 9.200000000 0.137400150300
954.220000000 6.000000000 -0.264467209600
964.720000000 7.800000000 0.348039567500
955.720000000 7.600000000 0.213729366700
950.970000000 9.400000000 0.043907150600
954.220000000 5.600000000 -0.263534486300
964.720000000 7.200000000 0.205827489500
964.220000000 7.400000000 0.096569694600
964.720000000 8.600000000 0.348887175300
955.470000000 7.000000000 0.140307009200
951.720000000 8.400000000 0.257321178900
963.220000000 9.200000000 -0.324099600300
953.970000000 7.200000000 -0.171379193700
964.720000000 9.600000000 0.274618148800
965.720000000 8.000000000 0.102675184600
954.220000000 6.200000000 -0.264552801800
965.720000000 9.000000000 0.100299187000
951.220000000 8.400000000 0.118985302700
950.970000000 9.200000000 0.049968756700
965.220000000 7.400000000 0.369667559900
951.470000000 8.400000000 0.187800645800
964.470000000 8.800000000 0.256019651900
966.220000000 8.000000000 0.044289566600
963.470000000 7.400000000 -0.266842424900
955.970000000 9.000000000 0.258507549800
955.970000000 8.800000000 0.256460964700
965.970000000 9.200000000 -0.009127608500
964.470000000 9.000000000 0.129631862000
964.470000000 7.200000000 0.058461770400
954.220000000 6.400000000 -0.264424890300
954.720000000 6.600000000 -0.193231374000
964.470000000 7.400000000 0.245324283800
964.220000000 6.600000000 -0.109374761600
950.970000000 9.000000000 0.053038958500
955.970000000 9.200000000 0.260684430600
964.720000000 9.400000000 0.268755585000
963.970000000 5.800000000 -0.229608163200
955.220000000 6.600000000 0.035687055400
964.720000000 7.400000000 0.210556954100
965.470000000 7.600000000 0.345709145100
966.470000000 8.000000000 -0.055942557800
964.970000000 7.400000000 0.321547716900
965.720000000 9.200000000 0.103125244400
964.970000000 8.400000000 0.374105334300
952.970000000 6.800000000 -0.047671612400
963.970000000 7.200000000 -0.021639656300
965.720000000 7.800000000 0.266175210500
964.970000000 8.200000000 0.374170005300
964.720000000 8.800000000 0.344543159000
955.970000000 8.600000000 0.253371119500
966.220000000 8.600000000 -0.101929508100
954.220000000 6.600000000 -0.284027159200
963.720000000 7.200000000 -0.158554717900
966.220000000 8.400000000 -0.100365333300
964.720000000 7.600000000 0.345301508900
965.470000000 8.400000000 0.224227100600
950.970000000 8.800000000 0.059646941700
965.470000000 8.600000000 0.222456067800
964.720000000 9.200000000 0.262778341800
964.220000000 7.200000000 0.096381828200
964.970000000 8.600000000 0.372721046200
966.220000000 8.800000000 -0.098891526500
965.470000000 8.800000000 0.223380222900
955.970000000 9.400000000 0.262317955500
966.220000000 8.200000000 -0.100849852000
951.220000000 8.200000000 0.120897501700
964.970000000 10.000000000 0.351508796200
954.220000000 6.800000000 -0.283953875300
964.970000000 8.000000000 0.372809082300
964.220000000 6.800000000 -0.103137441000
965.470000000 8.200000000 0.224072694800
963.220000000 9.400000000 -0.317484408600
965.970000000 9.400000000 -0.004420672500
965.720000000 9.400000000 0.097608879200
963.220000000 7.600000000 -0.324215114100
962.970000000 8.400000000 -0.321121245600
965.470000000 9.000000000 0.219314366600
965.220000000 7.600000000 0.368985772100
964.720000000 9.000000000 0.256730735300
950.970000000 8.600000000 0.063517406600
964.970000000 8.800000000 0.368387252100
954.970000000 6.400000000 -0.082165762800
964.970000000 7.600000000 0.321729600400
952.470000000 7.200000000 0.190617874300
966.220000000 9.000000000 -0.100116498800
955.970000000 8.400000000 0.250039070800
963.220000000 10.000000000 -0.303256899100
962.970000000 8.600000000 -0.320916205600
954.470000000 6.800000000 -0.301125943700
951.470000000 8.200000000 0.186988815700
954.220000000 7.000000000 -0.283780843000
965.220000000 8.400000000 0.325308352700
962.970000000 8.200000000 -0.319322645700
965.470000000 7.800000000 0.342206627100
965.220000000 8.600000000 0.323499560400
964.220000000 7.000000000 -0.094624742900
964.970000000 9.800000000 0.348813891400
965.470000000 8.000000000 0.222465530000
966.470000000 8.200000000 -0.054323215000
963.970000000 6.000000000 -0.223835840800
951.720000000 8.200000000 0.253954201900
965.220000000 8.200000000 0.325113087900
965.470000000 9.200000000 0.212717443700
955.720000000 7.400000000 0.207327768200
955.970000000 9.600000000 0.263241827500
965.220000000 8.800000000 0.321359008600
964.970000000 7.800000000 0.372369170200
951.970000000 8.000000000 0.289657950400
953.220000000 6.800000000 -0.178317055100
950.970000000 8.400000000 0.067964702800
964.970000000 9.000000000 0.365807682300
963.970000000 7.000000000 -0.042347755300
965.720000000 9.600000000 0.090074747800
964.970000000 9.600000000 0.345355868300
951.220000000 8.000000000 0.124247059200
962.970000000 8.800000000 -0.319346398100
955.470000000 6.800000000 0.132190316900
965.970000000 9.600000000 -0.008070150400
965.220000000 9.000000000 0.317354023500
966.220000000 9.200000000 -0.095321215700
952.220000000 7.600000000 0.267481327100
965.220000000 7.800000000 0.364658325900
962.970000000 8.000000000 -0.316325455900
963.220000000 9.600000000 -0.310763478300
965.220000000 8.000000000 0.323178648900
953.220000000 6.000000000 0.198595941100
953.220000000 6.200000000 0.199493736000
965.470000000 9.400000000 0.212077140800
953.220000000 5.800000000 0.197599172600
955.970000000 8.200000000 0.246465444600
963.470000000 7.200000000 -0.263957917700
952.720000000 6.800000000 0.076658718300
953.220000000 6.400000000 0.200291559100
964.970000000 9.400000000 0.342611372500
962.220000000 8.200000000 0.019712757300
962.220000000 8.400000000 0.021768089400
953.220000000 5.600000000 0.196498319500
953.220000000 6.600000000 0.200956076400
950.970000000 8.200000000 0.074965044900
966.470000000 8.400000000 -0.060809519100
963.720000000 7.000000000 -0.166059494000
954.720000000 6.400000000 -0.194310918500
965.220000000 9.200000000 0.311315804700
955.970000000 9.800000000 0.262901723400
965.720000000 9.800000000 0.091763109000
963.970000000 6.200000000 -0.220512062300
965.470000000 9.600000000 0.203213140400
954.470000000 5.800000000 -0.340954184500
964.970000000 9.200000000 0.339919567100
954.470000000 5.600000000 -0.339893043000
955.220000000 6.400000000 0.026987804100
954.470000000 6.000000000 -0.341507017600
962.970000000 9.000000000 -0.317298352700
965.220000000 10.000000000 0.359577357800
966.220000000 9.400000000 -0.096539966800
951.470000000 8.000000000 0.185833051800
963.220000000 9.800000000 -0.300123632000
954.470000000 6.200000000 -0.341536164300
965.970000000 10.000000000 0.102457776700
962.220000000 8.000000000 0.016831729600
965.970000000 9.800000000 -0.012751862400
962.220000000 8.600000000 0.022612251300
963.220000000 7.400000000 -0.317141473300
965.720000000 10.000000000 0.082428738500
950.970000000 8.000000000 0.079809382600
965.470000000 9.800000000 0.192473486100
965.220000000 9.400000000 0.303420335100
954.470000000 6.400000000 -0.351684898100
966.470000000 8.600000000 -0.060120001400
962.970000000 7.800000000 -0.311242133400
951.220000000 7.800000000 0.125531688300
955.970000000 8.000000000 0.242670878800
954.470000000 6.600000000 -0.354028701800
966.220000000 10.000000000 0.000548554200
963.970000000 6.400000000 -0.215828672100
965.220000000 9.800000000 0.359133929000
966.220000000 9.800000000 0.003103358900
963.970000000 6.800000000 -0.049572724800
961.970000000 8.200000000 0.099400356400
954.970000000 6.200000000 -0.091454252600
955.720000000 7.200000000 0.200732141700
963.720000000 5.600000000 -0.301664650400
966.220000000 9.600000000 0.005701474800
955.970000000 10.000000000 0.262454927000
962.470000000 8.400000000 -0.101325638600
965.470000000 10.000000000 0.092848025300
965.220000000 9.600000000 0.299655497100
951.720000000 8.000000000 0.249036401500
962.470000000 8.200000000 -0.101507425300
962.720000000 8.400000000 -0.230628266900
961.970000000 8.400000000 0.102109842000
961.970000000 8.000000000 0.094984524000
962.470000000 8.600000000 -0.101542152500
955.470000000 5.600000000 -0.162467494600
952.970000000 6.600000000 -0.045240506500
962.970000000 9.200000000 -0.314403533900
962.720000000 8.200000000 -0.229589954000
962.720000000 8.600000000 -0.230961903900
966.470000000 8.800000000 -0.067186705800
950.970000000 7.800000000 0.084890015400
955.470000000 6.600000000 0.122372798600
962.220000000 7.800000000 0.012962223000
955.470000000 5.800000000 -0.160240784300
962.220000000 8.800000000 0.020468644800
952.470000000 7.000000000 0.181179076400
963.970000000 6.600000000 -0.211370840700
951.970000000 7.800000000 0.281927615400
962.470000000 8.000000000 -0.101936049800
955.470000000 6.000000000 -0.158052593500
966.470000000 9.000000000 -0.067731991400
963.720000000 6.800000000 -0.180279523100
955.720000000 5.600000000 -0.050371415900
962.720000000 8.000000000 -0.227698579400
955.220000000 5.600000000 -0.267958134400
963.470000000 7.000000000 -0.263423085200
955.970000000 7.800000000 0.238886535200
962.720000000 8.800000000 -0.231044858700
954.720000000 5.600000000 -0.367898672800
954.720000000 6.200000000 -0.197382465000
955.220000000 5.800000000 -0.266819834700
952.220000000 7.400000000 0.257797986300
962.470000000 8.800000000 -0.102215714800
961.970000000 8.600000000 0.102625973500
951.470000000 7.800000000 0.183539778000
955.220000000 6.200000000 0.015461608800
954.720000000 5.800000000 -0.368818908900
955.470000000 6.200000000 -0.155928984300
962.970000000 7.600000000 -0.304213076800
955.720000000 5.800000000 -0.047665558800
966.470000000 9.200000000 -0.068424947600
961.970000000 7.800000000 0.089165918500
962.970000000 10.000000000 -0.243441999000
951.220000000 7.600000000 0.127937704300
954.720000000 6.000000000 -0.369134783700
955.220000000 6.000000000 -0.265382289900
962.970000000 9.400000000 -0.311630070200
950.970000000 7.600000000 0.091725342000
950.720000000 9.800000000 0.014147465100
956.220000000 9.000000000 0.246825605600
956.220000000 9.200000000 0.250144809500
950.720000000 10.000000000 0.008030244100
950.720000000 9.600000000 0.015084886000
966.470000000 9.400000000 -0.076873190700
966.470000000 9.600000000 -0.078925758600
966.470000000 9.800000000 -0.081009157000
954.970000000 5.600000000 -0.342143088600
966.470000000 10.000000000 -0.083126261800
956.220000000 8.800000000 0.243591219200
950.720000000 9.400000000 0.021986164200
955.720000000 6.000000000 -0.045315243300
955.720000000 7.000000000 0.193817153600
963.220000000 7.200000000 -0.309039712000
955.470000000 6.400000000 -0.153875753300
962.470000000 7.800000000 -0.101611688700
956.220000000 9.400000000 0.253066808000
954.970000000 5.800000000 -0.342229366300
950.720000000 9.200000000 0.024294866200
963.720000000 5.800000000 -0.292034864400
952.720000000 6.600000000 0.072731018100
962.720000000 9.000000000 -0.231477707600
962.220000000 7.600000000 0.009032717000
962.220000000 9.000000000 0.018192457000
956.220000000 8.600000000 0.242806911500
954.970000000 6.000000000 -0.341784298400
962.720000000 7.800000000 -0.224075168400
950.720000000 9.000000000 0.028151156400
956.220000000 9.600000000 0.255012869800
955.720000000 6.200000000 -0.043361581900
951.720000000 7.800000000 0.243749290700
962.470000000 9.000000000 -0.105283193300
950.720000000 8.800000000 0.035828400400
955.970000000 7.600000000 0.234483376100
956.970000000 7.000000000 0.109217234000
956.220000000 8.400000000 0.239855676900
961.970000000 8.800000000 0.101984746800
956.720000000 7.600000000 0.166282892200
956.720000000 7.400000000 0.170223414900
962.970000000 9.600000000 -0.309187471900
956.720000000 7.800000000 0.162339061500
956.970000000 6.800000000 0.109852038300
956.720000000 8.000000000 0.158611998000
956.970000000 7.200000000 0.107805602300
956.720000000 7.200000000 0.173965364700
956.720000000 8.200000000 0.155234232500
962.720000000 10.000000000 -0.134950652700
956.720000000 8.400000000 0.152296409000
955.720000000 6.400000000 0.002977619400
956.720000000 8.600000000 0.149820357600
950.970000000 7.400000000 0.096646733600
962.470000000 10.000000000 -0.025104193000
950.720000000 8.600000000 0.041113697000
956.720000000 8.800000000 0.147769942900
956.970000000 7.400000000 0.105595350300
956.720000000 7.000000000 0.177241250900
962.970000000 9.800000000 -0.238414347200
956.470000000 9.000000000 0.212050363400
956.970000000 6.600000000 0.109701432300
955.720000000 6.600000000 0.007029091500
956.470000000 9.200000000 0.210785374000
956.470000000 8.800000000 0.210421264200
961.970000000 7.600000000 0.082332208800
956.720000000 9.000000000 0.144695490600
956.220000000 9.800000000 0.254409432400
963.720000000 6.600000000 -0.189140245300
956.970000000 7.600000000 0.102654300600
956.470000000 8.600000000 0.208870261900
956.720000000 6.800000000 0.179863154900
955.720000000 6.800000000 0.019412066800
950.720000000 8.400000000 0.047639630700
956.220000000 8.200000000 0.237560734200
956.470000000 9.400000000 0.212252035700
951.220000000 7.400000000 0.128217473600
956.970000000 7.800000000 0.099028520300
956.720000000 9.200000000 0.143527120400
962.970000000 7.400000000 -0.295438021400
956.470000000 8.400000000 0.207790762200
951.970000000 7.600000000 0.273597657700
962.720000000 9.200000000 -0.231950342700
962.470000000 7.600000000 -0.100150317000
956.970000000 8.000000000 0.094817116900
956.970000000 6.400000000 0.108820669400
951.470000000 7.600000000 0.180145829900
963.470000000 6.800000000 -0.263342350700
956.720000000 6.600000000 0.181624084700
963.720000000 6.000000000 -0.280135422900
952.470000000 6.800000000 0.171444192500
950.720000000 8.200000000 0.055099930600
956.470000000 9.600000000 0.210754290200
956.720000000 9.400000000 0.140609949800
956.470000000 8.200000000 0.207465425100
956.970000000 8.200000000 0.090107664500
962.720000000 7.600000000 -0.218614205700
956.220000000 10.000000000 0.254535734700
955.970000000 5.600000000 0.046575188600
956.970000000 8.400000000 0.085059411800
962.220000000 10.000000000 0.056838419300
962.470000000 9.200000000 -0.108279943500
956.470000000 8.000000000 0.208010837400
962.220000000 9.200000000 0.014329777100
955.970000000 7.400000000 0.230661600800
956.220000000 8.000000000 0.235973224000
962.220000000 7.400000000 0.005561793700
952.220000000 7.200000000 0.246660083500
950.720000000 8.000000000 0.063499532600
952.970000000 6.400000000 -0.040755763600
956.970000000 8.600000000 0.079868570000
962.720000000 9.800000000 -0.133262604500
956.470000000 7.800000000 0.209413230400
950.970000000 7.200000000 0.102798275600
956.720000000 9.600000000 0.137466728700
956.720000000 6.400000000 0.182373300200
952.970000000 6.000000000 0.257921159300
957.220000000 6.800000000 0.026449564800
952.970000000 6.200000000 0.259105086300
956.970000000 8.800000000 0.076563313600
961.970000000 9.000000000 0.099500186700
956.470000000 9.800000000 0.208875328300
962.470000000 9.800000000 -0.027318213100
955.970000000 5.800000000 0.048905368900
952.970000000 5.800000000 0.256674736700
956.970000000 6.200000000 0.108311653100
957.220000000 6.600000000 0.023851346200
957.220000000 7.000000000 0.027134370100
963.220000000 7.000000000 -0.300077617200
956.470000000 7.600000000 0.211552277200
950.720000000 7.800000000 0.071593947700
952.970000000 5.600000000 0.255362063600
962.720000000 9.400000000 -0.233723163600
956.970000000 9.000000000 0.071884892900
957.220000000 7.200000000 0.029041860300
963.720000000 6.200000000 -0.269767344000
956.220000000 7.800000000 0.235072538300
961.970000000 10.000000000 0.026006680000
956.470000000 7.400000000 0.214192047700
956.720000000 9.800000000 0.137390464500
955.970000000 6.000000000 0.083483688500
957.220000000 6.400000000 0.021074699200
956.970000000 9.200000000 0.068562448000
961.970000000 7.400000000 0.074920982100
955.970000000 6.200000000 0.088648125500
951.720000000 7.600000000 0.237173378500
955.970000000 6.400000000 0.100857943300
950.720000000 7.600000000 0.080068178500
956.470000000 10.000000000 0.209567338200
956.470000000 7.200000000 0.217112079300
956.720000000 6.200000000 0.182040706300
962.470000000 7.400000000 -0.099731735900
957.220000000 7.400000000 0.030314248100
955.970000000 6.600000000 0.105856210000
963.720000000 6.400000000 -0.192131742800
951.220000000 7.200000000 0.127782553400
955.970000000 7.200000000 0.227015331400
956.970000000 9.400000000 0.064965471600
955.970000000 6.800000000 0.110507555300
962.220000000 9.800000000 0.051710985600
952.720000000 6.400000000 0.069024935400
963.470000000 5.600000000 -0.300292521700
962.720000000 7.400000000 -0.211374551100
962.470000000 9.400000000 -0.112328954000
962.220000000 9.400000000 0.007860254500
962.970000000 7.200000000 -0.285144120500
956.470000000 7.000000000 0.219988599400
955.970000000 7.000000000 0.121208868900
956.220000000 7.600000000 0.234724015000
956.720000000 10.000000000 0.134309738900
956.970000000 6.000000000 0.106406062800
962.720000000 9.600000000 -0.130873411900
957.220000000 7.600000000 0.030613301300
950.720000000 7.400000000 0.088916406000
950.970000000 7.000000000 0.107021056100
957.220000000 6.200000000 0.019809152900
961.970000000 9.200000000 0.095969930300
951.470000000 7.400000000 0.176624357700
956.970000000 9.600000000 0.061737991900
962.470000000 9.600000000 -0.029218694200
963.470000000 6.600000000 -0.266851872200
956.470000000 6.800000000 0.222549453400
962.220000000 7.200000000 0.002897318000
957.220000000 7.800000000 0.029193447900
951.970000000 7.400000000 0.263198792900
961.970000000 9.800000000 0.025862058600
946.720000000 10.000000000 0.047481544300
956.720000000 6.000000000 0.180472075900
956.220000000 7.400000000 0.234810367200
950.720000000 7.200000000 0.097519442400
956.970000000 9.800000000 0.058399293600
961.720000000 8.200000000 0.123939767500
956.470000000 6.600000000 0.224498927600
961.720000000 8.000000000 0.120443143000
957.220000000 8.000000000 0.026585342400
952.470000000 6.600000000 0.161635890600
957.470000000 6.800000000 -0.053429883000
957.470000000 6.600000000 -0.056970350400
947.470000000 5.600000000 -0.004350746500
946.970000000 8.600000000 0.028339287300
962.220000000 9.600000000 0.051527533700
952.220000000 7.000000000 0.235102519400
946.720000000 8.600000000 0.118195258100
946.970000000 8.800000000 0.028624163900
957.470000000 7.000000000 -0.049176737700
946.720000000 8.800000000 0.117490425700
961.720000000 8.400000000 0.126461729400
957.220000000 8.200000000 0.022804789200
946.970000000 8.400000000 0.030875070000
957.220000000 6.000000000 0.017477374500
956.970000000 10.000000000 0.054975297300
956.220000000 7.200000000 0.235150396800
961.970000000 7.200000000 0.067392811200
962.470000000 7.200000000 -0.096232250300
963.220000000 6.800000000 -0.291655480900
956.470000000 6.400000000 0.225556358700
950.720000000 7.000000000 0.106067374300
961.970000000 9.400000000 0.091586366300
957.470000000 6.400000000 -0.060474593200
961.720000000 7.800000000 0.115079149600
956.970000000 5.800000000 0.104237668200
946.720000000 8.400000000 0.120181925600
946.720000000 9.000000000 0.111127935300
946.970000000 9.000000000 0.026396526000
946.970000000 10.000000000 -0.036643222000
957.220000000 8.400000000 0.021831510600
962.720000000 7.200000000 -0.204301178500
946.720000000 9.800000000 0.059554405500
957.470000000 7.200000000 -0.045090612000
951.220000000 7.000000000 0.126557484300
950.970000000 6.800000000 0.110753759700
947.720000000 5.600000000 -0.076931476600
951.720000000 7.400000000 0.229084625800
963.470000000 5.800000000 -0.290937244900
947.220000000 8.600000000 -0.049680672600
946.970000000 8.200000000 0.033987857400
961.970000000 9.600000000 0.028791558000
947.220000000 8.800000000 -0.051557753200
947.220000000 8.400000000 -0.049747243500
957.220000000 8.600000000 0.016976991700
956.220000000 7.000000000 0.235565528300
956.720000000 5.800000000 0.178160876000
962.970000000 7.000000000 -0.273537516600
961.720000000 8.600000000 0.126867845700
947.220000000 5.600000000 0.081248864500
946.720000000 9.200000000 0.101029820700
963.470000000 6.400000000 -0.269619584100
956.470000000 6.200000000 0.225493654600
946.970000000 9.200000000 0.019336976100
946.720000000 8.200000000 0.120625257500
946.720000000 9.600000000 0.073547534600
950.720000000 6.800000000 0.114364817700
947.220000000 8.200000000 -0.045971341400
957.220000000 8.800000000 0.015262989300
957.470000000 7.400000000 -0.041266545700
947.220000000 9.000000000 -0.049350801900
962.220000000 7.000000000 0.001281119400
957.470000000 6.200000000 -0.063236936900
951.470000000 7.200000000 0.171369791000
946.970000000 9.800000000 -0.023371269900
946.720000000 9.400000000 0.087980851500
946.970000000 8.000000000 0.036280412200
956.220000000 6.800000000 0.235893636900
961.720000000 10.000000000 0.064021341500
957.220000000 9.000000000 0.009842556000
947.470000000 5.800000000 -0.002299469900
946.970000000 9.400000000 0.003966270900
961.720000000 7.600000000 0.108039334400
946.970000000 9.600000000 -0.013536574300
956.220000000 5.600000000 0.118599690500
947.220000000 8.000000000 -0.041261792200
952.720000000 6.200000000 0.067850232100
951.970000000 7.200000000 0.252615481600
957.220000000 9.200000000 0.007700182000
957.220000000 5.800000000 0.016943259200
947.220000000 9.200000000 -0.050166659100
961.720000000 8.800000000 0.126733958700
957.470000000 7.600000000 -0.037712115800
956.470000000 6.000000000 0.224131733200
947.720000000 5.800000000 -0.071712017100
956.220000000 6.600000000 0.235924169400
946.720000000 8.000000000 0.122808583100
957.220000000 9.400000000 0.002384839300
962.470000000 7.000000000 -0.091226153100
949.220000000 5.600000000 -0.113621935200
950.720000000 6.600000000 0.122174568500
956.970000000 5.600000000 0.103008225600
956.220000000 5.800000000 0.119644314100
946.970000000 7.800000000 0.041229583300
957.720000000 6.800000000 -0.115063056300
961.970000000 7.000000000 0.060174003200
956.220000000 6.400000000 0.162784546600
950.970000000 6.600000000 0.114619933100
956.220000000 6.200000000 0.157160058600
947.220000000 7.800000000 -0.038086134900
957.720000000 6.600000000 -0.118696890800
956.220000000 6.000000000 0.147798627600
947.470000000 8.600000000 -0.105526320600
957.220000000 9.600000000 0.000093163200
947.470000000 8.400000000 -0.105598524200
952.220000000 6.800000000 0.222003758000
949.220000000 5.800000000 -0.116203531600
962.720000000 7.000000000 -0.194268882300
963.220000000 5.600000000 -0.229166284200
963.470000000 6.000000000 -0.279696792400
957.470000000 6.000000000 -0.064386762700
952.470000000 6.400000000 0.152252808200
956.720000000 5.600000000 0.174960583400
947.220000000 10.000000000 -0.095726028100
947.470000000 8.800000000 -0.107592530500
947.220000000 5.800000000 0.078663639700
947.220000000 9.400000000 -0.064346216600
949.470000000 5.600000000 -0.040263406900
951.220000000 6.800000000 0.125841602700
957.720000000 7.000000000 -0.110697194900
963.220000000 6.600000000 -0.282489568000
961.720000000 9.800000000 0.060402695100
947.470000000 8.200000000 -0.101911462800
963.470000000 6.200000000 -0.271331638100
957.470000000 7.800000000 -0.035040549900
957.720000000 6.400000000 -0.122007064500
952.720000000 6.000000000 0.268915772400
957.220000000 9.800000000 -0.004321722300
952.720000000 5.800000000 0.267633378500
946.970000000 5.600000000 0.160028040400
947.470000000 9.000000000 -0.105140104900
961.720000000 9.000000000 0.125176593700
947.970000000 5.600000000 -0.128400906900
949.470000000 5.800000000 -0.043713204600
947.220000000 9.800000000 -0.087203308900
947.220000000 9.600000000 -0.076863303800
951.720000000 7.200000000 0.220264211300
952.720000000 5.600000000 0.266216218500
956.470000000 5.800000000 0.221342638100
961.720000000 7.400000000 0.099616281700
947.470000000 6.000000000 -0.001314367900
946.970000000 7.600000000 0.046978686000
949.220000000 6.000000000 -0.117607146500
947.470000000 8.000000000 -0.100121587500
946.720000000 7.800000000 0.125443249900
947.220000000 7.600000000 -0.032041575800
962.970000000 6.800000000 -0.260776460200
957.720000000 7.200000000 -0.104504317000
957.220000000 10.000000000 -0.006554966300
962.220000000 6.800000000 0.000817275000
948.970000000 5.600000000 -0.162971913800
950.720000000 6.400000000 0.129044741400
947.720000000 6.000000000 -0.067034535100
951.470000000 7.000000000 0.164921626400
947.470000000 9.200000000 -0.105540886500
949.470000000 6.000000000 -0.045000717000
957.470000000 8.000000000 -0.032037336400
962.720000000 5.600000000 -0.007824028800
948.970000000 5.800000000 -0.164878755800
957.220000000 5.600000000 0.016267189800
957.720000000 6.200000000 -0.123123817100
950.470000000 8.200000000 0.057762112500
950.470000000 7.800000000 0.074522957200
950.470000000 7.600000000 0.083728663600
950.470000000 8.000000000 0.066205516500
950.470000000 8.400000000 0.050265390400
950.470000000 8.600000000 0.042941346800
950.470000000 7.400000000 0.093366235500
961.720000000 9.200000000 0.124133534700
947.470000000 7.800000000 -0.095541983800
950.470000000 7.200000000 0.102405831200
962.970000000 5.600000000 -0.118339233100
950.470000000 8.800000000 0.036809228400
949.720000000 5.600000000 0.045563168800
950.470000000 7.000000000 0.112346716200
950.470000000 9.000000000 0.030382759900
950.470000000 10.000000000 0.036764387000
961.720000000 9.600000000 0.057156268500
950.470000000 9.200000000 0.029044894500
950.470000000 9.400000000 0.027587266600
950.470000000 6.800000000 0.122323282100
950.470000000 9.600000000 0.027608357400
947.970000000 5.800000000 -0.122514568300
950.470000000 9.800000000 0.028815120500
962.470000000 6.800000000 -0.080603607000
949.220000000 6.200000000 -0.117911569800
946.970000000 7.400000000 0.053373631100
949.720000000 5.800000000 0.040688768000
957.470000000 5.800000000 -0.064548201900
951.970000000 7.000000000 0.240705102700
950.970000000 6.400000000 0.116590485000
957.720000000 7.400000000 -0.099310345900
950.470000000 6.600000000 0.132156238000
947.220000000 7.400000000 -0.025560708700
946.720000000 7.600000000 0.128743976400
947.470000000 9.400000000 -0.105485245600
963.220000000 5.800000000 -0.224325388700
947.220000000 6.000000000 0.074853606500
962.470000000 5.600000000 0.067659944300
957.470000000 8.200000000 -0.030697880300
949.470000000 6.200000000 -0.046648982900
956.470000000 5.600000000 0.217117384100
961.970000000 6.800000000 0.053572259800
963.220000000 6.400000000 -0.267679512500
948.970000000 6.000000000 -0.166685909000
950.470000000 6.400000000 0.140613585700
961.720000000 9.400000000 0.122384108600
962.720000000 6.800000000 -0.180319175100
949.720000000 6.000000000 0.036326695200
946.970000000 5.800000000 0.153344959000
946.720000000 5.600000000 0.207673952000
950.720000000 6.200000000 0.135245099700
947.470000000 7.600000000 -0.090673968200
951.220000000 6.600000000 0.122696965900
947.470000000 6.200000000 -0.001358793300
950.470000000 6.200000000 0.149567768000
952.220000000 6.600000000 0.208910256600
961.720000000 7.200000000 0.090177409400
957.720000000 6.000000000 -0.122521072600
947.720000000 6.200000000 -0.062988698500
947.720000000 8.400000000 -0.135650143000
947.720000000 8.600000000 -0.138323798800
957.470000000 8.400000000 -0.030693352200
949.970000000 5.600000000 0.120465427600
947.470000000 9.600000000 -0.116789348400
946.970000000 7.200000000 0.058912418800
949.970000000 5.800000000 0.114223904900
957.970000000 6.800000000 -0.144786432400
952.470000000 6.200000000 0.143650189000
947.720000000 8.800000000 -0.138111814900
957.720000000 7.600000000 -0.092415660600
957.970000000 6.600000000 -0.147790730000
949.220000000 6.400000000 -0.117262750900
947.970000000 6.000000000 -0.116636700900
947.720000000 8.200000000 -0.134768605200
946.720000000 7.400000000 0.132120400700
947.220000000 7.200000000 -0.020699245900
962.720000000 5.800000000 -0.015738364300
962.220000000 6.600000000 0.006122014500
949.470000000 6.400000000 -0.047611177000
949.720000000 6.200000000 0.032425411000
951.720000000 7.000000000 0.210053443900
948.970000000 6.200000000 -0.165787637200
947.470000000 10.000000000 -0.131430536500
947.470000000 9.800000000 -0.124491244600
949.970000000 6.000000000 0.107730038500
962.970000000 5.800000000 -0.120292529500
950.470000000 6.000000000 0.157701045300
962.970000000 6.600000000 -0.245784044300
957.970000000 6.400000000 -0.147848159100
947.720000000 9.000000000 -0.139677152000
950.220000000 6.000000000 0.149959892000
957.970000000 7.000000000 -0.141817897600
963.220000000 6.200000000 -0.253137320300
951.470000000 6.800000000 0.158125743300
957.470000000 8.600000000 -0.032063152600
948.220000000 5.600000000 -0.161167055400
947.470000000 7.400000000 -0.087737485800
950.220000000 6.200000000 0.141591206200
948.720000000 5.600000000 -0.183921158300
950.220000000 5.800000000 0.157699093200
947.720000000 8.000000000 -0.131749287200
949.970000000 6.200000000 0.100205071300
963.220000000 6.000000000 -0.219858333500
962.470000000 5.800000000 0.057924613400
947.220000000 6.200000000 0.069988802100
950.220000000 6.400000000 0.132849663500
962.470000000 6.600000000 -0.072440743400
957.470000000 5.600000000 -0.062604829700
949.720000000 6.400000000 0.028903532800
948.720000000 5.800000000 -0.184375256300
950.970000000 6.200000000 0.118094869000
947.720000000 9.200000000 -0.140459954700
950.220000000 5.600000000 0.164518937500
946.970000000 7.000000000 0.066077791200
946.720000000 7.200000000 0.136769980200
950.720000000 6.000000000 0.140305534000
957.470000000 8.800000000 -0.030472122100
957.970000000 6.200000000 -0.146043673200
947.470000000 6.400000000 -0.002402276300
950.220000000 6.600000000 0.123937048000
947.220000000 7.000000000 -0.013485034900
946.720000000 5.800000000 0.199392497500
946.970000000 6.000000000 0.145686239000
957.970000000 7.200000000 -0.135868176800
957.720000000 7.800000000 -0.085597038300
952.470000000 6.000000000 0.234616354100
949.470000000 6.600000000 -0.047981396300
950.470000000 5.800000000 0.164712429000
948.220000000 5.800000000 -0.156720981000
952.470000000 5.800000000 0.233717113700
951.970000000 6.800000000 0.226769939100
948.970000000 6.400000000 -0.163783729100
947.720000000 7.800000000 -0.130587473500
961.970000000 6.600000000 0.047790169700
949.220000000 6.600000000 -0.116840772300
947.720000000 6.400000000 -0.060302216600
957.720000000 5.800000000 -0.120541162800
949.970000000 6.400000000 0.093744434400
952.470000000 5.600000000 0.232538253100
947.970000000 6.200000000 -0.110876970000
962.720000000 6.600000000 -0.167348012300
947.470000000 7.200000000 -0.082199983300
957.470000000 9.000000000 -0.033312276000
947.720000000 9.400000000 -0.140558838800
948.720000000 6.000000000 -0.183319777300
950.220000000 6.800000000 0.114988282300
951.220000000 6.400000000 0.118414759600
962.720000000 6.000000000 -0.025095524300
961.720000000 7.000000000 0.080157689800
946.720000000 7.000000000 0.141803577500
949.720000000 6.600000000 0.025793669700
948.470000000 5.600000000 -0.181147739300
962.970000000 6.000000000 -0.122162863600
946.970000000 6.800000000 0.073630183900
957.470000000 9.200000000 -0.037010964000
962.970000000 6.400000000 -0.191315382700
950.220000000 7.000000000 0.106144830600
962.220000000 6.400000000 0.014161665900
949.970000000 6.600000000 0.087434604800
947.220000000 6.800000000 -0.003253801700
952.220000000 6.400000000 0.194662913700
947.720000000 7.600000000 -0.127340182700
948.220000000 6.000000000 -0.151837855600
957.970000000 7.400000000 -0.130912229400
957.970000000 6.000000000 -0.143356353000
962.470000000 6.000000000 0.046632096200
947.720000000 9.600000000 -0.142379298800
948.470000000 5.800000000 -0.177795469800
951.720000000 6.800000000 0.198363468100
947.470000000 7.000000000 -0.075920306100
957.470000000 9.400000000 -0.036449834700
950.470000000 5.600000000 0.169025749000
957.720000000 8.000000000 -0.080410249500
947.220000000 6.400000000 0.063453890400
962.470000000 6.400000000 0.006598650900
948.720000000 6.200000000 -0.180086463700
949.470000000 6.800000000 -0.047783460500
948.970000000 6.600000000 -0.159704059400
962.970000000 6.200000000 -0.162720218300
946.720000000 6.800000000 0.147112071500
947.970000000 8.600000000 -0.151822522300
950.220000000 7.200000000 0.097510732700
947.970000000 8.400000000 -0.150162562700
962.220000000 5.600000000 0.092978805300
951.470000000 6.600000000 0.149394571800
950.720000000 5.800000000 0.143484354000
948.720000000 8.600000000 -0.122613519400
957.470000000 9.600000000 -0.040550530000
952.220000000 6.200000000 0.170023620100
948.720000000 8.800000000 -0.119859926400
947.220000000 6.600000000 0.005681944500
947.470000000 6.600000000 -0.005333436700
952.220000000 6.000000000 0.170423269300
958.220000000 6.600000000 -0.134277463000
949.220000000 6.800000000 -0.114326752700
947.970000000 8.800000000 -0.152303472200
947.970000000 6.400000000 -0.105385929300
952.220000000 5.800000000 0.170400947300
949.720000000 6.800000000 0.022926209500
948.970000000 8.600000000 -0.070534057900
947.720000000 6.600000000 -0.058002121700
946.970000000 6.600000000 0.083517082000
950.970000000 6.000000000 0.117684856100
947.720000000 9.800000000 -0.144734814800
962.720000000 6.400000000 -0.078871637600
949.970000000 6.800000000 0.081340745100
947.470000000 6.800000000 -0.066071346400
946.970000000 6.200000000 0.137345522600
948.970000000 8.800000000 -0.070182628900
946.720000000 6.000000000 0.190694019200
958.220000000 6.800000000 -0.135547623000
952.220000000 5.600000000 0.169958815000
948.720000000 8.400000000 -0.123891182200
947.970000000 8.200000000 -0.149917051200
958.220000000 6.400000000 -0.131076440200
962.720000000 6.200000000 -0.048591442400
957.470000000 9.800000000 -0.040521718600
948.720000000 9.000000000 -0.115222051700
951.970000000 6.600000000 0.092727713300
947.720000000 10.000000000 -0.146679505700
948.470000000 6.000000000 -0.174813106700
948.970000000 8.400000000 -0.069445036400
947.720000000 7.400000000 -0.123577103000
951.970000000 6.400000000 0.095125064300
950.220000000 7.400000000 0.089242234800
947.970000000 9.000000000 -0.153730139100
957.720000000 5.600000000 -0.115810386800
951.970000000 6.200000000 0.097129970800
962.470000000 6.200000000 0.029477665200
946.720000000 6.600000000 0.152695298200
951.970000000 6.000000000 0.098720349400
948.970000000 9.000000000 -0.068230971700
957.470000000 10.000000000 -0.044061832100
951.970000000 5.800000000 0.099859550600
948.220000000 6.200000000 -0.146672993900
946.970000000 6.400000000 0.092574477200
948.470000000 8.600000000 -0.149322122300
958.220000000 7.000000000 -0.134726658500
948.720000000 6.400000000 -0.177050456400
948.470000000 8.800000000 -0.146909132600
948.720000000 8.200000000 -0.123576648500
961.970000000 6.400000000 0.042954105900
951.970000000 5.600000000 0.100543811900
958.220000000 6.200000000 -0.126553997400
947.970000000 8.000000000 -0.148330196700
947.970000000 9.200000000 -0.154643923000
957.720000000 8.200000000 -0.073985092300
962.220000000 6.200000000 0.063852921100
948.970000000 8.200000000 -0.071375437100
957.970000000 7.600000000 -0.125239178500
950.220000000 7.600000000 0.081471152600
951.220000000 6.200000000 0.114110142000
957.970000000 5.800000000 -0.137590110300
948.970000000 6.800000000 -0.154081732000
948.470000000 8.400000000 -0.151052102400
948.720000000 9.200000000 -0.110288418800
950.220000000 10.000000000 0.041299656000
949.970000000 7.000000000 0.074013762200
946.720000000 6.400000000 0.158685356400
948.470000000 9.000000000 -0.144519507900
961.720000000 6.800000000 0.069951847200
947.720000000 7.200000000 -0.119040064500
948.970000000 9.200000000 -0.064732976300
949.470000000 7.000000000 -0.048316780500
948.220000000 8.600000000 -0.155057281300
949.720000000 7.000000000 0.019057141600
961.470000000 10.000000000 0.074802488100
946.720000000 6.200000000 0.166442230300
951.720000000 6.600000000 0.031033489900
948.220000000 8.800000000 -0.154474794900
948.470000000 6.200000000 -0.171190396000
947.970000000 9.400000000 -0.154912799600
951.720000000 6.400000000 0.029320295900
948.220000000 8.400000000 -0.155079141300
962.220000000 5.800000000 0.085067838400
950.220000000 9.800000000 0.051139179600
951.720000000 6.200000000 0.031777594200
961.470000000 8.200000000 0.104134202000
949.220000000 7.000000000 -0.108586184700
961.470000000 8.000000000 0.102416552600
958.970000000 6.400000000 0.083615228500
947.970000000 6.600000000 -0.101641014200
951.720000000 6.000000000 0.034028459300
950.220000000 7.800000000 0.074787944600
947.720000000 6.800000000 -0.061287853900
958.970000000 6.600000000 0.073786407700
948.470000000 8.200000000 -0.151902273300
958.220000000 7.200000000 -0.132883414600
948.470000000 9.200000000 -0.142156809600
959.220000000 6.400000000 0.136812239900
948.720000000 8.000000000 -0.125018179400
951.720000000 5.800000000 0.029968965800
948.220000000 9.000000000 -0.154582276900
958.970000000 6.200000000 0.088459543900
947.720000000 7.000000000 -0.111173063500
949.220000000 8.600000000 -0.005855226900
947.970000000 7.800000000 -0.146441027500
961.470000000 8.400000000 0.105194248300
959.220000000 6.600000000 0.130656197700
958.470000000 6.600000000 -0.082527048900
950.720000000 5.600000000 0.145619437100
959.220000000 6.200000000 0.138608455700
958.220000000 6.000000000 -0.119962528300
948.970000000 8.000000000 -0.073996126700
947.970000000 9.600000000 -0.154642105100
951.720000000 5.600000000 0.031612101900
958.470000000 6.400000000 -0.075254090100
948.720000000 9.400000000 -0.107615977500
949.220000000 8.800000000 -0.006830076700
962.220000000 6.000000000 0.080507725500
950.220000000 9.600000000 0.060486815900
948.720000000 6.600000000 -0.171728387500
948.220000000 8.200000000 -0.155984014300
957.720000000 8.400000000 -0.087858215000
948.470000000 10.000000000 -0.129937395500
948.220000000 6.400000000 -0.140420615700
961.470000000 7.800000000 0.099028989700
949.220000000 8.400000000 -0.004356149100
949.970000000 7.200000000 0.068342842200
958.720000000 6.400000000 0.002770635300
958.720000000 6.600000000 -0.003905892800
958.470000000 6.800000000 -0.086945265500
948.220000000 9.200000000 -0.154504805800
948.970000000 9.400000000 -0.059902820700
948.470000000 9.400000000 -0.139667034100
951.470000000 6.400000000 0.140076503200
948.970000000 7.000000000 -0.147570356700
947.970000000 9.800000000 -0.153796136400
950.220000000 8.000000000 0.067783422800
958.970000000 6.800000000 0.067628033500
947.970000000 10.000000000 -0.152515575300
961.470000000 8.600000000 0.105119191100
948.220000000 10.000000000 -0.148209333400
950.970000000 5.800000000 0.115881785800
950.220000000 9.400000000 0.068698123100
958.470000000 6.200000000 -0.068335682200
958.720000000 6.200000000 0.013099403100
949.220000000 9.000000000 -0.006755203000
958.970000000 6.000000000 0.095315389300
948.470000000 9.800000000 -0.133655756700
948.470000000 9.600000000 -0.136883363100
959.220000000 6.800000000 0.125930935100
948.220000000 9.400000000 -0.154045254000
948.470000000 6.400000000 -0.165449842800
948.720000000 9.600000000 -0.103133730600
949.720000000 7.200000000 0.015894720300
958.720000000 6.800000000 -0.013885581900
959.220000000 6.000000000 0.138523995900
948.470000000 8.000000000 -0.151570186000
961.470000000 9.800000000 0.068782635000
957.970000000 7.800000000 -0.117021888500
948.220000000 9.800000000 -0.150412783000
949.220000000 7.200000000 -0.099767997900
950.220000000 9.200000000 0.075341433300
948.220000000 9.600000000 -0.153052389600
949.220000000 8.200000000 -0.006503197800
961.470000000 8.800000000 0.105560630600
947.970000000 7.600000000 -0.143960356700
958.470000000 7.000000000 -0.089477591200
948.720000000 7.800000000 -0.126026764500
948.220000000 8.000000000 -0.155403196800
957.970000000 5.600000000 -0.130567625200
948.970000000 7.800000000 -0.119524836500
949.470000000 7.200000000 -0.049040868900
948.720000000 10.000000000 -0.093283534000
950.220000000 8.200000000 0.061611883300
948.720000000 9.800000000 -0.098922245200
948.970000000 7.200000000 -0.138315498800
957.720000000 8.600000000 -0.086490958900
958.220000000 7.400000000 -0.129331886800
961.470000000 7.600000000 0.094751879600
950.220000000 9.000000000 0.080216035200
958.970000000 7.000000000 0.056417923400
947.970000000 6.800000000 -0.099916443200
948.720000000 6.800000000 -0.165940076100
949.970000000 7.400000000 0.062965706000
948.970000000 7.600000000 -0.122425928700
958.720000000 6.000000000 0.019686235100
949.220000000 9.200000000 -0.005324484800
951.220000000 6.000000000 0.107375025700
961.970000000 6.200000000 0.046184301400
961.470000000 9.000000000 0.105749994500
948.970000000 7.400000000 -0.129604712100
958.470000000 6.000000000 -0.058930423100
950.220000000 8.800000000 0.083408191800
958.720000000 7.000000000 -0.019143329900
958.220000000 5.800000000 -0.111891627300
959.220000000 7.000000000 0.116508528600
948.970000000 9.600000000 -0.054016225000
959.470000000 6.400000000 0.152222722800
949.220000000 8.000000000 -0.069478079700
961.470000000 9.600000000 0.110227040900
959.470000000 6.600000000 0.152310237300
961.470000000 9.200000000 0.106507405600
948.220000000 6.600000000 -0.135196417600
949.220000000 7.400000000 -0.089607305800
958.970000000 5.800000000 0.097424514600
950.220000000 8.600000000 0.085213176900
961.470000000 9.400000000 0.107697792400
949.220000000 7.800000000 -0.070974178600
959.470000000 6.200000000 0.151470020400
950.220000000 8.400000000 0.055633936100
961.720000000 6.600000000 0.059961341300
959.220000000 5.800000000 0.138727486100
949.220000000 7.600000000 -0.079674884700
947.970000000 7.400000000 -0.140638634600
948.470000000 7.800000000 -0.149916857500
948.470000000 6.600000000 -0.159786805500
958.470000000 7.200000000 -0.092473492000
948.220000000 7.800000000 -0.153966829200
959.470000000 6.800000000 0.148900061800
948.720000000 7.000000000 -0.158122077600
949.720000000 7.400000000 0.012598803300
957.720000000 8.800000000 -0.084955744400
948.720000000 7.600000000 -0.143050402400
957.720000000 10.000000000 -0.095955140900
949.220000000 9.400000000 -0.002479401400
957.720000000 9.800000000 -0.094049267500
949.970000000 7.600000000 0.057920191400
958.970000000 7.200000000 0.050355043300
948.970000000 9.800000000 -0.044050935700
958.720000000 5.800000000 0.028500501100
951.470000000 6.200000000 0.128948390500
947.970000000 7.200000000 -0.134565427900
959.470000000 6.000000000 0.147849708800
957.720000000 9.600000000 -0.091735482200
947.970000000 7.000000000 -0.103487134000
958.720000000 7.200000000 -0.022912345800
948.720000000 7.400000000 -0.145233526800
961.470000000 7.400000000 0.088687166600
948.720000000 7.200000000 -0.151603832800
950.970000000 5.600000000 0.112589836100
957.970000000 8.000000000 -0.108254142100
949.470000000 7.400000000 -0.031892038900
958.470000000 5.800000000 -0.050703726700
958.220000000 7.600000000 -0.124382682100
959.220000000 7.200000000 0.105569250900
949.470000000 8.600000000 -0.001264709400
949.470000000 8.800000000 -0.000367781000
949.470000000 8.400000000 -0.002969546500
951.470000000 6.000000000 -0.005268678500
957.720000000 9.400000000 -0.088952459400
949.470000000 9.000000000 0.001581749500
948.970000000 10.000000000 -0.037671770900
951.470000000 5.800000000 -0.002725527900
948.220000000 6.800000000 -0.131518870600
949.470000000 8.200000000 -0.004111089300
959.470000000 7.000000000 0.145616158800
961.970000000 6.000000000 0.070695810000
951.470000000 5.600000000 -0.007368008100
948.470000000 7.600000000 -0.147884428500
949.470000000 9.200000000 0.004415126100
948.470000000 6.800000000 -0.154883086700
949.220000000 9.600000000 -0.054876208300
949.470000000 8.000000000 -0.007839495300
948.220000000 7.600000000 -0.150516897400
958.970000000 5.600000000 0.100230082900
958.220000000 5.600000000 -0.102628201200
949.470000000 7.600000000 -0.022278426200
957.720000000 9.200000000 -0.085662126500
958.470000000 7.400000000 -0.091930516100
949.470000000 7.800000000 -0.012989755700
957.720000000 9.000000000 -0.079242982000
951.220000000 5.800000000 0.100537017000
949.470000000 9.400000000 0.003826077600
959.220000000 5.600000000 0.134866565500
949.220000000 9.800000000 -0.051270470000
949.970000000 7.800000000 0.053343035300
949.970000000 9.800000000 0.063356757200
949.970000000 10.000000000 0.064642839100
949.720000000 7.600000000 0.009184443400
949.970000000 9.600000000 0.069620542200
959.470000000 5.800000000 0.143277391800
949.970000000 9.400000000 0.069987341800
949.470000000 9.600000000 0.007257751700
958.970000000 7.400000000 0.039397422200
958.720000000 7.400000000 -0.030213426800
949.970000000 9.200000000 0.075128763900
949.970000000 9.000000000 0.076735131400
948.470000000 7.000000000 -0.150317281500
958.720000000 5.600000000 0.033314418000
949.220000000 10.000000000 -0.046220518600
948.220000000 7.000000000 -0.130958765700
949.720000000 9.000000000 0.052180554700
949.720000000 8.800000000 0.051333196500
948.220000000 7.400000000 -0.147103369200
959.720000000 6.400000000 0.132651925100
949.720000000 9.200000000 0.049943707900
959.720000000 6.600000000 0.135908469600
949.970000000 8.800000000 0.079353623100
959.220000000 7.400000000 0.098650418200
959.470000000 7.200000000 0.138467356600
948.470000000 7.400000000 -0.146154239800
949.720000000 8.600000000 0.051467232400
949.720000000 9.400000000 0.051657483000
961.970000000 5.800000000 0.074486896400
949.470000000 9.800000000 0.011662704900
949.970000000 8.600000000 0.082050792900
949.720000000 8.400000000 0.051172792900
961.720000000 6.400000000 0.050420239600
961.470000000 7.200000000 0.081125550000
958.470000000 5.600000000 -0.041021563100
949.720000000 9.600000000 0.054512701900
948.470000000 7.200000000 -0.147913038700
959.720000000 6.200000000 0.127089485500
949.720000000 8.200000000 0.051126278900
949.970000000 8.400000000 0.084457270800
957.970000000 8.200000000 -0.101809233400
958.220000000 7.800000000 -0.118532188200
949.720000000 8.000000000 0.048345025600
959.720000000 6.800000000 0.138288512800
949.720000000 9.800000000 0.051082607400
949.970000000 8.200000000 0.084685206400
949.720000000 7.800000000 0.041556146000
948.220000000 7.200000000 -0.140769615800
949.470000000 10.000000000 0.010273961400
949.970000000 8.000000000 0.049407906800
961.970000000 5.600000000 0.081377044300
958.470000000 7.600000000 -0.089305765900
949.720000000 10.000000000 0.054914753900
959.720000000 6.000000000 0.121311314400
957.970000000 10.000000000 -0.117623478200
951.220000000 5.600000000 0.091275185300
959.470000000 5.600000000 0.136677995300
959.720000000 7.000000000 0.138341724900
957.970000000 9.800000000 -0.115720309300
958.970000000 7.600000000 0.029241737000
958.720000000 7.600000000 -0.031346689900
959.470000000 7.400000000 0.132468104400
957.970000000 9.600000000 -0.113276608300
959.220000000 7.600000000 0.086753048000
957.970000000 9.400000000 -0.110263243300
959.720000000 5.800000000 0.113621369000
959.970000000 6.400000000 0.081856526400
961.470000000 7.000000000 0.072318807200
957.970000000 8.400000000 -0.092884175500
959.970000000 6.600000000 0.090080030300
959.970000000 6.200000000 0.076501324800
959.720000000 7.200000000 0.137063115800
958.470000000 7.800000000 -0.088213913100
958.220000000 8.000000000 -0.111481890100
957.970000000 9.200000000 -0.106683060500
959.970000000 6.800000000 0.093839764600
961.720000000 6.200000000 0.041993901100
959.970000000 6.000000000 0.067602023500
960.220000000 6.400000000 0.020531622700
958.720000000 7.800000000 -0.035912469000
960.220000000 6.200000000 0.011703698900
960.470000000 6.400000000 -0.036670725800
958.970000000 7.800000000 0.025104783500
959.470000000 7.600000000 0.122602745900
960.470000000 6.200000000 -0.043135900100
960.220000000 6.600000000 0.025090208300
957.970000000 9.000000000 -0.102552242600
960.470000000 6.600000000 -0.033130463200
960.220000000 6.000000000 0.007609779000
960.470000000 6.000000000 -0.048233725100
959.970000000 7.000000000 0.100203834500
959.720000000 5.600000000 0.105034478000
959.220000000 7.800000000 0.079735480200
957.970000000 8.600000000 -0.085742346900
960.220000000 6.800000000 0.034508876500
960.470000000 6.800000000 -0.024846704700
959.970000000 5.800000000 0.058680392800
959.720000000 7.400000000 0.133793309300
957.970000000 8.800000000 -0.097889319100
960.220000000 5.800000000 0.000356727400
960.470000000 5.800000000 -0.049332279700
960.720000000 6.400000000 -0.077565915900
960.720000000 6.600000000 -0.073785692500
960.720000000 6.200000000 -0.078752644400
960.470000000 7.000000000 -0.020375162400
961.470000000 6.800000000 0.062612369700
958.470000000 8.000000000 -0.082736425100
960.220000000 7.000000000 0.038465358300
960.720000000 6.800000000 -0.068533308800
960.720000000 6.000000000 -0.080494813600
959.970000000 7.200000000 0.101391278200
958.220000000 8.200000000 -0.103952579200
960.470000000 5.600000000 -0.052219159900
961.720000000 6.000000000 0.035335954300
959.970000000 5.600000000 0.053530611100
960.220000000 5.600000000 -0.005753306200
959.470000000 7.800000000 0.111454315500
958.720000000 8.000000000 -0.038583718200
958.970000000 8.000000000 0.016994364600
960.720000000 7.000000000 -0.064707763500
961.220000000 10.000000000 0.080265052600
960.720000000 5.800000000 -0.081059962500
958.220000000 10.000000000 -0.099579021300
960.470000000 7.200000000 -0.011083090700
959.720000000 7.600000000 0.129034057300
959.220000000 8.000000000 0.068306155500
960.220000000 7.200000000 0.047353319800
961.220000000 9.800000000 0.075317330700
958.220000000 9.800000000 -0.097768254600
960.720000000 5.600000000 -0.080231696400
961.720000000 5.800000000 0.034898605200
960.720000000 7.200000000 -0.057544227700
959.970000000 7.400000000 0.105006560700
961.220000000 9.600000000 0.070794574900
958.220000000 9.600000000 -0.095480598500
961.220000000 8.400000000 0.060546599300
961.220000000 9.400000000 0.066917084200
961.220000000 8.200000000 0.060872010900
958.470000000 8.200000000 -0.079116478600
961.220000000 8.600000000 0.060431305300
961.220000000 8.800000000 0.060752637700
961.220000000 9.200000000 0.064067497800
961.220000000 9.000000000 0.062108274500
958.220000000 9.400000000 -0.092725113000
960.470000000 7.400000000 -0.001576578200
961.470000000 6.600000000 0.052356019600
961.220000000 8.000000000 0.061169762200
961.720000000 5.600000000 0.035313949000
959.470000000 8.000000000 0.103498451400
958.220000000 8.400000000 -0.095636218800
960.720000000 7.400000000 -0.049325760500
958.720000000 8.200000000 -0.036038506800
960.220000000 7.400000000 0.055346779500
958.970000000 8.200000000 0.010450141500
959.720000000 7.800000000 0.122754126800
961.220000000 7.800000000 0.061226245000
958.220000000 9.200000000 -0.089546591000
960.970000000 6.600000000 -0.085635170300
960.970000000 6.400000000 -0.086292073100
960.970000000 6.200000000 -0.086380407200
959.220000000 8.200000000 0.057632532000
960.970000000 6.800000000 -0.083751969000
959.970000000 7.600000000 0.106506720200
960.970000000 6.000000000 -0.085929952600
960.970000000 7.000000000 -0.081223487900
958.220000000 9.000000000 -0.085986815400
960.970000000 5.800000000 -0.084924310400
961.220000000 7.600000000 0.059973795000
960.470000000 7.600000000 0.002731578200
960.720000000 7.600000000 -0.043682359200
960.970000000 5.600000000 -0.083613999200
960.970000000 7.200000000 -0.077429167900
960.220000000 7.600000000 0.056946650100
958.220000000 8.800000000 -0.082101978400
958.470000000 8.400000000 -0.071184940600
959.470000000 8.200000000 0.091811962400
959.720000000 8.000000000 0.115228220800
961.470000000 6.400000000 0.039761859900
958.970000000 8.400000000 0.009207761800
958.720000000 8.400000000 -0.036093868300
958.220000000 8.600000000 -0.086963228900
958.470000000 10.000000000 -0.051158957200
961.220000000 7.400000000 0.057270173000
959.970000000 7.800000000 0.103505253800
960.970000000 7.400000000 -0.072246223700
958.470000000 9.800000000 -0.049743991300
959.220000000 8.400000000 0.048086199900
960.720000000 7.800000000 -0.034625615900
959.220000000 10.000000000 0.095796242400
960.470000000 7.800000000 0.011649414900
958.970000000 10.000000000 0.070320114500
958.470000000 9.600000000 -0.048085801300
960.220000000 7.800000000 0.062816634800
959.220000000 9.800000000 0.093690276100
960.970000000 7.600000000 -0.065798111300
958.970000000 9.800000000 0.069688051900
960.720000000 10.000000000 -0.024395136200
958.720000000 10.000000000 0.018508862700
961.470000000 6.200000000 -0.017211526600
960.470000000 10.000000000 -0.027347941000
961.220000000 7.200000000 0.053136687700
958.470000000 9.400000000 -0.046231336900
959.470000000 8.400000000 0.080278284800
958.720000000 9.800000000 0.019241116900
959.720000000 8.200000000 0.106204614000
959.220000000 9.600000000 0.090863414100
958.970000000 9.600000000 0.068464860300
961.470000000 6.000000000 -0.017470730500
959.970000000 8.000000000 0.101846963200
958.470000000 8.600000000 -0.065644338700
961.220000000 6.600000000 -0.064865633800
958.970000000 8.600000000 0.005145043100
961.220000000 6.800000000 -0.065194293900
961.220000000 6.400000000 -0.064481824600
958.720000000 8.600000000 -0.030931623700
959.470000000 10.000000000 0.090612135800
960.720000000 9.800000000 -0.019915374000
960.470000000 9.800000000 -0.024357440000
961.220000000 6.200000000 -0.063821502000
960.720000000 8.000000000 -0.025339616500
960.720000000 8.400000000 -0.015023870400
961.220000000 7.000000000 -0.064721018100
960.470000000 8.200000000 -0.023948729000
961.470000000 5.800000000 -0.017869425900
960.720000000 8.200000000 -0.014123856100
961.220000000 6.000000000 -0.062980607200
960.970000000 7.800000000 -0.059920497200
961.220000000 5.600000000 -0.061352476500
958.720000000 9.600000000 0.019739819700
960.720000000 8.600000000 -0.015962056800
958.470000000 9.200000000 -0.044260993600
960.470000000 8.400000000 -0.025197301100
961.220000000 5.800000000 -0.062130741800
960.470000000 8.000000000 -0.022303750700
960.970000000 8.400000000 0.015361151700
960.970000000 8.600000000 0.014385634100
958.970000000 9.400000000 0.066597990700
959.220000000 8.600000000 0.043192751700
961.470000000 5.600000000 -0.017645468900
960.970000000 10.000000000 0.032099738700
959.220000000 9.400000000 0.087315246500
960.970000000 8.800000000 0.015452493900
960.970000000 8.200000000 0.016354072800
960.470000000 8.600000000 -0.025411155100
960.720000000 8.800000000 -0.014984577900
959.470000000 9.800000000 0.087551832200
960.970000000 9.000000000 0.017357112800
960.220000000 8.000000000 0.066995449400
960.970000000 9.800000000 0.028680529400
958.470000000 9.000000000 -0.018460523300
958.470000000 8.800000000 -0.019953060900
958.720000000 9.400000000 0.019927309800
960.970000000 9.200000000 0.019367896000
960.970000000 8.000000000 0.018214004100
960.470000000 9.600000000 -0.020645637100
960.220000000 10.000000000 -0.010054267000
960.970000000 9.600000000 0.025295244500
960.720000000 9.000000000 -0.014064163000
960.470000000 8.800000000 -0.025330692500
960.970000000 9.400000000 0.022311480700
960.720000000 9.600000000 -0.014939973100
958.970000000 9.200000000 0.064049556900
959.470000000 9.600000000 0.083926871400
959.220000000 9.200000000 0.083072431400
958.720000000 9.000000000 0.017063412800
958.720000000 9.200000000 0.016410293100
960.720000000 9.200000000 -0.012458577800
959.720000000 8.400000000 0.096198551400
958.720000000 8.800000000 0.017511233700
960.470000000 9.000000000 -0.025292865900
959.970000000 8.200000000 0.098158232900
959.470000000 8.600000000 0.069364719100
960.220000000 9.800000000 -0.009484837800
958.970000000 8.800000000 0.002626257700
960.720000000 9.400000000 -0.010823175300
960.470000000 9.200000000 -0.025961114100
960.470000000 9.400000000 -0.016251040600
958.970000000 9.000000000 0.060794893700
959.470000000 9.400000000 0.079792037600
959.720000000 10.000000000 0.061654456000
959.220000000 9.000000000 0.078167527900
959.220000000 8.800000000 0.035796470900
960.220000000 9.600000000 -0.008277377100
960.220000000 8.200000000 0.064922958600
959.970000000 10.000000000 0.023085560600
959.720000000 9.800000000 0.058662679000
960.220000000 8.400000000 -0.014999487400
959.470000000 9.200000000 0.075230069500
959.970000000 9.800000000 0.021395089100
960.220000000 9.400000000 -0.006397745600
960.220000000 8.600000000 -0.014978285900
959.970000000 8.400000000 0.092696219700
959.720000000 8.600000000 0.085752412700
959.720000000 9.600000000 0.055494900800
959.470000000 8.800000000 0.059436794400
960.220000000 8.800000000 -0.016910487800
959.970000000 9.600000000 0.019995095200
959.470000000 9.000000000 0.071457848000
960.220000000 9.000000000 -0.019567566000
960.220000000 9.200000000 -0.003826256400
959.720000000 9.400000000 0.052241019900
959.970000000 9.400000000 0.018968492700
959.970000000 8.600000000 0.085228882700
959.720000000 8.800000000 0.075430065400
959.720000000 9.200000000 0.049007237000
959.970000000 9.200000000 0.018397279100
959.720000000 9.000000000 0.050395615400
959.970000000 9.000000000 0.018349502200
959.970000000 8.800000000 0.077992118900
