902.040000000 8.000000000 0.382879346600
901.790000000 8.200000000 0.324630826700
901.790000000 8.000000000 0.312341600700
914.290000000 8.800000000 -0.442536056000
902.040000000 8.200000000 0.400026977100
914.290000000 9.000000000 -0.442937642300
914.040000000 9.000000000 -0.452192246900
914.040000000 8.800000000 -0.449024409100
914.540000000 8.800000000 -0.393414884800
913.790000000 9.000000000 -0.425291866100
914.540000000 9.000000000 -0.396268695600
913.790000000 8.800000000 -0.420572847100
902.290000000 8.000000000 0.439751982700
914.290000000 8.600000000 -0.434074789300
901.540000000 8.200000000 0.259952396200
913.540000000 8.800000000 -0.373223394200
901.790000000 8.400000000 0.337434291800
914.040000000 9.200000000 -0.449420929000
901.540000000 8.000000000 0.257156848900
902.290000000 8.200000000 0.451660513900
902.040000000 7.800000000 0.361709237100
914.040000000 8.600000000 -0.439275831000
914.290000000 9.200000000 -0.434438467000
913.540000000 9.000000000 -0.370844125700
901.790000000 7.800000000 0.299366116500
914.540000000 8.600000000 -0.384021103400
913.790000000 9.200000000 -0.425998091700
901.540000000 8.400000000 0.265211641800
913.790000000 8.600000000 -0.411601334800
914.790000000 8.800000000 -0.318304091700
914.540000000 9.200000000 -0.392696112400
914.790000000 9.000000000 -0.325690835700
913.290000000 8.800000000 -0.315510362400
902.040000000 8.400000000 0.412750989200
902.290000000 7.800000000 0.422344774000
913.540000000 8.600000000 -0.367711633400
902.540000000 8.000000000 0.451524138500
901.540000000 7.800000000 0.256714731500
913.290000000 9.000000000 -0.309511393300
914.790000000 8.600000000 -0.308528989600
913.540000000 9.200000000 -0.371030330700
913.290000000 8.600000000 -0.319994121800
914.290000000 8.400000000 -0.417360544200
914.790000000 9.200000000 -0.329004436700
902.540000000 8.200000000 0.451336771200
901.540000000 8.600000000 0.273614943000
913.040000000 8.800000000 -0.259921819000
914.040000000 8.400000000 -0.422695756000
914.540000000 8.400000000 -0.369344145100
901.290000000 8.200000000 0.225135907500
914.040000000 9.400000000 -0.441472113100
914.290000000 9.400000000 -0.423294454800
901.290000000 8.400000000 0.220585018400
902.790000000 8.000000000 0.397046238200
901.790000000 8.600000000 0.350166738000
902.540000000 7.800000000 0.442674547400
901.290000000 8.000000000 0.230320379100
913.040000000 8.600000000 -0.273807257400
913.790000000 8.400000000 -0.395857155300
913.790000000 9.400000000 -0.422776937500
915.040000000 8.800000000 -0.238833680700
912.790000000 8.800000000 -0.198934331500
913.040000000 9.000000000 -0.242081284500
902.290000000 8.400000000 0.456239640700
915.040000000 9.000000000 -0.248247221100
914.540000000 9.400000000 -0.378860622600
901.790000000 7.600000000 0.286207616300
913.290000000 9.200000000 -0.299747169000
903.040000000 8.000000000 0.272759228900
901.290000000 8.600000000 0.219656363100
902.790000000 8.200000000 0.382959544700
912.540000000 8.800000000 -0.129674002500
914.790000000 8.400000000 -0.299233049200
912.790000000 8.600000000 -0.220402166200
902.040000000 7.600000000 0.339515149600
915.040000000 8.600000000 -0.232719853500
913.540000000 8.400000000 -0.359425544700
901.540000000 7.600000000 0.257314831000
901.290000000 7.800000000 0.238515555900
912.790000000 9.000000000 -0.181402012700
902.790000000 7.800000000 0.402573108700
912.540000000 8.600000000 -0.149115234600
903.040000000 8.200000000 0.247684881100
913.540000000 9.400000000 -0.368960589200
903.290000000 8.000000000 0.100583136100
912.290000000 8.800000000 -0.041478205500
915.040000000 9.200000000 -0.257770746900
913.290000000 8.400000000 -0.326649934100
914.790000000 9.400000000 -0.322397083000
903.040000000 7.800000000 0.292379587900
901.540000000 8.800000000 0.284872978900
902.290000000 7.600000000 0.397268801900
912.540000000 9.000000000 -0.112953811900
902.040000000 8.600000000 0.421770542900
914.290000000 8.200000000 -0.393736839300
912.290000000 8.600000000 -0.055438906000
915.040000000 8.400000000 -0.234845608500
914.540000000 8.200000000 -0.352276980900
902.540000000 8.400000000 0.441917270400
901.290000000 8.800000000 0.225686743900
913.040000000 8.400000000 -0.291042476900
913.040000000 9.200000000 -0.228285387200
914.040000000 8.200000000 -0.399367719900
903.290000000 7.800000000 0.128113508200
903.290000000 8.200000000 0.072697818300
909.790000000 8.400000000 0.191009566200
914.040000000 9.600000000 -0.429178297500
910.040000000 8.400000000 0.151416346400
912.290000000 9.000000000 -0.028091201600
912.790000000 8.400000000 -0.235159277900
912.040000000 8.800000000 0.065661408000
901.290000000 7.600000000 0.245732307400
909.790000000 8.200000000 0.200045123700
914.290000000 9.600000000 -0.407944530200
907.790000000 8.600000000 -0.009250991000
914.790000000 8.200000000 -0.292096704200
913.790000000 8.200000000 -0.376335263300
910.040000000 8.600000000 0.151526242500
912.040000000 8.600000000 0.057658370600
910.040000000 8.200000000 0.150435686100
901.040000000 8.400000000 0.202459618400
902.540000000 7.600000000 0.425566226200
908.040000000 8.400000000 0.103781402100
901.790000000 8.800000000 0.362648248700
909.790000000 8.600000000 0.181444957900
907.790000000 8.400000000 -0.017179442600
913.790000000 9.600000000 -0.415812134700
913.290000000 9.400000000 -0.293580889700
901.040000000 8.200000000 0.214108586300
902.790000000 8.400000000 0.359449088600
901.040000000 8.600000000 0.195418372800
912.540000000 8.400000000 -0.162951588600
908.040000000 8.600000000 0.113113865300
907.540000000 8.600000000 -0.115657895800
912.790000000 9.200000000 -0.162778914000
903.540000000 8.000000000 -0.081721589000
914.540000000 9.600000000 -0.366034388500
915.040000000 9.400000000 -0.264606684400
909.790000000 8.000000000 0.216029286400
913.540000000 8.200000000 -0.347105234900
915.040000000 8.200000000 -0.240897372400
909.540000000 8.200000000 0.274613797700
901.040000000 8.000000000 0.225105866800
901.540000000 7.400000000 0.258216708900
909.540000000 8.400000000 0.260131061100
910.040000000 8.000000000 0.167378246800
908.290000000 8.400000000 0.232246756600
910.040000000 8.800000000 0.161207661000
902.790000000 7.600000000 0.400198012600
903.040000000 8.400000000 0.217225581400
903.540000000 7.800000000 -0.055694609900
907.540000000 8.400000000 -0.115516521000
907.540000000 8.800000000 -0.118126891600
902.290000000 8.600000000 0.453196823600
907.790000000 8.800000000 -0.000795893000
908.040000000 8.200000000 0.100391328300
901.790000000 7.400000000 0.273500740500
912.290000000 8.400000000 -0.066086262500
903.040000000 7.600000000 0.306856244800
909.790000000 8.800000000 0.178548529700
908.290000000 8.200000000 0.223643109200
912.540000000 9.200000000 -0.094573363700
912.040000000 9.000000000 0.072528414400
901.040000000 8.800000000 0.193532988400
901.290000000 9.000000000 0.235828250600
914.290000000 8.000000000 -0.363852888300
914.540000000 8.000000000 -0.334915697600
913.540000000 9.600000000 -0.359452337000
903.540000000 8.200000000 -0.102029405500
910.290000000 8.400000000 0.165111944100
901.540000000 9.000000000 0.301893472700
903.290000000 7.600000000 0.155490770900
911.790000000 8.600000000 0.179710432900
914.790000000 9.600000000 -0.317187517900
909.540000000 8.000000000 0.287193685800
909.540000000 8.600000000 0.246714636700
907.290000000 8.600000000 -0.204878151400
911.790000000 8.800000000 0.180257484300
908.290000000 8.600000000 0.235002189900
913.290000000 8.200000000 -0.325265437400
910.290000000 8.600000000 0.173987776000
907.790000000 8.200000000 -0.017346130700
909.790000000 7.800000000 0.234253928100
908.540000000 8.200000000 0.329777717600
902.040000000 7.400000000 0.313272446400
910.290000000 8.200000000 0.152378007800
901.040000000 7.800000000 0.231691330700
914.040000000 8.000000000 -0.365088313800
908.540000000 8.400000000 0.333020120900
907.290000000 8.800000000 -0.219478011100
903.290000000 8.400000000 0.044446304400
901.290000000 7.400000000 0.252470731700
912.040000000 8.400000000 0.050934780400
913.040000000 9.400000000 -0.214795067900
910.040000000 7.800000000 0.181404709800
908.040000000 8.800000000 0.122972749200
909.290000000 8.200000000 0.347128540300
914.790000000 8.000000000 -0.290517360000
909.290000000 8.400000000 0.335178077200
910.040000000 9.000000000 0.175347223900
913.040000000 8.200000000 -0.298808664100
908.790000000 8.200000000 0.389711380000
912.290000000 9.200000000 -0.014335804600
907.290000000 8.400000000 -0.198419526200
903.540000000 7.600000000 -0.023663826300
908.290000000 8.000000000 0.215240106000
909.790000000 9.000000000 0.178918644800
902.040000000 8.800000000 0.424795895800
910.290000000 8.800000000 0.192566126600
908.790000000 8.400000000 0.387067288200
909.040000000 8.200000000 0.392764478900
913.790000000 8.000000000 -0.346181422500
909.290000000 8.000000000 0.356181919600
912.790000000 8.200000000 -0.253477513800
902.540000000 8.600000000 0.424483358900
910.290000000 8.000000000 0.150718092900
902.290000000 7.400000000 0.366983175300
909.540000000 7.800000000 0.302161663800
909.540000000 8.800000000 0.234573259900
908.540000000 8.000000000 0.319472789800
909.040000000 8.400000000 0.384426116900
914.040000000 9.800000000 -0.413408845700
907.540000000 9.000000000 -0.122432522500
908.040000000 8.000000000 0.096493385700
915.040000000 8.000000000 -0.242744550100
907.540000000 8.200000000 -0.114728614700
907.040000000 8.600000000 -0.274865865700
909.790000000 7.600000000 0.262651145500
909.290000000 8.600000000 0.321670919700
915.040000000 9.600000000 -0.267339825600
914.290000000 9.800000000 -0.389741331300
908.540000000 8.600000000 0.331289619200
910.040000000 7.600000000 0.210549399300
911.790000000 9.000000000 0.176760256300
901.040000000 9.000000000 0.193761229500
911.790000000 8.400000000 0.174764186100
901.040000000 7.600000000 0.236144587400
908.790000000 8.000000000 0.383837193300
912.540000000 8.200000000 -0.180212542400
913.790000000 9.800000000 -0.398109048600
907.040000000 8.800000000 -0.297112911900
903.790000000 7.800000000 -0.213544413400
903.790000000 8.000000000 -0.229320406900
913.290000000 9.600000000 -0.286854624700
909.040000000 8.000000000 0.394092708800
901.790000000 9.000000000 0.373415350900
912.790000000 9.400000000 -0.144002229000
907.790000000 9.000000000 0.005362780300
911.540000000 8.600000000 0.279280453900
910.040000000 9.200000000 0.192517414700
911.540000000 8.800000000 0.275081545100
907.290000000 9.000000000 -0.234702557300
914.290000000 7.800000000 -0.336142987000
908.290000000 8.800000000 0.233115121700
914.540000000 7.800000000 -0.320699304300
902.790000000 8.600000000 0.329236775600
910.290000000 9.000000000 0.213049560800
902.540000000 7.400000000 0.401510477100
914.540000000 9.800000000 -0.345197916000
913.540000000 8.000000000 -0.327256023900
909.040000000 8.600000000 0.371676683400
908.790000000 8.600000000 0.377438247200
900.790000000 8.600000000 0.188611373300
909.290000000 7.800000000 0.363785505300
901.290000000 9.200000000 0.253206282900
909.790000000 9.200000000 0.181276693900
903.540000000 8.400000000 -0.117146842200
910.290000000 7.800000000 0.164025127900
910.540000000 8.400000000 0.218180462700
907.040000000 8.400000000 -0.253093510900
900.790000000 8.400000000 0.195470929100
901.540000000 7.200000000 0.256899297200
903.790000000 7.600000000 -0.185718879100
903.290000000 7.400000000 0.186497777700
912.040000000 9.200000000 0.077240169000
912.290000000 8.200000000 -0.078393094200
910.540000000 8.600000000 0.231067612800
910.540000000 8.800000000 0.311413317900
909.540000000 7.600000000 0.322647690800
909.790000000 7.400000000 0.292385786800
903.040000000 7.400000000 0.316856712100
906.290000000 8.800000000 -0.409670591400
910.040000000 7.400000000 0.242936462200
914.040000000 7.800000000 -0.330396890600
902.790000000 7.400000000 0.390054464300
907.790000000 8.000000000 -0.021266391500
909.540000000 9.000000000 0.221028655800
906.790000000 8.600000000 -0.331523478000
906.790000000 8.800000000 -0.342269748400
906.040000000 8.800000000 -0.395675063100
903.540000000 7.400000000 0.017803566500
901.540000000 9.200000000 0.323373705100
903.040000000 8.600000000 0.181963250000
907.290000000 8.200000000 -0.188087970000
912.540000000 9.400000000 -0.075720615700
914.790000000 7.800000000 -0.288417577700
909.290000000 8.800000000 0.302416741800
910.540000000 8.200000000 0.198471903800
903.790000000 8.200000000 -0.234648004200
913.540000000 9.800000000 -0.352985858900
910.540000000 9.000000000 0.313095390800
906.290000000 8.600000000 -0.405588716300
901.290000000 7.200000000 0.258977621800
906.040000000 8.600000000 -0.402520060500
906.540000000 8.800000000 -0.379386872100
900.790000000 8.200000000 0.207254752500
908.290000000 7.800000000 0.200839012900
901.790000000 7.200000000 0.260107129800
900.790000000 8.800000000 0.182815283500
914.790000000 9.800000000 -0.302135229100
908.540000000 7.800000000 0.302153259500
909.040000000 7.800000000 0.391275465500
907.040000000 9.000000000 -0.315788328600
906.540000000 8.600000000 -0.367478758100
902.290000000 8.800000000 0.443266630200
910.290000000 9.200000000 0.249712720500
910.040000000 9.400000000 0.209978595400
906.290000000 9.000000000 -0.403319835700
911.540000000 8.400000000 0.278431236700
908.790000000 7.800000000 0.370994955300
913.290000000 8.000000000 -0.320730119900
908.040000000 9.000000000 0.125735834200
901.040000000 7.400000000 0.238921895600
909.790000000 7.200000000 0.328547418100
906.040000000 9.000000000 -0.382526844700
911.540000000 9.000000000 0.262849390500
912.040000000 8.200000000 0.043436639000
895.290000000 6.000000000 -0.185194209200
903.790000000 7.400000000 -0.152262806900
913.040000000 9.600000000 -0.201765716100
895.290000000 6.200000000 -0.201206550000
910.040000000 7.200000000 0.274429708700
908.540000000 8.800000000 0.323440969000
905.790000000 8.800000000 -0.342170983600
913.790000000 7.800000000 -0.312960177700
905.790000000 8.600000000 -0.357847631000
906.790000000 8.400000000 -0.308202475300
909.790000000 9.400000000 0.186068445400
900.790000000 8.000000000 0.215095847800
908.040000000 7.800000000 0.088213764100
906.540000000 9.000000000 -0.379944562900
906.790000000 9.000000000 -0.355507999700
910.290000000 7.600000000 0.184455350000
910.540000000 9.200000000 0.321881532700
903.290000000 8.600000000 0.015766782700
911.290000000 8.600000000 0.331697017000
909.290000000 7.600000000 0.369495898500
909.790000000 7.000000000 0.355415225000
901.040000000 9.200000000 0.197756707700
909.540000000 7.400000000 0.342221260100
902.040000000 7.200000000 0.286226272600
906.040000000 8.400000000 -0.400533914600
911.290000000 8.800000000 0.328041404500
911.790000000 9.200000000 0.169391304300
895.290000000 6.400000000 -0.215547815000
915.040000000 7.800000000 -0.243431285000
909.040000000 8.800000000 0.351631432800
904.040000000 7.800000000 -0.312329620100
906.290000000 8.400000000 -0.388315767000
914.290000000 7.600000000 -0.312282949700
910.540000000 8.000000000 0.186690613600
912.290000000 9.400000000 -0.001452664000
909.540000000 9.200000000 0.208387300400
913.040000000 8.000000000 -0.305777430500
895.290000000 5.800000000 -0.170282483100
904.040000000 7.600000000 -0.302421689000
910.790000000 8.800000000 0.358568579000
907.540000000 8.000000000 -0.111941687800
906.540000000 8.400000000 -0.345415443200
905.790000000 8.400000000 -0.361848741800
907.540000000 9.200000000 -0.129182547300
914.540000000 7.600000000 -0.306594729400
910.790000000 8.600000000 0.293002873700
910.790000000 9.000000000 0.366390585900
905.790000000 9.000000000 -0.324786782300
907.040000000 8.200000000 -0.246627450000
910.040000000 9.600000000 0.229166179900
902.040000000 9.000000000 0.423678338500
908.790000000 8.800000000 0.360919982200
895.290000000 6.600000000 -0.230212181800
915.040000000 9.800000000 -0.265308767600
910.290000000 9.400000000 0.260040044800
914.040000000 10.000000000 -0.395016908600
910.790000000 8.400000000 0.277158051700
903.540000000 7.200000000 0.055021461100
909.290000000 9.000000000 0.280978292200
900.790000000 7.800000000 0.219841808100
911.790000000 8.200000000 0.170192688700
900.790000000 9.000000000 0.175670325800
904.040000000 8.000000000 -0.310398966100
907.290000000 9.200000000 -0.247233584500
905.540000000 8.000000000 -0.172869071400
906.040000000 9.200000000 -0.353178888600
895.540000000 6.000000000 -0.273652732400
912.790000000 8.000000000 -0.259705781900
902.540000000 8.800000000 0.398802161200
905.540000000 8.200000000 -0.188657641400
905.290000000 7.800000000 -0.164064839500
909.040000000 7.600000000 0.384979754700
914.290000000 10.000000000 -0.369990438200
914.040000000 7.600000000 -0.304360240700
909.540000000 7.200000000 0.362584471700
905.290000000 8.000000000 -0.161598160900
910.040000000 7.000000000 0.301080435500
909.790000000 9.600000000 0.192046985000
903.790000000 7.200000000 -0.114298380900
911.040000000 8.600000000 0.331583797900
906.290000000 9.200000000 -0.378848880500
911.290000000 8.400000000 0.329156637200
902.290000000 7.200000000 0.333263546200
913.790000000 10.000000000 -0.384076267500
910.790000000 9.200000000 0.362500548400
909.540000000 7.000000000 0.370436102200
904.040000000 7.400000000 -0.285547465100
905.540000000 8.600000000 -0.277811616700
913.290000000 9.800000000 -0.278684228700
905.540000000 7.800000000 -0.174287736400
909.790000000 6.800000000 0.366024136500
901.790000000 9.200000000 0.383912414300
908.290000000 9.000000000 0.234616428600
903.290000000 7.200000000 0.214563518800
905.540000000 8.400000000 -0.286517947900
913.540000000 7.800000000 -0.309529334300
911.290000000 9.000000000 0.318201780300
907.790000000 9.200000000 0.007012541400
901.290000000 9.400000000 0.268498987000
912.790000000 9.600000000 -0.127607420100
895.540000000 5.800000000 -0.273451209100
911.040000000 8.800000000 0.335006356200
910.540000000 9.400000000 0.319917023200
910.040000000 9.800000000 0.251033932000
895.290000000 6.800000000 -0.240348517900
910.290000000 7.400000000 0.207946717700
905.290000000 7.600000000 -0.184265896700
908.790000000 7.600000000 0.353247731900
905.540000000 8.800000000 -0.261364430200
905.790000000 8.200000000 -0.367877721800
905.290000000 8.200000000 -0.172877460700
906.040000000 8.200000000 -0.384156048300
912.540000000 8.000000000 -0.187867000700
895.540000000 6.200000000 -0.268331110500
905.540000000 7.600000000 -0.180442690800
901.040000000 7.200000000 0.239851906900
908.540000000 7.600000000 0.279599368600
907.790000000 7.800000000 -0.017850255600
905.790000000 9.200000000 -0.267571657900
911.540000000 9.200000000 0.248741149900
907.040000000 9.200000000 -0.320003271100
914.540000000 10.000000000 -0.328672736900
914.790000000 7.600000000 -0.284882575300
906.540000000 9.200000000 -0.370417684300
909.290000000 7.400000000 0.374845415400
903.790000000 8.400000000 -0.230680137900
909.540000000 6.800000000 0.376517057400
911.040000000 8.400000000 0.323190599700
910.290000000 9.600000000 0.275345593700
908.290000000 7.600000000 0.187193945100
912.040000000 9.400000000 0.080062069000
906.790000000 8.200000000 -0.284368008400
905.290000000 6.800000000 -0.312979072300
903.040000000 7.200000000 0.324692636700
910.790000000 8.200000000 0.262233048700
909.540000000 9.400000000 0.195097535800
901.540000000 9.400000000 0.344549596300
902.540000000 7.200000000 0.372085660700
906.290000000 8.200000000 -0.362499505300
905.290000000 7.000000000 -0.302406668700
902.790000000 8.800000000 0.291118741000
905.290000000 7.400000000 -0.211791396100
901.540000000 7.000000000 0.254929125300
910.040000000 10.000000000 0.269345372900
904.040000000 7.200000000 -0.263145595800
906.790000000 9.200000000 -0.358139276500
905.540000000 7.400000000 -0.201700404300
900.790000000 7.600000000 0.216169580800
910.540000000 7.800000000 0.175985887600
907.290000000 8.000000000 -0.178171083300
903.540000000 8.600000000 -0.126310154800
909.790000000 9.800000000 0.201544180500
905.290000000 6.600000000 -0.324364930400
905.290000000 7.200000000 -0.267872244100
901.290000000 7.000000000 0.259896606200
895.790000000 6.000000000 -0.305098295200
911.040000000 9.000000000 0.334205031400
905.540000000 9.000000000 -0.231685712900
905.790000000 8.000000000 -0.239733696000
905.290000000 8.400000000 -0.188742548200
902.790000000 7.200000000 0.375335604000
911.540000000 8.200000000 0.269020348800
910.790000000 9.400000000 0.353681474900
904.290000000 7.600000000 -0.361210733700
905.040000000 7.800000000 -0.217242240900
906.540000000 8.200000000 -0.322126001100
895.790000000 5.800000000 -0.315935522300
905.540000000 6.800000000 -0.254673719400
905.540000000 7.200000000 -0.232155874400
905.540000000 7.000000000 -0.251697093200
910.290000000 9.800000000 0.301069021200
912.290000000 8.000000000 -0.089874364400
903.790000000 7.000000000 -0.072511322800
904.290000000 7.800000000 -0.343131065400
913.790000000 7.600000000 -0.290844917300
905.040000000 7.600000000 -0.236126750700
905.040000000 6.800000000 -0.371384918700
913.540000000 10.000000000 -0.343466371300
914.290000000 7.400000000 -0.288512617300
904.040000000 8.200000000 -0.300561159800
905.040000000 7.000000000 -0.351417422300
914.790000000 10.000000000 -0.290417820200
909.040000000 9.000000000 0.326271385000
910.040000000 6.800000000 0.310966044700
901.040000000 9.400000000 0.199566185500
912.540000000 9.600000000 -0.059350300600
904.290000000 7.400000000 -0.364962518200
903.540000000 7.000000000 0.096226736900
900.540000000 8.600000000 0.179558962600
905.540000000 6.600000000 -0.253408908800
905.790000000 7.800000000 -0.225738778700
901.790000000 7.000000000 0.247171104000
895.540000000 6.400000000 -0.260565400100
895.290000000 7.000000000 -0.241851404300
905.790000000 9.400000000 -0.268516331900
910.290000000 10.000000000 0.320792764400
905.040000000 8.000000000 -0.212659031200
906.040000000 9.400000000 -0.300052493800
903.040000000 8.800000000 0.141533806900
905.290000000 6.400000000 -0.335856586700
908.040000000 7.600000000 0.083853319300
905.290000000 8.600000000 -0.196435332300
905.040000000 6.600000000 -0.388947397500
910.290000000 7.200000000 0.229754596900
911.290000000 9.200000000 0.304518610200
909.040000000 7.400000000 0.372848153100
905.040000000 7.400000000 -0.270151436300
913.290000000 7.800000000 -0.310763478300
905.040000000 7.200000000 -0.311393678200
909.290000000 7.200000000 0.371169656500
909.290000000 9.200000000 0.255586266500
908.540000000 9.000000000 0.312184333800
902.290000000 9.000000000 0.425243228700
910.540000000 9.600000000 0.316707104400
900.790000000 9.200000000 0.166088983400
905.540000000 9.200000000 -0.238180920500
911.040000000 9.200000000 0.352677434700
900.540000000 8.400000000 0.180500045400
904.040000000 7.000000000 -0.235372349600
911.790000000 9.400000000 0.157327488100
908.040000000 9.200000000 0.131171420200
914.540000000 7.400000000 -0.291103631300
906.040000000 8.000000000 -0.356825798700
911.790000000 9.800000000 0.211225614000
909.790000000 6.600000000 0.370651334500
913.040000000 9.800000000 -0.192946955600
909.790000000 10.000000000 0.210052296500
909.290000000 7.000000000 0.359644651400
911.790000000 10.000000000 0.214346662200
904.290000000 7.200000000 -0.362093776500
900.540000000 8.800000000 0.175819546000
905.790000000 7.600000000 -0.225936532000
915.040000000 7.600000000 -0.242445066600
896.040000000 6.000000000 -0.283544629800
909.540000000 9.600000000 0.182095274300
895.790000000 6.200000000 -0.285405904100
909.540000000 6.600000000 0.376977354300
905.540000000 6.400000000 -0.253389269100
914.040000000 7.400000000 -0.279844045600
904.290000000 8.000000000 -0.321182698000
906.290000000 9.400000000 -0.333616554700
908.790000000 9.000000000 0.340032696700
911.290000000 8.200000000 0.316584378500
896.040000000 5.800000000 -0.296817451700
907.040000000 8.000000000 -0.230653315800
911.040000000 8.200000000 0.308625131800
912.040000000 8.000000000 0.035813741400
905.040000000 6.400000000 -0.404267907100
900.790000000 7.400000000 0.207842394700
904.540000000 7.600000000 -0.362404704100
904.790000000 7.600000000 -0.312790185200
908.790000000 7.400000000 0.332012027500
905.040000000 8.200000000 -0.205245524600
905.290000000 8.800000000 -0.200408339500
902.040000000 7.000000000 0.259790122500
904.540000000 7.400000000 -0.377928108000
904.790000000 7.400000000 -0.332280665600
909.290000000 6.800000000 0.349978596000
903.290000000 7.000000000 0.237901970700
904.790000000 6.800000000 -0.406844764900
905.790000000 7.400000000 -0.233030751300
910.790000000 8.000000000 0.240114688900
904.790000000 7.000000000 -0.383442670100
910.790000000 9.600000000 0.340593427400
904.790000000 7.200000000 -0.357510685900
905.290000000 6.200000000 -0.347076982300
907.540000000 7.800000000 -0.103849433400
904.540000000 7.800000000 -0.332566827500
904.790000000 7.800000000 -0.294106841100
903.790000000 6.800000000 -0.031029889400
911.790000000 9.600000000 0.221670776600
902.040000000 9.200000000 0.414572477300
906.290000000 8.000000000 -0.329030126300
900.540000000 8.200000000 0.182081341700
911.540000000 9.400000000 0.227728873500
904.290000000 7.000000000 -0.347246676700
915.040000000 10.000000000 -0.253550738100
904.540000000 7.200000000 -0.385510087000
911.540000000 9.600000000 0.177812293200
911.040000000 9.400000000 0.345307350200
905.540000000 9.400000000 -0.246009945900
912.290000000 9.600000000 0.009824069200
903.290000000 8.800000000 -0.012687766000
901.040000000 7.000000000 0.237372875200
896.290000000 6.000000000 -0.227951347800
911.540000000 9.800000000 0.180035948800
904.790000000 6.600000000 -0.424136817500
912.040000000 10.000000000 0.262785971200
905.790000000 7.200000000 -0.238889887900
901.790000000 9.400000000 0.395204067200
908.540000000 7.400000000 0.254154443700
913.040000000 7.800000000 -0.301265478100
905.790000000 9.600000000 -0.273937612800
905.790000000 7.000000000 -0.230669066300
904.040000000 6.800000000 -0.201669141700
895.540000000 6.600000000 -0.251523524500
910.540000000 7.600000000 0.176187038400
901.290000000 9.600000000 0.282318770900
912.040000000 9.800000000 0.270302951300
896.290000000 5.800000000 -0.236693233300
909.040000000 7.200000000 0.349884271600
905.040000000 8.400000000 -0.171554759100
910.290000000 7.000000000 0.233943283600
907.540000000 9.400000000 -0.135410189600
905.790000000 6.800000000 -0.213786721200
913.540000000 7.600000000 -0.285116583100
906.540000000 9.400000000 -0.348050415500
904.540000000 7.000000000 -0.392106890700
907.290000000 9.400000000 -0.249551266400
910.540000000 9.800000000 0.323833763600
911.290000000 9.400000000 0.288304030900
906.790000000 8.000000000 -0.276078552000
905.540000000 6.200000000 -0.256850570400
903.540000000 6.800000000 0.133803769900
905.040000000 6.200000000 -0.416022360300
904.790000000 8.000000000 -0.250799924100
906.040000000 7.800000000 -0.328011333900
910.540000000 10.000000000 0.339710950900
896.540000000 5.800000000 -0.160624235900
902.540000000 9.000000000 0.365376651300
902.290000000 7.000000000 0.298006087500
900.540000000 8.000000000 0.185084775100
913.290000000 10.000000000 -0.271139591900
896.540000000 6.000000000 -0.159548535900
900.540000000 9.000000000 0.163815975200
914.790000000 7.400000000 -0.279041588300
896.040000000 6.200000000 -0.261652439800
906.540000000 8.000000000 -0.292852968000
904.540000000 8.000000000 -0.298474639700
904.290000000 6.800000000 -0.330743581100
904.540000000 6.800000000 -0.396820634600
905.290000000 9.000000000 -0.207111626900
908.290000000 7.400000000 0.167242065100
910.040000000 6.600000000 0.316305518200
911.790000000 8.000000000 0.159360036300
905.790000000 6.600000000 -0.198386907600
904.790000000 6.400000000 -0.430069208100
907.790000000 7.600000000 -0.012852682700
909.540000000 9.800000000 0.170418739300
909.290000000 9.400000000 0.227799743400
912.790000000 9.800000000 -0.113231673800
907.040000000 9.400000000 -0.322046846200
912.040000000 9.600000000 0.269930541500
903.040000000 7.000000000 0.328980058400
901.540000000 9.600000000 0.360361009800
909.290000000 6.600000000 0.342087149600
906.040000000 9.600000000 -0.285537183300
906.790000000 9.400000000 -0.349807083600
908.290000000 9.200000000 0.233055070000
912.790000000 7.800000000 -0.266427367900
901.040000000 9.600000000 0.199870839700
900.790000000 9.400000000 0.152607247200
911.540000000 10.000000000 0.180820599200
904.540000000 6.600000000 -0.397887617300
913.790000000 7.400000000 -0.271842360500
914.290000000 7.200000000 -0.264643758500
895.790000000 6.400000000 -0.261275857700
909.040000000 7.000000000 0.320239007500
900.790000000 7.200000000 0.196294128900
900.540000000 7.800000000 0.180910706500
909.040000000 9.200000000 0.296701610100
905.540000000 9.600000000 -0.251752287100
905.040000000 8.600000000 -0.156900972100
896.290000000 6.200000000 -0.212688773900
907.790000000 9.400000000 0.000603360600
895.290000000 7.200000000 -0.238961115500
904.040000000 6.600000000 -0.160790517900
904.790000000 8.200000000 -0.207626342800
911.040000000 9.600000000 0.324113965000
904.290000000 8.200000000 -0.302467793200
905.290000000 6.000000000 -0.357085675000
896.790000000 5.800000000 -0.091888167000
902.540000000 7.000000000 0.338995218300
903.790000000 6.600000000 0.010932568500
904.290000000 6.600000000 -0.306709975000
903.790000000 8.600000000 -0.219094574500
908.790000000 7.200000000 0.295468598600
901.540000000 6.800000000 0.251077324200
904.040000000 8.400000000 -0.280307859200
905.790000000 6.400000000 -0.184387788200
910.790000000 9.800000000 0.317658275400
902.790000000 9.000000000 0.248475074800
901.290000000 6.800000000 0.255821943300
906.040000000 7.600000000 -0.290106564800
902.790000000 7.000000000 0.356579691200
905.040000000 6.000000000 -0.424093335900
904.790000000 6.200000000 -0.433732241400
912.540000000 7.800000000 -0.197298005200
895.540000000 6.800000000 -0.242026925100
904.540000000 6.400000000 -0.390335500200
907.290000000 7.800000000 -0.169961094900
914.040000000 7.200000000 -0.256229937100
896.790000000 6.000000000 -0.103324711300
896.540000000 6.200000000 -0.156208425800
906.290000000 7.800000000 -0.296302855000
910.290000000 6.800000000 0.235774323300
914.540000000 7.200000000 -0.273516863600
911.290000000 9.600000000 0.267840474800
909.540000000 6.400000000 0.371065616600
908.040000000 7.400000000 0.073267959100
905.790000000 9.800000000 -0.279560267900
909.790000000 6.400000000 0.369008868900
905.290000000 9.200000000 -0.213356718400
909.040000000 6.800000000 0.296651452800
905.540000000 6.000000000 -0.263328045600
910.540000000 7.400000000 0.190176546600
912.290000000 10.000000000 0.256914824200
901.790000000 6.800000000 0.235172316400
903.290000000 6.800000000 0.261414676900
910.790000000 10.000000000 0.308862239100
911.540000000 8.000000000 0.252291232300
902.290000000 9.200000000 0.398736119300
912.290000000 9.800000000 0.262030303500
900.540000000 7.600000000 0.169601500000
904.540000000 8.200000000 -0.264440685500
903.540000000 8.800000000 -0.134044215100
906.290000000 9.600000000 -0.311866670800
911.040000000 8.000000000 0.286501735400
900.540000000 9.200000000 0.145160183300
912.540000000 9.800000000 -0.044433437300
910.790000000 7.800000000 0.218218520300
906.040000000 7.400000000 -0.262147456400
913.290000000 7.600000000 -0.294234275800
903.540000000 6.600000000 0.168815672400
915.040000000 7.400000000 -0.240306660500
904.290000000 6.400000000 -0.279771149200
904.790000000 6.000000000 -0.427838981200
904.040000000 6.400000000 -0.117737114400
908.540000000 9.200000000 0.294286429900
905.790000000 6.200000000 -0.178118422600
900.290000000 8.600000000 0.150203108800
903.040000000 9.000000000 0.100307248500
908.540000000 7.200000000 0.227424189400
911.040000000 9.800000000 0.288979172700
905.040000000 8.800000000 -0.143427416700
909.540000000 10.000000000 0.160981178300
913.040000000 10.000000000 -0.184410765800
904.790000000 8.400000000 -0.179113477500
912.290000000 7.800000000 -0.094509802800
902.040000000 9.400000000 0.402764231000
904.540000000 6.200000000 -0.376174986400
902.040000000 6.800000000 0.235219329600
908.790000000 9.200000000 0.314368575800
896.040000000 6.400000000 -0.233197972200
901.790000000 9.600000000 0.400684118300
906.040000000 7.200000000 -0.238233462000
901.040000000 6.800000000 0.231895804400
905.540000000 9.800000000 -0.253292083700
900.790000000 9.600000000 0.136528953900
911.290000000 8.000000000 0.295058488800
900.290000000 8.800000000 0.149374514800
909.290000000 9.600000000 0.199486538800
903.790000000 6.400000000 0.053873144100
908.790000000 7.000000000 0.262632519000
900.290000000 8.400000000 0.141678124700
901.290000000 9.800000000 0.292319566000
909.290000000 6.400000000 0.328984171200
907.040000000 7.800000000 -0.216061517600
900.790000000 7.000000000 0.182737290900
905.040000000 5.800000000 -0.425119340400
906.540000000 7.800000000 -0.273425966500
909.040000000 6.600000000 0.272821307200
896.790000000 6.200000000 -0.110488236000
908.040000000 9.400000000 0.130158275400
911.040000000 10.000000000 0.247012719500
896.290000000 6.400000000 -0.191163584600
905.290000000 5.800000000 -0.365326672800
904.290000000 6.200000000 -0.242220178200
911.290000000 9.800000000 0.245409891000
910.040000000 6.400000000 0.316303879000
906.040000000 7.000000000 -0.210975945000
905.290000000 9.400000000 -0.215774640400
901.040000000 9.800000000 0.198322325900
906.040000000 9.800000000 -0.283158212900
900.540000000 7.400000000 0.153318449900
895.790000000 6.600000000 -0.235618397600
907.540000000 7.600000000 -0.093722105000
904.790000000 5.800000000 -0.419019103100
913.540000000 7.400000000 -0.270716100900
910.540000000 7.200000000 0.188632354100
906.790000000 7.800000000 -0.255739033200
904.540000000 6.000000000 -0.349199801700
906.540000000 9.600000000 -0.325782954700
902.290000000 6.800000000 0.262914091300
895.290000000 10.000000000 -0.078636422800
895.540000000 7.000000000 -0.230601131900
906.290000000 7.600000000 -0.269193559900
902.540000000 9.200000000 0.325407445400
914.790000000 7.200000000 -0.267670482400
910.290000000 6.600000000 0.234464615600
908.290000000 7.200000000 0.145871892600
905.790000000 6.000000000 -0.184174388600
896.540000000 6.400000000 -0.151799231800
904.040000000 6.200000000 -0.071271657900
903.040000000 6.800000000 0.328234285100
912.040000000 7.800000000 0.028059689300
913.790000000 7.200000000 -0.251377046100
905.540000000 5.800000000 -0.272664636400
900.540000000 9.400000000 0.123571232000
897.040000000 5.800000000 -0.046523615700
901.540000000 9.800000000 0.370338320700
906.040000000 6.800000000 -0.186171010100
913.040000000 7.600000000 -0.292401701200
900.290000000 8.200000000 0.130045190500
900.290000000 9.000000000 0.139570280900
914.290000000 7.000000000 -0.240961179100
912.540000000 10.000000000 0.213504493200
903.290000000 9.000000000 -0.039932068400
909.040000000 9.400000000 0.264546692400
905.040000000 9.000000000 -0.129471465900
904.540000000 5.800000000 -0.320453971600
907.790000000 7.400000000 -0.012550440600
905.790000000 10.000000000 -0.290108948900
903.290000000 6.600000000 0.277785837700
904.290000000 6.000000000 -0.200053453400
903.540000000 6.400000000 0.199529618000
904.290000000 8.400000000 -0.268551707300
911.290000000 10.000000000 0.188247785000
908.790000000 6.800000000 0.222167208800
912.790000000 10.000000000 -0.101346828000
904.790000000 8.600000000 -0.152860090100
906.790000000 9.600000000 -0.332404792300
907.290000000 9.600000000 -0.247380808000
895.290000000 9.800000000 -0.084320284400
903.790000000 6.200000000 0.097549758900
904.540000000 8.400000000 -0.229923203600
897.040000000 6.000000000 -0.057957153800
900.290000000 8.000000000 0.121538423000
914.040000000 7.000000000 -0.233194604500
902.540000000 6.800000000 0.304301351300
907.040000000 9.600000000 -0.312043130400
906.040000000 6.600000000 -0.167018488000
907.540000000 9.600000000 -0.138981550900
900.540000000 7.200000000 0.132890179800
900.790000000 9.800000000 0.121144473600
902.790000000 6.800000000 0.335563272200
905.290000000 9.600000000 -0.218239903500
902.290000000 9.400000000 0.362177759400
902.790000000 9.200000000 0.203380480400
908.540000000 7.000000000 0.192876532700
905.540000000 10.000000000 -0.258093595500
910.540000000 7.000000000 0.173993170300
904.040000000 6.000000000 -0.020272687100
896.790000000 6.400000000 -0.119718477100
909.040000000 6.400000000 0.253682375000
900.290000000 7.800000000 0.112335868200
901.540000000 6.600000000 0.245570406300
914.540000000 7.000000000 -0.254508882800
895.290000000 7.400000000 -0.225572109200
902.040000000 9.600000000 0.388907402800
910.790000000 7.600000000 0.196351587800
904.290000000 5.800000000 -0.156898379300
901.790000000 6.600000000 0.224494233700
905.790000000 5.800000000 -0.189274787900
906.290000000 7.400000000 -0.242261111700
896.040000000 6.600000000 -0.199421167400
911.790000000 7.800000000 0.144561618600
901.290000000 6.600000000 0.249623954300
912.790000000 7.600000000 -0.263532340500
900.790000000 6.800000000 0.164603233300
900.040000000 8.600000000 0.092041358400
908.290000000 9.400000000 0.226119488500
909.290000000 9.800000000 0.171740815000
908.040000000 7.200000000 0.061286579800
898.040000000 8.800000000 -0.119230195900
915.040000000 7.200000000 -0.238372430200
898.290000000 8.800000000 -0.146250367200
904.040000000 8.600000000 -0.251778572800
909.540000000 6.200000000 0.358752638100
906.040000000 6.400000000 -0.150600165100
896.290000000 6.600000000 -0.161462128200
900.540000000 9.600000000 0.099377617200
906.290000000 9.800000000 -0.284621477100
900.040000000 8.800000000 0.095474027100
898.290000000 8.600000000 -0.151205033100
902.040000000 6.600000000 0.213285401500
909.790000000 6.200000000 0.360827237400
900.290000000 9.200000000 0.123520210400
911.040000000 7.800000000 0.257539480900
901.790000000 9.800000000 0.399977445600
906.540000000 7.600000000 -0.257738322000
900.290000000 7.600000000 0.097092405000
903.790000000 8.800000000 -0.201365798700
908.790000000 6.600000000 0.192735359100
907.290000000 7.600000000 -0.158920079500
895.790000000 6.800000000 -0.209161087900
907.790000000 9.600000000 -0.005355872700
896.540000000 6.600000000 -0.135968461600
910.290000000 6.400000000 0.229247644500
898.040000000 8.600000000 -0.125144675400
895.290000000 9.600000000 -0.086510419800
913.290000000 7.400000000 -0.274736225600
901.040000000 10.000000000 0.195882827000
898.040000000 9.000000000 -0.115172535200
900.040000000 8.400000000 0.080850713000
903.790000000 6.000000000 0.142966941000
906.040000000 10.000000000 -0.293509572700
904.040000000 5.800000000 0.028420222900
905.040000000 9.200000000 -0.116494678000
897.040000000 6.200000000 -0.077042453000
901.290000000 10.000000000 0.297073274900
909.290000000 6.200000000 0.310536295200
903.040000000 9.200000000 0.061018593600
901.040000000 6.600000000 0.217913553100
895.540000000 7.200000000 -0.216492250600
900.540000000 7.000000000 0.105118684500
906.040000000 6.200000000 -0.137955799700
903.540000000 6.200000000 0.227267384500
905.290000000 9.800000000 -0.210549056500
897.790000000 8.800000000 -0.087289787800
910.540000000 6.800000000 0.158729448900
912.540000000 7.600000000 -0.198862373800
898.540000000 8.600000000 -0.172920361200
898.540000000 8.800000000 -0.172935426200
897.790000000 9.000000000 -0.085473679000
902.540000000 9.400000000 0.276570111500
908.790000000 9.400000000 0.285385042400
895.540000000 10.000000000 -0.048010863400
902.290000000 6.600000000 0.229698702700
911.540000000 7.800000000 0.235518410800
903.040000000 6.600000000 0.323722064500
910.040000000 6.200000000 0.310000330200
903.290000000 6.400000000 0.290259569900
904.790000000 8.800000000 -0.127589434400
913.540000000 7.200000000 -0.254174143100
906.290000000 7.200000000 -0.217223689000
914.790000000 7.000000000 -0.250204026700
908.290000000 7.000000000 0.116982609000
913.790000000 7.000000000 -0.238729879300
908.540000000 9.400000000 0.276232600200
902.790000000 9.600000000 0.250689625700
900.040000000 9.000000000 0.091375000800
903.540000000 9.000000000 -0.138203039800
900.290000000 7.400000000 0.079548075800
902.790000000 9.800000000 0.269263744400
898.290000000 9.000000000 -0.142542034400
899.790000000 8.600000000 0.016533920500
903.040000000 9.600000000 0.323054313700
900.790000000 10.000000000 0.108221985400
902.790000000 9.400000000 0.229982525100
903.040000000 9.800000000 0.338198810800
908.540000000 6.800000000 0.150946706500
910.790000000 7.400000000 0.189441919300
906.790000000 7.600000000 -0.235879868300
906.040000000 6.000000000 -0.129206150800
911.290000000 7.800000000 0.265720307800
899.790000000 8.800000000 0.017368473100
903.040000000 9.400000000 0.303200334300
902.290000000 9.600000000 0.325706392500
896.790000000 6.600000000 -0.121364258200
907.040000000 7.600000000 -0.209188267600
897.790000000 8.600000000 -0.091787561800
900.040000000 8.200000000 0.063448563200
907.290000000 10.000000000 -0.317978143700
895.540000000 9.800000000 -0.044021144500
902.790000000 10.000000000 0.285136789100
907.540000000 7.400000000 -0.085852041800
901.540000000 10.000000000 0.372986227300
902.540000000 9.800000000 0.199268236800
902.540000000 9.600000000 0.182582572100
897.790000000 9.200000000 -0.085497558100
900.540000000 9.800000000 0.076469086100
903.290000000 9.600000000 0.374248176800
903.040000000 10.000000000 0.347998499900
914.290000000 6.800000000 -0.214420422900
909.040000000 9.600000000 0.230586677800
907.540000000 10.000000000 -0.327713847200
898.040000000 9.200000000 -0.113509357000
903.290000000 9.400000000 0.363720446800
903.790000000 5.800000000 0.185426726900
903.290000000 9.800000000 0.379011124400
906.540000000 9.800000000 -0.302905648900
912.290000000 7.600000000 -0.099320314800
900.290000000 9.400000000 0.102225355800
902.540000000 10.000000000 0.215849041900
902.040000000 9.800000000 0.370345503100
896.290000000 6.800000000 -0.128209501500
896.040000000 6.800000000 -0.164219245300
908.790000000 6.400000000 0.166881203700
898.290000000 8.400000000 -0.154557839000
909.040000000 6.200000000 0.229411423200
907.290000000 9.800000000 -0.307541310800
898.790000000 8.800000000 -0.193063110100
904.540000000 8.600000000 -0.193161979300
907.540000000 9.800000000 -0.320595204800
902.540000000 6.600000000 0.271111577700
903.290000000 9.200000000 0.348808348200
898.040000000 8.400000000 -0.131018668400
895.790000000 8.200000000 -0.124939225600
910.540000000 6.600000000 0.142956107900
914.040000000 6.800000000 -0.211095035100
903.540000000 9.400000000 0.385153532000
896.040000000 8.200000000 -0.055720254800
898.790000000 8.600000000 -0.189200326800
903.540000000 9.600000000 0.379791826000
896.040000000 8.400000000 -0.056700136500
906.040000000 5.800000000 -0.124842621400
903.290000000 10.000000000 0.377396315300
899.790000000 8.400000000 0.010134339300
897.040000000 6.400000000 -0.094223298100
902.790000000 6.600000000 0.312954008600
899.540000000 8.600000000 -0.063738063000
900.540000000 10.000000000 0.172863975200
896.540000000 6.800000000 -0.114480108000
895.290000000 9.400000000 -0.096779972300
909.290000000 10.000000000 0.145978614700
907.790000000 7.200000000 -0.012865183900
905.290000000 10.000000000 -0.203423246700
895.790000000 7.000000000 -0.184019148300
895.790000000 8.400000000 -0.121845774400
908.040000000 9.600000000 0.121711477600
899.540000000 8.800000000 -0.066703841100
903.540000000 9.200000000 0.385460019100
900.790000000 6.600000000 0.148055389500
906.290000000 7.000000000 -0.192911580200
900.040000000 8.000000000 0.044880591300
903.540000000 6.000000000 0.254050165400
900.540000000 6.800000000 0.082947678900
900.290000000 7.200000000 0.059799835100
913.040000000 7.400000000 -0.276480644900
900.290000000 10.000000000 0.183241322600
895.540000000 9.600000000 -0.047988113000
905.040000000 9.400000000 -0.113818094100
914.540000000 6.800000000 -0.227505758400
901.790000000 6.400000000 0.215092465300
903.540000000 9.800000000 0.369154989700
899.040000000 8.800000000 -0.179776847400
897.790000000 9.400000000 -0.092301771000
899.290000000 8.800000000 -0.132206648600
906.540000000 7.400000000 -0.233177781100
904.290000000 8.600000000 -0.236140400200
898.540000000 9.000000000 -0.171038940500
902.040000000 6.400000000 0.193669140300
910.290000000 6.200000000 0.220207437900
902.290000000 9.800000000 0.147050276400
900.040000000 7.800000000 0.033922821300
902.290000000 10.000000000 0.160430848600
906.790000000 9.800000000 -0.308981984900
901.540000000 6.400000000 0.238683030000
903.790000000 9.200000000 0.365666747100
898.540000000 8.400000000 -0.168594807400
915.040000000 7.000000000 -0.235331162800
899.790000000 9.000000000 0.016856657300
903.790000000 9.400000000 0.348659008700
910.790000000 7.200000000 0.154482394500
899.040000000 8.600000000 -0.176116555900
895.790000000 8.000000000 -0.128188371700
897.540000000 9.000000000 -0.056410186000
899.290000000 8.600000000 -0.133077636400
897.540000000 8.800000000 -0.055179584800
901.790000000 10.000000000 0.392169624600
912.040000000 7.600000000 0.019635416600
907.040000000 10.000000000 -0.272407949000
896.290000000 7.000000000 -0.089777894300
907.790000000 10.000000000 -0.305949688000
900.290000000 9.600000000 0.167405083800
895.540000000 8.200000000 -0.199722886100
897.790000000 8.400000000 -0.098647631700
903.790000000 9.000000000 0.377321332700
900.040000000 9.200000000 0.082498498300
896.040000000 8.600000000 -0.059334196200
895.790000000 8.600000000 -0.117289327100
896.040000000 8.000000000 -0.056780751800
907.790000000 9.800000000 -0.305479526500
908.540000000 6.600000000 0.114621490200
906.290000000 10.000000000 -0.268233388700
897.290000000 5.800000000 -0.012913554900
903.790000000 9.600000000 0.327015966200
898.040000000 9.400000000 -0.116518147300
907.040000000 9.800000000 -0.290157556500
908.040000000 7.000000000 0.049308855100
900.290000000 9.800000000 0.195475548500
904.790000000 9.000000000 -0.105047874200
903.290000000 6.200000000 0.297034025200
895.540000000 8.400000000 -0.192696616100
902.040000000 10.000000000 0.262317061400
903.540000000 10.000000000 0.353524833900
896.040000000 7.000000000 -0.125884667000
898.290000000 9.200000000 -0.141753137100
901.290000000 6.400000000 0.238778442100
903.040000000 6.400000000 0.316401511400
897.540000000 9.200000000 -0.061016358400
899.540000000 8.400000000 -0.061553258400
911.040000000 7.600000000 0.222986593800
900.040000000 10.000000000 0.188938498500
900.040000000 7.600000000 0.023303380200
902.290000000 6.400000000 0.199845850500
906.290000000 6.800000000 -0.168653771300
897.790000000 9.600000000 -0.089385822400
895.540000000 8.000000000 -0.203934162900
896.540000000 7.000000000 -0.085027374300
904.040000000 9.000000000 0.307242900100
910.540000000 6.400000000 0.127333194000
899.290000000 9.000000000 -0.118914313600
899.790000000 8.200000000 -0.004105817500
896.790000000 6.800000000 -0.118318833400
904.040000000 9.200000000 0.281941711900
898.790000000 9.000000000 -0.187842771400
897.540000000 8.600000000 -0.062094662300
900.290000000 7.000000000 0.031693469700
913.290000000 7.200000000 -0.261325866000
899.540000000 9.000000000 -0.063877210000
904.040000000 8.800000000 0.326716959500
914.790000000 6.800000000 -0.233813390100
903.540000000 5.800000000 0.278730005000
896.290000000 7.200000000 -0.058436732700
895.290000000 8.200000000 -0.247315585600
897.290000000 6.000000000 -0.027146201600
895.540000000 9.400000000 -0.057070381900
903.790000000 9.800000000 0.301826834700
908.290000000 6.800000000 0.088351450900
899.040000000 9.000000000 -0.170315146400
895.540000000 7.400000000 -0.198752224400
895.540000000 8.600000000 -0.182798355800
912.790000000 7.400000000 -0.248439818600
895.290000000 7.600000000 -0.204874903000
904.040000000 9.400000000 0.252298474300
905.040000000 9.600000000 -0.163692921400
895.790000000 8.800000000 -0.110590241800
909.540000000 6.000000000 0.340091794700
909.790000000 6.000000000 0.344719648400
908.790000000 6.200000000 0.144762113700
907.290000000 7.400000000 -0.148214772300
895.790000000 7.200000000 -0.158053293800
913.540000000 7.000000000 -0.243905425100
897.040000000 6.600000000 -0.106748633100
913.790000000 6.800000000 -0.221652910100
895.290000000 8.400000000 -0.244284197700
897.540000000 9.400000000 -0.064187914100
895.290000000 8.000000000 -0.250885456800
901.040000000 6.400000000 0.199916765100
904.290000000 8.800000000 0.209086850300
910.790000000 7.000000000 0.120142221500
898.790000000 8.400000000 -0.176764071000
896.290000000 8.400000000 -0.013438312300
911.790000000 7.600000000 0.130126327300
904.290000000 9.000000000 0.180729433900
896.040000000 8.800000000 -0.059949599200
908.290000000 9.600000000 0.211653679600
909.290000000 6.000000000 0.287309527400
903.790000000 10.000000000 -0.337941855200
896.040000000 7.200000000 -0.093555055600
900.040000000 9.800000000 0.188071221100
895.290000000 9.200000000 -0.111290119600
900.540000000 6.600000000 0.058562371900
896.290000000 8.200000000 -0.010738075700
910.040000000 6.000000000 0.297187537000
899.290000000 8.400000000 -0.124084673800
900.040000000 9.400000000 0.147130265800
898.040000000 9.600000000 -0.118745140700
906.290000000 6.600000000 -0.151350393900
904.040000000 9.600000000 0.220178082600
902.540000000 6.400000000 0.238728404000
896.540000000 7.200000000 -0.059427287400
900.040000000 7.400000000 0.009170284500
908.040000000 9.800000000 -0.276342272800
895.790000000 7.800000000 -0.132969111200
904.290000000 9.200000000 0.148563444600
895.540000000 8.800000000 -0.170788884200
904.540000000 8.800000000 0.059538666200
908.790000000 9.600000000 0.254797548100
908.040000000 10.000000000 -0.268602609600
914.290000000 6.600000000 -0.184815555800
909.040000000 9.800000000 0.196073889700
906.790000000 7.400000000 -0.224576026200
895.290000000 8.600000000 -0.233723789500
902.790000000 6.400000000 0.289384186300
898.040000000 8.200000000 -0.134408071600
899.040000000 8.400000000 -0.162501782200
904.040000000 10.000000000 -0.278297334900
897.790000000 9.800000000 -0.086005888900
897.540000000 9.600000000 -0.062172688500
895.790000000 9.000000000 -0.102110087900
905.040000000 9.800000000 -0.150015652200
896.290000000 8.600000000 -0.017758648800
896.040000000 7.800000000 -0.060738135100
908.540000000 6.400000000 0.090653359900
900.040000000 9.600000000 0.190672397600
899.790000000 8.000000000 -0.021768124800
895.540000000 7.800000000 -0.206674411900
906.540000000 7.200000000 -0.200939759600
896.290000000 7.400000000 -0.041460424700
911.540000000 7.600000000 0.070134632300
895.790000000 10.000000000 -0.060216188400
914.540000000 6.600000000 -0.193329155400
904.040000000 9.800000000 -0.299738079300
899.790000000 9.200000000 0.061946604400
895.290000000 7.800000000 -0.250189214900
912.540000000 7.400000000 -0.186522483800
897.540000000 8.400000000 -0.071011498600
909.040000000 6.000000000 0.206813886800
895.790000000 9.800000000 -0.064845949400
900.290000000 6.800000000 0.010037191200
898.290000000 8.200000000 -0.153390631100
899.540000000 9.200000000 -0.027250142800
907.540000000 7.200000000 -0.074271917300
899.790000000 10.000000000 0.160722091800
903.290000000 6.000000000 0.298977434600
900.790000000 6.400000000 0.124910883600
904.540000000 9.000000000 0.029782470300
897.290000000 6.200000000 -0.048056546600
895.540000000 9.200000000 -0.081487678000
902.040000000 6.200000000 0.177367150800
906.290000000 6.400000000 -0.134909108300
904.290000000 9.400000000 0.114774480500
914.040000000 6.600000000 -0.186898708300
911.290000000 7.600000000 0.137978225900
895.540000000 9.000000000 -0.153116181500
907.040000000 7.400000000 -0.199002519200
897.790000000 8.200000000 -0.106290563900
910.790000000 6.800000000 0.087773539100
895.790000000 9.200000000 -0.091303221900
895.790000000 9.600000000 -0.071682207300
910.540000000 6.200000000 0.110591925700
899.290000000 9.200000000 -0.099205769600
904.790000000 9.200000000 -0.087207041700
896.290000000 8.000000000 -0.009588673700
901.790000000 6.200000000 0.205272138100
898.540000000 9.200000000 -0.169390395300
899.540000000 8.200000000 -0.062441594900
906.540000000 10.000000000 -0.280052423500
895.790000000 9.400000000 -0.081771709000
908.540000000 9.600000000 0.253519564900
896.040000000 9.000000000 -0.058234617100
910.290000000 6.000000000 0.205475479400
906.790000000 10.000000000 -0.198203712700
904.290000000 9.600000000 -0.230500772600
904.290000000 10.000000000 -0.204059243200
904.290000000 9.800000000 -0.219627782700
911.040000000 7.400000000 0.160923183000
895.290000000 8.800000000 -0.221148535600
896.790000000 7.000000000 -0.101914383500
898.290000000 9.400000000 -0.145758956700
915.040000000 6.800000000 -0.227611020200
897.540000000 9.800000000 -0.059846293200
896.540000000 7.400000000 -0.044379595700
896.040000000 7.400000000 -0.074144229300
906.290000000 6.200000000 -0.119113132400
903.040000000 6.200000000 0.303501516600
905.040000000 10.000000000 -0.133579134900
907.790000000 7.000000000 -0.008586977600
902.290000000 6.200000000 0.174107655900
899.790000000 9.800000000 0.149438783500
900.040000000 7.200000000 -0.005373516600
899.790000000 7.800000000 -0.035957820700
899.790000000 9.400000000 0.078993260900
908.290000000 9.800000000 -0.242514610300
904.540000000 9.200000000 0.000171158000
899.040000000 9.200000000 -0.152125194700
898.040000000 9.800000000 -0.117834106100
901.540000000 6.200000000 0.230342283800
897.040000000 6.800000000 -0.111760489600
913.040000000 7.200000000 -0.257065653800
911.540000000 7.400000000 0.067038171000
906.290000000 6.000000000 -0.104357436300
895.790000000 7.400000000 -0.137259885700
904.540000000 9.600000000 -0.136412724900
895.290000000 9.000000000 -0.129581958100
896.290000000 8.800000000 -0.025992695200
904.540000000 9.400000000 -0.141608685300
898.540000000 8.200000000 -0.158104285600
908.290000000 6.600000000 0.056131392700
899.790000000 9.600000000 0.140439823300
908.290000000 10.000000000 -0.227647334300
914.790000000 6.600000000 -0.212566658900
912.290000000 7.400000000 -0.093332745100
910.790000000 6.600000000 0.056856896700
898.790000000 9.200000000 -0.176956564200
904.540000000 9.800000000 -0.137005895400
896.040000000 9.200000000 -0.054161712500
908.040000000 6.800000000 0.031547058400
906.290000000 5.800000000 -0.091239132000
911.290000000 7.400000000 0.138327539000
899.540000000 9.400000000 -0.005240986100
897.790000000 10.000000000 -0.080331303200
903.290000000 5.800000000 0.297958970100
897.290000000 8.800000000 -0.042894180900
908.790000000 6.000000000 0.125885382300
902.540000000 6.200000000 0.209459334600
900.540000000 6.400000000 0.040921770000
896.290000000 7.600000000 -0.034716054800
897.290000000 9.000000000 -0.043768793300
908.540000000 9.800000000 -0.209327295400
896.290000000 7.800000000 -0.014206248300
897.290000000 6.400000000 -0.068127036100
904.540000000 10.000000000 -0.131563231300
911.790000000 7.400000000 0.033264264500
901.290000000 6.200000000 0.224189758300
897.290000000 9.200000000 -0.038630098100
900.290000000 6.600000000 -0.009844724100
896.790000000 7.200000000 -0.080067433400
908.540000000 6.200000000 0.071477763400
899.540000000 10.000000000 0.103940598700
895.540000000 7.600000000 -0.209252461800
897.540000000 10.000000000 -0.058196518600
899.790000000 7.600000000 -0.043010365200
897.540000000 8.200000000 -0.082853794100
913.290000000 7.000000000 -0.248874291800
899.290000000 8.200000000 -0.113773874900
895.790000000 7.600000000 -0.139785990100
913.540000000 6.800000000 -0.234522849300
902.790000000 6.200000000 0.264267087000
897.290000000 9.400000000 -0.038248509200
896.040000000 9.400000000 -0.051533058300
899.290000000 9.400000000 -0.083531446800
896.040000000 7.600000000 -0.068938314900
906.540000000 7.000000000 -0.178147554400
913.790000000 6.600000000 -0.203525736900
897.290000000 8.600000000 -0.047003846600
900.040000000 7.000000000 -0.026653073700
896.540000000 7.600000000 -0.037087295200
908.790000000 9.800000000 -0.169920727600
899.540000000 8.000000000 -0.075666017800
914.540000000 6.400000000 -0.166563913200
899.540000000 9.800000000 0.083072260000
911.540000000 7.200000000 0.067238248900
911.040000000 7.200000000 0.118100024800
898.290000000 9.600000000 -0.150228306700
896.040000000 9.600000000 -0.045275211300
914.290000000 6.400000000 -0.148581236600
904.790000000 9.400000000 -0.056094169600
898.790000000 8.200000000 -0.156163051700
910.790000000 6.400000000 0.030723150800
908.540000000 10.000000000 -0.190242335200
910.540000000 6.000000000 0.099124267700
904.790000000 9.600000000 -0.056216727900
899.540000000 9.600000000 0.064941495700
896.040000000 9.800000000 -0.043052040000
912.040000000 7.400000000 0.014198488600
902.040000000 6.000000000 0.161780968300
909.040000000 10.000000000 0.161025539000
901.040000000 6.200000000 0.176699087000
907.290000000 7.200000000 -0.135515198100
897.290000000 9.600000000 -0.043259512600
896.040000000 10.000000000 -0.038068439800
903.040000000 6.000000000 0.284325540100
911.290000000 7.200000000 0.140068769500
899.040000000 8.200000000 -0.143561303600
896.290000000 9.000000000 -0.029841605600
912.790000000 7.200000000 -0.229909494500
902.290000000 6.000000000 0.153738930800
896.790000000 7.400000000 -0.066924989200
898.040000000 10.000000000 -0.112858280500
906.790000000 7.200000000 -0.201993569700
899.040000000 9.400000000 -0.140608668300
904.790000000 9.800000000 -0.057192277200
911.790000000 7.200000000 0.029654765500
898.540000000 9.400000000 -0.170603931000
897.790000000 8.000000000 -0.112556681000
910.040000000 5.800000000 0.277009308300
898.040000000 8.000000000 -0.133073851500
909.790000000 5.800000000 0.322892695700
901.790000000 6.000000000 0.197011172800
897.040000000 7.000000000 -0.109329722800
915.040000000 6.600000000 -0.217594549100
897.290000000 8.400000000 -0.055725242900
909.540000000 5.800000000 0.315573394300
900.790000000 6.200000000 0.099771149500
899.790000000 7.400000000 -0.048023995000
897.290000000 6.600000000 -0.084468253000
909.290000000 5.800000000 0.260097265200
908.790000000 10.000000000 -0.150318771600
914.040000000 6.400000000 -0.164370626200
902.540000000 6.000000000 0.183874473000
908.290000000 6.400000000 0.035773195300
899.290000000 10.000000000 0.030904054600
897.290000000 9.800000000 -0.042594973000
914.790000000 6.400000000 -0.192540332700
898.790000000 9.400000000 -0.178952351200
911.540000000 7.000000000 0.070189826200
899.290000000 9.600000000 -0.076516844300
910.290000000 5.800000000 0.193054437600
910.790000000 6.200000000 0.011483785700
900.040000000 6.800000000 -0.041800454300
909.040000000 5.800000000 0.182257890700
904.790000000 10.000000000 -0.069477669900
899.290000000 9.800000000 0.005235013100
907.540000000 7.000000000 -0.067008815700
911.040000000 7.000000000 0.076315790400
898.290000000 9.800000000 -0.150227427500
902.790000000 6.000000000 0.236460536700
907.040000000 7.200000000 -0.181096404800
898.290000000 8.000000000 -0.144206047100
899.540000000 7.800000000 -0.085738271500
915.040000000 6.000000000 -0.066082418000
906.540000000 6.800000000 -0.162429556300
915.040000000 5.800000000 -0.073612339800
896.540000000 8.400000000 0.007895054300
899.040000000 9.600000000 -0.137301340700
900.290000000 6.400000000 -0.030843123800
897.540000000 8.000000000 -0.095242321500
896.790000000 7.600000000 -0.057290829700
911.290000000 7.000000000 0.143118783800
896.540000000 8.200000000 0.012647775900
903.040000000 5.800000000 0.260646611500
901.540000000 6.000000000 0.220132499900
912.540000000 7.200000000 -0.171483323000
915.040000000 6.200000000 -0.069211937500
908.540000000 6.000000000 0.056191135200
902.290000000 5.800000000 0.144944742300
896.290000000 9.200000000 -0.030904751300
897.290000000 10.000000000 -0.047683473700
897.290000000 8.200000000 -0.067478641900
900.540000000 6.200000000 0.019162988300
907.790000000 6.800000000 -0.015157721900
896.540000000 8.600000000 0.004440196300
914.540000000 6.200000000 -0.146691396800
899.290000000 8.000000000 -0.111502982700
913.040000000 7.000000000 -0.238247722400
911.790000000 7.000000000 0.029152497600
896.540000000 7.800000000 -0.035900108500
898.790000000 9.600000000 -0.168307259700
908.040000000 6.600000000 0.015960194200
897.540000000 5.800000000 0.018881693500
902.540000000 5.800000000 0.159939825500
914.290000000 6.200000000 -0.126169681500
902.040000000 5.800000000 0.155622750500
896.540000000 8.000000000 0.010136155400
908.790000000 5.800000000 0.106751643100
899.040000000 10.000000000 -0.048973906800
913.540000000 6.600000000 -0.218378439500
897.290000000 6.800000000 -0.093441747100
913.290000000 6.800000000 -0.235708758200
898.540000000 8.000000000 -0.141092091800
902.790000000 5.800000000 0.202282831100
899.790000000 7.200000000 -0.055732917000
911.040000000 6.800000000 0.036544919000
915.040000000 6.400000000 -0.076972127000
897.040000000 7.200000000 -0.101385973400
911.540000000 6.800000000 0.075323052700
898.540000000 9.600000000 -0.172436028700
897.540000000 6.000000000 0.000476856000
910.540000000 5.800000000 0.089989364100
901.290000000 6.000000000 0.205379679800
906.540000000 6.600000000 -0.140924409000
898.290000000 10.000000000 -0.146525546900
899.040000000 9.800000000 -0.069200813800
913.790000000 6.400000000 -0.184848234100
910.790000000 6.000000000 -0.002281868800
897.290000000 8.000000000 -0.076769754300
900.040000000 6.600000000 -0.061216913200
911.290000000 6.800000000 0.147448331100
899.540000000 7.600000000 -0.088490307300
912.040000000 7.200000000 0.040683049700
896.790000000 7.800000000 -0.051006607700
896.290000000 9.400000000 -0.034835714800
912.290000000 7.200000000 -0.085159570000
896.540000000 8.800000000 -0.000088641500
914.790000000 6.200000000 -0.176824599500
914.790000000 5.800000000 -0.048695217800
908.290000000 6.200000000 0.017217636100
901.790000000 5.800000000 0.186260193600
906.790000000 7.000000000 -0.185061976300
898.790000000 10.000000000 -0.113210327900
901.040000000 6.000000000 0.149870976800
897.040000000 7.400000000 -0.086490191500
911.790000000 6.800000000 0.028051922100
899.040000000 8.000000000 -0.122935116300
911.040000000 6.600000000 0.000823493900
897.540000000 6.200000000 -0.015741014900
898.790000000 8.000000000 -0.130338609200
897.040000000 9.200000000 -0.022253386700
897.790000000 7.800000000 -0.115181542900
897.040000000 7.600000000 -0.077322110500
906.540000000 6.400000000 -0.125269308700
897.040000000 9.000000000 -0.031028175700
907.290000000 7.000000000 -0.121679686000
897.040000000 7.800000000 -0.067920707200
897.040000000 9.400000000 -0.022626832100
914.790000000 6.000000000 -0.051594659700
898.790000000 9.800000000 -0.105488829300
912.790000000 7.000000000 -0.205387473100
897.540000000 7.800000000 -0.105240069300
898.040000000 7.800000000 -0.123118497400
897.290000000 7.000000000 -0.099116623400
900.790000000 6.000000000 0.072000339600
897.040000000 8.800000000 -0.039049614200
900.290000000 6.200000000 -0.044969633200
896.290000000 9.600000000 -0.031411029400
897.290000000 7.800000000 -0.084696456800
911.540000000 6.600000000 0.077815383700
914.040000000 6.200000000 -0.141567096100
898.540000000 9.800000000 -0.166186675400
897.040000000 8.000000000 -0.061396289600
897.040000000 8.600000000 -0.047758355700
899.290000000 7.800000000 -0.110142357600
914.540000000 6.000000000 -0.132130682500
897.040000000 8.400000000 -0.050516415400
897.040000000 8.200000000 -0.058027084900
906.540000000 6.200000000 -0.108910657500
897.040000000 9.600000000 -0.030454641200
899.790000000 7.000000000 -0.067215465000
911.290000000 6.600000000 0.153047576500
912.040000000 7.000000000 0.034680191400
906.540000000 5.800000000 -0.060762599100
911.040000000 6.400000000 -0.030427085200
914.290000000 6.000000000 -0.114201284900
898.540000000 10.000000000 -0.075433313800
907.040000000 7.000000000 -0.164729878300
906.540000000 6.000000000 -0.092077337200
901.540000000 5.800000000 0.207781508600
896.290000000 9.800000000 -0.026228003200
908.540000000 5.800000000 0.043659620000
896.790000000 8.000000000 -0.048862952700
898.290000000 7.800000000 -0.125745102800
900.540000000 6.000000000 -0.003831305100
896.540000000 9.000000000 -0.010562213100
911.790000000 6.600000000 0.029486939300
897.540000000 6.400000000 -0.037289757300
897.040000000 9.800000000 -0.038506198700
899.540000000 7.400000000 -0.086892865600
908.040000000 6.400000000 0.002870598800
910.790000000 5.800000000 -0.008160238200
907.540000000 6.800000000 -0.060777079300
900.040000000 6.400000000 -0.071674086200
913.040000000 6.800000000 -0.220400214200
896.290000000 10.000000000 -0.028653947600
897.290000000 7.200000000 -0.101155087400
897.290000000 7.600000000 -0.091506384300
897.040000000 10.000000000 -0.048535242700
911.540000000 6.400000000 0.084328599300
913.540000000 6.400000000 -0.200343370400
913.290000000 6.600000000 -0.219746083000
912.540000000 7.000000000 -0.146429196000
911.040000000 6.200000000 -0.054633956400
907.790000000 6.600000000 -0.015924381100
908.290000000 6.000000000 0.003261853200
901.290000000 5.800000000 0.182225108100
911.290000000 6.400000000 0.159626185900
906.790000000 6.800000000 -0.160812407700
914.540000000 5.800000000 -0.054558564000
912.040000000 6.800000000 0.029155978900
898.540000000 7.800000000 -0.116535723200
897.290000000 7.400000000 -0.094894886000
897.540000000 6.600000000 -0.056808497800
896.790000000 8.200000000 -0.058544103100
899.790000000 6.800000000 -0.071883909400
913.790000000 6.200000000 -0.166806399800
911.790000000 6.400000000 0.032130233900
901.040000000 5.800000000 0.119602225700
899.040000000 7.800000000 -0.108230993200
897.540000000 7.600000000 -0.110031187500
897.790000000 7.600000000 -0.107448227700
899.290000000 7.600000000 -0.102286167400
900.290000000 6.000000000 -0.056639790500
898.040000000 7.600000000 -0.096859306100
914.040000000 6.000000000 -0.111226409700
896.540000000 9.200000000 -0.014757630400
907.040000000 5.800000000 -0.017505005000
900.790000000 5.800000000 0.044078983400
911.540000000 6.200000000 0.091496735800
911.040000000 6.000000000 -0.071240738000
898.790000000 7.800000000 -0.104357302200
911.290000000 6.200000000 0.166540175700
897.540000000 6.800000000 -0.071698732700
914.290000000 5.800000000 -0.105332352200
896.790000000 8.400000000 -0.056243263200
912.290000000 7.000000000 -0.067595303100
912.040000000 6.600000000 0.024768507100
899.540000000 7.200000000 -0.085193917200
912.790000000 6.800000000 -0.182897850900
907.290000000 6.800000000 -0.107239358100
898.290000000 7.600000000 -0.094420671500
900.040000000 6.200000000 -0.078256316500
907.290000000 5.800000000 0.010277630800
911.790000000 6.200000000 0.035838324600
906.790000000 5.800000000 -0.088924445200
907.040000000 6.000000000 -0.045009933400
900.540000000 5.800000000 -0.024039460300
908.040000000 5.800000000 -0.217651084100
897.540000000 7.000000000 -0.079678036300
907.040000000 6.800000000 -0.144643336500
906.790000000 6.600000000 -0.139673367100
908.290000000 5.800000000 -0.231602370700
908.040000000 6.200000000 -0.011995489700
897.540000000 7.400000000 -0.088499330000
907.790000000 5.800000000 -0.180293887900
897.540000000 7.200000000 -0.085231900200
896.790000000 8.600000000 -0.037159781900
906.790000000 6.000000000 -0.106186568700
899.790000000 6.600000000 -0.078653037500
911.540000000 6.000000000 0.098926879500
911.290000000 6.000000000 0.172900542600
913.040000000 6.600000000 -0.199983239200
908.040000000 6.000000000 -0.216587111400
912.040000000 6.400000000 0.021221090100
907.290000000 6.000000000 -0.019077517100
913.290000000 6.400000000 -0.197451040100
907.040000000 6.200000000 -0.076201371800
898.540000000 7.600000000 -0.090530641400
896.540000000 9.400000000 -0.016378879500
898.040000000 7.400000000 -0.072256177700
896.790000000 8.800000000 -0.029855998200
911.040000000 5.800000000 -0.078781306700
907.790000000 6.000000000 -0.181257262800
906.790000000 6.200000000 -0.124326802800
913.540000000 6.200000000 -0.177157923600
897.790000000 5.800000000 -0.088689401700
911.790000000 6.000000000 0.040554348400
897.790000000 7.400000000 -0.086709633500
907.540000000 6.600000000 -0.054742410800
907.540000000 5.800000000 -0.131278276400
896.790000000 9.000000000 -0.020439038100
912.540000000 6.800000000 -0.121997118000
906.790000000 6.400000000 -0.141030147700
899.290000000 7.400000000 -0.096416451000
911.540000000 5.800000000 0.115097358800
899.040000000 7.600000000 -0.097013361800
900.290000000 5.800000000 -0.070582859200
897.790000000 6.000000000 0.029374567800
907.790000000 6.400000000 -0.020482623900
914.040000000 5.800000000 -0.101425908500
907.790000000 6.200000000 -0.182755276600
898.290000000 7.400000000 -0.069614470000
911.290000000 5.800000000 0.177963540000
907.040000000 6.400000000 -0.107746489300
896.790000000 9.200000000 -0.019563242800
907.540000000 6.000000000 -0.134073942900
912.040000000 6.200000000 0.014537863400
912.290000000 6.800000000 0.069363884600
913.790000000 6.000000000 -0.150305524500
897.790000000 6.200000000 0.014295137500
907.290000000 6.200000000 -0.053009364800
907.040000000 6.600000000 -0.135855451200
898.790000000 7.600000000 -0.088032312700
911.790000000 5.800000000 0.046020597200
896.790000000 9.400000000 -0.022553877900
899.540000000 7.000000000 -0.081822082400
907.540000000 6.200000000 -0.137439280700
896.790000000 10.000000000 -0.045222174400
898.040000000 5.800000000 -0.062931276900
900.040000000 6.000000000 -0.081617027500
896.790000000 9.600000000 -0.032832965300
896.540000000 9.600000000 -0.015117842700
896.790000000 9.800000000 -0.039256278400
897.790000000 6.400000000 -0.007275895200
899.790000000 6.400000000 -0.081938318900
907.540000000 6.400000000 -0.140844538800
912.790000000 6.600000000 -0.158893093500
897.790000000 7.200000000 -0.069539487400
912.040000000 6.000000000 0.011509833900
907.290000000 6.400000000 -0.088100329000
898.040000000 7.200000000 -0.055155854700
898.540000000 7.400000000 -0.072437956900
912.290000000 6.600000000 0.059364784500
897.790000000 6.600000000 -0.024077849500
907.290000000 6.600000000 -0.120843760700
896.540000000 9.800000000 -0.011623210300
913.040000000 6.400000000 -0.173542693300
912.040000000 5.800000000 0.009549650400
897.790000000 6.800000000 -0.039033066500
897.790000000 7.000000000 -0.052813839200
913.290000000 6.200000000 0.093741744800
898.290000000 7.200000000 -0.052720896900
898.040000000 6.000000000 -0.059611275800
913.540000000 6.000000000 -0.152073726100
912.290000000 6.400000000 0.049223430500
896.540000000 10.000000000 -0.006900639700
899.290000000 7.200000000 -0.086854510000
913.040000000 6.200000000 0.160142660100
899.040000000 7.400000000 -0.085377417500
912.540000000 6.600000000 -0.094899654400
913.790000000 5.800000000 0.017453743100
898.790000000 7.400000000 -0.073560379400
913.290000000 6.000000000 0.098151624200
899.540000000 6.800000000 -0.076551504400
900.040000000 5.800000000 -0.083696581400
898.290000000 5.800000000 -0.046879600700
899.790000000 6.200000000 -0.079163581100
912.290000000 6.200000000 0.039193060200
898.040000000 7.000000000 -0.042977236200
913.040000000 6.000000000 0.155346855500
912.790000000 6.400000000 0.200063511700
898.540000000 7.200000000 -0.057069979600
912.790000000 6.200000000 0.195025742100
913.540000000 5.800000000 0.051595300400
912.290000000 6.000000000 0.029175896200
913.290000000 5.800000000 0.105805732300
898.040000000 6.200000000 -0.056651521500
899.790000000 5.800000000 -0.027999483000
912.790000000 6.000000000 0.185517638900
913.040000000 5.800000000 0.151094570800
898.290000000 7.000000000 -0.038971211800
912.290000000 5.800000000 0.019255904500
898.040000000 6.400000000 0.029782909900
912.790000000 5.800000000 0.173557788100
912.540000000 6.400000000 0.192093089200
912.540000000 6.200000000 0.190191686200
898.040000000 6.600000000 0.012852612900
898.290000000 6.000000000 -0.043383132700
898.040000000 6.800000000 -0.004891980900
912.540000000 6.000000000 0.178884595600
899.540000000 6.600000000 -0.071902774300
899.790000000 6.000000000 -0.027978379300
912.540000000 5.800000000 0.165374890000
898.790000000 7.200000000 -0.057210590700
899.290000000 7.000000000 -0.076683096600
899.040000000 7.200000000 -0.076030291600
899.540000000 5.800000000 -0.017751392000
898.540000000 7.000000000 -0.040626194300
899.540000000 6.000000000 -0.016881415600
898.290000000 6.200000000 -0.040141463300
898.540000000 5.800000000 -0.030609529500
898.290000000 6.400000000 0.060789492000
899.540000000 6.200000000 -0.015540391200
899.540000000 6.400000000 -0.064007349300
898.290000000 6.800000000 -0.029152976300
898.290000000 6.600000000 0.044151105000
899.290000000 6.200000000 -0.027168430400
899.290000000 6.400000000 -0.015807397700
899.040000000 6.200000000 0.005355894600
899.290000000 6.000000000 -0.032670766100
899.040000000 6.000000000 -0.000492270000
898.790000000 7.000000000 -0.048160582800
899.040000000 6.400000000 0.010484915200
899.290000000 6.600000000 -0.008320913700
898.540000000 6.200000000 0.081032693400
899.290000000 5.800000000 -0.033336933700
898.540000000 6.400000000 0.071982905300
899.290000000 6.800000000 -0.066473498900
898.540000000 6.000000000 -0.026920620400
899.040000000 7.000000000 -0.067732870600
899.040000000 5.800000000 -0.005456729800
898.790000000 6.000000000 0.028434112700
898.540000000 6.800000000 -0.029625099200
899.040000000 6.600000000 0.018472490800
898.540000000 6.600000000 0.056858684900
898.790000000 6.200000000 0.034323826400
898.790000000 5.800000000 0.021905684800
898.790000000 6.400000000 0.038121152700
899.040000000 6.800000000 0.019593974600
898.790000000 6.600000000 0.039092253900
898.790000000 6.800000000 -0.035251621200
