1048.180000000 8.000000000 -0.152697235300
1048.430000000 8.000000000 -0.352193534400
1050.180000000 8.000000000 0.001462911400
1047.930000000 8.000000000 0.033842839300
1049.930000000 8.000000000 -0.155945062600
1048.680000000 8.000000000 -0.512197315700
1049.680000000 8.000000000 -0.323341488800
1050.430000000 8.000000000 0.133380189500
1048.930000000 8.000000000 -0.591254890000
1049.430000000 8.000000000 -0.474268436400
1049.180000000 8.000000000 -0.574137568500
1047.680000000 8.000000000 0.164897233200
1049.930000000 7.500000000 -0.232073858400
1050.180000000 7.500000000 -0.087634161100
1048.180000000 7.500000000 -0.078706376300
1057.180000000 8.000000000 0.116502940700
1047.930000000 7.500000000 0.064614698300
1056.930000000 8.000000000 -0.023306412600
1050.680000000 8.000000000 0.232467964300
1049.680000000 7.500000000 -0.374440938200
1048.430000000 7.500000000 -0.259412258900
1057.430000000 8.000000000 0.217910379200
1056.680000000 8.000000000 -0.177747160200
1058.930000000 8.000000000 0.019494086500
1050.430000000 7.500000000 0.047334183000
1048.680000000 7.500000000 -0.428588628800
1049.430000000 7.500000000 -0.492784649100
1056.430000000 8.000000000 -0.315972864600
1047.680000000 7.500000000 0.144302755600
1058.680000000 8.000000000 0.093020550900
1048.930000000 7.500000000 -0.536397337900
1049.180000000 7.500000000 -0.555967152100
1056.180000000 8.000000000 -0.405015021600
1047.430000000 8.000000000 0.222430020600
1057.680000000 8.000000000 0.268142759800
1055.430000000 8.000000000 -0.197493553200
1055.930000000 8.000000000 -0.417586416000
1055.680000000 8.000000000 -0.343099355700
1055.180000000 8.000000000 -0.022728094800
1058.930000000 7.500000000 0.010449319100
1050.930000000 8.000000000 0.295379310800
1057.180000000 7.500000000 0.062201537200
1054.930000000 8.000000000 0.128130003800
1058.430000000 8.000000000 0.165041968200
1050.680000000 7.500000000 0.165212050100
1056.930000000 7.500000000 -0.087639138100
1057.430000000 7.500000000 0.183060348000
1058.680000000 7.500000000 0.088361196200
1057.930000000 8.000000000 0.267583310600
1054.680000000 8.000000000 0.213716015200
1058.180000000 8.000000000 0.227783456400
1056.680000000 7.500000000 -0.234317779500
1051.180000000 8.000000000 0.320670932500
1051.930000000 8.000000000 0.193474769600
1057.680000000 7.500000000 0.253352195000
1052.180000000 8.000000000 0.109244115700
1047.430000000 7.500000000 0.162797257300
1056.430000000 7.500000000 -0.343016654300
1051.680000000 8.000000000 0.263752281700
1047.180000000 8.000000000 0.214233666700
1050.930000000 7.500000000 0.256246864800
1051.430000000 8.000000000 0.308855265400
1058.430000000 7.500000000 0.166862055700
1052.430000000 8.000000000 0.041073881100
1056.180000000 7.500000000 -0.386100649800
1051.930000000 7.500000000 0.214641422000
1052.180000000 7.500000000 0.138501182200
1055.930000000 7.500000000 -0.352221012100
1054.430000000 8.000000000 0.220112755900
1055.680000000 7.500000000 -0.250933557700
1055.430000000 7.500000000 -0.110730998200
1057.930000000 7.500000000 0.266961067900
1051.680000000 7.500000000 0.279694169800
1055.180000000 7.500000000 0.028727453200
1052.680000000 8.000000000 -0.044587735100
1051.180000000 7.500000000 0.308733284500
1058.180000000 7.500000000 0.232414662800
1051.430000000 7.500000000 0.315530300100
1054.930000000 7.500000000 0.129491955000
1052.430000000 7.500000000 0.066797673700
1052.930000000 8.000000000 -0.095539547500
1042.930000000 9.000000000 0.161469683100
1042.680000000 9.000000000 0.153327062700
1046.930000000 8.000000000 0.165154710400
1043.180000000 9.000000000 0.154877409300
1043.430000000 8.500000000 0.141678124700
1043.180000000 8.500000000 0.155870482300
1043.430000000 9.000000000 0.135368749500
1042.430000000 9.000000000 0.132578626300
1054.180000000 8.000000000 0.161929428600
1042.930000000 8.500000000 0.159013748200
1054.680000000 7.500000000 0.169494062700
1043.680000000 8.500000000 0.119843691600
1053.180000000 8.000000000 -0.108558565400
1042.680000000 8.500000000 0.148437574500
1043.680000000 9.000000000 0.107815995800
1046.180000000 8.000000000 0.015277323300
1046.430000000 8.000000000 0.050270464300
1052.680000000 7.500000000 0.002840048200
1042.430000000 8.500000000 0.123774066600
1042.180000000 9.000000000 0.104196809200
1047.180000000 7.500000000 0.142111435500
1043.930000000 8.500000000 0.093863599000
1043.930000000 9.000000000 0.078046150500
1046.680000000 8.000000000 0.103536807000
1042.180000000 8.500000000 0.087902590600
1053.430000000 8.000000000 -0.082314401900
1047.930000000 8.500000000 -0.151847645600
1048.180000000 8.500000000 -0.252393096700
1041.930000000 9.000000000 0.073815107300
1042.180000000 9.500000000 0.119116678800
1042.430000000 9.500000000 0.130351379500
1047.680000000 8.500000000 -0.045289617000
1041.930000000 9.500000000 0.104149065900
1048.430000000 8.500000000 -0.326932609100
1044.180000000 8.500000000 0.067094974200
1041.930000000 8.500000000 0.047317851300
1042.680000000 9.500000000 0.134335830800
1053.930000000 8.000000000 0.071117848200
1043.180000000 9.500000000 0.114063777000
1049.930000000 8.500000000 -0.066227905500
1044.180000000 9.000000000 0.050980672200
1042.930000000 9.500000000 0.128723844900
1053.680000000 8.000000000 -0.018462190400
1045.930000000 8.000000000 -0.000205609200
1049.680000000 8.500000000 -0.157699242200
1043.430000000 9.500000000 0.093643590800
1048.680000000 8.500000000 -0.362197101100
1041.680000000 9.500000000 0.087752819100
1050.180000000 8.500000000 0.023868907200
1052.930000000 7.500000000 -0.043097253900
1049.430000000 8.500000000 -0.242316454600
1041.680000000 9.000000000 0.046008694900
1048.930000000 8.500000000 -0.355067729900
1047.430000000 8.500000000 0.046556070400
1049.180000000 8.500000000 -0.311563044800
1044.680000000 6.500000000 0.101960942100
1045.430000000 7.000000000 0.122657418300
1043.680000000 9.500000000 0.072297208000
1045.180000000 7.000000000 0.130721315700
1045.680000000 7.000000000 0.106752924600
1044.930000000 6.500000000 0.130564630000
1054.430000000 7.500000000 0.150192901500
1042.680000000 10.000000000 0.099809676400
1046.180000000 7.500000000 0.078549943900
1044.930000000 7.000000000 0.124544777000
1042.430000000 10.000000000 0.111406751000
1041.680000000 8.500000000 0.010974307500
1041.430000000 9.500000000 0.070028811700
1045.930000000 7.000000000 0.112202025900
1042.180000000 10.000000000 0.117830969400
1044.430000000 6.500000000 0.065804876400
1046.430000000 7.500000000 0.066320247900
1045.180000000 6.500000000 0.146830663100
1050.430000000 8.500000000 0.103340312800
1041.930000000 10.000000000 0.116983942700
1042.930000000 10.000000000 0.086233072000
1044.430000000 8.500000000 0.041822683100
1041.680000000 10.000000000 0.108219377700
1044.680000000 7.000000000 0.107970595400
1045.430000000 8.500000000 -0.006346651400
1046.930000000 7.500000000 0.140239954000
1041.430000000 10.000000000 0.092395283300
1045.180000000 8.500000000 -0.070677585900
1045.930000000 7.500000000 0.065800979700
1044.430000000 9.000000000 0.029755489900
1041.430000000 9.000000000 0.023549525100
1041.180000000 9.500000000 0.049989972300
1046.180000000 7.000000000 0.121692583000
1045.430000000 6.500000000 0.148890540000
1045.680000000 8.500000000 0.065134346500
1043.930000000 9.500000000 0.044126436100
1041.180000000 10.000000000 0.070859953800
1047.180000000 8.500000000 0.108032293600
1058.930000000 8.500000000 0.042690899200
1053.180000000 7.500000000 -0.052284494000
1057.930000000 8.500000000 0.005442156900
1044.430000000 7.000000000 0.079204842400
1056.930000000 8.500000000 -0.005243021100
1053.930000000 8.500000000 0.055513955700
1044.180000000 6.500000000 0.028374213700
1046.680000000 7.500000000 0.080806821600
1043.180000000 10.000000000 0.073734268500
1054.180000000 8.500000000 -0.027145950100
1058.180000000 8.500000000 -0.065810397300
1044.930000000 8.500000000 -0.119252659400
1054.930000000 8.500000000 -0.056733891400
1056.680000000 8.500000000 -0.065096795600
1048.180000000 7.000000000 -0.162501230800
1057.680000000 8.500000000 0.071232289100
1052.430000000 8.500000000 0.058253455900
1052.430000000 7.000000000 0.144063383300
1054.680000000 8.500000000 0.033618237800
1055.930000000 8.500000000 0.025731811300
1055.180000000 8.500000000 -0.147911608200
1047.930000000 7.000000000 -0.136547073700
1053.680000000 8.500000000 0.130093932200
1045.680000000 7.500000000 0.054818309800
1048.430000000 7.000000000 -0.180932462200
1050.680000000 8.500000000 0.162823155500
1045.680000000 6.500000000 0.137254089100
1052.680000000 7.000000000 0.119854413000
1057.180000000 8.500000000 0.058474037800
1058.680000000 8.500000000 0.089186392700
1056.180000000 8.500000000 0.088723763800
1040.930000000 10.000000000 0.045369710800
1052.180000000 8.500000000 -0.012443867500
1046.430000000 7.000000000 0.127249911400
1047.680000000 7.000000000 -0.105760753200
1045.930000000 8.500000000 0.128720089800
1040.930000000 9.500000000 0.026906831200
1050.430000000 7.000000000 -0.108919039400
1043.680000000 8.000000000 0.096879549300
1041.430000000 8.500000000 -0.013786673500
1052.680000000 8.500000000 0.128319531700
1053.430000000 6.500000000 0.151423022200
1056.430000000 8.500000000 -0.140125989900
1053.180000000 6.500000000 0.184911459700
1043.930000000 8.000000000 0.075719222400
1042.680000000 8.000000000 0.105117566900
1058.430000000 8.500000000 -0.129759907700
1043.430000000 8.000000000 0.108526967500
1050.180000000 7.000000000 -0.184044838000
1042.430000000 8.000000000 0.088306278000
1054.430000000 8.500000000 -0.102552153200
1042.930000000 8.000000000 0.115042172400
1053.680000000 6.500000000 0.102689854800
1047.430000000 7.000000000 -0.059455871600
1043.180000000 8.000000000 0.116352222900
1052.930000000 6.500000000 0.196689456700
1055.430000000 8.500000000 -0.214942604300
1044.180000000 7.000000000 0.041854891900
1048.680000000 7.000000000 -0.178724721100
1050.680000000 7.000000000 -0.025124084200
1045.680000000 8.000000000 -0.000097110900
1052.180000000 7.000000000 0.166021928200
1053.430000000 8.500000000 0.181685090100
1055.680000000 8.500000000 -0.044806949800
1052.680000000 6.500000000 0.187993571200
1042.180000000 8.000000000 0.067022003200
1053.430000000 7.500000000 -0.050682060400
1052.930000000 7.000000000 0.120165705700
1049.930000000 7.000000000 -0.237576767800
1044.680000000 8.500000000 0.019221328200
1053.930000000 6.500000000 0.050156049400
1045.930000000 6.500000000 0.113974869300
1057.430000000 8.500000000 0.118239775300
1052.930000000 8.500000000 0.179895252000
1048.930000000 7.000000000 -0.204577833400
1043.430000000 10.000000000 0.064702630000
1046.680000000 7.000000000 0.116765268100
1044.180000000 8.000000000 0.057638496200
1047.180000000 7.000000000 0.000980777900
1052.430000000 6.500000000 0.164421677600
1053.180000000 8.500000000 0.199462741600
1049.680000000 7.000000000 -0.261899173300
1046.180000000 8.500000000 0.167098000600
1045.430000000 7.500000000 0.040457960200
1041.180000000 9.000000000 0.006874755500
1051.930000000 8.500000000 0.104538880300
1044.180000000 9.500000000 0.037098620100
1049.180000000 7.000000000 -0.234242156100
1050.930000000 7.000000000 0.053796593100
1054.180000000 7.500000000 0.093231387400
1040.680000000 10.000000000 0.018121084200
1046.930000000 7.000000000 0.082120232300
1049.430000000 7.000000000 -0.257730692600
1043.930000000 6.500000000 -0.004082327700
1043.180000000 6.000000000 0.076238989800
1052.180000000 6.500000000 0.130068168000
1040.680000000 9.500000000 0.000700291000
1046.930000000 8.500000000 0.132152885200
1046.180000000 6.500000000 0.081417918200
1053.180000000 7.000000000 0.097947746500
1041.930000000 8.000000000 0.044512469300
1050.930000000 8.500000000 0.195360258200
1054.180000000 6.500000000 0.004005983500
1042.930000000 6.000000000 0.049302112300
1051.930000000 7.000000000 0.179630607400
1043.930000000 7.000000000 0.004258940500
1043.430000000 6.000000000 0.099472798400
1046.430000000 8.500000000 0.168552681800
1045.430000000 8.000000000 -0.073723763200
1051.680000000 8.500000000 0.146172910900
1046.680000000 8.500000000 0.074354440000
1051.930000000 6.500000000 0.084927395000
1044.680000000 9.000000000 0.014661689300
1051.180000000 7.000000000 0.117169596300
1053.680000000 7.500000000 -0.023760667100
1046.430000000 6.500000000 0.042268525800
1044.430000000 8.000000000 0.046062953800
1053.430000000 7.000000000 0.057151705000
1051.680000000 7.000000000 0.168128281800
1051.430000000 7.000000000 0.140496686100
1043.680000000 6.000000000 0.114052891700
1051.180000000 8.500000000 0.199504137000
1051.430000000 8.500000000 0.180249691000
1045.180000000 8.000000000 -0.119102038400
1043.680000000 10.000000000 0.057213563500
1040.430000000 10.000000000 -0.008079058500
1051.680000000 6.500000000 0.027573421600
1042.430000000 7.500000000 0.084967970800
1040.430000000 9.500000000 -0.027280949100
1042.680000000 7.500000000 0.076872505200
1045.180000000 7.500000000 0.032420817800
1042.930000000 7.500000000 0.079921171100
1053.930000000 7.500000000 0.027672689400
1046.680000000 6.500000000 -0.000006142700
1042.680000000 6.000000000 0.023554783300
1042.180000000 7.500000000 0.089489556800
1043.930000000 6.000000000 0.116530492900
1041.680000000 8.000000000 0.024367669600
1047.430000000 9.000000000 -0.154562667000
1047.180000000 9.000000000 -0.093156084400
1043.180000000 7.500000000 0.082812808500
1041.180000000 8.500000000 -0.025430416700
1046.180000000 9.000000000 0.000395096200
1041.930000000 7.500000000 0.087006732800
1045.930000000 9.000000000 0.042829670000
1039.180000000 9.000000000 -0.014709422400
1054.430000000 6.500000000 -0.031842492500
1041.680000000 7.500000000 0.075734242800
1041.430000000 7.500000000 0.056585241100
1047.680000000 9.000000000 -0.199055969700
1058.930000000 7.000000000 0.035765320100
1041.180000000 7.500000000 0.037262998500
1044.180000000 6.000000000 0.108206801100
1040.930000000 7.500000000 0.016852535300
1046.930000000 9.000000000 -0.028784496700
1043.680000000 7.000000000 -0.023999797200
1046.430000000 9.000000000 -0.010928059900
1040.930000000 9.000000000 -0.006064142100
1047.930000000 9.000000000 -0.218739301000
1044.430000000 6.000000000 0.093995623300
1044.930000000 7.500000000 0.075785994500
1057.930000000 9.000000000 -0.025598816600
1043.680000000 6.500000000 -0.026367653200
1043.430000000 7.500000000 0.081149652600
1044.930000000 8.000000000 -0.138424649800
1051.430000000 6.500000000 -0.042588546900
1053.680000000 7.000000000 0.016485890400
1044.930000000 9.000000000 0.049654219300
1046.930000000 6.500000000 -0.025008386000
1044.430000000 9.500000000 0.042944185400
1057.680000000 9.000000000 0.003423884000
1043.180000000 6.500000000 0.048022225500
1043.430000000 6.500000000 0.069429799900
1048.180000000 9.000000000 -0.213853001600
1044.680000000 7.500000000 0.069470770700
1040.680000000 7.500000000 -0.002805324700
1045.680000000 9.000000000 0.077512159900
1044.680000000 8.000000000 0.039110221000
1039.430000000 9.000000000 0.009842576500
1046.430000000 9.500000000 -0.054413512300
1046.680000000 9.000000000 0.023725893300
1058.180000000 9.000000000 -0.063702717400
1040.180000000 9.500000000 -0.053386759000
1039.430000000 6.500000000 -0.037689842300
1047.430000000 9.500000000 -0.042747061700
1044.680000000 6.000000000 0.070626333400
1046.680000000 9.500000000 -0.105423182200
1039.680000000 6.500000000 -0.011023885600
1047.180000000 9.500000000 0.014556867100
1055.930000000 9.000000000 0.034095130900
1048.430000000 9.000000000 -0.190832719200
1042.930000000 6.500000000 0.026123307600
1040.180000000 10.000000000 -0.030546838400
1043.430000000 7.000000000 0.044434204700
1043.680000000 7.500000000 0.074013747300
1057.430000000 7.000000000 0.008849650600
1041.430000000 8.000000000 0.049821622700
1040.680000000 9.000000000 -0.015838505700
1046.180000000 9.500000000 -0.009223798300
1057.180000000 7.000000000 -0.060020603200
1039.180000000 6.500000000 -0.059498060500
1056.180000000 9.000000000 0.090400002900
1046.930000000 9.500000000 -0.152736172100
1048.680000000 9.000000000 -0.185763329300
1041.930000000 7.000000000 0.065572910000
1042.180000000 7.000000000 0.075662642700
1042.430000000 7.000000000 0.086099289400
1047.180000000 6.500000000 -0.061650980300
1055.180000000 5.500000000 0.020293502100
1041.680000000 7.000000000 0.047936890300
1044.430000000 7.500000000 0.061765186500
1058.680000000 7.000000000 0.084503330300
1057.430000000 9.000000000 0.051714003100
1043.180000000 7.000000000 0.061733670500
1057.680000000 7.000000000 0.070381321000
1045.180000000 9.000000000 0.085963726000
1047.680000000 9.500000000 -0.094579152800
1055.680000000 9.000000000 -0.024309106200
1042.680000000 7.000000000 0.086788460600
1043.930000000 10.000000000 0.055186368500
1039.180000000 8.500000000 -0.039351254700
1056.930000000 7.000000000 -0.119775332500
1039.930000000 6.500000000 0.015186921700
1042.930000000 7.000000000 0.077621929300
1048.930000000 9.000000000 -0.146499291100
1042.430000000 6.000000000 0.002457399200
1042.930000000 5.500000000 0.045989330900
1039.680000000 7.000000000 -0.014414076700
1051.180000000 6.500000000 -0.107607789300
1054.930000000 5.500000000 0.059560060500
1039.930000000 7.000000000 0.004814969400
1039.430000000 7.000000000 -0.034438617500
1045.430000000 9.000000000 0.102777384200
1052.180000000 6.000000000 0.020076157500
1044.930000000 6.000000000 0.040858227800
1055.430000000 5.500000000 -0.017192006100
1043.930000000 7.500000000 0.060556765600
1052.430000000 6.000000000 0.070884622600
1040.180000000 7.000000000 0.013335171200
1040.930000000 8.500000000 -0.007156146700
1043.180000000 5.500000000 0.068262994300
1041.430000000 7.000000000 0.027091864500
1041.180000000 8.000000000 0.031375188400
1056.680000000 7.000000000 -0.155742317400
1056.430000000 9.000000000 0.131138086300
1039.930000000 9.500000000 -0.072396084700
1040.430000000 9.000000000 -0.056432846900
1057.930000000 7.000000000 0.112282224000
1049.180000000 9.000000000 -0.096840441200
1042.680000000 5.500000000 0.022150486700
1040.430000000 7.500000000 -0.021713653600
1039.430000000 8.500000000 -0.025862250500
1039.680000000 9.000000000 0.028722042200
1042.680000000 6.500000000 0.062154021100
1054.180000000 6.000000000 0.084342598900
1058.430000000 9.000000000 -0.094596788300
1054.430000000 6.000000000 0.059329252700
1039.180000000 7.000000000 -0.051859460800
1053.930000000 6.000000000 0.107018575100
1045.930000000 9.500000000 0.024033170200
1044.180000000 7.500000000 0.053139653100
1039.180000000 9.500000000 0.044199328900
1053.680000000 6.000000000 0.124272137900
1051.930000000 6.000000000 -0.042761009200
1039.180000000 10.000000000 -0.010871131900
1040.180000000 6.500000000 0.036237858200
1052.680000000 6.000000000 0.106044240300
1040.430000000 7.000000000 0.028301626400
1047.930000000 9.500000000 -0.131595596700
1057.180000000 9.000000000 0.097954429700
1054.680000000 6.000000000 0.032099321500
1040.680000000 8.500000000 -0.048942860200
1044.430000000 5.500000000 0.060589011800
1058.430000000 7.000000000 0.117840081500
1047.430000000 6.500000000 -0.094671294100
1054.680000000 6.500000000 -0.058862745800
1044.680000000 5.500000000 0.035533499000
1054.680000000 5.500000000 0.098233670000
1055.430000000 9.000000000 -0.073231026500
1056.430000000 7.000000000 -0.162671133900
1058.180000000 7.000000000 0.128373011900
1053.930000000 7.000000000 -0.016006013400
1041.180000000 7.000000000 0.020227557000
1043.430000000 5.500000000 0.085455492100
1053.430000000 6.000000000 0.133776634900
1039.680000000 9.500000000 -0.079527050300
1048.180000000 9.500000000 -0.103283777800
1055.430000000 7.000000000 -0.079661533200
1041.930000000 6.500000000 0.060633245900
1056.680000000 9.000000000 0.145994484400
1039.430000000 9.500000000 0.039086151900
1055.680000000 7.000000000 -0.098308540900
1040.930000000 8.000000000 0.013977382300
1052.930000000 6.000000000 0.123990267500
1051.930000000 9.000000000 0.013529168400
1045.180000000 6.000000000 -0.003337772300
1040.680000000 7.000000000 0.028657181200
1050.930000000 6.500000000 -0.161676421800
1049.430000000 9.000000000 -0.046227984100
1044.180000000 5.500000000 0.080431915800
1054.180000000 9.000000000 -0.013079428100
1052.180000000 9.000000000 0.046272497600
1042.430000000 6.500000000 0.055513568200
1039.930000000 10.000000000 -0.047183595600
1058.430000000 9.500000000 -0.037644695500
1041.680000000 6.500000000 0.050406172900
1042.180000000 6.500000000 0.070378169400
1053.930000000 9.000000000 -0.014037383700
1056.180000000 7.000000000 -0.147129952900
1053.180000000 6.000000000 0.136515200100
1050.180000000 10.000000000 -0.029200702900
1056.930000000 9.000000000 0.132850155200
1055.680000000 5.500000000 -0.064363457300
1055.930000000 7.000000000 -0.122050404500
1053.430000000 5.500000000 0.080930933400
1039.680000000 8.500000000 -0.006679532100
1054.430000000 9.000000000 -0.075271204100
1058.180000000 9.500000000 -0.068876035500
1054.930000000 6.000000000 0.000278738300
1055.180000000 7.000000000 -0.063680224100
1041.430000000 6.500000000 0.052016269400
1053.680000000 9.000000000 0.038451828100
1051.680000000 6.000000000 -0.106504015600
1053.680000000 5.500000000 0.122412927400
1043.680000000 5.500000000 0.094178050800
1049.930000000 10.000000000 0.041599627600
1044.930000000 5.500000000 0.006560375400
1050.430000000 10.000000000 -0.088681988400
1053.180000000 5.500000000 0.027659911700
1043.930000000 5.500000000 0.092406496400
1040.180000000 9.000000000 -0.083658367400
1041.180000000 6.500000000 0.044217720600
1048.430000000 9.500000000 -0.058724958400
1039.430000000 10.000000000 0.033639792400
1040.430000000 8.500000000 -0.079421244600
1044.680000000 9.500000000 0.056930419100
1054.430000000 5.500000000 0.130083128800
1058.680000000 10.000000000 -0.037425603700
1042.430000000 5.500000000 0.000369025000
1058.680000000 9.000000000 -0.114793650800
1040.930000000 7.000000000 0.046430207800
1053.930000000 5.500000000 0.145576492000
1039.930000000 9.000000000 0.041063986700
1040.430000000 6.500000000 0.049372877900
1058.680000000 9.500000000 -0.000832169400
1047.680000000 6.500000000 -0.120816282900
1052.430000000 9.000000000 0.081385128200
1058.930000000 10.000000000 0.003883548800
1053.430000000 9.000000000 0.088305778800
1051.680000000 9.000000000 -0.015545577700
1054.680000000 9.000000000 -0.120150461800
1044.180000000 10.000000000 0.060764446900
1049.680000000 10.000000000 0.102059505900
1058.430000000 10.000000000 -0.072942726300
1040.180000000 7.500000000 -0.039230253500
1054.180000000 5.500000000 0.147636398700
1040.680000000 8.000000000 0.000012976500
1040.930000000 6.000000000 0.044153321500
1046.180000000 10.000000000 -0.085958920400
1057.930000000 9.500000000 -0.091863878100
1052.930000000 5.500000000 -0.028171517000
1040.930000000 6.500000000 0.035491276500
1058.930000000 9.000000000 -0.119292810600
1040.680000000 6.000000000 0.028618648600
1050.680000000 6.500000000 -0.187820643200
1046.430000000 10.000000000 -0.113750666400
1045.930000000 10.000000000 -0.052060928200
1054.930000000 7.000000000 -0.053937584200
1041.180000000 6.000000000 0.056257762000
1045.680000000 9.500000000 0.043492738200
1049.430000000 6.500000000 -0.008485843400
1039.930000000 6.000000000 -0.006323262600
1050.680000000 10.000000000 -0.121668286600
1055.180000000 9.000000000 -0.105843827100
1048.430000000 10.000000000 -0.028589077300
1042.180000000 5.500000000 0.028765166200
1055.180000000 6.000000000 -0.036890663200
1039.680000000 6.000000000 -0.034881327300
1055.930000000 5.500000000 -0.104588806600
1051.430000000 6.000000000 -0.155202135400
1048.180000000 10.000000000 -0.066416315700
1045.430000000 6.000000000 -0.029608970500
1049.680000000 6.500000000 -0.035808812800
1042.180000000 6.000000000 -0.012367049200
1040.430000000 6.000000000 0.012635317600
1053.180000000 9.000000000 0.121488556300
1049.680000000 9.000000000 -0.002292676600
1049.430000000 10.000000000 0.133372232300
1054.680000000 7.000000000 -0.027465829600
1040.180000000 6.000000000 0.020776744900
1056.680000000 9.500000000 -0.045591592800
1040.180000000 8.500000000 -0.093722231700
1041.930000000 5.500000000 0.020973565100
1046.680000000 10.000000000 -0.134175345300
1039.930000000 8.500000000 0.016080617900
1056.930000000 9.500000000 -0.079795748000
1049.180000000 9.500000000 -0.050488673200
1049.180000000 6.500000000 -0.010224835000
1052.680000000 9.000000000 0.112574681600
1048.680000000 9.500000000 -0.102439977200
1039.680000000 10.000000000 0.020642180000
1039.430000000 6.000000000 -0.057265173600
1048.930000000 9.500000000 -0.054945886100
1039.930000000 7.500000000 -0.041770149000
1048.680000000 10.000000000 0.030209876600
1045.180000000 5.500000000 -0.031429976200
1054.430000000 7.000000000 0.002450531300
1047.930000000 6.500000000 -0.135625734900
1049.430000000 9.500000000 -0.000305257500
1057.680000000 9.500000000 -0.106122843900
1041.430000000 6.000000000 0.064834252000
1054.180000000 7.000000000 0.033746212700
1052.930000000 9.000000000 0.129124492400
1058.180000000 10.000000000 -0.095780320500
1049.930000000 6.500000000 -0.085366651400
1047.930000000 10.000000000 -0.100916124900
1040.680000000 6.500000000 0.022933950600
1050.430000000 6.500000000 -0.179100513500
1056.430000000 9.500000000 -0.005365975700
1039.180000000 6.000000000 -0.067833498100
1054.930000000 9.000000000 -0.137379333400
1046.930000000 10.000000000 -0.145652845500
1045.680000000 10.000000000 -0.015507164400
1057.180000000 9.500000000 -0.102156251700
1049.180000000 10.000000000 0.127293989100
1044.930000000 9.500000000 0.081123478700
1040.430000000 8.000000000 -0.010163991700
1052.680000000 5.500000000 -0.076452992900
1048.930000000 10.000000000 0.088227555200
1047.180000000 10.000000000 -0.145081237000
1050.180000000 6.500000000 -0.139937713700
1057.180000000 10.000000000 -0.011736417200
1039.680000000 7.500000000 -0.030155388600
1057.430000000 9.500000000 -0.110429264600
1041.680000000 5.500000000 0.012415451000
1047.430000000 10.000000000 -0.129245579200
1048.930000000 6.500000000 -0.053138762700
1051.930000000 10.000000000 -0.005434515400
1058.930000000 9.500000000 0.034412376600
1051.180000000 6.000000000 -0.175060063600
1054.930000000 6.500000000 -0.077104523800
1057.430000000 10.000000000 -0.051801752300
1056.930000000 10.000000000 0.025230582800
1048.180000000 6.500000000 -0.134888604300
1039.180000000 8.000000000 -0.028705686300
1051.680000000 10.000000000 -0.039078932300
1047.680000000 10.000000000 -0.098072029700
1039.180000000 7.500000000 -0.045568786600
1039.430000000 7.500000000 -0.034208312600
1041.680000000 6.000000000 0.069841273100
1044.430000000 10.000000000 0.040336530700
1045.680000000 6.000000000 0.063722141100
1052.180000000 10.000000000 -0.003186609400
1040.180000000 8.000000000 0.037015259300
1056.180000000 9.500000000 -0.002841467000
1048.680000000 6.500000000 -0.087718494200
1056.180000000 5.500000000 -0.128208026300
1049.680000000 9.500000000 0.041812349100
1050.930000000 10.000000000 -0.124778591100
1048.430000000 6.500000000 -0.117635004200
1055.430000000 6.000000000 -0.075579993400
1041.930000000 6.000000000 0.041951891000
1045.180000000 9.500000000 0.068274930100
1039.430000000 8.000000000 0.000690837000
1051.430000000 9.000000000 -0.041683327400
1049.930000000 9.000000000 -0.011299980800
1050.180000000 6.000000000 -0.017361769500
1057.680000000 10.000000000 -0.084898531400
1050.430000000 6.000000000 -0.066536143400
1052.430000000 10.000000000 -0.033758755800
1050.930000000 6.000000000 -0.161284193400
1057.930000000 10.000000000 -0.103006504500
1041.430000000 5.500000000 -0.008382801000
1045.930000000 6.000000000 0.032038178300
1039.680000000 8.000000000 0.015346462800
1045.430000000 10.000000000 0.017149101900
1050.680000000 6.000000000 -0.120206974400
1045.430000000 9.500000000 0.061930257800
1039.930000000 8.000000000 0.024840371700
1050.180000000 9.000000000 -0.046124678100
1039.180000000 5.500000000 0.008443836100
1045.430000000 5.500000000 -0.068010002400
1056.680000000 10.000000000 0.050846494700
1051.430000000 10.000000000 -0.073503054700
1056.430000000 5.500000000 -0.128107428600
1055.930000000 9.500000000 -0.033450163900
1047.180000000 6.000000000 -0.027342155600
1047.430000000 6.000000000 -0.042472582300
1052.930000000 9.500000000 -0.037354838100
1051.180000000 10.000000000 -0.105000019100
1049.930000000 6.000000000 0.014415363800
1053.180000000 9.500000000 0.011935552600
1052.680000000 10.000000000 -0.060080900800
1052.430000000 5.500000000 -0.108614713000
1056.930000000 5.500000000 -0.067721016700
1056.680000000 5.500000000 -0.105016373100
1051.430000000 9.500000000 0.002823266200
1051.680000000 9.500000000 0.033817131100
1057.180000000 5.500000000 -0.028804685900
1039.430000000 5.500000000 0.028303843000
1041.180000000 5.500000000 -0.031624123500
1046.180000000 6.000000000 -0.004990620500
1044.680000000 10.000000000 0.042192120100
1055.680000000 6.000000000 -0.107019491500
1052.680000000 9.500000000 -0.086326934400
1050.430000000 9.000000000 0.029186217100
1055.680000000 10.000000000 -0.031595021500
1054.680000000 9.500000000 0.013141661000
1054.930000000 9.500000000 -0.017931312300
1056.680000000 6.000000000 0.010856246600
1045.180000000 10.000000000 0.033053342300
1055.930000000 10.000000000 -0.002475623000
1053.430000000 9.500000000 0.049309473500
1049.930000000 9.500000000 0.068921089200
1053.430000000 10.000000000 -0.013367619400
1052.180000000 9.500000000 -0.120194174300
1052.930000000 10.000000000 -0.082355819600
1057.430000000 5.500000000 0.001190729200
1055.680000000 9.500000000 -0.060230583000
1056.930000000 6.000000000 0.042480427800
1050.680000000 9.000000000 0.067819193000
1055.430000000 10.000000000 -0.058990106000
1051.930000000 9.500000000 -0.094195611800
1044.930000000 10.000000000 0.052693158400
1055.180000000 6.500000000 -0.095090821400
1052.430000000 9.500000000 -0.119316488500
1056.430000000 6.000000000 -0.028271330500
1053.680000000 10.000000000 0.021206433000
1053.180000000 10.000000000 -0.046732358600
1054.430000000 9.500000000 0.048985324800
1054.180000000 10.000000000 -0.069239124700
1046.930000000 6.000000000 -0.004936527900
1055.930000000 6.000000000 -0.121462695300
1047.680000000 6.000000000 -0.054952107400
1055.180000000 9.500000000 -0.032004762400
1045.680000000 5.500000000 -0.089565351600
1039.680000000 5.500000000 0.043833293000
1040.930000000 5.500000000 -0.049673844100
1054.430000000 10.000000000 -0.043442826700
1053.930000000 10.000000000 -0.089555673300
1051.180000000 9.500000000 -0.029197674200
1056.430000000 10.000000000 0.061669193200
1050.930000000 9.000000000 0.094279326500
1051.180000000 9.000000000 -0.064174763900
1056.180000000 6.000000000 -0.113190986200
1048.930000000 6.000000000 -0.040191844100
1055.180000000 10.000000000 -0.065108738800
1052.180000000 5.500000000 -0.125696793200
1054.180000000 9.500000000 0.081247441500
1046.430000000 6.000000000 -0.039001427600
1058.680000000 6.500000000 -0.009721544600
1056.180000000 10.000000000 0.024630896700
1055.430000000 9.500000000 -0.078546285600
1058.930000000 6.000000000 -0.026568133400
1048.680000000 6.000000000 -0.071365580000
1057.180000000 6.000000000 -0.002301876700
1049.180000000 6.000000000 -0.000128413200
1056.930000000 6.500000000 -0.025402115700
1054.930000000 10.000000000 -0.084497891400
1053.680000000 9.500000000 0.069373354300
1058.430000000 6.500000000 -0.048082098400
1054.680000000 10.000000000 -0.096405804200
1058.930000000 6.500000000 0.028381295500
1053.930000000 9.500000000 0.098847881000
1049.680000000 6.000000000 0.024472525300
1056.680000000 6.500000000 0.011802880100
1057.180000000 6.500000000 -0.060509771100
1055.430000000 6.500000000 -0.101137116600
1048.430000000 6.000000000 -0.085006237000
1040.680000000 5.500000000 -0.055659808200
1047.930000000 6.000000000 -0.068720318400
1058.180000000 6.500000000 -0.079397365500
1058.930000000 5.500000000 0.016875833300
1055.930000000 6.500000000 -0.077398717400
1050.930000000 9.500000000 0.057088341600
1039.930000000 5.500000000 0.050679124900
1056.180000000 6.500000000 -0.054850019500
1055.680000000 6.500000000 -0.094664558800
1040.430000000 5.500000000 0.029095511900
1058.680000000 5.500000000 -0.002134885400
1049.430000000 6.000000000 0.035234730700
1058.180000000 6.000000000 -0.028569858500
1057.930000000 5.500000000 -0.057547826300
1045.930000000 5.500000000 -0.088765263600
1057.680000000 5.500000000 0.016152780500
1058.430000000 5.500000000 -0.004861221200
1058.430000000 6.000000000 0.002327807000
1058.180000000 5.500000000 -0.030011575700
1048.180000000 6.000000000 -0.081511847700
1057.430000000 6.500000000 -0.087174490100
1040.180000000 5.500000000 0.012388880400
1051.930000000 5.500000000 -0.126528173700
1057.930000000 6.000000000 -0.060553036600
1056.430000000 6.500000000 0.044857986300
1057.430000000 6.000000000 -0.007814183800
1050.180000000 9.500000000 0.080731168400
1057.930000000 6.500000000 -0.097930729400
1057.680000000 6.000000000 -0.086572960000
1058.680000000 6.000000000 0.026273056900
1046.680000000 6.000000000 0.023699363700
1057.680000000 6.500000000 -0.100559659300
1051.430000000 5.500000000 -0.079788141000
1051.180000000 5.500000000 -0.046393677600
1051.680000000 5.500000000 -0.108001545100
1046.180000000 5.500000000 -0.067977339000
1050.930000000 5.500000000 -0.018640060000
1046.430000000 5.500000000 -0.038300216200
1046.680000000 5.500000000 -0.013110181300
1050.430000000 9.500000000 -0.053958140300
1046.930000000 5.500000000 0.000106975200
1050.680000000 9.500000000 0.070993192500
1050.680000000 5.500000000 0.001311105700
1047.180000000 5.500000000 0.017076332100
1047.430000000 5.500000000 0.032935615600
1047.680000000 5.500000000 0.045587725900
1049.430000000 5.500000000 0.007765317300
1049.680000000 5.500000000 -0.019844275000
1049.180000000 5.500000000 0.034866236200
1049.930000000 5.500000000 -0.041573870900
1047.930000000 5.500000000 0.051925111600
1048.930000000 5.500000000 0.054080937100
1050.430000000 5.500000000 0.010761513400
1050.180000000 5.500000000 -0.054869446900
1048.180000000 5.500000000 0.054335013000
1048.680000000 5.500000000 0.061395380600
1048.430000000 5.500000000 0.054956853400
