958.810000000 8.400000000 0.409903615700
959.060000000 8.200000000 0.422273039800
958.560000000 8.400000000 0.416825473300
958.810000000 8.200000000 0.414070040000
959.060000000 8.000000000 0.425758361800
959.060000000 8.400000000 0.400756508100
958.810000000 8.600000000 0.410476654800
959.310000000 8.000000000 0.418487429600
959.310000000 8.200000000 0.406996369400
958.560000000 8.600000000 0.416374534400
958.560000000 8.200000000 0.415859967500
958.810000000 8.000000000 0.416837185600
958.310000000 8.400000000 0.415045589200
958.560000000 8.000000000 0.404488056900
954.310000000 8.200000000 -0.626938879500
958.310000000 8.200000000 0.401056885700
959.060000000 7.800000000 0.426843285600
959.060000000 8.600000000 0.398462325300
958.810000000 7.800000000 0.408927083000
959.310000000 8.400000000 0.392935544300
954.560000000 8.200000000 -0.602857828100
954.060000000 8.200000000 -0.640248954300
959.560000000 8.200000000 0.398757398100
959.560000000 8.000000000 0.409587740900
959.310000000 7.800000000 0.415950924200
958.310000000 8.000000000 0.381779462100
958.310000000 8.600000000 0.412977844500
958.560000000 7.800000000 0.385819852400
958.060000000 8.200000000 0.384067565200
954.810000000 8.200000000 -0.570886373500
954.310000000 8.400000000 -0.620001435300
953.810000000 8.200000000 -0.626084685300
954.310000000 8.000000000 -0.630152046700
954.560000000 8.000000000 -0.607718646500
954.560000000 8.400000000 -0.599010169500
958.060000000 8.400000000 0.398282349100
958.810000000 8.800000000 0.412959933300
954.060000000 8.000000000 -0.636083841300
954.060000000 8.400000000 -0.625435292700
954.810000000 8.000000000 -0.573566377200
958.310000000 7.800000000 0.364364057800
958.060000000 8.000000000 0.361886382100
959.560000000 7.800000000 0.392626196100
954.810000000 8.400000000 -0.563656866600
959.560000000 8.400000000 0.385043948900
955.060000000 8.200000000 -0.547546863600
959.310000000 8.600000000 0.383045464800
959.810000000 8.200000000 0.379392653700
953.560000000 8.200000000 -0.563227236300
958.810000000 7.600000000 0.389624983100
959.060000000 8.800000000 0.392319142800
958.560000000 8.800000000 0.420545756800
959.810000000 8.000000000 0.375736624000
953.810000000 8.000000000 -0.611444175200
963.060000000 8.000000000 -0.438760668000
955.060000000 8.000000000 -0.550911665000
953.810000000 8.400000000 -0.605390131500
962.810000000 8.000000000 -0.423947244900
959.060000000 7.600000000 0.408261895200
962.810000000 8.200000000 -0.415932804300
957.810000000 8.200000000 0.357170730800
963.060000000 8.200000000 -0.424995005100
958.560000000 7.600000000 0.367584288100
962.560000000 8.200000000 -0.387821227300
962.560000000 8.000000000 -0.388247340900
955.060000000 8.400000000 -0.510557770700
958.060000000 8.600000000 0.396343350400
955.310000000 8.200000000 -0.462624073000
953.560000000 8.000000000 -0.542183339600
958.060000000 7.800000000 0.345066487800
953.310000000 8.200000000 -0.443092733600
955.310000000 8.000000000 -0.457741200900
959.310000000 7.600000000 0.398000001900
953.560000000 8.400000000 -0.544475317000
962.310000000 8.200000000 -0.350061208000
954.310000000 7.800000000 -0.624655127500
954.560000000 7.800000000 -0.604982972100
957.810000000 8.400000000 0.378428787000
963.060000000 7.800000000 -0.435662955000
958.310000000 7.600000000 0.354705691300
962.810000000 8.400000000 -0.405085861700
957.810000000 8.000000000 0.339696615900
954.560000000 8.600000000 -0.582193732300
959.810000000 7.800000000 0.350118249700
959.810000000 8.400000000 0.370777815600
960.060000000 8.200000000 0.341728538300
962.810000000 7.800000000 -0.422329396000
958.310000000 8.800000000 0.410834461500
963.060000000 8.400000000 -0.402555465700
962.560000000 8.400000000 -0.389691859500
954.310000000 8.600000000 -0.593883574000
962.310000000 8.000000000 -0.343058526500
954.810000000 7.800000000 -0.564085662400
954.810000000 8.600000000 -0.549449622600
959.310000000 8.800000000 0.365092814000
960.060000000 8.000000000 0.322932004900
954.060000000 7.800000000 -0.617201685900
959.560000000 8.600000000 0.365841478100
953.310000000 8.000000000 -0.425822645400
953.060000000 8.200000000 -0.280143678200
955.310000000 8.400000000 -0.436500549300
962.060000000 8.200000000 -0.309797167800
962.560000000 7.800000000 -0.386826902600
954.060000000 8.600000000 -0.588088929700
959.560000000 7.600000000 0.376803726000
955.560000000 8.200000000 -0.345527023100
953.310000000 8.400000000 -0.433006435600
955.060000000 7.800000000 -0.529561162000
955.560000000 8.000000000 -0.334052830900
962.310000000 8.400000000 -0.359835535300
953.810000000 7.800000000 -0.575219869600
955.060000000 8.600000000 -0.492920607300
957.560000000 8.200000000 0.328852057500
962.060000000 8.000000000 -0.296975225200
953.060000000 8.000000000 -0.338384568700
958.810000000 7.400000000 0.366438746500
960.310000000 8.200000000 0.279495120000
961.810000000 8.200000000 -0.265873074500
952.810000000 8.200000000 -0.173491582300
962.310000000 7.800000000 -0.353883892300
953.810000000 8.600000000 -0.562083721200
958.060000000 7.600000000 0.333357006300
960.060000000 8.400000000 0.340556383100
958.810000000 9.000000000 0.403349846600
958.560000000 7.400000000 0.351120382500
962.810000000 8.600000000 -0.392895340900
959.060000000 9.000000000 0.375862896400
955.310000000 7.800000000 -0.427345514300
963.060000000 8.600000000 -0.380797028500
957.810000000 8.600000000 0.362815022500
959.060000000 7.400000000 0.377977937500
960.310000000 8.000000000 0.252289623000
962.060000000 8.400000000 -0.319133371100
960.060000000 7.800000000 0.299445450300
957.810000000 7.800000000 0.328089863100
953.560000000 7.800000000 -0.463498801000
957.560000000 8.400000000 0.340788781600
953.060000000 8.400000000 -0.277638375800
955.560000000 8.400000000 -0.341349661400
952.810000000 8.000000000 -0.197533041200
958.060000000 8.800000000 0.382940411600
961.810000000 8.000000000 -0.250251889200
962.560000000 8.600000000 -0.386356711400
961.560000000 8.200000000 -0.209263190600
957.560000000 8.000000000 0.319991737600
955.810000000 8.200000000 -0.231271371200
959.810000000 8.600000000 0.345358461100
959.560000000 8.800000000 0.337502956400
963.060000000 7.600000000 -0.413261354000
960.560000000 8.200000000 0.191355407200
955.310000000 8.600000000 -0.415131390100
952.560000000 8.200000000 -0.002119340000
959.810000000 7.600000000 0.334319770300
958.560000000 9.000000000 0.412313193100
950.560000000 8.000000000 0.289191961300
955.810000000 8.000000000 -0.192776680000
953.560000000 8.600000000 -0.505102038400
958.310000000 7.400000000 0.340846508700
962.060000000 7.800000000 -0.296549230800
959.310000000 9.000000000 0.340779364100
961.810000000 8.400000000 -0.267867207500
962.810000000 7.600000000 -0.402504146100
960.310000000 8.400000000 0.285298585900
959.310000000 7.400000000 0.378037750700
955.560000000 7.800000000 -0.303205370900
961.310000000 8.200000000 -0.130475938300
953.310000000 7.800000000 -0.401368439200
954.310000000 7.600000000 -0.580934345700
950.310000000 8.000000000 0.215644598000
952.560000000 8.000000000 -0.033263817400
960.810000000 8.200000000 0.083842068900
954.560000000 7.600000000 -0.577433884100
960.560000000 8.000000000 0.165789812800
950.810000000 8.000000000 0.359456777600
954.810000000 8.800000000 -0.516419589500
954.560000000 8.800000000 -0.539528548700
961.560000000 8.000000000 -0.194879531900
961.060000000 8.200000000 -0.029034704000
952.810000000 8.400000000 -0.103014133900
962.310000000 8.600000000 -0.360208928600
962.560000000 7.600000000 -0.383506447100
954.060000000 7.600000000 -0.538630366300
961.560000000 8.400000000 -0.202360808800
950.560000000 7.800000000 0.291171252700
960.310000000 7.800000000 0.219434350700
954.810000000 7.600000000 -0.529949486300
960.560000000 8.400000000 0.201776191600
955.810000000 8.400000000 -0.229470804300
954.310000000 8.800000000 -0.543943703200
950.310000000 7.800000000 0.229219272700
952.310000000 8.200000000 0.155411303000
955.060000000 8.800000000 -0.468935370400
953.310000000 8.600000000 -0.406030178100
957.310000000 8.200000000 0.302210420400
956.060000000 8.200000000 -0.100081898300
958.310000000 9.000000000 0.397071808600
961.310000000 8.400000000 -0.118090115500
950.560000000 8.200000000 0.284576356400
953.060000000 7.800000000 -0.318753212700
962.310000000 7.600000000 -0.337829977300
960.810000000 8.400000000 0.096542261500
960.810000000 8.000000000 0.068043224500
961.310000000 8.000000000 -0.122299462600
960.060000000 8.600000000 0.316086977700
963.060000000 8.800000000 -0.361866116500
952.310000000 8.000000000 0.130972966600
955.560000000 8.600000000 -0.322377830700
959.560000000 7.400000000 0.345578402300
961.060000000 8.400000000 -0.015407966400
953.810000000 7.600000000 -0.482424408200
951.060000000 8.000000000 0.414979457900
961.810000000 7.800000000 -0.230155170000
950.310000000 8.200000000 0.211134955300
957.560000000 8.600000000 0.337650716300
957.810000000 7.600000000 0.314046621300
954.060000000 8.800000000 -0.535561442400
957.310000000 8.400000000 0.296804279100
955.060000000 7.600000000 -0.459989339100
961.060000000 8.000000000 -0.031887974600
962.810000000 8.800000000 -0.374105960100
962.060000000 8.600000000 -0.316264003500
957.810000000 8.800000000 0.339056462000
950.810000000 8.200000000 0.351684272300
952.560000000 8.400000000 0.012956702200
958.060000000 7.400000000 0.319122105800
960.060000000 7.600000000 0.277213722500
956.060000000 8.000000000 -0.085788704500
950.810000000 7.800000000 0.351149320600
959.560000000 9.000000000 0.308182507800
959.810000000 8.800000000 0.311916261900
955.810000000 7.800000000 -0.171872302900
958.810000000 7.200000000 0.339145302800
957.560000000 7.800000000 0.312776595400
950.060000000 8.000000000 0.146819338200
955.310000000 8.800000000 -0.398323506100
952.060000000 8.200000000 0.280854076100
952.060000000 8.000000000 0.271987587200
952.810000000 7.800000000 -0.204788148400
957.310000000 8.000000000 0.301269859100
960.560000000 7.800000000 0.134205117800
953.060000000 8.600000000 -0.265712589000
951.310000000 8.000000000 0.442556262000
958.560000000 7.200000000 0.327820092400
962.060000000 7.600000000 -0.279219299600
953.810000000 8.800000000 -0.512388527400
959.060000000 7.200000000 0.344362586700
956.060000000 8.400000000 -0.109758243000
953.560000000 7.600000000 -0.422764480100
951.060000000 8.200000000 0.401571065200
955.310000000 7.600000000 -0.382836729300
962.560000000 8.800000000 -0.369093835400
950.060000000 7.800000000 0.168508365800
960.310000000 8.600000000 0.269953876700
961.810000000 8.600000000 -0.256480485200
951.810000000 8.000000000 0.374198317500
956.310000000 8.200000000 0.027786590200
951.560000000 8.000000000 0.430983424200
958.060000000 9.000000000 0.360098004300
961.560000000 7.800000000 -0.167695283900
963.060000000 7.400000000 -0.372432351100
950.060000000 8.200000000 0.140895322000
959.810000000 7.400000000 0.311036050300
951.810000000 8.200000000 0.367070943100
955.810000000 8.600000000 -0.221082747000
957.060000000 8.200000000 0.269876390700
952.560000000 7.800000000 -0.060858588700
959.060000000 9.200000000 0.349993616300
951.310000000 8.200000000 0.424486994700
952.310000000 8.400000000 0.154912650600
950.310000000 7.600000000 0.244850263000
962.810000000 7.400000000 -0.369809478500
961.560000000 8.600000000 -0.181901872200
958.810000000 9.200000000 0.368850857000
953.560000000 8.800000000 -0.462691903100
951.060000000 7.800000000 0.401121825000
958.310000000 7.200000000 0.314546465900
956.310000000 8.000000000 0.039654072400
960.810000000 7.800000000 0.049673613200
951.560000000 8.200000000 0.414159536400
959.310000000 7.200000000 0.338678956000
957.310000000 8.600000000 0.282083183500
960.310000000 7.600000000 0.195750132200
960.560000000 8.600000000 0.200690940000
957.060000000 8.400000000 0.247153520600
962.310000000 8.800000000 -0.343688756200
953.310000000 7.600000000 -0.358587652400
959.310000000 9.200000000 0.321230202900
955.560000000 7.600000000 -0.270184874500
961.310000000 7.800000000 -0.102544963400
955.560000000 8.800000000 -0.311912536600
961.310000000 8.600000000 -0.093044601400
952.810000000 8.600000000 -0.103437796200
962.560000000 7.400000000 -0.349615544100
956.310000000 8.400000000 0.006012484000
960.060000000 8.800000000 0.284533560300
954.810000000 9.000000000 -0.466979384400
961.810000000 7.600000000 -0.211502119900
956.560000000 8.200000000 0.137396186600
950.560000000 7.600000000 0.292701959600
960.810000000 8.600000000 0.109640330100
961.060000000 7.800000000 -0.030020842300
950.560000000 8.400000000 0.272390961600
958.560000000 9.200000000 0.372815042700
954.560000000 9.000000000 -0.481626361600
961.060000000 8.600000000 0.007189033100
956.060000000 7.800000000 -0.047695323800
957.560000000 8.800000000 0.283626407400
952.310000000 7.800000000 0.096786268100
959.810000000 9.000000000 0.281685948400
950.060000000 7.600000000 0.194114297600
950.310000000 8.400000000 0.209267675900
956.810000000 8.200000000 0.218252286300
954.310000000 7.400000000 -0.524311482900
955.060000000 9.000000000 -0.434128880500
954.560000000 7.400000000 -0.523376405200
957.810000000 7.400000000 0.296870112400
957.060000000 8.000000000 0.273785233500
963.060000000 9.000000000 -0.341778993600
954.310000000 9.000000000 -0.484146386400
954.060000000 7.400000000 -0.496998369700
953.310000000 8.800000000 -0.374098449900
962.310000000 7.400000000 -0.312792658800
951.310000000 7.800000000 0.427552461600
950.810000000 8.400000000 0.327964425100
957.560000000 7.600000000 0.296127945200
956.060000000 8.600000000 -0.116852894400
956.560000000 8.000000000 0.146258831000
956.810000000 8.400000000 0.186199918400
952.060000000 7.800000000 0.242920264600
954.810000000 7.400000000 -0.469551712300
957.810000000 9.000000000 0.308927476400
952.060000000 8.400000000 0.265176564500
956.560000000 8.400000000 0.106598965800
962.060000000 8.800000000 -0.297636807000
959.560000000 7.200000000 0.317463547000
957.310000000 7.800000000 0.292676150800
960.060000000 7.400000000 0.255554258800
959.560000000 9.200000000 0.289144814000
949.810000000 8.000000000 0.088258862500
953.060000000 7.600000000 -0.281191736500
962.810000000 9.000000000 -0.347296655200
954.060000000 9.000000000 -0.477785170100
960.560000000 7.600000000 0.114678978900
958.310000000 9.200000000 0.360101550800
955.310000000 9.000000000 -0.379410654300
953.810000000 7.400000000 -0.449651449900
951.810000000 7.800000000 0.353596597900
951.560000000 7.800000000 0.415197193600
958.060000000 7.200000000 0.297630667700
957.060000000 8.600000000 0.221254453100
956.810000000 8.000000000 0.224733412300
949.810000000 7.800000000 0.109240792700
952.560000000 8.600000000 0.018506897600
950.060000000 8.400000000 0.146318286700
955.810000000 7.600000000 -0.160667285300
961.560000000 7.600000000 -0.137682944500
951.060000000 8.400000000 0.368024945300
955.060000000 7.400000000 -0.400810867500
955.810000000 8.800000000 -0.217454269500
960.310000000 8.800000000 0.246948823300
950.810000000 7.600000000 0.336126267900
962.060000000 7.400000000 -0.262278616400
949.810000000 8.200000000 0.081802539500
958.810000000 7.000000000 0.301158011000
961.810000000 8.800000000 -0.233251735600
953.810000000 9.000000000 -0.458591789000
962.560000000 9.000000000 -0.338579326900
953.060000000 8.800000000 -0.247586116200
956.310000000 7.800000000 0.034173570600
963.060000000 7.200000000 -0.323564648600
951.810000000 8.400000000 0.339089632000
956.310000000 8.600000000 -0.015913549800
959.060000000 7.000000000 0.305981755300
953.560000000 7.400000000 -0.388555675700
958.560000000 7.000000000 0.291659444600
957.310000000 8.800000000 0.258282125000
949.810000000 7.600000000 0.141168624200
952.810000000 7.600000000 -0.182156384000
951.310000000 8.400000000 0.386241227400
960.060000000 9.000000000 0.256399035500
960.810000000 7.600000000 0.040570531000
956.810000000 8.600000000 0.153855308900
955.560000000 9.000000000 -0.304162859900
958.060000000 9.200000000 0.331480473300
962.810000000 7.200000000 -0.320137649800
961.560000000 8.800000000 -0.154405295800
959.810000000 7.200000000 0.279509186700
951.560000000 8.400000000 0.378081530300
955.310000000 7.400000000 -0.342181354800
950.060000000 7.400000000 0.210380002900
956.560000000 8.600000000 0.075404062900
959.810000000 9.200000000 0.258378177900
960.310000000 7.400000000 0.182476699400
961.310000000 7.600000000 -0.062697194500
953.560000000 9.000000000 -0.416276902000
960.560000000 8.800000000 0.191343754500
957.560000000 9.000000000 0.251031994800
957.060000000 7.800000000 0.258564025200
950.310000000 7.400000000 0.252690434500
959.310000000 7.000000000 0.301670968500
952.310000000 8.600000000 0.134955823400
962.310000000 9.000000000 -0.312008261700
961.810000000 7.400000000 -0.199340552100
961.060000000 7.600000000 -0.026127334700
961.310000000 8.800000000 -0.065740831200
958.310000000 7.000000000 0.279441684500
956.060000000 8.800000000 -0.120497889800
952.560000000 7.600000000 -0.061182305200
956.560000000 7.800000000 0.128384128200
962.560000000 7.200000000 -0.305183559700
957.560000000 7.400000000 0.273291081200
953.310000000 7.400000000 -0.291281253100
951.060000000 7.600000000 0.369136214300
954.560000000 9.200000000 -0.428617179400
958.810000000 9.400000000 0.316897869100
954.810000000 9.200000000 -0.418870180800
959.060000000 9.400000000 0.313134849100
960.810000000 8.800000000 0.116039410200
949.810000000 7.400000000 0.173794716600
956.060000000 7.600000000 -0.059876706500
961.060000000 8.800000000 0.027114789900
952.810000000 8.800000000 -0.102689996400
957.310000000 7.600000000 0.272086501100
950.310000000 8.600000000 0.201330259400
957.810000000 7.200000000 0.277270346900
954.310000000 9.200000000 -0.426887720800
949.810000000 8.400000000 0.090387374200
950.560000000 8.600000000 0.255197793200
957.060000000 8.800000000 0.200827598600
963.060000000 9.200000000 -0.315464228400
956.810000000 7.800000000 0.204091787300
955.060000000 9.200000000 -0.391288846700
958.560000000 9.400000000 0.315318912300
959.310000000 9.400000000 0.299478024200
955.560000000 7.400000000 -0.252904772800
953.310000000 9.000000000 -0.341393351600
949.560000000 7.600000000 0.132960140700
955.810000000 9.000000000 -0.214285045900
952.310000000 7.600000000 0.071143582500
954.060000000 9.200000000 -0.418443948000
949.560000000 7.800000000 0.154158130300
962.060000000 9.000000000 -0.265458524200
950.560000000 7.400000000 0.288045227500
957.810000000 9.200000000 0.288808196800
962.310000000 7.200000000 -0.276800036400
950.810000000 8.600000000 0.301592528800
959.560000000 7.000000000 0.283595949400
960.060000000 7.200000000 0.228325545800
949.560000000 8.000000000 0.045637358000
960.560000000 7.400000000 0.111263737100
950.060000000 8.600000000 0.147444874000
962.810000000 9.200000000 -0.315509200100
954.310000000 7.200000000 -0.445870518700
960.310000000 9.000000000 0.222927153100
955.310000000 9.200000000 -0.342950969900
961.560000000 7.400000000 -0.126807913200
949.560000000 7.400000000 0.149581849600
956.310000000 8.800000000 -0.025979556100
954.560000000 7.200000000 -0.433002293100
951.310000000 7.600000000 0.380975365600
954.060000000 7.200000000 -0.438015610000
952.060000000 8.600000000 0.223297059500
952.060000000 7.600000000 0.197018668100
953.060000000 7.400000000 -0.185611039400
959.560000000 9.400000000 0.273934662300
956.810000000 8.800000000 0.136264324200
953.810000000 9.200000000 -0.401385635100
958.310000000 9.400000000 0.310437351500
960.060000000 9.200000000 0.228499233700
954.810000000 7.200000000 -0.403994947700
958.060000000 7.000000000 0.264042794700
963.060000000 7.000000000 -0.285974502600
951.810000000 7.600000000 0.297513514800
951.560000000 7.600000000 0.359592378100
957.310000000 9.000000000 0.191920921200
953.810000000 7.200000000 -0.405218720400
956.560000000 8.800000000 0.060810931000
961.810000000 9.000000000 -0.201066300300
952.560000000 8.800000000 0.031993694600
951.060000000 8.600000000 0.332209438100
962.560000000 9.200000000 -0.302005648600
949.560000000 8.200000000 0.039270728800
949.310000000 7.600000000 0.110438674700
962.060000000 7.200000000 -0.233701974200
953.060000000 9.000000000 -0.234903439900
955.560000000 9.200000000 -0.275722384500
955.810000000 7.400000000 -0.165467456000
949.310000000 7.800000000 0.103915281600
956.310000000 7.600000000 0.012742640500
955.060000000 7.200000000 -0.347179889700
956.060000000 9.000000000 -0.118227772400
960.810000000 7.400000000 0.043967682900
958.810000000 6.800000000 0.253400176800
953.560000000 9.200000000 -0.368015945000
962.810000000 7.000000000 -0.275227308300
957.060000000 7.600000000 0.232702463900
961.310000000 7.400000000 -0.051411241300
950.810000000 7.400000000 0.313237041200
949.810000000 7.200000000 0.183902323200
951.810000000 8.600000000 0.285732448100
953.560000000 7.200000000 -0.348279923200
961.560000000 9.000000000 -0.124591574100
959.060000000 6.800000000 0.255832314500
959.810000000 7.000000000 0.250265181100
951.310000000 8.600000000 0.340712428100
959.810000000 9.400000000 0.239713773100
949.310000000 7.400000000 0.124988012000
949.810000000 8.600000000 0.098854720600
960.560000000 9.000000000 0.174690410500
957.310000000 7.400000000 0.242947265500
957.560000000 9.200000000 0.235042154800
960.310000000 7.200000000 0.169914692600
958.060000000 9.400000000 0.298879861800
958.560000000 6.800000000 0.250047802900
950.060000000 7.200000000 0.211857616900
949.560000000 7.200000000 0.143353045000
949.310000000 8.000000000 0.131443470700
957.560000000 7.200000000 0.249829083700
962.310000000 9.200000000 -0.272587418600
952.810000000 7.400000000 -0.143014699200
951.560000000 8.600000000 0.324931919600
961.060000000 7.400000000 -0.020043026700
954.560000000 9.400000000 -0.383626550400
954.310000000 9.400000000 -0.378487974400
954.810000000 9.400000000 -0.373287528800
961.310000000 9.000000000 -0.043053273100
961.810000000 7.200000000 -0.177129015300
955.310000000 7.200000000 -0.288791030600
957.060000000 9.000000000 0.181743726100
955.810000000 9.200000000 -0.195311009900
962.560000000 7.000000000 -0.255253732200
949.560000000 8.400000000 0.046559020900
956.560000000 7.600000000 0.097910784200
959.310000000 6.800000000 0.261084646000
954.060000000 9.400000000 -0.366427809000
948.560000000 7.800000000 0.162655964500
963.060000000 9.400000000 -0.281683325800
956.810000000 7.600000000 0.173589050800
949.060000000 7.800000000 0.088107883900
948.810000000 7.800000000 0.168192520700
949.060000000 7.600000000 0.093085669000
952.310000000 8.800000000 0.105969652500
956.310000000 9.000000000 -0.025009272600
953.310000000 9.200000000 -0.310869485100
960.810000000 9.000000000 0.111535958900
952.810000000 9.000000000 -0.111965619000
960.310000000 9.200000000 0.195037886500
950.310000000 7.200000000 0.244276315000
961.060000000 9.000000000 0.037355717300
948.560000000 8.000000000 0.178111612800
955.060000000 9.400000000 -0.341563642000
948.810000000 8.000000000 0.211607888300
958.810000000 9.600000000 0.266561150600
953.310000000 7.200000000 -0.250290751500
957.810000000 7.000000000 0.244276732200
949.060000000 8.000000000 0.205922469500
959.060000000 9.600000000 0.267310857800
948.310000000 7.800000000 0.116258263600
949.310000000 7.200000000 0.119859747600
948.810000000 7.600000000 0.162378042900
958.310000000 6.800000000 0.240814745400
948.560000000 7.600000000 0.149923354400
956.060000000 7.400000000 -0.081152133600
951.060000000 7.400000000 0.323863118900
962.060000000 9.200000000 -0.226486206100
948.310000000 8.000000000 0.136638179400
953.810000000 9.400000000 -0.350379109400
950.310000000 8.800000000 0.190475612900
949.310000000 8.200000000 0.135466203100
952.560000000 7.400000000 -0.044963032000
958.560000000 9.600000000 0.266794949800
956.810000000 9.000000000 0.126138180500
949.060000000 8.200000000 0.201773464700
948.810000000 8.200000000 0.214961350000
960.060000000 9.400000000 0.202635467100
962.810000000 9.400000000 -0.279566526400
956.560000000 9.000000000 0.057729706200
950.060000000 8.800000000 0.140087217100
949.060000000 7.400000000 0.075276464200
948.310000000 7.600000000 0.100836694200
950.560000000 8.800000000 0.240136563800
959.310000000 9.600000000 0.262663722000
948.560000000 8.200000000 0.189305707800
960.060000000 7.000000000 0.204662829600
960.560000000 7.200000000 0.109160855400
955.310000000 9.400000000 -0.290236294300
957.810000000 9.400000000 0.273916035900
962.310000000 7.000000000 -0.225282400800
961.560000000 7.200000000 -0.111501373400
959.560000000 6.800000000 0.250224709500
963.060000000 6.800000000 -0.253211736700
955.560000000 7.200000000 -0.246042549600
956.060000000 9.200000000 -0.109553441400
948.060000000 7.800000000 0.072594188200
943.310000000 6.200000000 0.134658053500
957.310000000 9.200000000 0.175124779300
948.310000000 8.200000000 0.150913715400
950.810000000 8.800000000 0.277898073200
948.060000000 8.000000000 0.091547228400
953.560000000 9.400000000 -0.325558215400
948.810000000 7.400000000 0.155291751000
950.560000000 7.200000000 0.265613764500
943.310000000 6.400000000 0.137412577900
953.060000000 9.200000000 -0.229107961100
952.310000000 7.400000000 0.054759129900
957.060000000 7.400000000 0.199295178100
948.560000000 7.400000000 0.112417429700
958.310000000 9.600000000 0.269061297200
949.060000000 8.400000000 0.197812482700
961.810000000 9.200000000 -0.166416108600
952.060000000 8.800000000 0.171628668900
953.060000000 7.200000000 -0.165272101800
962.560000000 9.400000000 -0.264372944800
951.310000000 7.400000000 0.315304011100
954.310000000 7.000000000 -0.351493716200
949.560000000 8.600000000 0.058659009600
959.560000000 9.600000000 0.246383458400
949.810000000 8.800000000 0.097380459300
948.810000000 8.400000000 0.209490850600
943.310000000 6.000000000 0.129547312900
952.560000000 9.000000000 0.004086665800
949.310000000 8.400000000 0.209814965700
948.060000000 7.600000000 0.058224558800
955.560000000 9.400000000 -0.226596489500
954.560000000 7.000000000 -0.341553419800
948.560000000 8.400000000 0.186736211200
954.060000000 7.000000000 -0.353828400400
960.560000000 9.200000000 0.153445512100
949.060000000 7.200000000 0.086416453100
957.310000000 7.200000000 0.212083488700
962.810000000 6.800000000 -0.231796845800
951.060000000 8.800000000 0.294371962500
958.060000000 6.800000000 0.227641657000
952.060000000 7.400000000 0.148478016300
948.310000000 7.400000000 0.095971971800
960.810000000 7.200000000 0.047967113600
948.060000000 8.200000000 0.104149907800
961.310000000 7.200000000 -0.043324489100
954.810000000 7.000000000 -0.327470719800
956.310000000 7.400000000 0.000344772900
962.060000000 7.000000000 -0.185725182300
949.560000000 7.000000000 0.153172493000
943.560000000 6.200000000 0.123267851800
951.560000000 7.400000000 0.283656001100
954.560000000 9.600000000 -0.335278660100
954.310000000 9.600000000 -0.335996657600
948.310000000 8.400000000 0.152581378800
953.810000000 7.000000000 -0.339510798500
951.810000000 7.400000000 0.227173090000
943.310000000 6.600000000 0.133517876300
953.310000000 9.400000000 -0.284745901800
954.060000000 9.600000000 -0.328230500200
943.560000000 6.400000000 0.121917523400
956.310000000 9.200000000 -0.026584468800
949.310000000 7.000000000 0.119012847500
954.810000000 9.600000000 -0.319688826800
961.560000000 9.200000000 -0.097874857500
960.310000000 9.400000000 0.166250392800
957.560000000 7.000000000 0.218816921100
943.310000000 5.800000000 0.117496408500
959.810000000 6.800000000 0.224541634300
960.310000000 7.000000000 0.152224242700
957.560000000 9.400000000 0.231088161500
962.310000000 9.400000000 -0.234562322500
949.810000000 7.000000000 0.186426878000
955.810000000 7.200000000 -0.178159743500
943.560000000 6.000000000 0.122623831000
947.810000000 8.000000000 0.045546516800
947.810000000 7.800000000 0.033720798800
959.810000000 9.600000000 0.217540696300
961.060000000 7.200000000 -0.013623107200
950.810000000 7.200000000 0.273395627700
951.310000000 8.800000000 0.286764293900
955.810000000 9.400000000 -0.158866450200
951.810000000 8.800000000 0.220714822400
953.810000000 9.600000000 -0.315541863400
957.060000000 9.200000000 0.160467937600
949.060000000 8.600000000 0.188928008100
955.060000000 7.000000000 -0.307142645100
958.060000000 9.600000000 0.267727881700
956.810000000 7.400000000 0.139532461800
962.560000000 6.800000000 -0.201511591700
948.810000000 8.600000000 0.174804419300
952.810000000 9.200000000 -0.131346613200
955.060000000 9.600000000 -0.286009758700
948.560000000 8.600000000 0.172964334500
963.060000000 9.600000000 -0.244879588500
948.060000000 7.400000000 0.058371696600
960.810000000 9.200000000 0.101819597200
952.810000000 7.200000000 -0.111086159900
949.310000000 8.600000000 0.160982102200
943.560000000 6.600000000 0.126718208200
961.310000000 9.200000000 -0.027023892800
953.560000000 7.000000000 -0.301132947200
950.060000000 7.000000000 0.197731390600
956.560000000 7.400000000 0.066685438200
951.560000000 8.800000000 0.259793043100
959.060000000 6.600000000 0.216369599100
948.060000000 8.400000000 0.110490590300
958.810000000 6.600000000 0.217803716700
947.810000000 8.200000000 0.054707523400
949.060000000 7.000000000 0.084154009800
943.560000000 5.800000000 0.124064497600
956.560000000 9.200000000 0.047080948900
943.310000000 5.600000000 0.118326336100
947.810000000 7.600000000 0.025238977700
948.810000000 7.200000000 0.106611326300
953.560000000 9.600000000 -0.296021848900
961.060000000 9.200000000 0.040842615100
949.560000000 8.800000000 0.066197380400
952.310000000 9.000000000 0.093588769400
948.560000000 7.200000000 0.109459258600
956.810000000 9.200000000 0.108698278700
948.310000000 8.600000000 0.146063312900
961.810000000 7.000000000 -0.139257296900
943.810000000 6.400000000 0.088858038200
943.810000000 6.200000000 0.107488118100
959.060000000 9.800000000 0.224218100300
962.060000000 9.400000000 -0.190786972600
963.060000000 6.600000000 -0.210449621100
953.060000000 9.400000000 -0.224860832100
958.810000000 9.800000000 0.229132577800
943.810000000 6.600000000 0.088597707500
958.560000000 6.600000000 0.211533665700
959.310000000 6.600000000 0.211135238400
955.310000000 9.600000000 -0.237244054700
955.310000000 7.000000000 -0.277314782100
943.560000000 5.600000000 0.116415299500
962.810000000 9.600000000 -0.243803158400
956.060000000 9.400000000 -0.093049064300
943.810000000 6.000000000 0.110554367300
957.810000000 6.800000000 0.209569037000
948.310000000 7.200000000 0.101412326100
960.060000000 9.600000000 0.175255358200
957.060000000 7.200000000 0.162557661500
950.310000000 7.000000000 0.214795276500
960.560000000 7.000000000 0.097745753800
960.060000000 6.800000000 0.184581697000
943.310000000 6.800000000 0.120818883200
951.060000000 7.200000000 0.267691850700
956.060000000 7.200000000 -0.105547674000
959.310000000 9.800000000 0.217877805200
950.060000000 9.000000000 0.135890647800
953.310000000 9.600000000 -0.265138566500
960.560000000 9.400000000 0.129593104100
962.310000000 6.800000000 -0.166296199000
957.310000000 9.400000000 0.172379285100
953.310000000 7.000000000 -0.240231588500
958.560000000 9.800000000 0.235928371500
957.810000000 9.600000000 0.253638595300
950.310000000 9.000000000 0.181440994100
948.810000000 8.800000000 0.164926409700
949.060000000 8.800000000 0.172562584300
949.810000000 9.000000000 0.097181133900
949.310000000 8.800000000 0.123775400200
947.810000000 8.400000000 0.065955527100
952.560000000 7.200000000 -0.032183811100
954.310000000 9.800000000 -0.289733141700
943.810000000 5.800000000 0.114210039400
948.060000000 8.600000000 0.115058504000
947.560000000 8.000000000 0.001167598600
954.060000000 9.800000000 -0.294220805200
948.560000000 8.800000000 0.159751445100
954.560000000 9.800000000 -0.279691875000
950.560000000 9.000000000 0.221156135200
952.560000000 9.200000000 -0.033170238100
947.810000000 7.400000000 0.029968986300
957.310000000 7.000000000 0.185224711900
943.560000000 6.800000000 0.121566057200
953.810000000 9.800000000 -0.292193532000
962.810000000 6.600000000 -0.181177347900
948.810000000 7.000000000 0.057105347500
943.810000000 5.600000000 0.111861452500
961.810000000 9.400000000 -0.136134088000
958.310000000 6.600000000 0.202024608900
962.560000000 9.600000000 -0.230285957500
944.060000000 6.600000000 0.046952460000
947.560000000 7.800000000 -0.000802168400
961.560000000 7.000000000 -0.089214988100
947.560000000 8.200000000 0.008190900100
944.060000000 6.400000000 0.046718671900
954.810000000 9.800000000 -0.262473195800
959.560000000 6.600000000 0.205834806000
948.060000000 7.200000000 0.072519548200
948.310000000 8.800000000 0.138049140600
955.560000000 9.600000000 -0.180403828600
950.810000000 9.000000000 0.244002133600
953.560000000 9.800000000 -0.280522912700
955.560000000 7.000000000 -0.217002287500
956.310000000 9.400000000 -0.031671956200
959.560000000 9.800000000 0.205046162000
952.060000000 9.000000000 0.149833470600
943.810000000 6.800000000 0.086499519600
958.310000000 9.800000000 0.242567226300
950.560000000 7.000000000 0.222248852300
952.810000000 9.400000000 -0.150071322900
951.310000000 7.200000000 0.249178573500
953.060000000 9.600000000 -0.220222413500
949.560000000 9.000000000 0.073326833500
956.310000000 7.200000000 -0.030143903600
960.810000000 7.000000000 0.043503299400
944.060000000 6.200000000 0.085036248000
960.310000000 9.600000000 0.143107995400
956.810000000 7.200000000 0.101898789400
953.060000000 7.000000000 -0.166566371900
949.060000000 6.800000000 0.090926483300
952.310000000 7.200000000 0.043028961900
957.060000000 9.400000000 0.138045579200
955.060000000 9.800000000 -0.235604524600
960.810000000 9.400000000 0.089006513400
947.560000000 7.600000000 0.000310829400
954.310000000 6.800000000 -0.252734065100
953.310000000 9.800000000 -0.256641745600
954.560000000 6.800000000 -0.250975340600
957.560000000 9.600000000 0.219425648500
944.060000000 6.000000000 0.087664015600
951.060000000 9.000000000 0.245366394500
949.310000000 9.000000000 0.114273920700
948.810000000 6.800000000 0.067588999900
960.310000000 6.800000000 0.135955035700
949.310000000 6.800000000 0.120993070300
962.060000000 6.800000000 -0.130699962400
961.560000000 9.400000000 -0.075486704700
963.060000000 6.400000000 -0.155706822900
949.060000000 9.000000000 0.121369563000
962.310000000 9.600000000 -0.202077537800
948.060000000 8.800000000 0.116189867300
961.310000000 7.000000000 -0.037983078500
947.810000000 8.600000000 0.080921202900
956.560000000 9.400000000 0.025857707500
956.560000000 7.200000000 0.043674163500
944.060000000 5.800000000 0.098583631200
962.560000000 6.600000000 -0.148421898500
954.060000000 6.800000000 -0.262684226000
957.560000000 6.800000000 0.185830995400
944.060000000 5.600000000 0.103851661100
954.810000000 6.800000000 -0.257386684400
948.810000000 9.000000000 0.156169265500
943.310000000 7.000000000 0.103884376600
954.060000000 10.000000000 -0.254724085300
944.060000000 6.800000000 0.052147023400
947.560000000 8.400000000 0.024490706600
959.810000000 6.600000000 0.190115392200
956.810000000 9.400000000 0.081833601000
953.810000000 10.000000000 -0.265833020200
951.560000000 7.200000000 0.217488795500
948.560000000 7.000000000 0.110325954900
955.810000000 9.600000000 -0.123061046000
949.560000000 6.800000000 0.150956004900
954.310000000 10.000000000 -0.240218937400
961.060000000 7.000000000 -0.009926906800
948.560000000 6.800000000 0.028066208600
963.060000000 9.800000000 -0.210272625100
952.060000000 7.200000000 0.112337216700
958.060000000 9.800000000 0.241688549500
947.810000000 7.200000000 0.047841247200
951.810000000 9.000000000 0.167544350000
955.810000000 7.000000000 -0.187173441100
958.060000000 6.600000000 0.186935961200
953.560000000 10.000000000 -0.267902523300
948.560000000 9.000000000 0.157510414700
961.060000000 9.400000000 0.041184842600
959.810000000 9.800000000 0.183263361500
961.310000000 9.400000000 -0.014601628300
952.310000000 9.200000000 0.049405377400
950.810000000 7.000000000 0.211039170600
948.310000000 7.000000000 0.092607691900
951.310000000 9.000000000 0.228426009400
951.810000000 7.200000000 0.171637252000
953.060000000 9.800000000 -0.220497176100
957.060000000 7.000000000 0.140106707800
954.560000000 10.000000000 -0.226880177900
944.310000000 6.600000000 0.010735030300
949.810000000 6.800000000 0.162117227900
953.810000000 6.800000000 -0.268571704600
943.560000000 7.000000000 0.109164550900
955.310000000 9.800000000 -0.197930514800
944.310000000 6.400000000 0.009839861700
952.810000000 9.600000000 -0.163109406800
947.560000000 7.400000000 0.008399526600
951.560000000 9.000000000 0.200810223800
953.310000000 10.000000000 -0.256796360000
948.310000000 9.000000000 0.130110502200
947.310000000 8.000000000 -0.037456430500
955.060000000 6.800000000 -0.262011379000
952.810000000 7.000000000 -0.091285631100
960.560000000 9.600000000 0.107512384700
962.060000000 9.600000000 -0.160684406800
957.310000000 9.600000000 0.164291009300
952.560000000 9.400000000 -0.070285163800
948.060000000 7.000000000 0.093663021900
947.310000000 8.200000000 -0.011583884200
959.060000000 10.000000000 0.195802852500
950.060000000 6.800000000 0.171150803600
954.810000000 10.000000000 -0.215123593800
943.810000000 7.000000000 0.094272695500
949.060000000 9.200000000 0.113483771700
962.810000000 9.800000000 -0.213971346600
949.810000000 9.200000000 0.112003207200
947.810000000 8.800000000 0.092267282300
962.810000000 6.400000000 -0.127486407800
944.310000000 5.600000000 0.093002528000
949.310000000 9.200000000 0.117014356000
948.310000000 6.800000000 -0.014407704600
950.060000000 9.200000000 0.139735341100
958.810000000 10.000000000 0.207361042500
956.060000000 9.600000000 -0.071094803500
960.560000000 6.800000000 0.085355006200
956.060000000 7.000000000 -0.128152698300
953.060000000 10.000000000 -0.231300890400
957.810000000 9.800000000 0.225132703800
959.310000000 10.000000000 0.181418597700
944.310000000 6.200000000 0.056901112200
949.560000000 9.200000000 0.095069922500
948.060000000 9.000000000 0.112367734300
947.310000000 7.800000000 -0.031117346100
961.810000000 6.800000000 -0.097555115800
960.060000000 6.600000000 0.163652226300
962.310000000 6.600000000 -0.117028921800
944.310000000 6.000000000 0.061955876600
950.310000000 9.200000000 0.167865455200
948.560000000 9.600000000 0.149543657900
944.310000000 5.800000000 0.079007729900
953.560000000 6.800000000 -0.254102826100
963.060000000 6.200000000 -0.104617737200
952.810000000 9.800000000 -0.186529904600
948.810000000 9.200000000 0.138036206400
947.560000000 8.600000000 0.046432726100
960.060000000 9.800000000 0.161568328700
948.310000000 9.600000000 0.123762197800
947.810000000 7.000000000 0.072189189500
951.060000000 7.000000000 0.192714825300
944.310000000 6.800000000 0.021467890600
957.310000000 6.800000000 0.154046952700
956.810000000 7.000000000 0.081572033500
948.810000000 9.600000000 0.143248185500
958.560000000 10.000000000 0.216013088800
959.060000000 6.400000000 0.180137246800
955.310000000 6.800000000 -0.254320979100
947.560000000 7.200000000 0.024963965600
957.060000000 9.600000000 0.095214486100
950.310000000 6.800000000 0.175272330600
961.810000000 9.600000000 -0.110436230900
943.310000000 7.200000000 0.090487666400
947.310000000 8.400000000 0.008493010900
946.810000000 6.600000000 -0.072432510600
959.310000000 6.400000000 0.168460667100
950.560000000 9.200000000 0.188179925100
945.060000000 6.400000000 -0.029598763200
944.060000000 7.000000000 0.074304767000
947.060000000 6.600000000 -0.027472443900
949.060000000 9.400000000 0.152723074000
948.810000000 9.400000000 0.149351060400
955.560000000 9.800000000 -0.150673568200
957.810000000 6.600000000 0.167246729100
948.560000000 6.600000000 0.020662935500
955.060000000 10.000000000 -0.200063705400
956.310000000 7.000000000 -0.060356967200
948.810000000 10.000000000 0.082621872400
945.060000000 6.600000000 -0.044332116800
958.810000000 6.400000000 0.186212956900
952.060000000 9.200000000 0.106718443300
952.560000000 7.000000000 -0.021472893700
960.810000000 9.600000000 0.073292993000
948.810000000 9.800000000 0.086138412400
956.310000000 9.600000000 -0.025992717600
945.310000000 6.400000000 -0.059320610000
948.060000000 9.600000000 0.091574385800
962.560000000 9.800000000 -0.202596098200
948.310000000 9.800000000 0.117605656400
952.810000000 10.000000000 -0.215363010800
948.560000000 9.200000000 0.151781573900
946.560000000 6.600000000 -0.101630069300
948.560000000 9.800000000 0.130238369100
949.060000000 10.000000000 0.107319250700
948.560000000 9.400000000 0.133119359600
945.310000000 6.600000000 -0.068067610300
949.310000000 9.400000000 0.143996417500
949.060000000 9.600000000 0.139247357800
948.810000000 6.600000000 0.060887463400
947.310000000 7.600000000 -0.000123492100
946.810000000 6.800000000 -0.067640215200
956.560000000 7.000000000 0.012262238200
946.560000000 6.800000000 -0.097162030600
959.560000000 10.000000000 0.163227468700
958.310000000 10.000000000 0.210438415400
952.560000000 9.600000000 -0.099926680300
947.310000000 6.600000000 0.024341903600
944.560000000 5.600000000 0.078875690700
949.060000000 9.800000000 0.105711646400
948.560000000 10.000000000 0.070117563000
957.560000000 9.800000000 0.189526557900
944.810000000 6.400000000 0.002270082700
944.810000000 6.600000000 -0.017353013200
947.060000000 6.800000000 -0.026282247200
945.060000000 6.200000000 -0.004106921600
956.810000000 9.600000000 0.063818946500
945.060000000 6.800000000 -0.059129212100
948.310000000 9.200000000 0.149590432600
948.310000000 9.400000000 0.061708852600
943.560000000 7.200000000 0.097616650200
947.560000000 7.000000000 0.045746877800
947.810000000 9.000000000 0.095649987500
946.310000000 6.800000000 -0.110937468700
956.560000000 9.600000000 0.016638100100
948.060000000 9.800000000 0.064395405400
944.810000000 6.800000000 -0.040091734400
948.060000000 6.800000000 -0.055689871300
948.310000000 6.600000000 -0.022605801000
950.810000000 9.200000000 0.196296200200
948.060000000 9.400000000 0.081426352300
959.560000000 6.400000000 0.155370473900
952.310000000 9.400000000 0.003251363800
953.310000000 6.800000000 -0.211116775900
949.560000000 9.400000000 0.128493651700
945.310000000 6.800000000 -0.074487395600
947.310000000 6.800000000 0.018536768900
946.310000000 6.600000000 -0.113127507300
944.810000000 6.200000000 0.029214909300
949.310000000 10.000000000 0.139031052600
958.560000000 6.400000000 0.182787463100
947.560000000 6.600000000 0.070964805800
955.560000000 6.800000000 -0.214923471200
945.560000000 6.600000000 -0.087687768000
960.810000000 6.800000000 0.037162967000
947.810000000 6.800000000 0.085770830500
961.560000000 9.600000000 -0.057249460400
947.560000000 6.800000000 0.057790942500
949.310000000 9.800000000 0.129922807200
947.560000000 5.600000000 -0.124388545800
958.060000000 10.000000000 0.192182123700
947.310000000 5.600000000 -0.119328297700
947.060000000 6.400000000 -0.023419506800
946.060000000 6.800000000 -0.110700093200
952.560000000 9.800000000 -0.135259673000
950.560000000 6.800000000 0.172426864500
947.060000000 8.000000000 -0.052695319100
949.060000000 6.600000000 0.093404866800
945.310000000 6.200000000 -0.041330575900
960.310000000 9.800000000 0.143519401600
948.060000000 9.200000000 0.132949829100
945.560000000 6.800000000 -0.088545478900
945.560000000 6.400000000 -0.084532849500
947.560000000 8.800000000 0.065646179000
961.060000000 9.600000000 0.036359310200
949.310000000 9.600000000 0.130879506500
947.310000000 7.400000000 -0.010286437300
944.560000000 6.600000000 -0.000157588900
961.560000000 6.800000000 -0.065923690800
943.810000000 7.200000000 0.087259262800
946.810000000 6.400000000 -0.067413181100
944.560000000 6.800000000 -0.014857524100
952.560000000 10.000000000 -0.166824251400
960.310000000 6.600000000 0.127711504700
962.560000000 6.400000000 -0.104426890600
947.060000000 5.600000000 -0.100405581300
945.810000000 6.800000000 -0.101538792300
947.060000000 8.200000000 -0.046494066700
951.310000000 7.000000000 0.194690525500
947.810000000 9.600000000 0.059509012800
962.310000000 9.800000000 -0.173964053400
948.310000000 10.000000000 0.067962080200
947.310000000 7.000000000 0.014189068200
946.060000000 6.600000000 -0.111011937300
947.810000000 5.600000000 -0.137588203000
945.810000000 6.600000000 -0.101208232300
947.310000000 6.400000000 0.027253858700
957.060000000 6.800000000 0.110657684500
944.560000000 6.400000000 0.001337129200
944.560000000 5.800000000 0.059522312100
944.810000000 6.000000000 0.053528454200
961.310000000 9.600000000 -0.007067668700
949.810000000 9.400000000 0.131334155800
944.310000000 7.000000000 0.050351504200
948.060000000 10.000000000 0.054601080700
947.810000000 9.400000000 0.098651260100
944.810000000 5.600000000 0.058434955800
955.310000000 10.000000000 -0.174100011600
952.310000000 7.000000000 0.040114011600
957.310000000 9.800000000 0.138267681000
947.310000000 7.200000000 0.001325084900
954.560000000 6.600000000 -0.167728379400
951.060000000 9.200000000 0.192507445800
947.810000000 9.800000000 0.045764077500
947.810000000 6.600000000 0.103545509300
944.560000000 6.200000000 0.055372308900
949.560000000 10.000000000 0.167961835900
947.060000000 7.000000000 -0.019741535200
947.310000000 8.600000000 0.032654788300
962.060000000 6.600000000 -0.090106897100
959.810000000 10.000000000 0.132071226800
944.560000000 6.000000000 0.038356293000
949.560000000 9.800000000 0.152714103500
946.810000000 5.600000000 -0.078161530200
946.560000000 7.000000000 -0.077503390600
957.810000000 10.000000000 0.167824357700
946.810000000 7.000000000 -0.051663484400
963.060000000 6.000000000 -0.080141179300
945.060000000 6.000000000 0.020342137700
953.060000000 6.800000000 -0.155236542200
955.810000000 9.800000000 -0.097936488700
951.810000000 9.200000000 0.127657845600
947.810000000 9.200000000 0.102387666700
946.310000000 7.000000000 -0.102119721500
950.060000000 9.400000000 0.142080247400
954.310000000 6.600000000 -0.169629991100
947.810000000 10.000000000 0.039552725900
949.560000000 9.600000000 0.141044318700
947.060000000 7.800000000 -0.042060103300
955.810000000 6.800000000 -0.167678102900
962.810000000 6.200000000 -0.082721151400
946.560000000 6.400000000 -0.097001031000
958.310000000 6.400000000 0.168177560000
954.810000000 6.600000000 -0.186377689200
948.060000000 6.600000000 -0.062995173000
946.060000000 7.000000000 -0.104386396700
963.060000000 10.000000000 -0.176308348800
949.310000000 6.600000000 0.116186298400
959.810000000 6.400000000 0.148263216000
957.560000000 6.600000000 0.143828213200
948.060000000 5.600000000 -0.144576937000
944.060000000 7.200000000 0.073767572600
947.560000000 9.600000000 0.108731716900
961.060000000 6.800000000 -0.006584417100
945.810000000 7.000000000 -0.097675047800
947.560000000 6.400000000 0.073751956200
945.060000000 7.000000000 -0.059991359700
951.310000000 9.200000000 0.179204136100
961.310000000 6.800000000 -0.032390743500
943.310000000 7.400000000 0.084073223200
962.060000000 9.800000000 -0.132645860300
947.560000000 9.000000000 0.054773822400
945.310000000 7.000000000 -0.073921993400
951.560000000 7.000000000 0.170065537100
945.560000000 7.000000000 -0.086502604200
956.810000000 6.800000000 0.054248556500
950.310000000 9.400000000 0.149408921600
952.310000000 10.000000000 -0.109000392300
952.310000000 9.600000000 -0.038071569100
945.810000000 6.400000000 -0.103141836800
945.560000000 6.200000000 -0.076397538200
951.560000000 9.200000000 0.158006355200
950.810000000 6.800000000 0.156519457700
944.810000000 7.000000000 -0.042223833500
949.810000000 9.600000000 0.149497091800
947.060000000 8.400000000 -0.025467177900
946.560000000 5.600000000 -0.052603706700
947.060000000 7.600000000 -0.025041457300
956.060000000 6.800000000 -0.141030460600
952.060000000 7.000000000 0.092726767100
960.560000000 9.800000000 0.121361002300
947.560000000 9.400000000 0.111535906800
949.810000000 10.000000000 0.184467494500
954.060000000 6.600000000 -0.189346909500
944.810000000 5.800000000 0.067846752700
949.810000000 9.800000000 0.167839869900
947.060000000 7.200000000 -0.023449391100
947.560000000 9.200000000 0.065759882300
957.060000000 9.800000000 0.079990536000
943.560000000 7.400000000 0.088692121200
946.310000000 6.400000000 -0.110077716400
949.560000000 6.600000000 0.130010545300
957.560000000 10.000000000 0.141498252700
955.060000000 6.600000000 -0.213579505700
947.060000000 7.400000000 -0.013873475600
952.310000000 9.800000000 -0.079979322900
956.560000000 6.800000000 -0.011748526200
952.810000000 6.800000000 -0.086094804100
945.060000000 5.600000000 0.039052624300
956.310000000 6.800000000 -0.079529084300
951.810000000 7.000000000 0.136146351700
952.060000000 9.400000000 0.061651203800
947.560000000 10.000000000 0.040265116800
945.310000000 6.000000000 -0.021095702400
948.310000000 5.600000000 -0.143211185900
962.810000000 10.000000000 -0.170092076100
944.560000000 7.000000000 -0.018527425800
951.810000000 5.600000000 0.176171362400
947.560000000 9.800000000 0.038579136100
952.060000000 5.600000000 0.192395135800
956.060000000 9.800000000 -0.020853987000
946.310000000 7.200000000 -0.086582601100
946.810000000 7.200000000 -0.047808758900
951.560000000 5.600000000 0.148745745400
946.560000000 7.200000000 -0.069655656800
960.560000000 6.600000000 0.086304023900
947.310000000 9.600000000 0.113885678400
946.060000000 6.400000000 -0.109312191600
950.560000000 9.400000000 0.152692586200
955.560000000 10.000000000 -0.132155224700
950.060000000 9.600000000 0.152474328900
961.810000000 9.800000000 -0.087026640800
946.060000000 7.200000000 -0.096310444200
958.060000000 6.400000000 0.144217565700
949.810000000 6.600000000 0.137714684000
944.310000000 7.200000000 0.057093970500
943.810000000 7.400000000 0.081559620800
960.060000000 10.000000000 0.099363617600
952.310000000 5.600000000 0.192483156900
947.310000000 8.800000000 0.038286600300
963.060000000 5.800000000 -0.139397889400
951.310000000 5.600000000 0.115174584100
946.310000000 5.600000000 -0.023993240700
950.060000000 10.000000000 0.182699278000
960.060000000 6.400000000 0.139283120600
947.310000000 9.400000000 0.096954666100
947.310000000 9.200000000 0.012489107400
956.810000000 9.800000000 0.069411508700
950.060000000 9.800000000 0.171155288800
957.310000000 6.600000000 0.115688033400
947.810000000 6.400000000 0.107303425700
945.810000000 7.200000000 -0.097483336900
960.810000000 9.800000000 0.094016522200
962.310000000 6.400000000 -0.085858337600
948.560000000 5.600000000 -0.131680369400
952.060000000 10.000000000 -0.053892571500
953.810000000 6.600000000 -0.209372282000
947.310000000 9.800000000 0.101520553200
946.810000000 8.000000000 -0.074362129000
955.310000000 6.600000000 -0.238544151200
947.310000000 10.000000000 0.045552838600
947.310000000 9.000000000 0.022899437700
950.060000000 6.600000000 0.141878426100
962.560000000 10.000000000 -0.151743233200
951.060000000 5.600000000 0.072916828100
945.060000000 5.800000000 0.036461684900
947.060000000 8.600000000 0.001691533500
952.560000000 5.600000000 0.181293308700
944.310000000 8.000000000 0.066807866100
952.560000000 6.800000000 -0.017717305600
945.560000000 7.200000000 -0.090510144800
956.310000000 9.800000000 -0.001916424800
947.060000000 6.200000000 -0.012582778000
961.560000000 9.800000000 -0.044207103600
946.810000000 7.400000000 -0.039281852500
961.810000000 6.600000000 -0.067449338700
945.810000000 6.200000000 -0.102075770500
963.060000000 5.600000000 -0.153876110900
957.310000000 10.000000000 0.118578061500
947.310000000 5.800000000 -0.104071989700
956.560000000 9.800000000 0.034979000700
950.310000000 9.600000000 0.151600033000
951.060000000 6.800000000 0.143531501300
947.060000000 9.600000000 0.101374521900
947.560000000 5.800000000 -0.113623581800
950.810000000 9.400000000 0.152447059800
944.060000000 8.000000000 0.029303299300
946.810000000 7.800000000 -0.066917181000
945.310000000 7.200000000 -0.077630497500
961.060000000 9.800000000 0.059775248200
950.310000000 10.000000000 0.162435591200
962.810000000 6.000000000 -0.099232532100
946.810000000 8.200000000 -0.067570775700
962.810000000 5.800000000 -0.093572430300
944.060000000 7.400000000 0.071096010500
947.060000000 5.800000000 -0.091474652300
946.810000000 6.200000000 -0.050531175000
945.310000000 5.600000000 0.019343920100
946.810000000 7.600000000 -0.050815120300
961.310000000 9.800000000 0.017183654000
945.060000000 7.200000000 -0.060943409800
944.560000000 8.000000000 0.093901857700
948.560000000 6.400000000 -0.000912719800
944.560000000 7.200000000 0.048530831900
948.310000000 6.400000000 -0.038472447500
947.060000000 9.400000000 0.081127114600
948.810000000 5.600000000 -0.108346633600
944.310000000 7.800000000 0.069992050500
955.560000000 6.600000000 -0.220464646800
957.060000000 6.600000000 0.079882919800
950.810000000 5.600000000 0.026731001200
947.060000000 9.800000000 0.093123123000
950.310000000 9.800000000 0.160988509700
947.810000000 5.800000000 -0.118207588800
950.310000000 6.600000000 0.142551928800
952.060000000 9.600000000 0.003586909500
947.310000000 6.200000000 0.027777683000
946.060000000 5.600000000 0.005788382600
952.060000000 9.800000000 -0.028308387800
962.810000000 5.600000000 -0.112574733800
951.810000000 9.400000000 0.089052826200
944.060000000 7.800000000 0.034552946700
945.560000000 6.000000000 -0.062393613200
962.560000000 6.200000000 -0.071965307000
946.560000000 7.400000000 -0.068677812800
947.060000000 10.000000000 0.059153709600
952.810000000 5.600000000 0.161308944200
946.810000000 5.800000000 -0.074612878300
955.810000000 10.000000000 -0.076506249600
957.810000000 6.400000000 0.115714706500
946.310000000 7.400000000 -0.084153562800
944.560000000 7.800000000 0.083780750600
960.810000000 6.600000000 0.044018752900
946.810000000 9.600000000 0.072742290800
944.810000000 7.200000000 -0.040811590900
953.560000000 6.600000000 -0.214500069600
959.310000000 6.200000000 0.128808453700
950.560000000 10.000000000 0.128717765200
962.310000000 10.000000000 -0.127645716100
956.810000000 6.600000000 0.033391557600
943.310000000 7.600000000 0.079467400900
948.060000000 6.400000000 -0.071715273000
960.310000000 10.000000000 0.154202148300
943.810000000 8.000000000 -0.012421288500
944.810000000 8.000000000 0.101013571000
946.060000000 7.400000000 -0.091914333400
950.560000000 9.600000000 0.146011874100
943.560000000 7.600000000 0.078266926100
948.810000000 6.400000000 0.035560086400
959.060000000 6.200000000 0.141002059000
944.310000000 8.200000000 0.056679885800
955.810000000 6.600000000 -0.181612014800
951.060000000 9.400000000 0.148734986800
960.310000000 6.400000000 0.124138914000
951.810000000 10.000000000 -0.102515667700
959.560000000 6.200000000 0.118185386100
952.310000000 6.800000000 0.040633216500
946.560000000 6.200000000 -0.080862209200
946.810000000 9.400000000 0.062773138300
956.560000000 6.600000000 -0.023997262100
949.310000000 5.600000000 0.129056945400
947.060000000 8.800000000 0.028377868200
949.060000000 5.600000000 0.141491353500
944.310000000 7.400000000 0.057711754000
947.060000000 9.200000000 0.064721874900
948.060000000 5.800000000 -0.114489726700
944.060000000 8.200000000 0.022313451400
946.060000000 6.200000000 -0.112611740800
944.810000000 7.800000000 0.097123153500
946.810000000 8.400000000 -0.049649238600
956.310000000 6.600000000 -0.087611630600
950.560000000 9.800000000 0.138598457000
946.810000000 9.800000000 0.073401592700
945.810000000 7.400000000 -0.089869566300
950.560000000 5.600000000 -0.020283857400
957.060000000 10.000000000 0.101889848700
953.310000000 6.600000000 -0.186006799300
951.560000000 10.000000000 -0.052631907200
946.560000000 9.600000000 0.039027456200
950.560000000 6.600000000 0.138457238700
956.060000000 6.600000000 -0.148800104900
950.810000000 10.000000000 0.088924795400
951.560000000 9.400000000 0.097579129000
962.560000000 5.800000000 -0.060777638100
946.560000000 5.800000000 -0.052178666000
962.560000000 5.600000000 -0.059007599900
949.560000000 5.600000000 0.112598985400
944.560000000 8.200000000 0.082767866600
945.560000000 5.600000000 0.007598331200
943.810000000 7.800000000 -0.004654554700
945.060000000 8.000000000 0.102750726000
945.810000000 5.600000000 0.033572625400
946.560000000 7.600000000 -0.073473803700
962.560000000 6.000000000 -0.050169076800
953.060000000 5.600000000 0.128723219000
945.310000000 5.800000000 -0.003234216700
958.810000000 6.200000000 0.147101357600
951.310000000 9.400000000 0.139574542600
943.810000000 7.600000000 0.073255568700
951.810000000 9.800000000 -0.080609314100
946.810000000 10.000000000 0.076943516700
960.560000000 10.000000000 0.140642851600
954.560000000 6.400000000 -0.108341775800
946.560000000 9.400000000 0.030345996800
954.810000000 6.400000000 -0.125635832500
951.310000000 6.800000000 0.148728221700
962.060000000 10.000000000 -0.109126478400
947.060000000 9.000000000 0.005198240700
951.810000000 9.600000000 -0.144113466100
961.560000000 6.600000000 -0.045350637300
951.310000000 10.000000000 -0.042479034500
946.310000000 6.200000000 -0.105801411000
945.560000000 7.400000000 -0.078753776800
947.560000000 6.200000000 0.064818561100
953.060000000 6.600000000 -0.129256591200
959.810000000 6.200000000 0.113089151700
949.060000000 6.400000000 0.063679263000
946.560000000 7.800000000 -0.081272475400
945.060000000 7.800000000 0.099639207100
951.060000000 10.000000000 0.049474701300
950.810000000 9.600000000 0.133547097400
961.060000000 6.600000000 0.004919063300
956.060000000 10.000000000 -0.017162727200
947.560000000 6.000000000 0.025997920000
943.810000000 8.200000000 -0.015068125000
951.560000000 9.800000000 -0.028540531200
962.060000000 6.400000000 -0.068632200400
945.310000000 8.000000000 0.092801123900
946.810000000 8.600000000 -0.024757184100
944.810000000 8.200000000 0.093989104000
957.560000000 6.400000000 0.087981209200
944.560000000 7.400000000 0.041400637500
944.810000000 9.000000000 0.000801544200
952.060000000 6.800000000 0.084522418700
950.810000000 9.800000000 0.108041293900
946.560000000 8.000000000 -0.081068724400
947.060000000 6.000000000 -0.089313998800
960.810000000 10.000000000 0.111371606600
949.810000000 5.600000000 0.096377879400
962.310000000 5.600000000 -0.096061967300
946.560000000 9.800000000 0.048923220500
947.310000000 6.000000000 -0.097031042000
958.560000000 6.200000000 0.134590908900
955.060000000 6.400000000 -0.160175770500
946.310000000 9.600000000 0.014106608000
948.310000000 5.800000000 -0.101902417800
954.310000000 6.400000000 -0.114624142600
946.810000000 9.200000000 0.046768330000
961.810000000 10.000000000 -0.068556159700
946.310000000 7.600000000 -0.087737835900
945.310000000 7.400000000 -0.062107641200
952.810000000 6.600000000 -0.058814346800
944.560000000 9.000000000 0.039979361000
947.810000000 6.000000000 0.076725684100
944.810000000 10.000000000 0.026273531800
943.560000000 8.000000000 -0.048920143400
944.310000000 7.600000000 0.066027715800
946.810000000 6.000000000 -0.074340909700
946.560000000 10.000000000 0.091950826300
945.310000000 7.800000000 0.092805989100
951.560000000 9.600000000 -0.100188642700
944.060000000 7.600000000 0.065427735400
950.310000000 5.600000000 -0.064791172700
961.310000000 6.600000000 -0.028088947800
945.810000000 6.000000000 -0.092473782600
956.810000000 10.000000000 0.087987966800
945.560000000 8.000000000 0.076012417700
949.060000000 5.800000000 0.124133124900
945.060000000 10.000000000 0.053957074900
946.310000000 5.800000000 -0.026356769700
951.560000000 5.800000000 0.123449601200
949.310000000 5.800000000 0.104624010600
951.810000000 5.800000000 0.145968735200
951.310000000 5.800000000 0.093442298500
945.060000000 9.000000000 -0.035996478100
961.060000000 10.000000000 0.069448292300
951.560000000 6.800000000 0.135524064300
953.310000000 5.600000000 0.096162661900
945.060000000 8.200000000 0.094662353400
950.810000000 6.600000000 0.129616782100
962.060000000 5.600000000 -0.064091861200
946.310000000 9.400000000 0.008745986000
960.560000000 6.400000000 0.099323228000
946.060000000 7.600000000 -0.083441689600
944.560000000 7.600000000 0.075469404500
948.810000000 5.800000000 0.139926970000
951.060000000 9.800000000 0.049341309800
952.060000000 5.800000000 0.162991523700
948.560000000 5.800000000 0.145514071000
951.810000000 6.800000000 0.114874087300
951.310000000 9.800000000 -0.017699701700
945.560000000 7.800000000 0.079367429000
949.310000000 6.400000000 0.084877573000
955.310000000 6.400000000 -0.209629058800
944.810000000 7.400000000 0.023205276600
946.810000000 8.800000000 0.003545904800
951.060000000 9.600000000 0.112750373800
961.560000000 10.000000000 -0.036347638800
956.310000000 10.000000000 0.033518362800
944.560000000 10.000000000 0.009005184300
951.060000000 5.800000000 0.060496397300
945.060000000 8.800000000 -0.034802090400
945.310000000 10.000000000 0.084401570300
945.810000000 8.000000000 0.057611864100
945.560000000 5.800000000 -0.009796340900
952.310000000 5.800000000 0.168624877900
961.310000000 10.000000000 0.011829543900
946.310000000 10.000000000 0.096523851200
945.810000000 7.800000000 0.062070090300
952.560000000 6.600000000 0.007768581200
958.310000000 6.200000000 0.107951179100
944.810000000 8.800000000 -0.000472841600
946.560000000 6.000000000 -0.052860949200
957.310000000 6.400000000 0.078132182400
944.310000000 9.000000000 0.069555595500
956.560000000 10.000000000 0.068038173000
945.810000000 7.600000000 -0.078905977300
948.060000000 6.000000000 0.117411121700
945.060000000 7.400000000 -0.043932382000
946.310000000 7.800000000 -0.083896279300
944.810000000 7.600000000 0.084780842100
960.060000000 6.200000000 0.120588503800
943.560000000 7.800000000 -0.039468184100
946.560000000 8.200000000 -0.074064105700
945.310000000 8.200000000 0.084864743100
949.560000000 5.800000000 0.087363511300
951.310000000 9.600000000 -0.043601740200
946.310000000 8.400000000 -0.040034201000
962.310000000 5.800000000 -0.012368579400
955.560000000 6.400000000 -0.214395389000
946.310000000 9.800000000 0.028507964700
943.560000000 8.200000000 -0.042748615100
946.060000000 8.400000000 0.023087067500
948.060000000 6.200000000 -0.075654372600
957.060000000 6.400000000 0.054121058400
950.060000000 5.600000000 0.082974523300
947.810000000 6.200000000 -0.090557247400
955.810000000 6.400000000 -0.171307936300
956.810000000 6.400000000 0.017674263600
946.310000000 8.200000000 -0.030115604400
952.560000000 5.800000000 0.160479143300
946.060000000 8.200000000 0.033655699300
945.560000000 10.000000000 0.107773557300
946.560000000 9.200000000 0.031209478200
946.560000000 8.400000000 -0.093774110100
945.560000000 7.600000000 -0.060542568600
944.310000000 8.400000000 0.044607542500
944.560000000 9.200000000 0.037525687400
962.310000000 6.000000000 -0.005298160900
961.810000000 5.600000000 -0.024428658200
948.310000000 6.200000000 -0.055157177200
946.060000000 10.000000000 0.086142949800
949.560000000 6.400000000 0.099774979100
943.310000000 8.800000000 0.030093831900
946.060000000 7.800000000 -0.069184705600
946.060000000 8.000000000 0.057449322200
954.060000000 6.400000000 -0.137131750600
956.560000000 6.400000000 -0.035201910900
962.310000000 6.200000000 -0.064501255800
956.060000000 6.400000000 -0.130871489600
945.560000000 8.200000000 0.083221115200
944.060000000 8.400000000 0.016202215100
950.810000000 5.800000000 0.024447504400
945.060000000 7.600000000 0.087069161200
945.310000000 8.800000000 -0.058795318000
953.560000000 5.600000000 0.153261199600
944.560000000 8.400000000 0.066754460300
943.310000000 10.000000000 -0.057711966300
945.810000000 8.400000000 0.076419889900
944.560000000 8.800000000 0.035231802600
956.810000000 5.600000000 -0.118769794700
944.310000000 9.200000000 0.065663240800
956.560000000 5.600000000 -0.160799309600
946.060000000 9.600000000 0.006166251800
956.310000000 6.400000000 -0.086397111400
946.060000000 5.800000000 -0.002478274300
946.810000000 9.000000000 0.030266549400
944.810000000 9.200000000 0.001620009500
943.310000000 9.000000000 0.035148233200
945.810000000 8.200000000 0.084274470800
943.310000000 7.800000000 0.064134806400
948.310000000 6.000000000 0.140122339100
943.560000000 10.000000000 -0.081886664000
946.310000000 8.000000000 -0.075605705400
945.810000000 10.000000000 0.116034135200
945.310000000 9.000000000 -0.060331743200
956.310000000 5.600000000 -0.190938174700
952.810000000 5.800000000 0.138919249200
945.810000000 5.800000000 -0.031670894500
952.310000000 6.600000000 0.058517031400
961.810000000 6.400000000 -0.058460030700
951.060000000 6.600000000 0.120988898000
953.810000000 5.600000000 0.121086426100
943.810000000 10.000000000 -0.107165962500
946.310000000 6.000000000 -0.029484344600
960.810000000 6.400000000 0.052652541500
946.310000000 8.600000000 -0.033548548800
958.060000000 6.200000000 0.083526916800
949.810000000 6.400000000 0.110193565500
944.060000000 9.000000000 0.081969410200
945.310000000 7.600000000 0.083213597500
944.810000000 9.600000000 0.065331563400
957.060000000 5.600000000 -0.075523287100
956.060000000 5.600000000 -0.200947821100
948.560000000 6.200000000 -0.029144879400
944.810000000 8.400000000 0.078243516400
946.060000000 6.000000000 -0.102161079600
955.810000000 5.600000000 -0.187975704700
955.560000000 5.600000000 -0.154010057400
946.560000000 8.600000000 -0.078677982100
949.810000000 5.800000000 0.075630158200
948.560000000 6.000000000 0.141693189700
945.060000000 9.600000000 0.016018547100
949.060000000 6.000000000 0.101629003900
943.310000000 9.800000000 -0.057155422900
946.060000000 8.600000000 0.016255924500
960.310000000 6.200000000 0.120147973300
944.560000000 9.600000000 0.094502389400
954.060000000 5.600000000 0.060983080400
946.060000000 9.400000000 0.005558933600
948.810000000 6.000000000 0.125875681600
943.310000000 8.000000000 -0.070682443700
944.310000000 10.000000000 0.005417277600
944.060000000 10.000000000 -0.117218889300
955.310000000 5.600000000 -0.104442089800
961.560000000 5.600000000 0.034863252200
944.060000000 9.200000000 0.079608716100
946.560000000 8.800000000 -0.019616436200
945.560000000 8.400000000 0.106137923900
962.060000000 5.800000000 -0.064061373500
953.060000000 5.800000000 0.139686867600
943.310000000 8.600000000 0.018392907500
950.060000000 6.400000000 0.117099322400
949.310000000 6.000000000 0.079050131100
946.060000000 9.800000000 0.018279589700
943.810000000 8.400000000 -0.015739416700
950.560000000 5.800000000 -0.014749348200
953.310000000 5.800000000 0.141705349100
943.560000000 9.800000000 -0.052981033900
953.560000000 5.800000000 0.130217239300
944.310000000 8.800000000 0.061630442700
946.310000000 9.200000000 0.016397986600
953.810000000 6.400000000 -0.164521202400
954.310000000 5.600000000 -0.012429434800
945.310000000 8.400000000 0.072733014800
955.060000000 5.600000000 -0.031205913100
943.560000000 8.800000000 0.047109976400
945.060000000 9.200000000 -0.030860696000
945.060000000 8.400000000 0.080391101500
943.810000000 9.800000000 -0.086614444900
945.310000000 9.600000000 -0.037390068200
946.560000000 9.000000000 0.005461134900
953.810000000 5.800000000 0.090583443600
943.310000000 8.200000000 -0.060553152100
956.560000000 5.800000000 -0.114400953100
945.310000000 8.600000000 -0.049137413500
956.060000000 6.200000000 -0.144656434700
945.060000000 8.600000000 -0.031191259600
957.310000000 5.600000000 -0.040014911400
950.310000000 6.400000000 0.119135856600
955.810000000 6.200000000 -0.177241146600
961.060000000 6.400000000 0.027047209400
945.810000000 8.600000000 0.059280786700
956.310000000 6.200000000 -0.101334407900
956.810000000 5.800000000 -0.069571510000
944.310000000 9.600000000 0.098581627000
955.560000000 6.200000000 -0.192404642700
944.810000000 9.800000000 0.011154192500
952.060000000 6.600000000 0.090419933200
943.560000000 8.600000000 0.038509517900
956.310000000 5.800000000 -0.159445673200
961.560000000 6.400000000 -0.037208814200
959.310000000 6.000000000 0.095863871300
945.560000000 8.800000000 -0.069113515300
950.560000000 6.400000000 0.085887827000
945.810000000 9.800000000 0.061694398500
943.810000000 9.000000000 0.077808611100
944.560000000 9.800000000 0.000542662600
955.310000000 6.200000000 -0.187776744400
957.810000000 6.200000000 0.066318869600
954.060000000 5.800000000 0.025480583300
955.060000000 6.200000000 -0.141037181000
959.560000000 6.000000000 0.096502311500
944.060000000 9.800000000 -0.110631972600
961.810000000 5.800000000 -0.029039280500
948.810000000 6.200000000 -0.003315617100
954.560000000 5.600000000 -0.079389892500
943.810000000 9.200000000 0.078847602000
954.810000000 6.200000000 -0.085064567600
949.560000000 6.000000000 0.065003536600
944.810000000 9.400000000 0.068377144600
951.310000000 6.600000000 0.118230290700
956.560000000 6.200000000 -0.055706501000
956.060000000 5.800000000 -0.191358506700
953.560000000 6.400000000 -0.170257583300
950.060000000 5.800000000 0.018150191800
950.310000000 5.800000000 0.059629824000
961.310000000 6.400000000 -0.008700523500
961.310000000 5.600000000 0.079217143400
945.560000000 9.200000000 0.103117249900
956.810000000 6.200000000 -0.013292620000
945.810000000 9.400000000 0.055157378300
960.560000000 6.200000000 0.107804253700
959.060000000 6.000000000 0.118939824400
945.310000000 9.200000000 0.078787833500
945.060000000 9.400000000 0.030305836300
956.310000000 6.000000000 -0.124489270200
945.560000000 9.800000000 0.039630606800
956.560000000 6.000000000 -0.080644398900
955.810000000 5.800000000 -0.197880953600
946.060000000 9.200000000 0.069600030800
944.560000000 9.400000000 0.089012026800
944.310000000 9.800000000 -0.118912406300
946.310000000 8.800000000 -0.015450780300
959.810000000 6.000000000 0.100655332200
945.560000000 9.600000000 -0.076269432900
943.560000000 9.000000000 0.054227981700
950.810000000 6.400000000 0.092229217300
945.060000000 9.800000000 0.034154780200
955.560000000 5.800000000 -0.174683153600
944.810000000 8.600000000 -0.005258085200
953.310000000 6.400000000 -0.143466681200
956.060000000 6.000000000 -0.164194569000
957.060000000 6.200000000 0.016962790900
954.310000000 5.800000000 -0.048287477300
945.810000000 9.200000000 0.106965623800
954.810000000 5.600000000 0.014221994200
945.560000000 9.000000000 -0.068009048700
957.060000000 5.800000000 -0.033517748100
943.310000000 9.200000000 0.031201073900
946.310000000 9.000000000 0.055518396200
955.310000000 5.800000000 -0.128863975400
945.560000000 8.600000000 -0.058426551500
953.060000000 6.400000000 -0.088062755800
954.560000000 6.200000000 -0.073074892200
952.810000000 6.400000000 -0.060844156900
958.810000000 6.000000000 0.111275166300
957.560000000 6.200000000 0.057983860400
943.560000000 8.400000000 -0.041390080000
944.060000000 8.800000000 0.072320014200
945.310000000 9.800000000 0.062637463200
943.310000000 9.600000000 -0.048985876100
955.810000000 6.000000000 -0.187951073100
943.810000000 8.600000000 0.053462810800
957.310000000 6.200000000 0.038765475200
962.060000000 6.200000000 -0.062148135200
956.810000000 6.000000000 -0.041650615600
943.560000000 9.200000000 0.066888988000
944.060000000 9.600000000 0.083921812500
962.060000000 6.000000000 0.025605164500
951.810000000 6.600000000 0.113964453300
949.060000000 6.200000000 0.021564105500
945.560000000 9.400000000 0.027555115500
945.810000000 9.600000000 0.014550291900
955.060000000 5.800000000 -0.075340434900
952.560000000 6.400000000 -0.003010558900
951.560000000 6.600000000 0.122269660200
945.310000000 9.400000000 -0.014547212000
955.560000000 6.000000000 -0.187521591800
943.560000000 9.600000000 0.043367154900
946.060000000 8.800000000 0.019470401100
944.310000000 8.600000000 0.034463986800
955.310000000 6.000000000 -0.163129225400
943.810000000 9.600000000 0.046440199000
944.310000000 9.400000000 0.090607196100
943.310000000 8.400000000 0.008371297300
944.560000000 8.600000000 0.052848640800
960.810000000 6.200000000 0.076499782500
957.560000000 5.600000000 -0.042153567100
953.810000000 6.000000000 0.048167534200
960.060000000 6.000000000 0.090760752600
958.560000000 6.000000000 0.090080343200
955.060000000 6.000000000 -0.123518437100
961.560000000 5.800000000 0.010006935300
954.560000000 5.800000000 -0.110372111200
943.810000000 8.800000000 0.057675574000
946.060000000 9.000000000 0.054418992300
954.060000000 6.000000000 -0.011976554100
954.810000000 5.800000000 -0.043511245400
952.310000000 6.400000000 0.051294896800
953.560000000 6.000000000 0.092865794900
957.810000000 5.600000000 -0.021997736800
945.810000000 8.800000000 -0.067329749500
951.060000000 6.400000000 0.105064690100
954.810000000 6.000000000 -0.080957904500
950.310000000 6.000000000 0.055183865100
944.060000000 8.600000000 0.066298022900
949.310000000 6.200000000 0.046302054100
961.060000000 5.600000000 0.097960665800
949.810000000 6.000000000 0.060067270000
954.310000000 6.200000000 -0.066667653600
957.060000000 6.000000000 -0.010889735100
943.560000000 9.400000000 0.046570841200
943.310000000 9.400000000 0.031433325300
958.060000000 5.600000000 0.023199737100
950.560000000 6.000000000 0.088236458600
951.060000000 6.000000000 0.045169975600
944.060000000 9.400000000 0.079246640200
961.060000000 6.200000000 0.048738379000
954.310000000 6.000000000 -0.060068938900
951.310000000 6.000000000 0.079476498100
958.310000000 5.600000000 0.036129221300
950.560000000 6.200000000 0.072098836300
960.310000000 6.000000000 0.114783674500
943.810000000 9.400000000 0.062889337500
950.060000000 6.000000000 0.023404635500
957.310000000 5.800000000 -0.008197248000
945.810000000 9.000000000 0.097241632600
961.810000000 6.200000000 -0.056616101400
950.810000000 6.000000000 0.007520941600
953.310000000 6.000000000 0.116343088400
954.560000000 6.000000000 -0.052144464100
958.310000000 6.000000000 0.068517550800
958.560000000 5.600000000 0.061002712700
951.560000000 6.000000000 0.106925904800
950.310000000 6.200000000 0.053569056100
961.310000000 6.200000000 0.012981945600
952.060000000 6.400000000 0.091874569700
950.810000000 6.200000000 0.097847037000
961.560000000 6.200000000 -0.019053997500
954.060000000 6.200000000 -0.035039193900
951.810000000 6.000000000 0.123935647300
949.560000000 6.200000000 0.068505503200
952.060000000 6.000000000 0.108339041500
960.560000000 6.000000000 0.103805236500
952.310000000 6.000000000 0.113838434200
960.310000000 5.600000000 0.068587929000
958.810000000 5.600000000 0.080568827700
951.310000000 6.400000000 0.117826014800
951.810000000 6.400000000 0.115787044200
953.060000000 6.000000000 0.122661680000
960.560000000 5.600000000 0.032831400600
952.560000000 6.000000000 0.120426125800
961.310000000 5.800000000 0.049078036100
957.310000000 6.000000000 0.012193236500
951.060000000 6.200000000 0.123236537000
953.810000000 6.200000000 0.012344555900
961.810000000 6.000000000 -0.029647313100
960.810000000 6.000000000 0.085067838400
952.810000000 6.000000000 0.124177336700
960.060000000 5.600000000 0.103455871300
959.060000000 5.800000000 0.093759395200
951.560000000 6.400000000 0.130253642800
958.810000000 5.800000000 0.086876288100
960.810000000 5.600000000 0.092966556500
961.060000000 6.000000000 0.056427598000
959.310000000 5.800000000 0.103553406900
958.560000000 5.800000000 0.081514872600
950.060000000 6.200000000 0.045079376500
958.060000000 6.000000000 0.050839074000
949.810000000 6.200000000 0.086008869100
959.060000000 5.600000000 0.097263783200
959.810000000 5.600000000 0.126274988100
951.310000000 6.200000000 0.138896882500
952.060000000 6.200000000 0.072408527100
959.560000000 5.800000000 0.111568160400
961.310000000 6.000000000 0.020910579700
952.310000000 6.200000000 0.025382032600
951.810000000 6.200000000 0.112836942100
951.560000000 6.200000000 0.136521518200
958.310000000 5.800000000 0.066254988300
960.310000000 5.800000000 0.057675082200
959.560000000 5.600000000 0.131267324100
959.810000000 5.800000000 0.099791735400
959.310000000 5.600000000 0.111444182700
960.560000000 5.800000000 0.025940766600
952.560000000 6.200000000 -0.017662283000
957.560000000 5.800000000 0.001276398700
961.560000000 6.000000000 -0.014056293300
960.060000000 5.800000000 0.093827225300
957.560000000 6.000000000 0.029706094400
958.060000000 5.800000000 0.037847194800
957.810000000 6.000000000 0.044411931200
953.560000000 6.200000000 0.045957692000
957.810000000 5.800000000 0.000659792000
952.810000000 6.200000000 -0.017658863200
961.060000000 5.800000000 0.080580286700
960.810000000 5.800000000 0.071794912200
953.060000000 6.200000000 -0.056169994200
953.310000000 6.200000000 -0.085320785600
