886.070000000 7.800000000 0.126478254800
886.320000000 8.000000000 0.199141666300
886.320000000 7.800000000 0.188689038200
886.070000000 8.000000000 0.145969271700
885.820000000 7.800000000 0.063235707600
886.570000000 8.000000000 0.235205724800
886.570000000 7.800000000 0.235122874400
885.820000000 8.000000000 0.089540481600
886.820000000 8.000000000 0.243180722000
886.820000000 7.800000000 0.252304166600
887.070000000 8.000000000 0.218656912400
887.070000000 7.800000000 0.232178106900
887.320000000 7.800000000 0.177116766600
887.570000000 7.800000000 0.100837104000
887.320000000 8.000000000 0.165889233400
887.570000000 8.000000000 0.096966497600
885.570000000 7.800000000 0.012738635800
887.820000000 8.000000000 0.027650013600
886.070000000 8.200000000 0.169536963100
887.820000000 7.800000000 0.022895200200
886.320000000 8.200000000 0.198340296700
885.570000000 8.000000000 0.042766954700
888.070000000 8.000000000 -0.029541758800
885.820000000 8.200000000 0.130729317700
886.570000000 8.200000000 0.210008546700
885.820000000 7.600000000 0.051327429700
886.070000000 7.600000000 0.106277644600
885.320000000 8.600000000 0.132977604900
885.320000000 8.400000000 0.106469251200
885.070000000 8.600000000 0.079772017900
888.070000000 7.800000000 -0.040394097600
886.820000000 8.200000000 0.201600596300
885.570000000 8.400000000 0.148270323900
886.070000000 8.400000000 0.188652440900
885.570000000 8.200000000 0.107645928900
885.820000000 8.400000000 0.169581785800
881.820000000 7.800000000 0.029739081900
885.070000000 8.400000000 0.060894377500
886.320000000 8.400000000 0.189968228300
885.570000000 8.600000000 0.175046861200
886.320000000 7.600000000 0.161687567800
888.320000000 8.000000000 -0.070890113700
882.070000000 7.800000000 -0.039461422700
887.070000000 8.200000000 0.174686238200
885.570000000 7.600000000 0.006961937100
881.570000000 7.800000000 0.100610606400
884.820000000 8.600000000 0.025371136100
885.320000000 8.200000000 0.071124710100
885.820000000 8.600000000 0.187889397100
887.320000000 8.200000000 0.133954301500
886.570000000 8.400000000 0.174597591200
887.820000000 8.200000000 0.038932994000
887.570000000 8.200000000 0.086229838400
886.570000000 7.600000000 0.205486133700
885.320000000 7.800000000 -0.014802992300
880.070000000 7.600000000 -0.023010365700
886.070000000 8.600000000 0.188467085400
888.070000000 8.200000000 -0.002816076600
880.320000000 7.800000000 0.041721496700
881.320000000 7.800000000 0.155250921800
880.320000000 7.600000000 0.041385900200
880.070000000 7.800000000 -0.025174360700
885.320000000 8.000000000 0.014363834600
880.570000000 7.800000000 0.112196795600
888.320000000 7.800000000 -0.082471154600
887.570000000 7.600000000 0.102425351700
886.320000000 8.600000000 0.169759616300
887.320000000 7.600000000 0.168173030000
886.820000000 7.600000000 0.225210011000
886.820000000 8.400000000 0.137839242800
884.820000000 8.400000000 0.018496863500
881.070000000 7.800000000 0.178687214900
880.820000000 7.800000000 0.163199812200
881.820000000 7.600000000 0.032349966500
887.070000000 7.600000000 0.212609440100
885.070000000 8.800000000 0.093429066200
887.820000000 7.600000000 0.032310642300
881.570000000 7.600000000 0.101241439600
888.320000000 8.200000000 -0.038721986100
880.570000000 7.600000000 0.107500053900
885.320000000 8.800000000 0.145562425300
882.070000000 7.600000000 -0.035657871500
886.570000000 8.600000000 0.136440664500
882.320000000 7.800000000 -0.091059707100
881.320000000 7.600000000 0.152775019400
879.820000000 7.600000000 -0.070030920200
885.070000000 8.200000000 0.049044553200
884.820000000 8.800000000 0.036234520400
880.820000000 7.600000000 0.156284764400
881.070000000 7.600000000 0.173024609700
888.570000000 8.000000000 -0.100384518500
887.070000000 8.400000000 0.095405593500
886.820000000 8.600000000 0.094548270100
885.570000000 8.800000000 0.180765032800
879.820000000 7.800000000 -0.069790422900
884.570000000 8.600000000 -0.021536789800
888.070000000 7.600000000 -0.026382898900
885.820000000 8.800000000 0.178566053500
886.070000000 8.800000000 0.165014416000
885.320000000 7.600000000 -0.018465232100
888.570000000 8.200000000 -0.072350584000
881.820000000 8.000000000 0.024899750900
882.320000000 7.600000000 -0.085809230800
882.070000000 8.000000000 -0.030931118900
884.570000000 8.800000000 -0.015007285400
886.320000000 8.800000000 0.137834385000
884.820000000 8.200000000 0.011073197200
887.070000000 8.600000000 0.058684606100
885.070000000 8.000000000 0.051714785400
888.570000000 7.800000000 -0.106190294000
887.320000000 8.400000000 0.092743836300
886.570000000 8.800000000 0.098539970800
884.570000000 8.400000000 -0.015718363200
890.070000000 8.200000000 -0.110012307800
881.570000000 8.000000000 0.082908541000
889.820000000 8.200000000 -0.154677882800
886.820000000 8.800000000 0.063948974000
888.320000000 7.600000000 -0.065900020300
885.820000000 7.400000000 0.042755849700
870.820000000 6.600000000 0.027905793900
880.070000000 7.400000000 -0.003084780400
886.070000000 7.400000000 0.081700108900
887.570000000 8.400000000 0.068915769500
870.570000000 6.600000000 0.081521414200
879.320000000 6.400000000 -0.058466166300
888.820000000 8.000000000 -0.123155973900
884.820000000 8.000000000 0.015337542600
879.070000000 6.400000000 -0.096187889600
871.070000000 6.600000000 -0.028872352100
879.320000000 6.200000000 -0.061580363700
880.070000000 8.000000000 -0.001711370500
881.320000000 8.000000000 0.130092963600
879.570000000 6.200000000 -0.017299542200
879.570000000 7.600000000 -0.092804014700
882.320000000 8.000000000 -0.074503950800
888.820000000 8.200000000 -0.106689602100
890.070000000 8.600000000 0.028593534600
889.570000000 8.200000000 -0.173231050400
879.570000000 6.400000000 -0.015196064500
880.320000000 8.000000000 0.052869807900
882.570000000 7.800000000 -0.115681961200
870.320000000 6.600000000 0.118860021200
879.820000000 7.400000000 -0.048334054600
880.320000000 7.400000000 0.048356350500
887.820000000 8.400000000 0.046337369800
889.820000000 8.000000000 -0.135078713300
890.070000000 8.000000000 -0.102312639400
879.070000000 6.600000000 -0.088107869000
878.820000000 6.400000000 -0.120546340900
879.570000000 7.800000000 -0.086465813200
879.070000000 6.200000000 -0.085159882900
885.070000000 7.800000000 0.049116648700
890.070000000 8.400000000 -0.118723027400
888.070000000 8.400000000 0.022652616700
884.320000000 8.600000000 -0.055404774800
886.320000000 7.400000000 0.123108625400
870.820000000 6.800000000 0.025849957000
878.820000000 6.600000000 -0.108200311700
879.320000000 6.600000000 -0.057014767100
881.070000000 8.000000000 0.153577998300
888.320000000 8.400000000 -0.004421253700
871.320000000 6.600000000 -0.075719252200
880.570000000 8.000000000 0.108011096700
879.820000000 6.200000000 0.024312123700
879.820000000 8.000000000 -0.040782500100
885.570000000 7.400000000 0.012873214700
889.820000000 8.400000000 -0.159904733300
889.570000000 8.000000000 -0.150625497100
870.570000000 6.800000000 0.081396907600
885.070000000 9.000000000 0.098331630200
871.070000000 6.800000000 -0.031624678500
884.820000000 9.000000000 0.050218481600
884.570000000 8.200000000 -0.015887610600
887.070000000 8.800000000 0.041952066100
889.320000000 8.200000000 -0.165702477100
887.320000000 8.600000000 0.036708772200
880.820000000 8.000000000 0.145626530100
888.820000000 7.800000000 -0.118738979100
878.570000000 6.400000000 -0.127253413200
889.070000000 8.200000000 -0.140132620900
878.820000000 6.200000000 -0.117034696000
884.320000000 8.800000000 -0.052183378500
889.070000000 8.000000000 -0.140719696900
879.820000000 6.400000000 0.025748992300
885.320000000 9.000000000 0.144874036300
890.070000000 8.800000000 -0.047589883200
888.570000000 8.400000000 -0.037513952700
886.070000000 9.000000000 0.128406927000
880.570000000 7.400000000 0.095806181400
877.820000000 6.400000000 -0.074305534400
885.820000000 9.000000000 0.147691994900
885.570000000 9.000000000 0.154889211100
878.570000000 6.600000000 -0.116121716800
889.320000000 8.000000000 -0.151117131100
878.070000000 6.400000000 -0.103680081700
877.820000000 6.200000000 -0.070332825200
886.320000000 9.000000000 0.103941768400
878.320000000 6.400000000 -0.117686271700
870.320000000 6.800000000 0.118727736200
883.820000000 9.600000000 -0.099927842600
877.820000000 6.600000000 -0.083049893400
882.570000000 7.600000000 -0.108360469300
884.570000000 8.000000000 -0.010036242200
886.570000000 7.400000000 0.157933116000
889.570000000 8.400000000 -0.173474952600
879.570000000 6.600000000 -0.018521154300
877.570000000 6.400000000 -0.050133258100
884.070000000 9.600000000 -0.128566414100
877.570000000 6.200000000 -0.032825600400
888.570000000 7.600000000 -0.088183634000
878.070000000 6.200000000 -0.104839108900
881.820000000 6.400000000 0.065114729100
884.820000000 7.800000000 0.021205956100
878.570000000 6.200000000 -0.132639646500
886.570000000 9.000000000 0.069942884100
887.820000000 7.400000000 0.053210314400
878.070000000 6.600000000 -0.100790560200
879.070000000 6.800000000 -0.082385636900
890.070000000 9.000000000 -0.093618542000
883.570000000 9.600000000 -0.048397783200
878.320000000 6.600000000 -0.112798087300
884.570000000 9.000000000 0.004035122700
882.070000000 6.400000000 0.097109735000
887.570000000 7.400000000 0.103278830600
889.820000000 7.800000000 -0.122559763500
877.570000000 6.600000000 -0.063141524800
878.320000000 6.200000000 -0.127905592300
870.820000000 6.400000000 0.022556010600
871.320000000 6.800000000 -0.076588667900
888.820000000 8.400000000 -0.077891580800
870.570000000 6.400000000 0.065956391400
879.320000000 6.800000000 -0.058054596200
881.820000000 7.400000000 0.033855501600
880.820000000 7.400000000 0.129215583200
884.320000000 8.400000000 -0.041191231500
878.820000000 6.800000000 -0.097196638600
881.570000000 7.400000000 0.087311834100
882.320000000 6.400000000 0.105668760800
884.320000000 9.600000000 -0.127099230900
889.570000000 7.800000000 -0.130735680500
879.570000000 6.000000000 -0.024085074700
889.820000000 8.800000000 0.007957302000
888.070000000 7.400000000 0.005705766800
881.570000000 6.400000000 0.029177496200
890.070000000 7.800000000 -0.102554664000
882.070000000 6.200000000 0.091712214100
871.070000000 6.400000000 -0.022178124600
883.320000000 9.600000000 0.011746110400
887.320000000 7.400000000 0.146236315400
879.570000000 7.400000000 -0.078725904200
889.820000000 9.000000000 -0.000999342700
886.820000000 7.400000000 0.176528751900
881.320000000 7.400000000 0.125871136800
880.070000000 6.200000000 0.058809876400
889.070000000 7.800000000 -0.126229107400
889.320000000 8.400000000 -0.157816290900
881.070000000 7.400000000 0.140529498500
871.570000000 6.600000000 -0.103858768900
879.320000000 6.000000000 -0.064693994800
882.320000000 6.200000000 0.112099297300
886.820000000 9.000000000 0.048096977200
887.070000000 7.400000000 0.172628775200
870.320000000 6.400000000 0.098904803400
889.070000000 8.400000000 -0.121552087400
877.820000000 6.800000000 -0.085403814900
890.070000000 9.200000000 -0.085478603800
882.070000000 7.400000000 -0.020160362100
889.320000000 7.800000000 -0.130768895100
879.820000000 6.000000000 0.017525672900
881.820000000 6.200000000 0.065428718900
889.820000000 8.600000000 0.066760771000
882.570000000 6.400000000 0.118497796400
877.320000000 6.600000000 -0.037769086700
882.570000000 8.000000000 -0.099423430900
878.570000000 6.800000000 -0.103185199200
877.570000000 6.800000000 -0.057642649900
884.570000000 9.600000000 -0.097179912000
879.570000000 8.000000000 -0.060016807200
877.320000000 6.200000000 0.000936407800
878.070000000 6.800000000 -0.106939114600
882.570000000 6.200000000 0.126121148500
881.820000000 6.600000000 0.058602031300
878.320000000 6.800000000 -0.101957507400
883.070000000 9.600000000 0.064105555400
880.070000000 6.400000000 0.059236690400
882.820000000 6.400000000 0.125970959700
877.320000000 6.400000000 -0.025431750300
879.820000000 6.600000000 0.021389370800
884.820000000 9.600000000 -0.048870567200
879.570000000 6.800000000 -0.025485679500
871.320000000 6.400000000 -0.059856064600
882.070000000 6.600000000 0.090143561400
883.320000000 6.200000000 0.109274163800
883.820000000 9.800000000 -0.084762238000
881.570000000 6.600000000 0.023206990200
885.070000000 7.600000000 -0.020487071900
889.820000000 7.600000000 -0.119766138500
883.570000000 6.200000000 0.077085278900
882.820000000 6.200000000 0.132674977200
882.320000000 6.600000000 0.093009583700
884.070000000 9.800000000 -0.116751670800
883.070000000 6.200000000 0.128171756900
888.320000000 7.400000000 -0.032974276700
883.070000000 6.400000000 0.124325238200
879.070000000 6.000000000 -0.096471764100
889.820000000 9.200000000 -0.035753712100
882.570000000 6.600000000 0.106185436200
883.320000000 6.400000000 0.110894531000
887.570000000 8.600000000 0.052518334200
879.820000000 7.200000000 -0.022529238800
883.570000000 6.400000000 0.085962735100
888.820000000 7.600000000 -0.101013757300
889.570000000 7.600000000 -0.125347092700
880.070000000 6.000000000 0.033456262200
884.320000000 9.000000000 -0.005732080400
890.070000000 7.600000000 -0.103285931100
889.570000000 9.000000000 0.045044828200
890.070000000 9.600000000 0.034882817400
884.320000000 9.800000000 -0.120986551000
890.070000000 9.800000000 0.021087562700
881.570000000 6.200000000 0.036199871500
879.320000000 7.000000000 -0.066184379200
885.070000000 9.600000000 0.002614287000
881.320000000 6.400000000 -0.004485397600
883.820000000 6.200000000 0.037578180400
883.570000000 9.800000000 -0.034702509600
882.820000000 6.600000000 0.115049377100
884.570000000 7.800000000 -0.001973637100
877.320000000 6.800000000 -0.028270786600
879.570000000 7.200000000 -0.059049367900
882.070000000 6.000000000 0.081602968300
885.320000000 7.400000000 -0.003809822700
882.820000000 7.800000000 -0.112941049000
871.570000000 6.800000000 -0.101847805100
884.320000000 8.200000000 -0.035094045100
883.820000000 6.400000000 0.052547808700
879.070000000 7.000000000 -0.083727426800
880.070000000 7.200000000 0.020723145500
884.820000000 9.800000000 -0.051588065900
889.570000000 8.800000000 0.051831301300
884.570000000 9.800000000 -0.096592322000
879.320000000 7.600000000 -0.093282401600
879.570000000 7.000000000 -0.038332227600
882.320000000 6.000000000 0.101508796200
885.070000000 9.800000000 -0.000016619100
887.320000000 8.800000000 0.033224124500
884.070000000 8.600000000 -0.060145590500
882.320000000 7.400000000 -0.060423363000
871.320000000 7.400000000 -0.049693524800
883.070000000 6.600000000 0.118589140500
879.820000000 8.200000000 0.003698692400
889.320000000 7.600000000 -0.121075116100
871.570000000 7.400000000 -0.009577733500
890.070000000 7.400000000 -0.101673640300
872.320000000 9.200000000 -0.047043245300
883.320000000 6.600000000 0.113943360700
878.820000000 6.000000000 -0.102997966100
881.320000000 6.600000000 -0.010011564900
889.820000000 7.400000000 -0.116286702500
883.570000000 6.000000000 0.066267311600
882.820000000 9.600000000 0.096402347100
879.320000000 7.800000000 -0.082204669700
877.070000000 6.600000000 -0.012162181500
883.570000000 6.600000000 0.097543604700
883.320000000 6.000000000 0.103343024800
872.070000000 9.200000000 0.000532920600
877.070000000 6.400000000 -0.026148414200
884.320000000 8.000000000 -0.026726599800
880.320000000 6.000000000 0.062346164100
889.070000000 7.600000000 -0.111539252100
881.820000000 6.000000000 0.061960395400
884.070000000 8.800000000 -0.054921515300
878.820000000 7.000000000 -0.091162271800
871.570000000 7.200000000 -0.010607098200
877.820000000 6.000000000 -0.062305282800
886.320000000 9.200000000 0.079201892000
880.070000000 8.200000000 0.035988215400
879.070000000 8.600000000 -0.057009074800
871.070000000 7.400000000 -0.081318423200
871.570000000 6.400000000 -0.080885916900
887.070000000 9.000000000 0.040080618100
882.570000000 6.000000000 0.118456751100
886.070000000 9.200000000 0.094446592000
886.820000000 10.000000000 -0.041314240500
880.320000000 6.200000000 0.083920121200
883.320000000 9.800000000 0.018465235800
886.570000000 10.000000000 -0.070473276100
877.570000000 6.000000000 -0.026171946900
884.070000000 6.200000000 -0.001299965200
871.320000000 7.200000000 -0.044987112300
879.320000000 7.200000000 -0.082155004100
878.820000000 8.600000000 -0.092292003300
883.070000000 6.000000000 0.124130502300
871.820000000 6.600000000 -0.111478589500
885.820000000 9.200000000 0.098051048800
883.820000000 6.600000000 0.068133570300
877.820000000 7.000000000 -0.068742044300
883.820000000 6.000000000 0.021021211500
879.820000000 6.800000000 0.011671609200
878.070000000 6.000000000 -0.094722770200
889.820000000 9.600000000 0.083098515900
879.570000000 8.200000000 -0.025158803900
888.570000000 7.400000000 -0.062056094400
872.570000000 9.200000000 -0.085345730200
884.820000000 7.600000000 0.030712539300
882.820000000 6.000000000 0.127778500300
879.320000000 7.400000000 -0.095480799700
878.570000000 7.000000000 -0.090676084200
884.070000000 6.400000000 0.015260341600
879.320000000 8.600000000 -0.009938696400
878.070000000 7.000000000 -0.092281885400
885.320000000 9.800000000 0.042975295300
879.820000000 7.000000000 -0.002647174500
878.570000000 6.000000000 -0.117108322700
880.320000000 7.200000000 0.061180748000
889.820000000 9.800000000 0.067640118300
889.570000000 7.400000000 -0.121359497300
885.320000000 10.000000000 -0.065441399800
871.820000000 7.200000000 0.026199482400
890.070000000 7.200000000 -0.101707957700
871.820000000 7.400000000 0.029721796500
880.070000000 6.600000000 0.055987998800
889.570000000 9.200000000 0.008161248600
878.320000000 7.000000000 -0.085231527700
885.570000000 9.200000000 0.113271810100
878.320000000 6.000000000 -0.114612743300
886.570000000 9.200000000 0.066822707700
885.320000000 9.600000000 0.042715821400
881.820000000 8.200000000 0.015842450800
884.820000000 9.200000000 0.088212303800
885.070000000 10.000000000 -0.038119941900
871.820000000 9.200000000 0.045309696300
877.570000000 7.000000000 -0.042166661500
885.070000000 9.200000000 0.113529823700
884.570000000 9.200000000 0.084127485800
879.320000000 8.400000000 -0.031940154700
878.570000000 8.600000000 -0.106990397000
879.570000000 8.400000000 0.008053106300
890.070000000 9.400000000 -0.076390273900
872.320000000 9.000000000 -0.032272506500
886.320000000 10.000000000 -0.090891063200
882.070000000 8.200000000 -0.017908293800
882.820000000 7.600000000 -0.103727638700
870.820000000 7.400000000 -0.098036199800
886.070000000 7.200000000 0.057401593800
882.570000000 6.800000000 0.078333139400
885.320000000 9.200000000 0.125112488900
880.320000000 6.400000000 0.083156071600
878.820000000 8.800000000 -0.078535787800
884.320000000 9.200000000 0.052858930100
871.070000000 7.200000000 -0.070729754900
872.570000000 9.000000000 -0.073300011500
877.070000000 6.200000000 0.026230692900
884.070000000 8.400000000 -0.045945838100
889.820000000 7.200000000 -0.109414577500
879.070000000 8.800000000 -0.041943218600
887.820000000 8.600000000 0.045664563800
889.570000000 8.600000000 -0.143289029600
882.820000000 6.800000000 0.094629995500
877.570000000 8.600000000 -0.036236792800
881.570000000 8.200000000 0.052344422800
885.570000000 10.000000000 -0.086156867400
884.070000000 6.600000000 0.029047338300
883.320000000 9.400000000 0.004467359700
881.320000000 6.200000000 0.009232151300
883.570000000 9.400000000 -0.044639036100
887.070000000 10.000000000 -0.008338660000
879.070000000 8.400000000 -0.069150157300
884.070000000 9.000000000 -0.003888335800
885.820000000 7.200000000 0.033228151500
881.570000000 6.000000000 0.055916637200
876.820000000 6.400000000 0.001093993900
880.320000000 8.200000000 0.069899968800
883.070000000 6.800000000 0.109350845200
881.070000000 6.400000000 -0.029610225900
870.820000000 7.000000000 0.022017058000
882.320000000 6.800000000 0.063340246700
877.320000000 6.000000000 0.004744581400
881.070000000 6.600000000 -0.044261045800
884.070000000 6.000000000 -0.020791456100
882.820000000 8.000000000 -0.103348493600
877.070000000 6.800000000 -0.001492126600
889.320000000 8.600000000 -0.126672148700
880.570000000 6.000000000 0.084120988800
879.070000000 7.200000000 -0.089934162800
887.320000000 9.000000000 0.064723737500
883.320000000 6.800000000 0.116755396100
872.070000000 9.000000000 0.013501944000
888.820000000 8.600000000 -0.051764752700
877.820000000 8.600000000 -0.058145768900
883.070000000 9.800000000 0.060346126600
889.070000000 8.600000000 -0.092865914100
888.570000000 8.600000000 -0.013465128800
879.570000000 8.600000000 0.035366822000
878.570000000 8.800000000 -0.097252070900
889.320000000 7.400000000 -0.107292741500
879.320000000 8.000000000 -0.065526291700
878.320000000 8.600000000 -0.101096533200
889.570000000 9.600000000 0.113696776300
883.570000000 6.800000000 0.109631113700
871.820000000 6.400000000 -0.100242398700
877.320000000 8.600000000 -0.019090501600
872.820000000 9.200000000 -0.105239063500
871.070000000 7.000000000 -0.023590143800
886.070000000 10.000000000 -0.100114792600
883.820000000 9.400000000 -0.084323823500
877.570000000 8.800000000 -0.048428844700
884.070000000 9.200000000 0.018488476100
884.320000000 6.200000000 -0.033148549500
888.820000000 7.400000000 -0.084522269700
871.320000000 7.600000000 -0.045968920000
872.070000000 9.400000000 -0.015005554100
870.570000000 7.000000000 0.065296590300
889.820000000 9.400000000 -0.035610213900
879.320000000 8.200000000 -0.053348660500
871.820000000 6.800000000 -0.106779836100
877.320000000 8.800000000 -0.032391283700
885.820000000 10.000000000 -0.098151989300
871.070000000 7.600000000 -0.076286658600
879.820000000 8.400000000 0.042168904100
870.570000000 7.400000000 -0.098537132100
886.320000000 7.200000000 0.086029216600
883.070000000 9.400000000 0.050344426200
878.820000000 8.400000000 -0.094099663200
886.570000000 9.800000000 -0.062167380000
884.320000000 7.800000000 -0.036674540500
889.320000000 9.000000000 0.075022637800
888.320000000 8.600000000 0.015922151500
878.070000000 8.600000000 -0.081824965800
870.320000000 7.400000000 -0.086007572700
887.570000000 9.000000000 0.028520666100
889.070000000 7.400000000 -0.094495199600
883.820000000 6.800000000 0.083262391400
874.570000000 8.200000000 0.006525819700
889.570000000 9.800000000 0.103650033500
880.570000000 7.200000000 0.089778482900
879.320000000 8.800000000 0.004618253600
872.320000000 9.400000000 -0.053212598000
880.070000000 7.000000000 0.035279266500
888.070000000 8.600000000 0.034932524000
882.320000000 8.200000000 -0.046110522000
886.820000000 9.800000000 -0.031962849200
872.820000000 9.000000000 -0.098869733500
872.070000000 7.200000000 0.057558015000
881.320000000 8.200000000 0.086209945400
876.820000000 6.600000000 0.009175362100
884.320000000 6.400000000 -0.021171908800
872.820000000 6.600000000 -0.039675921200
877.570000000 8.400000000 -0.026220187500
882.570000000 9.600000000 0.103803671900
877.820000000 8.400000000 -0.050146687800
872.070000000 6.600000000 -0.102499507400
890.070000000 7.000000000 -0.103626929200
871.820000000 9.400000000 0.025665246000
883.070000000 7.800000000 -0.117281660400
874.820000000 8.200000000 -0.031917624200
870.820000000 7.200000000 -0.085129641000
872.070000000 7.400000000 0.059136912200
887.570000000 8.800000000 0.020978096900
871.570000000 7.600000000 -0.009911510200
872.570000000 6.600000000 -0.061147853700
871.570000000 7.000000000 -0.006844685400
870.820000000 7.600000000 -0.094048537300
890.070000000 10.000000000 0.003937348300
878.570000000 8.400000000 -0.101809538900
880.070000000 6.800000000 0.047424498900
871.320000000 7.000000000 -0.032838240300
878.820000000 7.200000000 -0.085357315800
886.820000000 9.200000000 0.045539461100
878.320000000 8.800000000 -0.097744889600
871.570000000 9.200000000 0.076230652600
882.070000000 6.800000000 0.050071146300
876.070000000 7.800000000 -0.100948035700
875.820000000 8.000000000 -0.084678940500
877.820000000 8.800000000 -0.066955588800
877.320000000 7.000000000 -0.017114143800
885.570000000 9.800000000 -0.084945231700
889.570000000 7.200000000 -0.108966775200
886.320000000 9.800000000 -0.085896953900
884.070000000 6.800000000 0.040570609300
870.320000000 7.600000000 -0.081725433500
882.570000000 7.400000000 -0.079016991000
879.070000000 7.400000000 -0.091421552000
870.570000000 6.200000000 0.038953516600
874.570000000 8.000000000 -0.006604833100
872.570000000 9.400000000 0.083691306400
884.070000000 9.400000000 -0.105069957700
878.070000000 8.400000000 -0.074324995300
871.820000000 9.000000000 0.051782459000
875.570000000 8.000000000 -0.054093949500
889.320000000 8.800000000 0.076517939600
884.320000000 6.600000000 -0.012245173600
876.320000000 7.800000000 -0.091454640000
884.070000000 8.200000000 -0.046456549300
884.820000000 10.000000000 -0.008367724700
870.320000000 7.000000000 0.094314113300
886.570000000 7.200000000 0.110162422100
870.820000000 6.200000000 0.030642710600
876.070000000 8.000000000 -0.101569086300
884.570000000 7.600000000 0.010345098600
875.820000000 7.800000000 -0.091694653000
878.320000000 8.400000000 -0.093522161200
874.320000000 8.200000000 0.039612021300
880.570000000 6.200000000 0.097740270200
870.570000000 7.600000000 -0.098737180200
878.570000000 7.200000000 -0.074060402800
870.320000000 6.200000000 0.067188583300
889.320000000 9.600000000 0.119002103800
872.320000000 6.600000000 -0.083524018500
878.320000000 7.200000000 -0.061818629500
874.320000000 8.000000000 0.024645960000
875.070000000 10.000000000 -0.056635730000
888.070000000 7.200000000 0.032306943100
881.820000000 6.800000000 0.049210835200
878.070000000 8.800000000 -0.085272774100
883.820000000 8.600000000 -0.076841868500
885.820000000 9.400000000 0.074113905400
880.570000000 8.200000000 0.098988913000
877.320000000 8.400000000 -0.000086343600
875.320000000 10.000000000 -0.086213536600
873.570000000 6.600000000 -0.030759695900
887.820000000 7.200000000 0.067829817500
875.070000000 8.200000000 -0.064153052900
883.820000000 9.000000000 -0.035530649100
873.070000000 6.600000000 -0.028261965100
872.070000000 6.400000000 -0.104061573700
879.070000000 8.200000000 -0.078679807500
880.320000000 6.600000000 0.080159746100
874.820000000 10.000000000 -0.022741781500
888.570000000 7.200000000 -0.020778751000
886.070000000 9.400000000 0.057951249200
875.570000000 7.800000000 -0.067175544800
885.820000000 9.800000000 -0.097091786600
886.070000000 9.800000000 -0.098027117600
873.820000000 6.600000000 -0.008082812700
872.820000000 6.400000000 -0.051043629600
889.320000000 9.800000000 0.119130373000
883.320000000 9.000000000 0.039535392100
879.070000000 7.600000000 -0.078962616600
873.070000000 9.200000000 -0.104327440300
880.820000000 6.000000000 0.096785470800
876.320000000 7.000000000 0.033340904900
873.570000000 9.400000000 0.064898163100
883.570000000 9.000000000 -0.000606334900
876.320000000 8.000000000 -0.098123870800
883.820000000 9.200000000 -0.013774106300
875.320000000 8.000000000 -0.021171076200
881.070000000 8.200000000 0.109295517200
875.570000000 10.000000000 -0.103154026000
887.320000000 10.000000000 0.022982455800
878.820000000 9.400000000 -0.043414242600
873.320000000 9.400000000 0.092275783400
874.820000000 8.000000000 -0.037929106500
886.820000000 7.200000000 0.129640758000
888.320000000 7.200000000 0.000670505800
872.820000000 9.400000000 0.099691465500
876.570000000 7.800000000 -0.065980404600
871.820000000 7.000000000 0.023166263500
885.570000000 7.200000000 0.017738446600
875.070000000 8.000000000 -0.024892116000
888.820000000 7.200000000 -0.050562631300
873.320000000 6.600000000 -0.034709449900
871.070000000 6.200000000 0.004580581100
870.570000000 7.200000000 -0.088609501700
885.570000000 9.400000000 0.091107726100
884.320000000 6.000000000 -0.050697878000
878.070000000 7.200000000 -0.052560638600
872.570000000 6.400000000 -0.074138939400
889.570000000 9.400000000 0.000335187200
884.320000000 6.800000000 -0.006954886500
881.320000000 6.000000000 0.040465213400
889.820000000 7.000000000 -0.102500997500
870.320000000 9.400000000 -0.007576828800
883.820000000 8.800000000 -0.070734188000
882.820000000 9.400000000 0.081730626500
870.570000000 9.400000000 -0.050324253700
876.070000000 7.000000000 0.057148814200
884.570000000 9.400000000 0.088801883200
875.320000000 7.800000000 -0.036235876400
881.570000000 6.800000000 0.021866118500
889.320000000 9.200000000 0.036702513700
884.320000000 9.400000000 -0.103556111500
886.070000000 6.600000000 -0.097707331200
873.070000000 9.400000000 0.103280328200
870.320000000 7.200000000 -0.082866489900
873.070000000 6.400000000 -0.030061019600
877.070000000 8.600000000 0.004044485700
879.070000000 9.400000000 -0.044582832600
877.070000000 6.000000000 0.026272945100
882.570000000 7.000000000 0.041921064300
887.570000000 7.200000000 0.104187168200
877.320000000 9.000000000 -0.043915223300
878.570000000 9.400000000 -0.073097646200
872.320000000 6.400000000 -0.093854844600
889.070000000 9.600000000 0.098104737700
875.820000000 10.000000000 -0.102939620600
877.070000000 8.800000000 -0.019612267600
873.820000000 9.400000000 0.023867685300
871.820000000 7.600000000 0.023967186000
878.570000000 7.400000000 -0.054569114000
873.070000000 9.000000000 -0.104605965300
883.320000000 7.800000000 -0.059634044800
878.820000000 7.400000000 -0.074517302200
886.320000000 6.600000000 -0.063532069300
885.820000000 6.400000000 -0.106005050200
883.570000000 7.800000000 -0.031858857700
883.070000000 9.000000000 0.076494239300
880.820000000 8.200000000 0.114106968000
876.570000000 6.400000000 0.030700137800
871.570000000 9.400000000 0.059754874600
884.070000000 8.000000000 -0.039047934100
876.570000000 8.000000000 -0.075424455100
884.820000000 9.400000000 0.109607160100
885.820000000 6.000000000 -0.059016730600
886.070000000 6.000000000 -0.080657012800
885.070000000 7.400000000 0.058187171800
887.320000000 9.200000000 0.053915068500
880.570000000 6.400000000 0.096262000500
873.570000000 9.200000000 0.046064890900
885.570000000 9.600000000 0.063143551300
878.320000000 7.400000000 -0.039867308000
880.820000000 7.200000000 0.101441368500
887.820000000 9.000000000 -0.007890766500
882.820000000 7.000000000 0.066638238700
887.070000000 9.800000000 -0.002337574300
887.070000000 7.200000000 0.134425297400
876.070000000 6.800000000 0.033283006400
885.320000000 9.400000000 0.116204954700
885.570000000 6.400000000 -0.093573950200
879.820000000 8.600000000 0.067127645000
879.320000000 9.400000000 -0.004848846700
872.070000000 6.800000000 -0.094915971200
882.820000000 9.800000000 0.082428760800
877.070000000 8.400000000 0.012636084100
877.070000000 9.000000000 -0.035573851300
873.320000000 9.200000000 0.080830358000
884.570000000 6.400000000 -0.035988159500
876.820000000 8.000000000 -0.041662465800
880.070000000 8.400000000 0.066416472200
886.070000000 6.400000000 -0.094521716200
887.320000000 7.200000000 0.125124082000
885.070000000 9.400000000 0.121087476600
885.820000000 6.600000000 -0.112813234300
889.320000000 7.200000000 -0.093223795300
889.070000000 7.200000000 -0.072322748600
874.070000000 6.600000000 0.016194850200
876.570000000 7.000000000 0.001327242400
890.070000000 6.800000000 -0.104656219500
886.320000000 6.000000000 -0.089019045200
876.820000000 7.800000000 -0.032157659500
873.820000000 9.200000000 0.001555771100
886.320000000 9.400000000 0.068052604800
875.320000000 8.200000000 -0.051963519300
872.570000000 6.800000000 -0.049099333600
879.570000000 8.800000000 0.047807660000
876.070000000 10.000000000 -0.087307356300
889.070000000 9.800000000 0.107598356900
889.820000000 10.000000000 0.044477831600
883.820000000 8.400000000 -0.066433124200
877.070000000 8.000000000 -0.008211729100
884.570000000 6.200000000 -0.055524375300
888.820000000 9.600000000 0.057273194200
872.820000000 6.800000000 -0.030635463100
879.070000000 7.800000000 -0.069087967300
885.570000000 6.000000000 -0.042438920600
876.320000000 6.800000000 0.005440606300
875.070000000 7.800000000 -0.009054235200
880.320000000 7.000000000 0.067418284700
887.820000000 8.800000000 -0.016197420700
882.570000000 8.200000000 -0.067599676500
874.820000000 8.400000000 -0.019902737800
875.820000000 6.800000000 0.058848775900
877.570000000 9.000000000 -0.058487471200
887.070000000 9.200000000 0.079973027100
870.820000000 9.400000000 -0.078723579600
878.820000000 9.600000000 -0.038974329800
880.820000000 6.400000000 -0.059345673800
873.320000000 6.400000000 -0.032441251000
873.570000000 6.800000000 -0.026419984200
874.570000000 10.000000000 0.007540536600
885.320000000 6.400000000 -0.076163493100
883.820000000 7.800000000 -0.013654376400
881.070000000 6.200000000 -0.008257520400
881.320000000 6.800000000 -0.016118865500
877.820000000 7.200000000 -0.047190766800
883.070000000 7.000000000 0.093514986300
878.570000000 7.600000000 -0.043751493100
883.070000000 8.000000000 -0.089387916000
883.320000000 8.800000000 0.039058424500
888.570000000 9.600000000 0.008568216100
883.320000000 8.600000000 0.058055449300
876.820000000 6.200000000 0.002486430600
873.320000000 6.800000000 -0.048836272200
874.070000000 8.000000000 0.048264335800
874.070000000 9.000000000 -0.032649267500
875.070000000 8.400000000 -0.054256465300
876.320000000 10.000000000 -0.063127256900
882.820000000 8.200000000 -0.088656760800
880.820000000 6.600000000 -0.066965602300
875.570000000 8.200000000 -0.041244898000
872.320000000 6.800000000 -0.072854571000
875.320000000 7.600000000 -0.048490215100
888.820000000 9.800000000 0.070655241600
883.570000000 7.000000000 0.114396959500
882.320000000 7.000000000 0.026458207500
883.070000000 8.600000000 0.028689948800
886.570000000 6.000000000 -0.087591491600
883.320000000 7.000000000 0.112708419600
883.570000000 8.800000000 -0.006248979800
875.820000000 7.000000000 0.070243939800
875.070000000 9.800000000 -0.059062305800
871.320000000 6.200000000 -0.024000758300
883.820000000 8.000000000 -0.031653776800
879.070000000 9.600000000 -0.037416610900
883.070000000 7.600000000 -0.107724152500
883.820000000 7.000000000 0.093154534700
874.070000000 9.400000000 -0.021240199000
871.570000000 9.000000000 0.073838248800
873.820000000 6.800000000 -0.003953770700
885.820000000 6.200000000 -0.078412197500
886.570000000 6.600000000 -0.018272262100
885.570000000 6.200000000 -0.067710332600
877.820000000 8.200000000 -0.042215120000
878.570000000 9.600000000 -0.066862963100
873.820000000 9.000000000 -0.051971674000
875.320000000 9.800000000 -0.087484091500
874.570000000 8.400000000 0.017992056900
875.570000000 7.600000000 -0.069484926800
881.070000000 6.000000000 0.098152406500
888.570000000 9.800000000 0.019549522500
884.070000000 7.000000000 0.052295781700
887.570000000 6.000000000 0.021685626400
878.070000000 8.200000000 -0.064333297300
874.070000000 9.200000000 -0.040846284500
878.820000000 7.600000000 -0.059580415500
887.570000000 9.200000000 0.022854792000
889.070000000 10.000000000 0.075129605800
885.570000000 6.600000000 -0.107235610500
885.070000000 6.400000000 -0.060579527200
876.820000000 9.000000000 -0.014649450800
887.820000000 6.000000000 0.043715249700
875.070000000 7.400000000 -0.026943555100
882.820000000 9.000000000 0.101785086100
875.570000000 6.800000000 0.076871909200
878.820000000 8.200000000 -0.090136423700
886.320000000 6.400000000 -0.079776838400
886.570000000 9.600000000 -0.059332359600
880.820000000 6.200000000 0.098692953600
875.070000000 7.600000000 -0.027974408100
884.570000000 6.600000000 -0.047088515000
878.320000000 7.600000000 -0.035997394500
875.820000000 8.200000000 -0.068786539100
876.320000000 7.600000000 -0.075367756200
879.070000000 8.000000000 -0.076274469500
878.820000000 9.200000000 -0.045231103900
877.070000000 7.800000000 -0.000197920400
883.570000000 8.000000000 -0.048869330400
872.320000000 7.200000000 0.076853781900
884.570000000 6.800000000 -0.045121535700
870.320000000 9.600000000 0.011328089100
876.070000000 7.600000000 -0.088772796100
883.320000000 8.000000000 -0.075731515900
889.320000000 10.000000000 0.075229413800
884.820000000 6.400000000 -0.036939661900
888.570000000 10.000000000 -0.061124354600
883.070000000 8.800000000 0.076734378900
875.320000000 7.400000000 -0.054365780200
884.320000000 7.000000000 0.004054809500
888.820000000 10.000000000 0.072185069300
873.320000000 9.000000000 -0.093657508500
873.070000000 6.800000000 -0.068710424000
875.570000000 9.800000000 -0.100657522700
886.820000000 9.600000000 -0.031074071300
880.320000000 6.800000000 0.074630461600
874.320000000 9.000000000 -0.015461005300
887.320000000 6.000000000 -0.019352620500
886.820000000 6.000000000 -0.074563324500
877.570000000 8.200000000 -0.019963966700
872.320000000 7.400000000 0.067629493800
878.320000000 9.400000000 -0.088500201700
874.820000000 9.800000000 -0.023579979300
879.320000000 9.600000000 -0.000783090900
876.570000000 10.000000000 -0.038309685900
871.320000000 9.200000000 0.086503461000
874.820000000 7.800000000 -0.005278991100
878.320000000 8.200000000 -0.081479966600
873.570000000 9.000000000 -0.073633447300
886.070000000 6.200000000 -0.087117947600
882.570000000 9.400000000 0.005773420400
874.070000000 8.200000000 0.059017613500
883.570000000 8.600000000 0.082791745700
874.070000000 6.800000000 0.016299584900
885.320000000 6.000000000 -0.038108568600
888.320000000 10.000000000 0.076413206800
882.320000000 9.600000000 0.087951883700
884.070000000 7.800000000 -0.031238483300
878.070000000 7.400000000 -0.033684834800
875.820000000 7.600000000 -0.082930341400
878.570000000 9.200000000 -0.073987633000
873.570000000 6.400000000 -0.036107115400
874.320000000 6.600000000 0.039617624100
876.820000000 6.800000000 0.019389269900
888.320000000 9.800000000 -0.028330106300
886.570000000 9.400000000 0.063301794200
876.570000000 6.800000000 -0.019038820600
885.320000000 6.200000000 -0.060207478700
879.570000000 9.400000000 0.034774921800
875.820000000 9.800000000 -0.096414513900
885.320000000 6.600000000 -0.084358170600
877.320000000 8.000000000 0.014867268500
873.570000000 7.400000000 0.038093250200
871.570000000 6.200000000 -0.048260238000
888.320000000 9.600000000 -0.033180665200
887.070000000 6.000000000 -0.051062364100
877.320000000 8.200000000 0.004858312700
875.320000000 6.800000000 0.084685348000
883.070000000 8.200000000 -0.100336812400
886.320000000 9.600000000 -0.082386665000
886.570000000 6.400000000 -0.048720337500
871.070000000 9.400000000 -0.085017904600
874.070000000 10.000000000 -0.055847078600
870.570000000 9.600000000 -0.030203893800
882.570000000 8.400000000 -0.046075135500
875.320000000 8.400000000 -0.073800772400
876.070000000 9.800000000 -0.078878499600
885.070000000 6.600000000 -0.050813801600
874.820000000 7.400000000 0.000201078800
877.820000000 9.000000000 -0.072148740300
884.820000000 7.400000000 0.039129555200
876.570000000 7.600000000 -0.050468109500
890.070000000 6.600000000 -0.106924168800
878.820000000 9.000000000 -0.054685264800
889.820000000 6.800000000 -0.095997929600
879.070000000 9.200000000 -0.007515561300
889.570000000 10.000000000 0.068573929400
882.070000000 10.000000000 0.008769144300
872.320000000 9.600000000 0.033486913900
873.820000000 6.400000000 -0.013780373100
872.070000000 7.000000000 0.051628075500
888.320000000 7.000000000 0.013236112900
889.570000000 7.000000000 -0.092187851700
878.570000000 8.200000000 -0.089207969600
875.070000000 6.800000000 0.080215252900
877.070000000 7.400000000 -0.031438607700
881.070000000 7.200000000 0.096758186800
875.570000000 7.400000000 -0.075740382100
882.820000000 8.600000000 -0.002521735400
876.820000000 7.000000000 -0.032599799300
874.320000000 10.000000000 -0.017622400100
882.820000000 9.200000000 0.062903776800
874.820000000 7.600000000 -0.006530547500
876.070000000 8.200000000 -0.087928421800
874.320000000 7.800000000 0.011740019500
884.320000000 7.600000000 -0.009317672800
878.570000000 9.000000000 -0.074233360600
882.820000000 8.400000000 -0.068144500300
883.070000000 9.200000000 0.031253546500
878.320000000 9.600000000 -0.081254556800
883.820000000 8.200000000 -0.051196914200
870.820000000 9.000000000 0.032996252200
874.570000000 7.800000000 -0.014233187800
888.070000000 6.000000000 0.079453274600
882.320000000 10.000000000 0.050724256800
884.820000000 6.600000000 -0.015232563000
878.570000000 7.800000000 -0.049963627000
877.570000000 7.200000000 -0.029205247800
875.570000000 6.600000000 0.063135445100
876.320000000 9.800000000 -0.055077340500
874.820000000 6.800000000 0.070116855200
872.070000000 9.600000000 -0.016356173900
888.570000000 7.000000000 -0.021380659200
888.070000000 10.000000000 0.053522039200
873.820000000 10.000000000 -0.082577720300
881.820000000 10.000000000 -0.033362325300
886.820000000 6.600000000 0.010871620800
877.070000000 7.000000000 0.002963812100
883.320000000 7.600000000 -0.110703319300
876.570000000 6.600000000 0.032802581800
875.820000000 6.600000000 0.040393482900
876.820000000 7.400000000 -0.049106787900
884.570000000 6.000000000 -0.066843681000
884.570000000 7.000000000 -0.036079376900
881.570000000 7.200000000 0.062650479400
873.320000000 7.400000000 0.062978647600
875.570000000 7.000000000 0.074705973300
876.820000000 9.200000000 -0.023672910400
870.570000000 9.000000000 -0.000060976300
877.070000000 8.200000000 -0.021501969500
886.070000000 9.600000000 -0.093931131100
873.820000000 7.400000000 0.005442557400
874.320000000 8.800000000 -0.020293330800
874.320000000 6.800000000 0.033195681900
878.570000000 9.800000000 -0.056034501600
880.570000000 6.600000000 0.091322965900
886.320000000 6.200000000 -0.086338736100
883.570000000 7.600000000 -0.004473037600
874.320000000 9.200000000 -0.019606184200
875.320000000 6.600000000 0.081173047400
879.320000000 9.200000000 -0.011224760700
874.570000000 6.800000000 0.030438303900
874.320000000 9.400000000 -0.057177662800
878.820000000 7.800000000 -0.056832935700
871.070000000 9.000000000 0.063788123400
876.820000000 8.200000000 -0.051706954800
878.820000000 9.800000000 -0.035334441800
874.570000000 6.600000000 0.060955669700
883.320000000 9.200000000 0.027432052400
883.570000000 9.200000000 -0.039759751400
871.820000000 6.200000000 -0.072913467900
878.320000000 7.800000000 -0.047845318900
883.320000000 8.200000000 -0.083784766500
885.820000000 9.600000000 -0.090490996800
881.320000000 7.200000000 0.087055198800
882.570000000 9.200000000 0.088122718000
873.570000000 7.200000000 0.032946459900
881.820000000 7.200000000 0.030985061100
876.820000000 7.600000000 -0.040958240600
882.320000000 9.400000000 0.094492100200
876.320000000 8.200000000 -0.091801784900
881.070000000 6.800000000 -0.045658245700
888.070000000 7.000000000 0.049176126700
882.570000000 9.000000000 0.107675463000
872.570000000 9.600000000 0.059366434800
878.320000000 9.000000000 -0.082688033600
883.570000000 8.400000000 -0.081720441600
876.820000000 8.600000000 0.006271779100
875.070000000 6.600000000 0.087934769700
874.070000000 6.400000000 0.013082343200
872.070000000 7.600000000 0.048563413300
877.070000000 9.200000000 -0.043346069800
874.820000000 6.600000000 0.039126839500
882.820000000 8.800000000 0.098147548700
871.320000000 9.400000000 -0.068716518600
883.570000000 8.200000000 -0.069620668900
872.570000000 8.800000000 -0.051588125500
878.070000000 9.000000000 -0.081275455700
885.070000000 6.200000000 -0.055192578600
882.320000000 8.400000000 -0.021949954300
871.320000000 9.000000000 0.082121983200
878.570000000 10.000000000 -0.044273436100
882.570000000 10.000000000 0.080442994800
876.570000000 8.200000000 -0.078279115300
874.320000000 8.400000000 0.047180842600
883.070000000 8.400000000 -0.072158277000
884.820000000 6.200000000 -0.056896656800
889.820000000 6.600000000 -0.090780787200
872.320000000 8.800000000 -0.019264804200
889.320000000 9.400000000 0.024803901100
875.820000000 7.400000000 -0.085426494500
874.570000000 9.800000000 0.009207748800
876.820000000 10.000000000 -0.017868861600
886.820000000 6.400000000 -0.012114096400
879.070000000 9.000000000 -0.025207474800
880.570000000 7.000000000 0.086291447300
874.070000000 8.800000000 -0.040614176500
873.820000000 7.200000000 0.007223270400
870.320000000 7.800000000 -0.075343288500
874.070000000 7.800000000 0.034466240600
870.820000000 9.600000000 -0.062284957600
874.570000000 9.000000000 0.002297829100
888.070000000 9.800000000 0.074200928200
878.320000000 10.000000000 -0.051282405900
887.570000000 10.000000000 0.046336542800
871.820000000 9.600000000 0.013534790800
878.320000000 9.800000000 -0.066403739200
877.320000000 7.400000000 -0.011314542000
887.570000000 6.200000000 0.003443692100
878.320000000 9.200000000 -0.087325431400
886.570000000 7.000000000 0.065960273100
877.320000000 9.200000000 -0.056533347800
879.570000000 9.600000000 0.033686131200
887.070000000 9.400000000 0.062516830900
876.320000000 6.400000000 0.057303044900
883.320000000 8.400000000 -0.079320251900
876.820000000 8.400000000 0.009167771800
876.320000000 7.200000000 0.030206112200
877.320000000 7.800000000 0.020670747400
883.820000000 7.600000000 0.023194575700
887.320000000 9.800000000 0.011753161400
876.070000000 6.600000000 0.018566386800
887.820000000 6.200000000 0.043970998400
885.070000000 6.000000000 -0.044990949300
877.070000000 10.000000000 -0.077295072400
877.070000000 7.200000000 -0.045390375000
886.320000000 7.000000000 0.031866401400
887.070000000 9.600000000 -0.004637206900
877.320000000 10.000000000 -0.085310272900
889.070000000 9.000000000 0.084854185600
876.570000000 7.400000000 -0.064811036000
875.320000000 7.000000000 0.073603488500
881.570000000 10.000000000 -0.065339244900
886.820000000 7.000000000 0.094931341700
870.570000000 7.800000000 -0.086245976400
881.320000000 9.400000000 0.045940406600
882.070000000 9.400000000 0.101596809900
876.820000000 8.800000000 -0.008335314700
878.320000000 8.000000000 -0.066904053100
884.070000000 7.600000000 -0.029454583300
876.570000000 9.800000000 -0.031523197900
887.820000000 9.800000000 0.049629103400
884.570000000 10.000000000 0.017680360000
886.570000000 6.200000000 -0.072084672700
875.570000000 8.400000000 -0.073631942300
887.820000000 9.200000000 -0.010658013600
872.820000000 8.800000000 -0.075567208200
876.570000000 6.200000000 0.029655164100
882.320000000 9.200000000 0.100268624700
887.320000000 9.400000000 0.034248035400
881.570000000 9.400000000 0.074877910300
873.320000000 7.200000000 0.055404096800
887.820000000 10.000000000 0.035978302400
873.570000000 10.000000000 -0.089277796400
889.070000000 8.800000000 -0.029740465800
878.820000000 8.000000000 -0.075866662000
872.070000000 9.800000000 -0.018091794100
888.820000000 7.000000000 -0.049381122000
878.070000000 9.400000000 -0.087921679000
874.570000000 8.800000000 0.004382231700
881.320000000 9.600000000 0.052565120200
872.570000000 10.000000000 -0.042463716100
872.570000000 7.400000000 0.078802101300
872.070000000 8.800000000 0.013435090900
877.070000000 7.600000000 -0.021757310300
878.070000000 9.600000000 -0.081698857200
882.070000000 9.600000000 0.102506682300
879.570000000 9.200000000 0.026891015500
878.570000000 8.000000000 -0.070609390700
882.070000000 7.000000000 0.022892672600
881.820000000 9.400000000 0.094830408700
876.070000000 7.400000000 -0.081451036000
872.320000000 9.800000000 -0.048022780600
880.320000000 8.400000000 0.080533385300
875.070000000 7.000000000 0.068184010700
873.070000000 7.400000000 0.073510065700
881.820000000 9.000000000 0.024042947200
878.070000000 7.600000000 -0.035410948100
876.070000000 7.200000000 0.049550037800
888.070000000 6.800000000 0.043061524600
888.320000000 6.800000000 0.000941378100
884.820000000 6.800000000 -0.065095588600
887.820000000 7.000000000 0.081763044000
874.320000000 6.400000000 0.039493609200
874.570000000 7.000000000 0.049975469700
870.820000000 7.800000000 -0.082600534000
882.820000000 10.000000000 0.089054845300
873.820000000 8.000000000 0.060266714500
879.070000000 9.800000000 -0.007022311900
881.570000000 9.600000000 0.080074690300
888.070000000 9.000000000 -0.040313221500
877.320000000 7.200000000 -0.012444505500
881.570000000 9.000000000 -0.002841520400
870.320000000 9.200000000 -0.034200873200
886.820000000 9.400000000 0.084619320900
874.820000000 7.000000000 0.065860413000
872.070000000 6.200000000 -0.082710556700
871.820000000 8.800000000 -0.036444727300
882.320000000 9.000000000 0.091723822100
872.820000000 10.000000000 -0.059774473300
878.070000000 10.000000000 -0.058154206700
881.820000000 9.600000000 0.098317407100
882.570000000 8.600000000 -0.038465946900
881.070000000 9.400000000 0.015104539700
882.570000000 7.200000000 0.011968598700
876.570000000 7.200000000 0.005201816100
879.820000000 8.800000000 0.074598327300
877.570000000 10.000000000 -0.079722419400
889.570000000 6.800000000 -0.076126195500
874.820000000 6.400000000 0.022442407900
878.070000000 9.800000000 -0.069342970800
888.320000000 6.000000000 0.097085200300
873.570000000 9.600000000 0.072038702700
882.070000000 7.200000000 -0.000584403900
872.820000000 9.600000000 0.077415600400
876.320000000 7.400000000 -0.076896816500
885.320000000 7.200000000 0.011595034000
882.570000000 9.800000000 0.083452053400
887.320000000 6.200000000 -0.030362352700
874.570000000 7.400000000 0.022800689600
881.070000000 9.600000000 0.022327370900
887.070000000 7.000000000 0.114668496000
875.570000000 7.200000000 -0.050748590400
872.320000000 10.000000000 -0.018898090300
884.570000000 7.400000000 0.018085658600
874.320000000 7.000000000 0.029972521600
880.070000000 8.600000000 0.080038458100
873.820000000 9.600000000 -0.064234837900
876.820000000 7.200000000 -0.067859806100
873.570000000 9.800000000 -0.077202357400
882.070000000 9.000000000 0.059783257500
873.820000000 9.800000000 -0.070183642200
882.820000000 7.400000000 -0.077234938700
871.570000000 8.800000000 -0.012247907900
889.070000000 9.400000000 -0.010025036500
880.570000000 6.800000000 0.087581105500
879.820000000 9.400000000 0.062491811800
882.070000000 9.200000000 0.096721224500
888.070000000 6.200000000 0.079410612600
872.570000000 7.200000000 0.083716534100
884.820000000 6.000000000 -0.062838867300
889.320000000 7.000000000 -0.076069288000
874.070000000 7.400000000 -0.029626095700
873.320000000 8.800000000 -0.033495519300
871.820000000 9.800000000 0.014499384900
878.820000000 10.000000000 -0.031864568600
878.070000000 8.000000000 -0.055740106900
888.070000000 9.600000000 -0.055275809000
875.320000000 7.200000000 -0.023101083900
871.070000000 7.800000000 -0.065736666300
872.070000000 10.000000000 -0.005777540200
876.570000000 9.200000000 -0.003652738400
875.070000000 6.400000000 0.049536347400
873.320000000 9.800000000 -0.076530091500
887.570000000 9.800000000 0.016963336600
877.820000000 10.000000000 -0.068325102300
882.820000000 7.200000000 0.038042757700
871.070000000 9.600000000 -0.076424621000
889.570000000 6.600000000 -0.060961339600
888.070000000 6.600000000 0.018744841200
870.570000000 9.200000000 -0.062377579500
874.570000000 6.400000000 -0.007933276700
874.570000000 7.600000000 0.011253120400
876.320000000 9.000000000 -0.038795560600
872.570000000 9.800000000 -0.045506745600
874.570000000 9.200000000 -0.007131746000
881.820000000 9.200000000 0.079770386200
873.070000000 6.200000000 -0.041626013800
881.570000000 9.200000000 0.054952558100
876.570000000 9.000000000 -0.001393211500
873.320000000 9.600000000 0.085076436400
881.820000000 8.800000000 0.016880696600
874.070000000 9.800000000 -0.054994188200
881.570000000 8.800000000 -0.008890927800
871.570000000 9.600000000 0.041047405500
886.820000000 6.200000000 -0.046497512600
886.070000000 7.000000000 0.004679310100
872.820000000 6.200000000 -0.059095751500
887.820000000 6.800000000 0.076202549000
877.570000000 9.200000000 -0.065807856600
889.070000000 9.200000000 0.001368586300
888.070000000 8.800000000 -0.042149581000
875.320000000 6.400000000 0.019926937300
876.070000000 9.000000000 -0.010861287800
876.320000000 6.600000000 0.032492011800
873.070000000 9.800000000 -0.070228874700
887.570000000 7.000000000 0.106495797600
872.820000000 7.400000000 0.082753837100
875.820000000 7.200000000 -0.071561172600
886.320000000 6.800000000 -0.013827763500
876.820000000 6.000000000 0.038674105000
877.570000000 9.400000000 -0.030254896700
882.570000000 8.800000000 0.099461227700
872.820000000 9.800000000 -0.059957355300
870.320000000 9.000000000 -0.024004001200
877.320000000 7.600000000 -0.021086633200
883.070000000 10.000000000 0.075089104500
887.320000000 7.000000000 0.118600770800
873.570000000 8.800000000 -0.013903051600
888.570000000 6.800000000 -0.040896404500
877.820000000 7.400000000 -0.034349445300
874.070000000 7.200000000 -0.019249623600
873.820000000 8.800000000 -0.057760570200
870.820000000 9.200000000 -0.076979063500
881.320000000 9.200000000 0.028902823100
871.070000000 9.200000000 0.056371599400
873.070000000 10.000000000 -0.070269800700
883.570000000 10.000000000 0.007239988500
873.070000000 9.600000000 0.086429461800
871.320000000 7.800000000 -0.036112435200
883.820000000 10.000000000 -0.026930941300
887.070000000 6.600000000 0.044083666100
882.320000000 8.600000000 -0.028312023700
877.820000000 9.800000000 -0.069839574400
875.820000000 8.400000000 -0.057511955500
871.320000000 8.800000000 0.006803826400
873.820000000 7.800000000 0.050307195600
872.320000000 7.000000000 0.072226375300
873.070000000 7.200000000 0.072752811000
889.070000000 7.000000000 -0.063540987700
878.070000000 9.200000000 -0.084498308600
874.570000000 9.400000000 -0.073587298400
876.320000000 8.400000000 -0.020737094800
882.070000000 8.400000000 0.000627729900
883.320000000 10.000000000 0.044519726200
874.070000000 7.000000000 0.009276720700
873.070000000 8.800000000 -0.086289621900
874.070000000 9.600000000 -0.051748063400
880.820000000 7.000000000 0.088757842800
884.820000000 7.000000000 -0.057749755700
888.820000000 8.800000000 -0.036922276000
877.570000000 7.400000000 0.016362685700
877.820000000 9.400000000 -0.051529198900
888.320000000 6.200000000 0.093124128900
886.070000000 6.800000000 -0.048644397400
877.820000000 9.600000000 -0.073196120600
872.570000000 6.200000000 -0.073172673600
879.320000000 9.000000000 0.009012790400
873.570000000 7.000000000 -0.025932973300
872.320000000 7.600000000 0.061568010600
887.820000000 6.600000000 0.045372955500
887.570000000 9.400000000 0.002444692000
873.320000000 10.000000000 -0.075645729900
876.070000000 8.400000000 -0.035973493000
875.320000000 9.600000000 -0.081189595200
873.820000000 7.000000000 -0.006429147000
877.070000000 9.400000000 -0.053217556300
875.570000000 6.400000000 0.082511179100
887.070000000 6.400000000 0.020032152500
873.320000000 6.200000000 -0.021952146700
885.820000000 7.000000000 0.027899416200
875.070000000 7.200000000 -0.024548675900
872.320000000 6.200000000 -0.079102806700
878.070000000 7.800000000 -0.046078752700
871.070000000 8.800000000 0.047632962500
877.570000000 9.800000000 -0.070474617200
881.320000000 10.000000000 -0.080660291000
886.570000000 6.800000000 0.027901778000
872.070000000 8.400000000 -0.027102649200
877.320000000 9.800000000 -0.069644317000
888.320000000 6.600000000 -0.016014250000
875.070000000 9.600000000 -0.057286270000
877.320000000 9.400000000 -0.016313441100
874.320000000 9.800000000 0.032748289400
876.070000000 6.400000000 0.072901547000
871.820000000 10.000000000 0.024278100600
877.570000000 9.600000000 -0.033674497200
882.320000000 7.200000000 0.001363451900
873.320000000 7.000000000 -0.045790556800
876.820000000 9.400000000 -0.033675186300
887.320000000 9.600000000 0.012859384500
872.820000000 7.200000000 0.082943342600
875.570000000 9.600000000 -0.090720154300
873.320000000 7.600000000 0.030895274100
876.570000000 8.400000000 -0.018370876100
874.820000000 9.000000000 0.023071238800
887.070000000 6.200000000 -0.037936199500
881.320000000 9.000000000 0.019077170600
879.320000000 9.800000000 -0.002444737400
875.820000000 6.400000000 0.076609090000
873.070000000 7.600000000 0.065003499400
884.320000000 7.200000000 0.024998130300
877.570000000 8.000000000 0.022117603600
883.070000000 7.200000000 0.069423772400
877.070000000 9.800000000 -0.062896326200
882.070000000 8.800000000 0.050941787700
870.320000000 6.000000000 0.035155046700
876.320000000 8.800000000 -0.050024598800
876.570000000 8.800000000 0.003340189300
882.320000000 9.800000000 0.082530260100
876.820000000 9.800000000 -0.012482993300
871.320000000 9.600000000 -0.071027949500
884.070000000 7.200000000 0.062316864700
873.570000000 7.600000000 -0.008212733100
874.820000000 7.200000000 0.004861291500
877.820000000 8.000000000 -0.035133287300
882.070000000 9.800000000 0.008556607200
871.570000000 9.800000000 0.041964642700
880.820000000 6.800000000 -0.060311868800
875.820000000 9.600000000 -0.084145493800
876.070000000 8.800000000 -0.029972609100
870.820000000 8.800000000 0.026947254300
879.820000000 9.200000000 0.056450869900
873.820000000 8.200000000 0.063217498400
874.820000000 9.600000000 -0.026437696100
875.070000000 8.600000000 0.025830192500
877.820000000 9.200000000 -0.069135926700
882.320000000 8.800000000 0.081770435000
884.070000000 10.000000000 -0.050841484200
887.570000000 6.800000000 0.094839416400
875.320000000 8.600000000 -0.013909013900
888.820000000 9.400000000 0.069366090000
888.570000000 6.200000000 0.103199213700
874.820000000 8.800000000 0.031907141200
871.570000000 7.800000000 -0.009918479200
879.820000000 9.600000000 0.056981399700
877.320000000 9.600000000 -0.016467152200
881.820000000 9.800000000 -0.030902499300
880.820000000 9.400000000 -0.009725823100
880.820000000 9.600000000 -0.003278174200
883.820000000 7.200000000 0.090253211600
873.070000000 7.000000000 -0.063406609000
881.070000000 9.200000000 0.007568521000
872.820000000 7.600000000 0.083575487100
875.820000000 9.000000000 0.010598058800
876.070000000 9.600000000 -0.065812028900
890.070000000 6.400000000 -0.090182542800
872.320000000 8.400000000 -0.041511762900
871.820000000 8.400000000 -0.006957650200
888.570000000 9.400000000 0.036432262500
875.070000000 9.400000000 -0.033270340400
870.320000000 8.400000000 0.021636759900
888.570000000 8.800000000 -0.006352820900
875.320000000 9.400000000 -0.004142832000
872.820000000 7.000000000 -0.028725985400
873.820000000 8.400000000 -0.024066044000
875.320000000 8.800000000 -0.008833826500
873.570000000 8.400000000 -0.046656817200
883.320000000 7.200000000 0.093664206600
870.570000000 8.800000000 0.000685804800
889.320000000 6.800000000 -0.046356171400
883.570000000 7.200000000 0.101609945300
876.570000000 9.400000000 -0.011185934800
874.070000000 8.400000000 0.060159832200
875.320000000 6.000000000 0.025213915900
888.820000000 9.200000000 -0.018107390000
888.570000000 6.000000000 0.093974836200
870.320000000 8.200000000 0.022002134500
881.070000000 7.000000000 0.077375911200
881.320000000 9.800000000 0.048454474700
874.320000000 7.400000000 -0.058946289100
884.570000000 7.200000000 -0.011721493700
873.820000000 7.600000000 -0.041101664300
884.320000000 7.400000000 -0.003966797600
881.570000000 9.800000000 0.074990712100
876.320000000 9.600000000 -0.043006468600
884.320000000 10.000000000 -0.082951135900
872.570000000 7.000000000 -0.041972350300
874.320000000 9.600000000 -0.032875776300
881.070000000 9.000000000 0.035736989200
888.320000000 9.400000000 0.001880750900
888.820000000 6.800000000 -0.071962371500
874.320000000 7.600000000 0.018402738500
875.570000000 9.400000000 0.001251856800
876.320000000 8.600000000 -0.029329488100
876.320000000 6.200000000 0.051902476700
876.570000000 8.600000000 -0.027717566100
886.820000000 6.800000000 0.063972681800
873.820000000 8.600000000 -0.032880377000
873.570000000 6.200000000 -0.029290998400
874.570000000 9.600000000 -0.015939280400
870.570000000 6.000000000 0.011405812600
880.570000000 8.400000000 0.084833703900
881.070000000 9.800000000 0.024189626800
881.320000000 8.800000000 0.014736125200
889.820000000 6.400000000 -0.066839359700
877.570000000 7.600000000 0.001513125800
889.320000000 6.600000000 -0.022819867400
875.570000000 8.600000000 -0.051204461600
888.070000000 9.200000000 -0.041390527000
889.570000000 6.400000000 -0.031460907300
874.820000000 9.400000000 -0.058438189300
881.570000000 8.400000000 0.028109246900
875.820000000 9.400000000 0.026780881000
875.070000000 8.800000000 0.017921717800
888.820000000 6.200000000 0.090645454800
872.570000000 7.600000000 0.081819154300
875.570000000 6.000000000 0.045464053800
875.070000000 6.000000000 0.003331628400
874.820000000 8.600000000 0.056983728000
875.570000000 8.800000000 -0.036922782700
887.820000000 9.600000000 -0.053534872800
874.820000000 6.000000000 0.020415201800
877.070000000 9.600000000 -0.042838253100
882.070000000 8.600000000 -0.015964664500
881.320000000 8.400000000 0.039277289100
875.320000000 6.200000000 0.016018820900
885.820000000 6.800000000 -0.068505153100
874.820000000 6.200000000 0.015127886100
872.320000000 8.600000000 -0.024007046600
888.570000000 6.600000000 -0.054090913400
873.820000000 6.200000000 -0.054702647000
872.070000000 8.600000000 -0.009358475000
887.570000000 9.600000000 -0.021440440800
885.070000000 7.200000000 0.054412871600
885.570000000 7.000000000 0.019769327700
881.320000000 7.000000000 0.058578793000
873.570000000 8.600000000 -0.054570268800
889.570000000 6.200000000 -0.023176144800
874.570000000 6.000000000 -0.017838046000
877.820000000 7.600000000 -0.032493647200
874.820000000 9.200000000 0.010115160600
875.820000000 8.800000000 -0.012472793500
876.320000000 9.400000000 0.009635932700
875.070000000 6.200000000 -0.012289133900
876.070000000 8.600000000 0.028652360700
881.820000000 8.400000000 0.015218863300
874.070000000 8.600000000 -0.006568431400
871.070000000 6.000000000 0.014198633800
889.320000000 6.200000000 0.016271870600
888.320000000 8.800000000 0.018815264100
873.570000000 8.000000000 0.062085915400
875.820000000 8.600000000 -0.037684910000
880.070000000 8.800000000 0.073717214200
877.820000000 7.800000000 -0.026409864400
873.320000000 8.400000000 -0.060203146200
887.320000000 6.800000000 0.098426081200
876.070000000 9.400000000 0.022734977300
873.070000000 6.000000000 0.030968913800
873.570000000 7.800000000 0.058509040600
873.320000000 8.600000000 -0.031376276200
887.570000000 6.600000000 0.063192538900
889.070000000 6.200000000 0.060635477300
887.070000000 6.800000000 0.102126084300
870.570000000 8.200000000 -0.001566003500
871.320000000 6.000000000 -0.012056264100
888.070000000 9.400000000 -0.026868090000
870.570000000 8.400000000 -0.010190966500
876.320000000 9.200000000 -0.021461380600
880.570000000 9.800000000 0.017201419900
879.070000000 10.000000000 -0.011700915200
885.070000000 6.800000000 -0.067228168200
874.570000000 7.200000000 0.027971342200
880.070000000 9.400000000 0.070394016800
871.570000000 10.000000000 0.048334538900
879.570000000 9.800000000 0.024504946500
881.070000000 10.000000000 -0.077133245800
881.570000000 7.000000000 0.039439670700
871.570000000 8.600000000 -0.025995366300
881.070000000 8.400000000 0.063302882000
873.320000000 6.000000000 -0.001451788400
889.320000000 6.400000000 0.004635253000
889.820000000 6.200000000 -0.055697284600
880.820000000 9.800000000 -0.016365004700
876.570000000 9.600000000 -0.022259319200
874.320000000 8.600000000 -0.029732933300
871.820000000 8.600000000 -0.036872800400
872.820000000 6.000000000 0.053768321900
879.570000000 9.000000000 0.008595218900
874.320000000 7.200000000 0.023659059800
870.820000000 6.000000000 0.044680774200
870.820000000 9.800000000 0.021676957600
876.070000000 9.200000000 0.004397611100
870.570000000 9.800000000 0.046056844300
881.820000000 7.000000000 0.028108593100
887.820000000 9.400000000 -0.028075635400
881.070000000 8.800000000 0.014249957200
874.570000000 6.200000000 -0.003642040500
879.820000000 9.000000000 0.041438520000
876.570000000 6.000000000 0.064095936700
880.820000000 8.400000000 0.078857675200
887.820000000 6.400000000 0.010986712800
873.570000000 6.000000000 -0.034837041100
874.570000000 8.600000000 -0.007123583500
877.570000000 7.800000000 0.025885850200
875.570000000 6.200000000 0.042284540800
873.070000000 8.600000000 -0.049062758700
888.320000000 9.000000000 -0.063420131800
880.320000000 9.800000000 0.042725335800
874.070000000 6.200000000 -0.065119080200
888.820000000 6.000000000 0.086754366800
875.820000000 6.000000000 0.059972733300
888.070000000 6.400000000 -0.009312221800
872.570000000 8.400000000 -0.051821965700
880.070000000 9.600000000 0.071145907000
871.320000000 9.800000000 0.058134336000
870.570000000 10.000000000 0.036820620300
880.320000000 8.600000000 0.054652195400
874.070000000 7.600000000 -0.059980318000
880.320000000 9.600000000 0.045201722500
871.570000000 8.400000000 0.018417604300
880.820000000 9.000000000 0.048995483700
889.070000000 6.000000000 0.055084735200
871.820000000 7.800000000 0.013908284700
870.320000000 9.800000000 0.020140420600
889.320000000 6.000000000 0.011691875800
875.070000000 9.000000000 0.046415358800
880.570000000 9.600000000 0.020014707000
880.570000000 9.400000000 0.030673787000
870.320000000 10.000000000 0.052812483200
883.070000000 7.400000000 -0.064632318900
872.570000000 8.600000000 -0.037522718300
889.570000000 6.000000000 0.005070220700
875.070000000 9.200000000 -0.020421661400
873.820000000 6.000000000 -0.058316137600
880.320000000 9.400000000 0.054935310000
888.820000000 6.600000000 -0.086091287400
880.070000000 9.000000000 0.066627129900
872.570000000 8.000000000 0.044538416000
880.320000000 8.800000000 0.080944843600
872.820000000 8.000000000 0.059893343600
874.320000000 6.000000000 -0.045053612400
876.070000000 6.200000000 0.063129492100
873.070000000 8.400000000 -0.063097596200
870.320000000 8.600000000 0.006808503100
889.820000000 6.000000000 -0.026896270000
871.070000000 9.800000000 -0.004659776600
880.070000000 9.200000000 0.068783424800
871.570000000 6.000000000 -0.028628462900
876.070000000 6.000000000 0.064533822200
887.570000000 6.400000000 -0.004581165000
884.070000000 7.400000000 -0.024405524100
870.320000000 8.800000000 -0.018579995300
875.820000000 6.200000000 0.059607517000
876.320000000 6.000000000 0.057345420100
885.570000000 6.800000000 -0.091342829200
880.070000000 9.800000000 0.055743299400
883.570000000 7.400000000 0.001447914300
890.070000000 6.200000000 -0.092787757500
889.070000000 6.800000000 -0.084744006400
884.820000000 7.200000000 0.045452751200
880.570000000 10.000000000 0.007061091700
875.320000000 9.200000000 0.007726775900
873.320000000 8.000000000 0.070176266100
870.820000000 10.000000000 0.017294263500
881.570000000 8.600000000 0.049083266400
872.820000000 8.400000000 -0.056946981700
880.820000000 8.800000000 0.043207846600
880.820000000 10.000000000 -0.057221639900
889.070000000 6.400000000 0.062047213300
887.320000000 6.600000000 0.059023488300
883.320000000 7.400000000 -0.032444316900
871.320000000 8.600000000 -0.009868040700
880.320000000 10.000000000 0.034635935000
885.320000000 6.800000000 -0.072310335900
873.070000000 8.000000000 0.068950131500
880.570000000 8.600000000 0.073089741200
874.320000000 6.200000000 0.024069769300
872.820000000 8.600000000 -0.058220617500
887.320000000 6.400000000 0.040137499600
875.820000000 9.200000000 -0.003114236500
888.820000000 9.000000000 0.074547417500
888.320000000 6.400000000 0.078703776000
876.820000000 9.600000000 -0.033224616200
881.820000000 8.600000000 0.029360069000
875.320000000 9.000000000 -0.014669633500
880.570000000 8.800000000 0.068825371600
879.820000000 9.800000000 0.074677132100
880.820000000 9.200000000 -0.005766735900
883.820000000 7.400000000 0.025160726200
873.320000000 7.800000000 0.060593560300
889.070000000 6.600000000 -0.101132735600
881.320000000 8.600000000 0.066906392600
880.320000000 9.000000000 0.076982140500
872.570000000 6.000000000 0.062133971600
888.820000000 6.400000000 0.084803439700
870.820000000 8.400000000 -0.035130657300
888.570000000 6.400000000 0.090919040100
880.570000000 9.000000000 0.059655994200
885.070000000 7.000000000 -0.060984253900
880.570000000 9.200000000 0.040804952400
875.570000000 9.000000000 0.020025853100
871.070000000 10.000000000 0.004330593600
873.570000000 8.200000000 -0.032745536400
872.320000000 8.000000000 0.024460053100
875.570000000 9.200000000 0.010940226700
872.070000000 8.200000000 -0.041037429100
880.320000000 9.200000000 0.057599343400
871.820000000 8.200000000 -0.023336337900
880.820000000 8.600000000 0.081895001200
888.320000000 9.200000000 -0.062748149000
874.070000000 6.000000000 -0.063186943500
881.070000000 8.600000000 0.079221561600
870.320000000 8.000000000 0.020643821000
872.820000000 8.200000000 -0.011808498800
873.070000000 7.800000000 -0.066152304400
872.570000000 7.800000000 0.037989057600
890.070000000 6.000000000 -0.048056259800
880.070000000 10.000000000 0.049899917100
873.070000000 8.200000000 0.013841679300
872.820000000 7.800000000 0.052533913400
870.820000000 8.200000000 -0.020561249900
870.820000000 8.000000000 -0.041802607500
871.320000000 8.400000000 0.044145017900
870.570000000 8.600000000 -0.019571201900
888.570000000 9.200000000 0.039792466900
871.070000000 8.000000000 -0.042695220600
885.320000000 7.000000000 0.018852703300
888.570000000 9.000000000 -0.071800611900
872.570000000 8.200000000 -0.035849694200
871.320000000 10.000000000 -0.015781350400
872.070000000 7.800000000 0.033384263500
873.320000000 8.200000000 -0.044678431000
870.570000000 8.000000000 -0.063190706100
879.820000000 10.000000000 0.051126897300
871.820000000 6.000000000 -0.036840241400
872.070000000 8.000000000 -0.057701982600
879.320000000 10.000000000 0.013411416700
871.320000000 8.000000000 -0.044847477200
872.320000000 7.800000000 -0.027058953400
871.570000000 8.200000000 0.000855742700
872.320000000 8.200000000 -0.050145968800
879.570000000 10.000000000 0.039563715500
871.070000000 8.600000000 0.012029706500
871.820000000 8.000000000 -0.056801118000
871.070000000 8.200000000 -0.036410082100
871.570000000 8.000000000 -0.050439428500
871.070000000 8.400000000 0.062395967500
870.820000000 8.600000000 0.013275433300
871.320000000 8.200000000 -0.042309213400
872.320000000 6.000000000 0.055421043200
872.070000000 6.000000000 -0.047557890400
