957.810000000 8.000000000 0.787527680400
957.560000000 8.000000000 0.782702028800
958.060000000 8.000000000 0.744102120400
957.310000000 8.000000000 0.725764632200
958.310000000 8.000000000 0.661059320000
957.060000000 8.000000000 0.620852768400
957.560000000 8.200000000 0.770265460000
957.810000000 8.200000000 0.776272475700
956.810000000 8.000000000 0.480186313400
958.060000000 8.200000000 0.733393013500
957.310000000 8.200000000 0.712957978200
958.560000000 8.000000000 0.547125160700
958.310000000 8.200000000 0.649813652000
957.060000000 8.200000000 0.609501540700
958.560000000 8.200000000 0.536494255100
956.560000000 8.000000000 0.320456594200
958.810000000 8.000000000 0.409119516600
956.810000000 8.200000000 0.472441196400
958.810000000 8.200000000 0.403559267500
957.060000000 7.800000000 0.610173761800
957.310000000 7.800000000 0.704850852500
957.560000000 7.800000000 0.752578437300
956.810000000 7.800000000 0.476772844800
957.810000000 7.800000000 0.753986060600
958.060000000 7.800000000 0.715103149400
956.310000000 8.000000000 0.172876894500
956.560000000 8.200000000 0.318691074800
958.310000000 7.800000000 0.641352713100
956.560000000 7.800000000 0.320133388000
959.060000000 8.000000000 0.253959685600
959.060000000 8.200000000 0.259010464000
954.060000000 7.800000000 -0.314863473200
958.560000000 7.800000000 0.534883260700
961.560000000 8.000000000 -0.377642154700
953.810000000 7.800000000 -0.255344092800
954.060000000 8.000000000 -0.306705474900
954.310000000 8.000000000 -0.361779213000
957.810000000 8.400000000 0.721543669700
957.560000000 8.400000000 0.716238975500
958.060000000 8.400000000 0.685537099800
954.310000000 7.800000000 -0.364955723300
961.810000000 8.000000000 -0.358057677700
957.310000000 8.400000000 0.666987419100
958.310000000 8.400000000 0.613789677600
961.310000000 8.000000000 -0.385105907900
953.810000000 7.600000000 -0.264510959400
961.810000000 7.800000000 -0.346390008900
956.060000000 8.000000000 0.019553680000
961.560000000 7.800000000 -0.376176625500
953.810000000 8.000000000 -0.246376141900
957.060000000 8.400000000 0.576823949800
956.310000000 7.800000000 0.169521331800
958.810000000 7.800000000 0.397961467500
961.560000000 8.200000000 -0.370411276800
956.310000000 8.200000000 0.164058595900
958.560000000 8.400000000 0.513372957700
954.560000000 8.000000000 -0.398219198000
961.310000000 8.200000000 -0.372449398000
954.060000000 7.600000000 -0.317066341600
953.560000000 7.800000000 -0.196577355300
962.060000000 7.800000000 -0.307119011900
953.560000000 7.600000000 -0.205204486800
959.310000000 8.000000000 0.092167325300
962.060000000 8.000000000 -0.326052278300
959.310000000 8.200000000 0.110581293700
956.810000000 8.400000000 0.455478072200
961.810000000 8.200000000 -0.359640002300
954.560000000 7.800000000 -0.393917232800
958.810000000 8.400000000 0.392844617400
961.310000000 7.800000000 -0.390976756800
961.060000000 8.000000000 -0.382926821700
954.810000000 8.000000000 -0.404098361700
953.560000000 8.000000000 -0.191045433300
955.810000000 8.000000000 -0.087209530200
961.060000000 8.200000000 -0.370643943500
956.060000000 7.800000000 0.015930552000
962.310000000 7.800000000 -0.262859731900
959.060000000 7.800000000 0.238889530300
961.810000000 7.600000000 -0.330711215700
954.060000000 8.200000000 -0.308131963000
957.060000000 7.600000000 0.574629545200
954.310000000 7.600000000 -0.353729099000
956.060000000 8.200000000 0.032090436700
957.310000000 7.600000000 0.652641952000
962.060000000 7.600000000 -0.289866417600
953.560000000 7.400000000 -0.210822939900
959.060000000 8.400000000 0.261506378700
956.560000000 8.400000000 0.316931009300
953.810000000 7.400000000 -0.265464305900
962.060000000 8.200000000 -0.335974842300
962.310000000 8.000000000 -0.293703526300
956.810000000 7.600000000 0.457992345100
953.810000000 8.200000000 -0.253129631300
953.310000000 7.600000000 -0.148817673300
954.310000000 8.200000000 -0.355168014800
955.560000000 8.000000000 -0.208722800000
955.060000000 8.000000000 -0.354379266500
957.560000000 7.600000000 0.688939392600
954.810000000 7.800000000 -0.393830806000
961.560000000 7.600000000 -0.362211346600
953.310000000 7.800000000 -0.143958330200
961.560000000 8.400000000 -0.355476588000
955.310000000 8.000000000 -0.276585400100
957.810000000 7.600000000 0.687328398200
959.560000000 8.000000000 -0.060673885000
962.310000000 7.600000000 -0.245454102800
961.060000000 7.800000000 -0.388651579600
959.560000000 8.200000000 -0.032094888400
955.810000000 7.800000000 -0.091343455000
961.310000000 8.400000000 -0.359614253000
960.810000000 8.000000000 -0.374089002600
962.560000000 7.800000000 -0.214620769000
961.810000000 8.400000000 -0.346422672300
962.310000000 8.200000000 -0.306331574900
956.560000000 7.600000000 0.315757215000
965.310000000 7.800000000 0.331172913300
962.560000000 8.000000000 -0.240843474900
958.060000000 7.600000000 0.652364671200
953.310000000 7.400000000 -0.154592648100
965.060000000 7.800000000 0.343402475100
965.560000000 7.800000000 0.299708873000
960.810000000 8.200000000 -0.366315692700
954.060000000 7.400000000 -0.309940189100
954.560000000 8.200000000 -0.377863049500
953.560000000 8.200000000 -0.196208015100
958.310000000 7.600000000 0.585539042900
957.810000000 8.600000000 0.639686107600
964.810000000 7.800000000 0.332763105600
958.060000000 8.600000000 0.613734901000
957.560000000 8.600000000 0.633506178900
955.060000000 7.800000000 -0.362390846000
953.310000000 8.000000000 -0.145515173700
959.310000000 7.800000000 0.075050890400
959.310000000 8.400000000 0.128501549400
955.560000000 7.800000000 -0.208892211300
958.310000000 8.600000000 0.558894693900
964.560000000 7.800000000 0.298604756600
965.560000000 7.600000000 0.281546115900
956.310000000 8.400000000 0.174570515800
955.810000000 8.200000000 -0.099054537700
957.310000000 8.600000000 0.594031930000
962.810000000 8.000000000 -0.178999483600
965.810000000 7.800000000 0.255797117900
962.560000000 7.600000000 -0.199011519600
958.560000000 7.600000000 0.486511498700
962.060000000 8.400000000 -0.339441716700
965.310000000 7.600000000 0.311996132100
964.310000000 7.800000000 0.244494140100
961.310000000 7.600000000 -0.377416521300
962.560000000 8.200000000 -0.250767529000
955.310000000 7.800000000 -0.300214141600
965.060000000 8.000000000 0.339664757300
954.560000000 7.600000000 -0.368334889400
965.810000000 7.600000000 0.243237435800
965.310000000 8.000000000 0.328350603600
964.810000000 8.000000000 0.327467918400
961.060000000 8.400000000 -0.359054178000
964.560000000 8.000000000 0.292121708400
962.810000000 7.800000000 -0.172240093400
964.060000000 7.800000000 0.177534803700
964.310000000 8.000000000 0.238152638100
958.560000000 8.600000000 0.479242801700
964.060000000 8.000000000 0.172010123700
956.310000000 7.600000000 0.166446268600
957.060000000 8.600000000 0.523393929000
963.810000000 8.000000000 0.100383259400
963.060000000 8.000000000 -0.111987188500
965.060000000 7.600000000 0.325732678200
965.560000000 8.000000000 0.297636926200
959.810000000 8.000000000 -0.187559470500
954.810000000 8.200000000 -0.382444977800
963.810000000 7.800000000 0.104948349300
963.560000000 8.000000000 0.028234614100
960.560000000 8.000000000 -0.358760297300
963.310000000 8.000000000 -0.042615953800
959.810000000 8.200000000 -0.157676592500
953.060000000 7.600000000 -0.095609389200
958.810000000 7.600000000 0.358636677300
963.060000000 7.800000000 -0.108489237700
960.560000000 8.200000000 -0.353403121200
962.310000000 8.400000000 -0.306440144800
960.810000000 7.800000000 -0.372119069100
955.560000000 8.200000000 -0.184584900700
963.560000000 7.800000000 0.031700391300
964.810000000 7.600000000 0.318752437800
962.810000000 8.200000000 -0.185089722300
953.560000000 7.200000000 -0.218144789300
962.060000000 7.400000000 -0.275018870800
958.810000000 8.600000000 0.379428297300
963.310000000 7.800000000 -0.039763424500
966.060000000 7.600000000 0.208557233200
956.810000000 8.600000000 0.426508098800
953.310000000 8.200000000 -0.158255785700
962.810000000 7.600000000 -0.148535504900
953.060000000 7.400000000 -0.102881915900
965.810000000 8.000000000 0.254591047800
966.060000000 7.800000000 0.209442511200
954.310000000 7.400000000 -0.331737965300
953.060000000 7.800000000 -0.099560283100
965.810000000 7.400000000 0.227738738100
961.810000000 7.400000000 -0.309478521300
964.560000000 7.600000000 0.290624469500
955.060000000 8.200000000 -0.330378890000
962.310000000 7.400000000 -0.231445148600
953.310000000 7.200000000 -0.171305537200
965.560000000 7.400000000 0.250387907000
955.310000000 8.200000000 -0.251349180900
959.560000000 8.400000000 0.002304253400
959.560000000 7.800000000 -0.071577280800
960.060000000 8.000000000 -0.277298718700
960.310000000 8.000000000 -0.330654084700
953.810000000 8.400000000 -0.250949353000
953.810000000 7.200000000 -0.257136553500
960.810000000 8.400000000 -0.349714934800
963.060000000 8.200000000 -0.114486351600
956.060000000 7.600000000 0.026376539800
964.310000000 7.600000000 0.243662938500
956.060000000 8.400000000 0.038257766500
960.060000000 8.200000000 -0.255571544200
966.060000000 7.400000000 0.211857870200
961.810000000 8.600000000 -0.324948638700
960.310000000 8.200000000 -0.319977313300
961.560000000 8.600000000 -0.334412843000
953.560000000 8.400000000 -0.212952524400
965.310000000 7.400000000 0.272655367900
954.060000000 8.400000000 -0.279909223300
962.560000000 8.400000000 -0.256153315300
954.810000000 7.600000000 -0.361444264700
959.060000000 8.600000000 0.265896618400
961.060000000 7.600000000 -0.372845619900
964.060000000 7.600000000 0.182753771500
959.060000000 7.600000000 0.213258326100
963.310000000 8.200000000 -0.042551815500
962.560000000 7.400000000 -0.175674945100
953.060000000 8.000000000 -0.106070585500
956.560000000 8.600000000 0.310600668200
963.060000000 7.600000000 -0.091711938400
963.560000000 8.200000000 0.028871811900
962.060000000 8.600000000 -0.312574416400
963.810000000 8.200000000 0.098141044400
964.060000000 8.200000000 0.163137346500
961.560000000 7.400000000 -0.331869632000
961.310000000 8.600000000 -0.340269237800
964.310000000 8.200000000 0.221763268100
963.810000000 7.600000000 0.113671906300
966.060000000 8.000000000 0.207641825100
957.310000000 7.400000000 0.577449202500
957.060000000 7.400000000 0.517042815700
964.560000000 8.200000000 0.270567745000
965.060000000 7.400000000 0.283864766400
965.060000000 8.200000000 0.315747052400
964.810000000 8.200000000 0.303696155500
960.560000000 7.800000000 -0.346001207800
965.310000000 8.200000000 0.305475145600
966.310000000 7.600000000 0.185346171300
953.060000000 7.200000000 -0.116676315700
953.310000000 8.400000000 -0.178805157500
957.560000000 7.400000000 0.603569209600
955.810000000 7.600000000 -0.097291983700
954.310000000 8.400000000 -0.312875211200
959.810000000 8.400000000 -0.110032700000
965.810000000 7.200000000 0.217151552400
963.310000000 7.600000000 -0.028037667300
966.310000000 7.400000000 0.204855263200
963.560000000 7.600000000 0.040863294200
959.810000000 7.800000000 -0.184708774100
956.810000000 7.400000000 0.424477905000
960.560000000 8.400000000 -0.323927015100
966.060000000 7.200000000 0.219311848300
965.560000000 8.200000000 0.277151852800
962.810000000 8.400000000 -0.191590055800
957.810000000 8.800000000 0.548462927300
958.060000000 8.800000000 0.532966792600
954.060000000 7.200000000 -0.285109639200
965.560000000 7.200000000 0.218158870900
966.310000000 7.800000000 0.170727059200
957.560000000 8.800000000 0.540183305700
962.810000000 7.400000000 -0.118342362300
957.810000000 7.400000000 0.596954107300
964.810000000 7.400000000 0.285992711800
959.310000000 8.600000000 0.148286625700
955.060000000 7.600000000 -0.325692147000
962.310000000 8.600000000 -0.292657047500
953.060000000 8.200000000 -0.123870797500
958.310000000 8.800000000 0.494278550100
954.560000000 7.400000000 -0.336392641100
957.310000000 8.800000000 0.508877813800
955.810000000 8.400000000 -0.073158167300
955.560000000 7.600000000 -0.178705379400
961.060000000 8.600000000 -0.335437804500
966.310000000 7.200000000 0.221438869800
958.060000000 7.400000000 0.559614002700
960.310000000 7.800000000 -0.311296105400
965.810000000 8.200000000 0.239073291400
952.810000000 7.600000000 -0.052219148700
956.560000000 7.400000000 0.308141440200
956.310000000 8.600000000 0.185323819500
959.310000000 7.600000000 0.068808801500
960.060000000 8.400000000 -0.203678682400
960.060000000 7.800000000 -0.261544704400
965.310000000 7.200000000 0.225280523300
960.310000000 8.400000000 -0.275629758800
955.310000000 7.600000000 -0.264159709200
952.810000000 7.400000000 -0.053933404400
958.560000000 8.800000000 0.434539169100
964.560000000 7.400000000 0.272027492500
963.060000000 8.400000000 -0.118722751700
957.060000000 8.800000000 0.455864191100
954.560000000 8.400000000 -0.332491457500
958.310000000 7.400000000 0.493583142800
961.310000000 7.400000000 -0.338295221300
963.060000000 7.400000000 -0.059678021800
960.810000000 7.600000000 -0.350769370800
953.060000000 8.400000000 -0.155243560700
952.810000000 7.800000000 -0.067259669300
966.310000000 8.000000000 0.164793640400
964.310000000 7.400000000 0.238934293400
962.560000000 8.600000000 -0.253054797600
953.310000000 7.000000000 -0.176028654000
966.560000000 7.400000000 0.202287271600
965.810000000 7.000000000 0.208277836400
966.060000000 7.000000000 0.222766920900
959.560000000 8.600000000 0.037065140900
956.310000000 7.400000000 0.211034253200
965.060000000 7.200000000 0.237245366000
958.810000000 8.800000000 0.356800407200
953.560000000 7.000000000 -0.214636713300
963.310000000 8.400000000 -0.044224299500
953.560000000 8.600000000 -0.218064680700
966.560000000 7.200000000 0.219308659400
958.560000000 7.400000000 0.403019011000
953.310000000 8.600000000 -0.197756394700
964.060000000 7.400000000 0.187449410600
966.060000000 8.200000000 0.199672251900
966.560000000 7.600000000 0.173128560200
952.810000000 7.200000000 -0.087672255900
965.560000000 7.000000000 0.194096490700
956.810000000 8.800000000 0.382597148400
960.810000000 8.600000000 -0.312925100300
963.310000000 7.400000000 -0.013001549100
953.060000000 7.000000000 -0.131215691600
954.310000000 7.200000000 -0.299196064500
955.560000000 8.400000000 -0.108010463400
961.810000000 8.800000000 -0.304434120700
963.810000000 7.400000000 0.123374380200
952.810000000 8.000000000 -0.079666778400
966.310000000 7.000000000 0.230397582100
963.560000000 7.400000000 0.054660715200
953.810000000 8.600000000 -0.237835854300
955.310000000 8.400000000 0.345045805000
962.310000000 7.200000000 -0.216890186100
962.060000000 8.800000000 -0.293995350600
963.560000000 8.400000000 0.026719866300
954.810000000 7.400000000 -0.312572628300
954.810000000 8.400000000 -0.329467713800
962.060000000 7.200000000 -0.253406763100
953.060000000 8.600000000 -0.177692532500
961.560000000 8.800000000 -0.308375090400
959.560000000 7.600000000 -0.056394767000
956.060000000 8.600000000 0.062017660600
955.060000000 8.400000000 0.256575554600
966.560000000 7.800000000 0.145002543900
956.060000000 7.400000000 0.088005982300
962.560000000 7.200000000 -0.171687007000
962.810000000 8.600000000 -0.196192815900
964.810000000 7.200000000 0.248496949700
959.060000000 8.800000000 0.265366405200
955.810000000 8.600000000 0.445764720400
958.810000000 7.400000000 0.295973748000
963.810000000 8.400000000 0.091164276000
965.310000000 7.000000000 0.188155591500
955.560000000 8.600000000 0.384397447100
959.810000000 8.600000000 -0.060751058200
953.810000000 7.000000000 -0.243543326900
966.810000000 7.200000000 0.219231799200
955.310000000 8.600000000 0.312882751200
965.060000000 8.400000000 0.275009930100
965.310000000 8.400000000 0.267293810800
964.060000000 8.400000000 0.148192897400
952.810000000 8.200000000 -0.102883227200
966.560000000 7.000000000 0.227770119900
964.810000000 8.400000000 0.264540255100
962.310000000 8.800000000 -0.275384634700
964.310000000 8.400000000 0.197399616200
955.060000000 8.600000000 0.267525464300
962.810000000 7.200000000 -0.111428864300
964.560000000 8.400000000 0.237275913400
956.560000000 8.800000000 0.292141467300
960.560000000 8.600000000 -0.271340996000
952.810000000 8.400000000 -0.137353077500
960.560000000 7.600000000 -0.316980391700
965.560000000 8.400000000 0.245176017300
954.060000000 8.600000000 -0.251814216400
961.810000000 7.200000000 -0.276753306400
966.810000000 7.400000000 0.196699068000
961.310000000 8.800000000 -0.302945077400
957.810000000 9.000000000 0.460691392400
955.810000000 7.400000000 0.020005067800
954.810000000 8.600000000 0.174140289400
955.060000000 7.400000000 -0.197425559200
958.060000000 9.000000000 0.452390402600
961.060000000 7.400000000 -0.328318178700
952.810000000 7.000000000 -0.091353468600
957.560000000 9.000000000 0.451427966400
952.810000000 8.600000000 -0.159351378700
966.310000000 8.200000000 0.164193809000
967.060000000 7.200000000 0.200091615300
964.560000000 7.200000000 0.249595701700
960.060000000 8.600000000 -0.143815815400
955.560000000 7.400000000 -0.022809522200
963.060000000 7.200000000 -0.047391984600
955.310000000 7.400000000 -0.118077017400
958.310000000 9.000000000 0.425555825200
967.310000000 7.200000000 0.165397018200
965.810000000 6.800000000 0.197754606600
956.060000000 8.800000000 0.420182734700
960.310000000 8.600000000 -0.213937625300
955.810000000 8.800000000 0.412897497400
954.560000000 8.600000000 0.080349661400
965.810000000 8.400000000 0.216180592800
966.560000000 8.000000000 0.131876766700
959.310000000 8.800000000 0.167050287100
966.060000000 6.800000000 0.210800021900
956.310000000 8.800000000 0.399988919500
957.310000000 9.000000000 0.425967603900
963.060000000 8.600000000 -0.126934677400
965.060000000 7.000000000 0.194191858200
957.310000000 7.200000000 0.503618419200
959.810000000 7.600000000 -0.153120145200
966.810000000 7.000000000 0.214126244200
955.560000000 8.800000000 0.375952601400
954.560000000 7.200000000 -0.290738225000
957.060000000 7.200000000 0.468073666100
959.060000000 7.400000000 0.182979598600
957.560000000 7.200000000 0.509847700600
955.310000000 8.800000000 0.312535017700
962.560000000 8.800000000 -0.245109692200
956.810000000 7.200000000 0.443439602900
952.560000000 7.400000000 -0.015541647600
966.810000000 7.600000000 0.165399000000
965.560000000 6.800000000 0.179052025100
953.060000000 8.800000000 -0.187991902200
955.060000000 8.800000000 0.230785533800
963.310000000 7.200000000 0.017276056100
958.560000000 9.000000000 0.380836844400
952.560000000 7.200000000 -0.054462440300
952.560000000 7.600000000 -0.024030679800
957.810000000 7.200000000 0.484725505100
956.560000000 7.200000000 0.415602296600
964.310000000 7.200000000 0.231402590900
960.310000000 7.600000000 -0.275296419900
954.310000000 8.600000000 -0.265782713900
966.310000000 6.800000000 0.215705797100
953.310000000 8.800000000 -0.202759012600
967.060000000 7.000000000 0.188904866600
954.060000000 7.000000000 -0.260098099700
955.310000000 7.200000000 0.040299736000
955.560000000 7.200000000 0.144809231200
956.310000000 7.200000000 0.379372626500
967.060000000 7.400000000 0.186206251400
957.060000000 9.000000000 0.385082155500
961.060000000 8.800000000 -0.283911854000
955.060000000 7.200000000 -0.058722168200
955.810000000 7.200000000 0.247949630000
956.060000000 7.200000000 0.283169657000
952.810000000 8.800000000 -0.171949252500
954.810000000 7.200000000 -0.192382678400
954.810000000 8.800000000 0.141616523300
960.060000000 7.600000000 -0.223304510100
967.310000000 7.000000000 0.150470912500
961.560000000 7.200000000 -0.284993737900
963.560000000 7.200000000 0.081430763000
966.060000000 8.400000000 0.187561750400
963.310000000 8.600000000 -0.053963284900
958.060000000 7.200000000 0.430511266000
964.060000000 7.200000000 0.190620631000
952.560000000 8.600000000 -0.143997922500
965.310000000 6.800000000 0.169268325000
952.560000000 7.800000000 -0.041131019600
956.060000000 9.000000000 0.396835893400
956.310000000 9.000000000 0.380744487000
967.310000000 7.400000000 0.156712025400
955.810000000 9.000000000 0.388972967900
963.810000000 7.200000000 0.143200457100
964.810000000 7.000000000 0.208048880100
959.560000000 8.800000000 0.070734143300
958.810000000 9.000000000 0.321251362600
953.560000000 8.800000000 -0.217370957100
956.560000000 9.000000000 0.344821214700
955.560000000 9.000000000 0.355639249100
954.560000000 8.800000000 0.054234109800
952.560000000 8.400000000 -0.128151059200
962.810000000 8.800000000 -0.201623737800
966.810000000 7.800000000 0.131160229400
956.810000000 9.000000000 0.293929278900
966.560000000 6.800000000 0.208967462200
955.310000000 9.000000000 0.299647420600
952.560000000 8.800000000 -0.156047955200
952.560000000 7.000000000 -0.056757446400
953.060000000 6.800000000 -0.126846045300
959.310000000 7.400000000 0.073518261300
953.310000000 6.800000000 -0.158421561100
960.810000000 7.400000000 -0.304917693100
952.560000000 8.000000000 -0.063894495400
956.060000000 7.000000000 0.390651911500
955.810000000 7.000000000 0.323377251600
956.310000000 7.000000000 0.436809003400
966.560000000 8.200000000 0.134184956600
955.060000000 9.000000000 0.228022277400
962.060000000 9.000000000 -0.274522364100
958.310000000 7.200000000 0.375720948000
955.560000000 7.000000000 0.205321028800
956.060000000 9.200000000 0.378797948400
956.560000000 7.000000000 0.454370737100
956.310000000 9.200000000 0.378191947900
961.810000000 9.000000000 -0.280213654000
952.560000000 8.200000000 -0.107845366000
963.560000000 8.600000000 0.014902220100
955.810000000 9.200000000 0.357120811900
960.810000000 8.800000000 -0.250740706900
953.810000000 8.800000000 -0.227821916300
956.560000000 9.200000000 0.356939762800
959.060000000 10.000000000 0.280443698200
958.810000000 10.000000000 0.344558537000
956.810000000 7.000000000 0.440034091500
955.310000000 7.000000000 0.111365087300
956.810000000 9.200000000 0.317385435100
959.060000000 9.000000000 0.251738458900
965.060000000 6.800000000 0.166988536700
955.560000000 9.200000000 0.313499748700
962.310000000 9.000000000 -0.256487697400
954.310000000 8.800000000 -0.026735497600
957.060000000 9.200000000 0.261664181900
954.810000000 9.000000000 0.198405340300
960.060000000 9.600000000 -0.240695193400
958.560000000 10.000000000 0.390877783300
959.810000000 9.600000000 -0.242393463900
959.310000000 10.000000000 0.203218400500
966.310000000 8.400000000 0.162642806800
960.060000000 9.400000000 -0.238742098200
959.810000000 8.800000000 -0.016039123800
957.060000000 7.000000000 0.395253807300
967.060000000 7.600000000 0.155157029600
964.560000000 7.000000000 0.220093414200
957.310000000 9.200000000 0.192541927100
959.810000000 9.400000000 -0.239147484300
960.060000000 9.800000000 -0.244717896000
952.810000000 6.800000000 -0.090818561600
954.310000000 7.000000000 -0.269150465700
959.810000000 9.200000000 -0.230677440800
955.310000000 9.200000000 0.297431558400
958.310000000 10.000000000 0.412762880300
953.560000000 6.800000000 -0.190126419100
955.060000000 7.000000000 0.018424885300
961.560000000 9.000000000 -0.270483970600
966.810000000 6.800000000 0.189355850200
957.810000000 9.200000000 0.384113013700
959.560000000 9.400000000 -0.238523021300
959.810000000 9.800000000 -0.244696185000
956.060000000 9.400000000 0.374767571700
956.310000000 9.400000000 0.367999643100
959.560000000 9.200000000 -0.232341364000
956.560000000 9.400000000 0.340765684800
958.060000000 9.200000000 0.383978694700
955.810000000 9.400000000 0.358744025200
956.810000000 9.400000000 0.295681297800
963.060000000 8.800000000 -0.146542459700
961.310000000 7.200000000 -0.278970032900
960.310000000 9.600000000 -0.233606606700
959.560000000 9.600000000 -0.240324944300
960.060000000 9.200000000 -0.231103822600
957.060000000 9.400000000 0.277829676900
957.560000000 9.200000000 0.114119589300
963.810000000 8.600000000 0.062276765700
960.310000000 9.800000000 -0.237754687700
958.060000000 10.000000000 0.404381990400
965.310000000 8.600000000 0.221195057000
957.310000000 7.000000000 0.363907784200
955.560000000 9.400000000 0.319695055500
959.560000000 10.000000000 0.116650797400
957.310000000 9.400000000 0.213272288400
952.310000000 8.600000000 -0.130772486300
959.810000000 9.000000000 -0.222188159800
952.310000000 8.800000000 -0.143450319800
959.560000000 9.000000000 -0.229128673700
965.810000000 6.600000000 0.185436904400
960.310000000 9.400000000 -0.234362304200
958.560000000 7.200000000 0.301882267000
949.310000000 5.600000000 -0.141816824700
959.310000000 9.200000000 -0.228936493400
966.810000000 8.000000000 0.110889859500
965.060000000 8.600000000 0.225536301700
954.560000000 9.000000000 0.117655113300
949.060000000 5.600000000 -0.110185496500
965.560000000 8.600000000 0.207621991600
959.310000000 9.000000000 -0.232028007500
955.060000000 9.200000000 0.229900598500
962.560000000 9.000000000 -0.229508802300
958.310000000 9.200000000 0.366582393600
949.560000000 5.600000000 -0.161475971300
957.810000000 10.000000000 0.364729404400
959.310000000 9.400000000 -0.233026906800
967.060000000 6.800000000 0.166788712100
954.060000000 8.800000000 -0.231283411400
965.560000000 6.600000000 0.178233966200
957.560000000 9.400000000 0.139640346200
955.310000000 9.400000000 0.261236906100
967.310000000 6.800000000 0.123546406600
956.310000000 9.600000000 0.361635685000
956.560000000 9.600000000 0.340461373300
956.060000000 9.600000000 0.362283885500
956.810000000 9.600000000 0.301948279100
954.810000000 7.000000000 -0.067978344900
957.560000000 10.000000000 0.298421591500
960.060000000 10.000000000 -0.244010955100
960.560000000 8.800000000 -0.206324294200
966.060000000 6.600000000 0.187172889700
964.810000000 8.600000000 0.217508018000
959.560000000 9.800000000 -0.237682670400
952.810000000 9.000000000 -0.168351665100
957.060000000 9.600000000 0.248924329900
955.810000000 9.600000000 0.339783817500
964.810000000 6.800000000 0.217274427400
960.060000000 9.000000000 -0.224614560600
949.810000000 5.600000000 -0.175583988400
959.060000000 9.800000000 0.242106005500
964.060000000 8.600000000 0.125171199400
960.310000000 10.000000000 -0.234807640300
957.560000000 7.000000000 0.285416334900
960.060000000 8.800000000 -0.090263791400
958.810000000 9.800000000 0.316238075500
959.310000000 9.600000000 -0.233565256000
960.310000000 9.200000000 -0.225798517500
959.060000000 9.200000000 -0.225585714000
957.310000000 9.600000000 0.184792518600
956.060000000 6.800000000 0.379012018400
959.560000000 7.400000000 -0.025804026100
955.560000000 9.600000000 0.294947087800
965.810000000 8.600000000 0.190203443200
964.310000000 7.000000000 0.233521401900
955.810000000 6.800000000 0.340695858000
953.060000000 9.000000000 -0.178759649400
959.310000000 9.800000000 0.159989714600
956.310000000 6.800000000 0.399548918000
948.810000000 5.600000000 -0.078433491300
952.310000000 7.200000000 -0.032180432200
957.310000000 10.000000000 0.213416352900
958.560000000 9.200000000 0.332973152400
964.560000000 8.600000000 0.197228342300
963.060000000 7.000000000 -0.038417261100
960.560000000 9.800000000 -0.223192796100
959.810000000 10.000000000 -0.243956670200
952.560000000 9.000000000 -0.165603101300
958.560000000 9.800000000 0.368625789900
954.810000000 9.200000000 0.154659807700
962.810000000 7.000000000 -0.098821662400
964.310000000 8.600000000 0.166015803800
960.560000000 9.600000000 -0.218122914400
957.810000000 9.400000000 0.063636966000
952.310000000 8.400000000 -0.116993457100
955.560000000 6.800000000 0.303548008200
961.310000000 9.000000000 -0.246417835400
956.560000000 6.800000000 0.405500173600
954.560000000 7.000000000 -0.183186873800
955.060000000 9.400000000 0.190618172300
959.060000000 9.400000000 -0.223763689400
967.310000000 7.600000000 0.137569174200
960.310000000 8.800000000 -0.152955487400
947.560000000 5.600000000 -0.070471771100
963.310000000 7.000000000 0.025592809500
950.060000000 5.600000000 -0.170676291000
955.310000000 9.600000000 0.233298063300
956.310000000 9.800000000 0.344143122400
960.560000000 7.400000000 -0.271908044800
958.310000000 9.800000000 0.397304743500
956.560000000 9.800000000 0.329878091800
960.560000000 9.400000000 -0.222674533700
957.560000000 9.600000000 0.114150419800
952.310000000 7.400000000 -0.042879968900
956.060000000 9.800000000 0.340654075100
952.310000000 8.200000000 -0.153731450400
964.560000000 6.800000000 0.217362150500
965.310000000 6.600000000 0.166290044800
956.810000000 9.800000000 0.300504952700
956.810000000 6.800000000 0.386267572600
962.560000000 7.000000000 -0.143833875700
958.060000000 9.800000000 0.396055162000
960.560000000 10.000000000 -0.220171541000
954.310000000 9.000000000 0.040604233700
960.310000000 9.000000000 -0.222035467600
953.310000000 9.000000000 -0.193023875400
955.810000000 9.800000000 0.316418767000
955.310000000 6.800000000 0.253370374400
962.810000000 9.000000000 -0.194952920100
953.810000000 6.800000000 -0.213503584300
957.810000000 9.800000000 0.363038480300
963.310000000 8.800000000 -0.084491990500
958.810000000 9.200000000 -0.219655588300
957.060000000 10.000000000 0.118865378200
957.060000000 9.800000000 0.257145583600
957.810000000 7.000000000 0.294787943400
966.310000000 6.600000000 0.179921582300
952.310000000 8.000000000 -0.166682437100
952.310000000 7.000000000 -0.038673032100
952.560000000 6.800000000 -0.072232052700
963.560000000 7.000000000 0.089396208500
957.560000000 9.800000000 0.301308393500
952.310000000 9.000000000 -0.151781320600
958.810000000 7.200000000 0.226160794500
964.060000000 7.000000000 0.192140817600
959.060000000 9.600000000 -0.218657746900
955.560000000 9.800000000 0.272199183700
962.310000000 7.000000000 -0.185631349700
957.060000000 6.800000000 0.339076072000
958.060000000 9.400000000 -0.009527211100
952.060000000 8.800000000 -0.126677110800
955.060000000 9.600000000 0.162807256000
950.310000000 5.600000000 -0.146448522800
957.310000000 9.800000000 0.200896039600
963.810000000 7.000000000 0.158514350700
966.060000000 8.600000000 0.172754883800
967.060000000 7.800000000 0.123223684700
957.810000000 9.600000000 0.041751992000
958.810000000 9.400000000 -0.206984594500
966.560000000 8.400000000 0.140385985400
954.560000000 9.200000000 0.080473862600
960.560000000 9.200000000 -0.211798474200
953.560000000 9.000000000 -0.210093393900
948.560000000 5.600000000 -0.062986210000
954.810000000 9.400000000 0.116429776000
952.310000000 7.600000000 -0.062661081600
955.060000000 6.800000000 0.183822110300
955.310000000 9.800000000 0.213458493400
960.810000000 9.800000000 -0.199473232000
964.310000000 6.800000000 0.213689416600
952.060000000 8.600000000 -0.116512857400
956.310000000 10.000000000 0.323760211500
957.310000000 6.800000000 0.264923960000
965.060000000 6.600000000 0.196341946700
956.060000000 10.000000000 0.314716279500
966.810000000 8.200000000 0.109506443100
952.060000000 8.200000000 -0.122550554600
956.560000000 10.000000000 0.315746516000
958.810000000 9.600000000 0.270862698600
958.560000000 9.400000000 -0.176944240900
958.310000000 9.400000000 -0.130146965400
952.310000000 7.800000000 -0.028272068100
960.810000000 9.600000000 -0.191879436400
956.810000000 10.000000000 0.024775704400
961.060000000 7.200000000 -0.262347608800
964.810000000 6.600000000 0.203030556400
959.810000000 7.400000000 -0.110532544600
955.810000000 10.000000000 0.288554996300
958.060000000 7.000000000 0.251548349900
960.810000000 10.000000000 -0.200471490600
962.060000000 7.000000000 -0.215086013100
958.060000000 9.600000000 -0.028613090500
952.060000000 8.400000000 -0.105357922600
952.060000000 8.000000000 -0.114066593300
960.560000000 9.000000000 -0.211155906300
961.060000000 9.000000000 -0.213452220000
958.560000000 9.600000000 0.328839540500
960.810000000 9.400000000 -0.201061502100
950.560000000 5.600000000 -0.106949687000
966.560000000 6.600000000 0.173486501000
952.060000000 9.000000000 -0.134751707300
960.310000000 7.400000000 -0.230588093400
954.810000000 9.600000000 0.090388417200
955.560000000 10.000000000 0.247711569100
963.060000000 9.000000000 -0.153062880000
955.060000000 9.800000000 0.146745577500
964.560000000 6.600000000 0.202812239500
955.560000000 6.600000000 0.304838508400
955.810000000 6.600000000 0.337520360900
963.560000000 8.800000000 -0.021634476300
947.810000000 5.600000000 -0.029396554500
958.310000000 9.600000000 0.368248969300
957.560000000 6.800000000 0.171242490400
953.810000000 9.000000000 -0.217434272200
949.560000000 5.800000000 -0.129658490400
954.060000000 9.000000000 -0.028391515800
949.310000000 5.800000000 -0.097300581600
956.060000000 6.600000000 0.355916529900
955.310000000 6.600000000 0.270829677600
960.060000000 7.400000000 -0.178260162500
966.310000000 8.600000000 0.156510457400
956.310000000 6.600000000 0.350029319500
954.810000000 6.800000000 0.122505664800
949.810000000 5.800000000 -0.153073445000
954.310000000 9.200000000 0.012901123600
955.310000000 10.000000000 0.196102291300
954.560000000 9.400000000 0.045926626800
964.060000000 6.800000000 0.205850631000
960.810000000 9.200000000 -0.188437536400
954.060000000 6.800000000 -0.222990006200
956.560000000 6.600000000 0.304596394300
951.810000000 8.200000000 -0.146682128300
952.310000000 6.800000000 -0.044730644700
959.060000000 7.200000000 0.150844872000
949.060000000 5.800000000 -0.082509204700
962.310000000 9.200000000 -0.235593959700
962.060000000 9.200000000 -0.244960427300
955.060000000 6.600000000 0.217006936700
964.310000000 6.600000000 0.196827307300
951.810000000 8.400000000 -0.133496135500
951.810000000 8.800000000 -0.105961196100
950.060000000 5.800000000 -0.161175355300
957.810000000 6.800000000 0.111603856100
966.810000000 6.600000000 0.154433935900
956.810000000 6.600000000 0.260636657500
954.810000000 9.800000000 0.076976820800
961.810000000 7.000000000 -0.228848755400
961.060000000 9.800000000 -0.166304335000
962.560000000 9.200000000 -0.214223757400
964.060000000 6.600000000 0.237613543900
958.310000000 7.000000000 0.167011380200
950.810000000 5.600000000 -0.059893131300
960.810000000 9.000000000 -0.191403582700
963.810000000 6.600000000 0.272392422000
948.310000000 5.600000000 -0.042918544300
967.060000000 8.000000000 0.098920993500
952.060000000 7.800000000 -0.121418982700
963.810000000 6.800000000 0.270487636300
961.810000000 9.200000000 -0.237991362800
961.060000000 10.000000000 -0.173410490200
951.810000000 9.000000000 -0.113289766000
961.060000000 9.600000000 -0.155490905000
963.560000000 6.600000000 0.284370005100
955.060000000 10.000000000 0.136799797400
963.560000000 6.800000000 0.282557100100
950.310000000 5.800000000 -0.150227278500
948.810000000 5.800000000 -0.078761458400
964.060000000 6.400000000 0.220886901000
954.560000000 9.600000000 0.021164502900
951.810000000 8.600000000 -0.098091349000
967.310000000 7.800000000 0.113508336200
963.810000000 8.800000000 0.036577627100
951.810000000 8.000000000 -0.117870524500
959.560000000 7.200000000 -0.228399217100
964.060000000 5.800000000 0.223792791400
959.310000000 7.200000000 -0.237108334900
957.060000000 6.600000000 0.182040914900
967.310000000 6.600000000 0.082471169500
963.810000000 6.400000000 0.249597981600
964.810000000 6.400000000 0.184701010600
964.310000000 5.600000000 0.226766854500
951.560000000 8.200000000 -0.109442733200
964.310000000 5.800000000 0.214789331000
964.310000000 6.400000000 0.187891408800
961.060000000 9.400000000 -0.169886082400
967.060000000 6.600000000 0.123349979500
952.060000000 7.000000000 -0.015943756300
964.060000000 6.200000000 0.213601186900
963.310000000 9.000000000 -0.104527629900
964.060000000 6.000000000 0.211742013700
963.310000000 6.600000000 0.269872546200
964.060000000 5.600000000 0.235116496700
964.560000000 6.400000000 0.188846796800
963.310000000 6.800000000 0.269979238500
965.560000000 6.400000000 0.171098724000
964.560000000 5.600000000 0.209863081600
966.810000000 8.400000000 0.118192032000
954.810000000 6.600000000 0.155591622000
965.060000000 6.400000000 0.174660787000
965.810000000 6.400000000 0.167553186400
964.310000000 6.200000000 0.199269712000
948.060000000 5.600000000 -0.098100997500
964.310000000 6.000000000 0.200540527700
952.060000000 7.200000000 -0.023245582400
963.810000000 5.800000000 0.227513611300
962.810000000 9.200000000 -0.186150774400
963.810000000 6.200000000 0.226180583200
963.810000000 6.000000000 0.220990642900
963.560000000 6.400000000 0.263585269500
950.560000000 5.800000000 -0.120787024500
959.810000000 7.200000000 -0.212830305100
963.060000000 6.800000000 0.241852268600
964.560000000 5.800000000 0.201025873400
960.810000000 7.200000000 -0.239520534900
965.560000000 8.800000000 0.169258266700
951.560000000 8.400000000 -0.099830411400
958.060000000 6.800000000 -0.022784410000
953.060000000 6.600000000 -0.106933340400
963.810000000 5.600000000 0.234434753700
954.560000000 6.800000000 -0.058604314900
963.060000000 6.600000000 0.234157964600
965.310000000 6.400000000 0.160438463100
961.560000000 9.200000000 -0.215403437600
965.310000000 8.800000000 0.175677701800
948.560000000 5.800000000 -0.077172301700
966.560000000 8.600000000 0.140941500700
947.560000000 5.800000000 -0.064792424400
964.810000000 5.600000000 0.184279173600
953.060000000 9.200000000 -0.154806658600
961.060000000 9.200000000 -0.179771661800
964.560000000 6.200000000 0.187142372100
964.560000000 6.000000000 0.189607560600
963.560000000 6.200000000 0.246261596700
952.810000000 6.600000000 -0.090160094200
955.560000000 6.400000000 0.296205371600
954.310000000 9.400000000 -0.016831440900
965.810000000 8.800000000 0.160826310500
962.810000000 6.800000000 0.198947846900
952.810000000 9.200000000 -0.140591457500
952.560000000 9.200000000 -0.141153931600
966.060000000 6.400000000 0.157772734800
963.560000000 6.000000000 0.236035078800
957.310000000 6.600000000 0.119870379600
954.560000000 9.800000000 0.008485458800
963.560000000 5.800000000 0.224913775900
955.810000000 6.400000000 0.311961740300
953.310000000 9.200000000 -0.176962301100
954.060000000 9.200000000 -0.046603366700
955.310000000 6.400000000 0.268793255100
963.310000000 6.400000000 0.256260275800
954.310000000 6.800000000 -0.221300885100
952.060000000 7.400000000 -0.033869106300
952.310000000 9.200000000 -0.149338766900
954.810000000 10.000000000 0.072408512200
951.560000000 8.000000000 -0.109952069800
948.060000000 5.800000000 -0.093441829100
956.060000000 6.400000000 0.314471215000
962.810000000 6.600000000 0.187096342400
965.060000000 8.800000000 0.177246868600
964.810000000 5.800000000 0.182259023200
963.560000000 5.600000000 0.223613694300
947.810000000 5.800000000 -0.075722269700
961.560000000 7.000000000 -0.226238608400
953.310000000 6.600000000 -0.132817655800
950.810000000 5.800000000 -0.078606002000
964.060000000 8.800000000 0.086822018000
955.060000000 6.400000000 0.229218781000
951.060000000 5.600000000 -0.025197297300
952.060000000 7.600000000 -0.056387662900
949.560000000 6.000000000 -0.097540959700
948.310000000 5.800000000 -0.109883174300
960.060000000 7.200000000 -0.193030297800
952.060000000 6.800000000 -0.020405422900
951.560000000 8.800000000 -0.079730846000
959.560000000 7.000000000 -0.206704437700
963.310000000 6.200000000 0.249857187300
956.310000000 6.400000000 0.288232177500
952.060000000 9.200000000 -0.137476369700
951.810000000 7.800000000 -0.071964196900
949.310000000 6.000000000 -0.063257381300
959.310000000 7.000000000 -0.217365711900
962.560000000 6.800000000 0.147817716000
964.810000000 6.000000000 0.198012381800
965.060000000 5.600000000 0.150138452600
963.060000000 6.400000000 0.228727310900
963.060000000 9.200000000 -0.154281720500
953.560000000 9.200000000 -0.192923143500
966.060000000 8.800000000 0.151928886800
964.810000000 6.200000000 0.174920812200
961.560000000 10.000000000 -0.217540502500
963.310000000 6.000000000 0.238905191400
961.810000000 10.000000000 -0.202089190500
949.810000000 6.000000000 -0.127723813100
963.310000000 5.600000000 0.220506563800
951.560000000 9.000000000 -0.085878834100
967.060000000 8.200000000 0.089499190400
961.310000000 9.800000000 -0.126497432600
958.560000000 7.000000000 0.144032925400
952.560000000 6.600000000 -0.076172247500
954.560000000 6.600000000 0.092067226800
961.310000000 10.000000000 -0.223099127400
951.560000000 8.600000000 -0.084822952700
959.810000000 7.000000000 -0.186245307300
957.560000000 6.600000000 0.099600836600
963.310000000 5.800000000 0.214264676000
964.810000000 8.800000000 0.170677900300
958.310000000 6.800000000 -0.100355982800
956.560000000 6.400000000 0.244699776200
959.060000000 7.000000000 -0.227813035200
962.560000000 6.600000000 0.137339845300
954.310000000 9.600000000 -0.040829602600
962.060000000 10.000000000 -0.179215297100
966.310000000 6.400000000 0.140864610700
954.810000000 6.400000000 0.184422418500
961.310000000 9.600000000 -0.142150789500
951.310000000 8.200000000 -0.067700959700
950.060000000 6.000000000 -0.146442338800
948.060000000 6.000000000 -0.079778142300
961.310000000 9.200000000 -0.182986587300
948.310000000 6.000000000 -0.084012664900
965.060000000 5.800000000 0.157294198900
963.560000000 9.000000000 -0.051644146400
963.060000000 6.200000000 0.231673270500
949.060000000 6.000000000 -0.032016214000
963.060000000 5.600000000 0.206146702200
962.810000000 6.400000000 0.188307374700
961.310000000 9.400000000 -0.132446140100
964.310000000 8.800000000 0.127271980000
965.060000000 6.000000000 0.179988160700
958.810000000 7.000000000 -0.226343810600
951.810000000 9.200000000 -0.117691487100
951.060000000 5.800000000 -0.043153282300
964.560000000 8.800000000 0.154288664500
948.560000000 6.000000000 -0.092605009700
965.060000000 6.200000000 0.141638338600
962.310000000 10.000000000 -0.141119912300
954.560000000 10.000000000 0.007085973400
950.310000000 6.000000000 -0.147825256000
967.310000000 5.600000000 -0.185287371300
963.060000000 6.000000000 0.223788633900
956.810000000 6.400000000 0.184637814800
965.810000000 5.600000000 -0.213243275900
947.810000000 6.000000000 -0.078294307000
957.810000000 6.600000000 0.019270729300
967.060000000 5.600000000 -0.173420190800
967.310000000 6.400000000 -0.124505437900
953.810000000 9.200000000 -0.199726700800
960.060000000 7.000000000 -0.165371969300
953.560000000 6.600000000 -0.157871365500
966.310000000 8.800000000 0.142719611500
966.060000000 5.600000000 -0.220938846500
952.310000000 6.600000000 -0.067353330600
962.310000000 6.800000000 0.091943197000
965.560000000 5.600000000 -0.190729185900
951.310000000 8.400000000 -0.064883478000
950.560000000 6.000000000 -0.129796966900
954.310000000 9.800000000 -0.053654063500
965.810000000 5.800000000 -0.211035102600
960.310000000 7.200000000 -0.159927576800
948.060000000 6.200000000 -0.086016029100
965.310000000 5.600000000 0.108728289600
960.560000000 7.200000000 -0.212175488500
965.560000000 5.800000000 -0.185791254000
966.810000000 8.600000000 0.124320589000
951.310000000 8.000000000 -0.068925306200
966.810000000 5.600000000 -0.156026870000
966.060000000 5.800000000 -0.222851559500
947.810000000 10.000000000 -0.112718738600
966.310000000 5.600000000 -0.212706968200
948.810000000 6.000000000 -0.096986353400
962.810000000 9.400000000 -0.213403359100
963.060000000 9.400000000 -0.200774759100
961.560000000 9.800000000 -0.203188538600
963.060000000 5.800000000 0.194012850500
948.560000000 10.000000000 -0.130682647200
948.310000000 6.200000000 -0.084454618400
962.810000000 6.200000000 0.195081621400
962.810000000 5.600000000 0.186862364400
954.060000000 9.400000000 -0.070079155300
947.560000000 10.000000000 -0.108500085800
962.560000000 6.400000000 0.143311142900
967.310000000 8.000000000 0.089360304200
948.310000000 10.000000000 -0.118128530700
947.810000000 6.200000000 -0.087831094900
966.310000000 5.800000000 -0.218127489100
961.810000000 9.800000000 -0.185908466600
954.560000000 6.400000000 0.128308311100
947.560000000 6.200000000 -0.079821623900
963.310000000 9.200000000 -0.123123608500
948.060000000 10.000000000 -0.113834060700
958.560000000 6.800000000 -0.159987643400
965.310000000 6.000000000 0.161961004100
966.560000000 5.600000000 -0.191093385200
965.310000000 5.800000000 -0.152417480900
952.810000000 9.400000000 -0.158266902000
950.810000000 6.000000000 -0.095423772900
967.060000000 6.400000000 -0.087623693000
959.560000000 6.800000000 -0.172384977300
947.560000000 6.000000000 -0.078274451200
948.810000000 10.000000000 -0.134722799100
962.310000000 6.600000000 0.088574662800
960.560000000 6.000000000 0.226294443000
961.310000000 7.000000000 -0.210721656700
949.060000000 6.400000000 -0.037700437000
962.560000000 9.400000000 -0.211770653700
966.560000000 6.400000000 0.124566867900
949.310000000 6.600000000 -0.061216041400
965.310000000 6.200000000 0.115420557600
953.060000000 9.400000000 -0.167357221200
951.310000000 5.600000000 0.018652858200
960.310000000 5.800000000 0.232907533600
963.310000000 9.400000000 -0.179678395400
967.310000000 6.200000000 -0.142975315500
966.560000000 5.800000000 -0.197459459300
949.310000000 6.400000000 -0.079710289800
959.310000000 6.800000000 -0.200052216600
960.310000000 6.000000000 0.234901890200
949.310000000 6.800000000 -0.060980264100
949.560000000 6.600000000 -0.104128621500
960.560000000 5.800000000 0.224184289600
967.060000000 8.400000000 0.094369888300
949.560000000 6.800000000 -0.102022767100
962.560000000 10.000000000 -0.112421296500
957.060000000 6.400000000 0.133632361900
949.060000000 6.600000000 -0.018099466300
960.060000000 5.800000000 0.235096529100
947.560000000 6.400000000 -0.082819216000
960.810000000 6.000000000 0.209117859600
949.560000000 7.000000000 -0.081432618200
951.810000000 7.000000000 -0.008202106700
962.810000000 6.000000000 0.191059455300
967.310000000 5.800000000 -0.168401792600
959.810000000 6.800000000 -0.168282195900
951.560000000 9.200000000 -0.091593310200
958.060000000 6.600000000 -0.049774248200
965.810000000 6.000000000 -0.199785918000
952.560000000 9.400000000 -0.142473086700
962.060000000 9.800000000 -0.161866590400
962.310000000 9.400000000 -0.209673643100
949.560000000 6.400000000 -0.118448242500
949.810000000 6.600000000 -0.134563148000
955.560000000 6.200000000 0.281031519200
951.560000000 7.800000000 -0.086884900900
955.310000000 6.200000000 0.262612789900
966.060000000 6.000000000 -0.215321123600
965.560000000 6.000000000 -0.173789992900
960.310000000 5.600000000 0.225489884600
949.060000000 9.000000000 -0.080926537500
954.310000000 6.600000000 0.039010979200
967.310000000 6.000000000 -0.157084390500
948.560000000 6.200000000 -0.109351463600
960.060000000 6.000000000 0.237424746200
955.810000000 6.200000000 0.281794786500
949.310000000 6.200000000 -0.081377320000
949.810000000 7.000000000 -0.116683006300
952.810000000 9.600000000 -0.152597457200
949.060000000 6.800000000 -0.020547676800
949.810000000 6.800000000 -0.132484540300
960.060000000 5.600000000 0.230126813100
960.810000000 5.800000000 0.207876488600
948.810000000 6.400000000 -0.004000741100
967.060000000 5.800000000 -0.143141508100
949.060000000 6.200000000 -0.043235894300
966.810000000 6.400000000 -0.051171809400
952.810000000 9.800000000 -0.149568587500
951.310000000 8.800000000 -0.048498541100
955.060000000 6.200000000 0.230215460100
949.810000000 6.400000000 -0.142253726700
952.560000000 10.000000000 -0.142733112000
966.810000000 5.800000000 -0.164834529200
953.060000000 9.600000000 -0.155244350400
966.310000000 6.000000000 -0.214844763300
951.810000000 7.600000000 -0.066482678100
952.810000000 10.000000000 -0.153903737700
961.560000000 9.600000000 -0.191534876800
949.560000000 7.200000000 -0.059922128900
948.810000000 9.000000000 -0.087837666300
949.310000000 7.000000000 -0.041403640100
962.560000000 6.200000000 0.149380371000
949.810000000 7.200000000 -0.095272839100
949.060000000 8.800000000 -0.075744748100
961.560000000 9.400000000 -0.181413054500
950.060000000 6.600000000 -0.144434899100
959.060000000 6.800000000 -0.219393760000
960.560000000 6.200000000 0.213899061100
950.060000000 6.400000000 -0.143994003500
951.310000000 9.000000000 -0.053022269200
949.560000000 6.200000000 -0.116728171700
953.310000000 9.400000000 -0.167525589500
949.060000000 10.000000000 -0.128439277400
960.560000000 5.600000000 0.213057115700
956.060000000 6.200000000 0.263974756000
951.060000000 8.800000000 -0.112644247700
959.810000000 5.800000000 0.229979544900
960.310000000 7.000000000 -0.152314707600
951.310000000 5.800000000 0.001255229000
950.310000000 6.400000000 -0.123811148100
960.310000000 6.200000000 0.229298457500
949.310000000 9.000000000 -0.090309850900
947.810000000 9.800000000 -0.096314072600
951.810000000 6.800000000 -0.007423796700
950.060000000 6.800000000 -0.144215449700
958.810000000 6.800000000 -0.217532709200
948.810000000 6.200000000 -0.117898546200
949.810000000 6.200000000 -0.099077016100
967.060000000 6.200000000 -0.103298775900
947.560000000 9.800000000 -0.103639006600
950.310000000 6.600000000 -0.124215468800
951.810000000 7.200000000 -0.021663604300
949.310000000 8.800000000 -0.082471013100
954.310000000 10.000000000 -0.052961953000
952.560000000 9.800000000 -0.142714127900
948.060000000 9.800000000 -0.101886391600
951.060000000 6.000000000 -0.060079090300
962.060000000 9.400000000 -0.195491567300
948.810000000 6.600000000 0.013601181100
953.060000000 9.800000000 -0.150588721000
966.560000000 8.800000000 0.133208796400
952.060000000 6.600000000 -0.047943193500
966.560000000 6.000000000 -0.196719080200
963.560000000 9.400000000 -0.154253140100
950.560000000 6.600000000 -0.090562231800
962.560000000 5.600000000 0.178120836600
967.060000000 6.000000000 -0.121878817700
960.810000000 6.200000000 0.191560819700
960.060000000 6.800000000 -0.155427172800
961.060000000 6.000000000 0.180988237300
959.810000000 5.600000000 0.226019337800
948.810000000 9.200000000 -0.089963160500
959.810000000 6.000000000 0.234189882900
951.310000000 8.600000000 -0.046738814600
951.060000000 9.000000000 -0.111808300000
954.810000000 6.200000000 0.188324049100
952.560000000 9.600000000 -0.143556222300
962.310000000 6.400000000 0.098546080300
950.810000000 8.800000000 -0.106768325000
963.810000000 9.000000000 0.001035884500
950.060000000 7.000000000 -0.137876257300
948.810000000 8.800000000 -0.084669552700
949.810000000 7.400000000 -0.074106894400
959.810000000 6.600000000 -0.197070241000
965.560000000 6.200000000 0.086675360800
950.310000000 6.800000000 -0.134751826500
949.060000000 9.200000000 -0.086062617600
948.560000000 6.400000000 -0.107800103700
954.060000000 9.600000000 -0.091823458700
962.810000000 5.800000000 0.173939809200
950.560000000 6.400000000 -0.087653704000
960.060000000 6.200000000 0.237823188300
949.560000000 7.400000000 -0.041567098300
959.560000000 6.600000000 -0.224922895400
952.310000000 9.400000000 -0.132661268100
948.310000000 6.400000000 -0.091006673900
952.310000000 10.000000000 -0.126190915700
947.810000000 6.400000000 -0.086064852800
956.310000000 6.200000000 0.230145424600
948.560000000 9.000000000 -0.088036499900
950.060000000 6.200000000 -0.125174000900
961.060000000 5.800000000 0.181246310500
953.060000000 10.000000000 -0.159430041900
962.310000000 9.800000000 -0.128948733200
950.060000000 7.200000000 -0.103655926900
950.560000000 8.800000000 -0.096905902000
963.060000000 9.600000000 -0.203492239100
963.310000000 9.600000000 -0.186135694400
953.810000000 6.600000000 -0.175458505700
957.310000000 6.400000000 0.060813803200
960.060000000 6.600000000 -0.178547918800
948.060000000 6.400000000 -0.077578157200
948.560000000 9.200000000 -0.090352363900
950.560000000 6.800000000 -0.107187256200
960.810000000 5.600000000 0.193168580500
950.310000000 6.200000000 -0.111377887400
966.810000000 6.200000000 -0.071103707000
951.810000000 7.400000000 -0.042693156700
958.310000000 6.600000000 -0.109031140800
963.560000000 9.200000000 -0.146226227300
953.310000000 9.600000000 -0.151480749200
950.810000000 8.600000000 -0.110674962400
962.060000000 6.800000000 0.035093512400
948.310000000 9.800000000 -0.104703381700
962.560000000 6.000000000 0.147668838500
949.310000000 7.200000000 -0.025819782200
954.310000000 6.400000000 0.070040740100
948.810000000 6.800000000 0.009396002600
966.810000000 6.000000000 -0.165219605000
950.060000000 7.400000000 -0.087131410800
966.060000000 6.200000000 -0.196907162700
965.810000000 6.200000000 -0.180711090600
950.810000000 9.000000000 -0.090772829900
947.560000000 6.600000000 -0.075290575600
949.060000000 7.000000000 -0.006799340200
951.060000000 8.600000000 -0.114854827500
950.560000000 8.600000000 -0.106141924900
950.810000000 6.600000000 -0.046479705700
961.810000000 9.600000000 -0.160424828500
959.560000000 5.800000000 0.216231405700
953.560000000 9.400000000 -0.157164514100
965.060000000 9.000000000 0.201237604000
962.310000000 6.200000000 0.103093318600
949.310000000 9.200000000 -0.093397125600
949.060000000 8.600000000 -0.070972867300
961.060000000 6.200000000 0.174978017800
959.810000000 6.200000000 0.238649040500
950.310000000 7.000000000 -0.139529421900
965.310000000 9.000000000 0.183890581100
948.560000000 9.800000000 -0.110928110800
950.310000000 7.200000000 -0.081950701800
962.810000000 9.600000000 -0.204987347100
950.310000000 7.400000000 -0.112879909600
950.560000000 6.200000000 -0.073724314600
954.060000000 9.800000000 -0.103521540800
959.310000000 6.600000000 -0.239078417400
959.560000000 6.000000000 0.222651749800
964.810000000 9.000000000 0.199794247700
948.560000000 8.800000000 -0.085643678900
966.310000000 6.200000000 -0.201080292500
949.560000000 9.000000000 -0.099449954900
952.310000000 9.600000000 -0.139568954700
950.310000000 8.800000000 -0.092677258000
949.560000000 8.800000000 -0.090820379600
952.310000000 9.800000000 -0.128519684100
950.560000000 7.600000000 -0.115905121000
959.560000000 5.600000000 0.213198587300
963.560000000 9.600000000 -0.159956142300
950.560000000 7.200000000 -0.108434148100
964.560000000 9.000000000 0.183645755100
949.310000000 8.600000000 -0.073566079100
950.310000000 7.600000000 -0.103898644400
954.560000000 6.200000000 0.140507713000
950.560000000 7.400000000 -0.118375301400
949.310000000 10.000000000 -0.112696461400
950.310000000 8.600000000 -0.092551991300
961.810000000 9.400000000 -0.170176625300
947.560000000 7.000000000 -0.072570249400
947.560000000 7.200000000 -0.062886223200
951.060000000 8.200000000 -0.027887575300
956.560000000 6.200000000 0.185427472000
948.810000000 9.800000000 -0.113424874800
967.060000000 8.600000000 0.103861048800
964.310000000 9.000000000 0.156083792400
950.810000000 6.400000000 -0.026519306000
953.310000000 9.800000000 -0.146057128900
950.810000000 6.800000000 -0.067689299600
966.560000000 6.200000000 -0.038063760800
960.560000000 6.400000000 0.186782702800
960.310000000 6.400000000 0.212007388500
965.560000000 9.000000000 0.147759154400
948.810000000 9.400000000 -0.090581789600
961.310000000 6.000000000 0.142320007100
950.810000000 7.600000000 -0.123346425600
949.810000000 7.600000000 -0.060258250700
963.810000000 9.400000000 -0.129517734100
947.560000000 6.800000000 -0.079515464600
962.060000000 6.600000000 0.033582072700
960.310000000 6.600000000 -0.147587567600
960.310000000 6.800000000 -0.133097201600
948.310000000 9.200000000 -0.089010678200
948.810000000 8.600000000 -0.078574791600
948.060000000 8.400000000 -0.111251168000
948.560000000 9.400000000 -0.092416189600
967.310000000 8.200000000 0.072256498000
951.310000000 9.200000000 -0.062448691600
948.560000000 6.600000000 -0.094394229400
964.060000000 9.000000000 0.123819299000
962.810000000 10.000000000 -0.089751094600
948.310000000 9.000000000 -0.087652027600
962.060000000 9.600000000 -0.138940289600
948.060000000 9.600000000 -0.089134663300
950.560000000 7.000000000 -0.121722221400
953.810000000 9.400000000 -0.112296991100
947.560000000 9.600000000 -0.092705130600
947.810000000 9.600000000 -0.091658458100
947.810000000 8.400000000 -0.120482541600
950.810000000 6.200000000 -0.108340494300
958.560000000 6.600000000 -0.161196574600
959.560000000 6.200000000 0.228752791900
950.810000000 7.200000000 -0.126466587200
950.560000000 7.800000000 -0.110374465600
950.810000000 7.800000000 -0.123432256300
952.060000000 9.400000000 -0.108117841200
951.310000000 7.800000000 -0.070422522700
953.310000000 10.000000000 -0.155239895000
949.560000000 7.600000000 -0.031925506900
959.060000000 6.600000000 -0.234641075100
951.310000000 6.000000000 -0.017675422100
960.060000000 6.400000000 0.231574192600
950.810000000 7.400000000 -0.117743194100
961.060000000 7.000000000 -0.188724815800
961.060000000 5.600000000 0.164894849100
950.060000000 7.600000000 -0.088312447100
962.560000000 9.800000000 -0.101096428900
961.310000000 5.800000000 0.143141269700
960.810000000 6.400000000 0.160069227200
951.060000000 7.800000000 -0.129119008800
965.810000000 9.000000000 0.126275464900
960.560000000 7.000000000 -0.138238117100
950.560000000 9.000000000 -0.092998303500
949.060000000 9.400000000 -0.088841199900
948.310000000 9.600000000 -0.093401752400
947.560000000 7.400000000 -0.061005763700
962.560000000 9.600000000 -0.188347712200
950.810000000 7.000000000 -0.123553223900
949.310000000 7.400000000 -0.015847865500
948.310000000 8.400000000 -0.091904126100
951.560000000 5.600000000 0.050468619900
951.060000000 9.200000000 -0.099530972500
966.810000000 8.800000000 0.123514533000
957.560000000 6.400000000 0.016184354200
948.310000000 9.400000000 -0.091279521600
962.310000000 5.600000000 0.171967625600
952.060000000 10.000000000 -0.102440774400
950.310000000 7.800000000 -0.091456025800
947.810000000 6.600000000 -0.061041075700
950.560000000 8.400000000 -0.099490314700
949.060000000 9.800000000 -0.109308496100
950.810000000 8.400000000 -0.104920722500
954.060000000 10.000000000 -0.101077742900
963.810000000 9.600000000 -0.137424022000
958.810000000 6.600000000 -0.204781130000
951.060000000 7.600000000 -0.125433579100
948.560000000 8.600000000 -0.080891497400
951.060000000 7.200000000 -0.124372318400
951.810000000 6.600000000 -0.031738847500
959.310000000 6.000000000 0.217445418200
951.060000000 8.000000000 -0.028806537400
949.560000000 8.600000000 -0.078896403300
950.060000000 8.800000000 -0.070391684800
947.560000000 8.400000000 -0.116308808300
966.060000000 9.000000000 0.122199259700
959.810000000 6.400000000 -0.193670660300
961.310000000 6.200000000 0.132793188100
962.310000000 6.000000000 0.102359265100
948.310000000 8.800000000 -0.085933513900
952.060000000 9.600000000 -0.117695927600
949.560000000 9.200000000 -0.100003361700
949.060000000 7.200000000 -0.017587419600
962.060000000 6.400000000 0.054750181700
962.560000000 5.800000000 0.134974077300
950.060000000 8.600000000 -0.074332945000
948.310000000 6.600000000 -0.086873345100
953.560000000 9.600000000 -0.141057759500
959.310000000 5.800000000 0.211154863200
948.060000000 9.200000000 -0.095116891000
950.310000000 9.000000000 -0.091060161600
951.060000000 6.200000000 -0.072746008600
951.060000000 8.400000000 -0.106450952600
948.060000000 8.600000000 -0.112847901900
951.060000000 7.000000000 -0.126284897300
950.310000000 8.400000000 -0.090359330200
947.810000000 8.600000000 -0.118296816900
947.810000000 8.200000000 -0.110024251000
959.310000000 6.200000000 0.219591498400
959.310000000 5.600000000 0.192546457100
948.560000000 9.600000000 -0.090091146500
956.810000000 6.200000000 0.134663507300
951.060000000 6.600000000 0.002152802900
951.560000000 7.600000000 -0.086783237800
962.060000000 6.200000000 0.067311249700
949.560000000 10.000000000 -0.122867845000
947.560000000 8.200000000 -0.110166475200
951.560000000 6.800000000 -0.007160445700
951.560000000 7.000000000 -0.017308831200
954.060000000 6.600000000 -0.016511073300
948.810000000 7.000000000 -0.002682058800
948.060000000 8.200000000 -0.098506487900
948.060000000 9.000000000 -0.095247812600
948.060000000 9.400000000 -0.094685174500
951.310000000 7.600000000 -0.112456366400
947.810000000 6.800000000 -0.046949159400
963.810000000 9.200000000 -0.115333080300
964.810000000 10.000000000 0.167409718000
951.060000000 7.400000000 -0.111475884900
952.060000000 9.800000000 -0.117464967100
947.560000000 8.600000000 -0.114456258700
959.560000000 6.400000000 -0.205089360500
965.060000000 10.000000000 0.182525143000
950.810000000 8.000000000 -0.115121163400
948.310000000 8.600000000 -0.097967341500
949.810000000 9.000000000 -0.104234814600
949.810000000 8.800000000 -0.096660934400
949.810000000 10.000000000 -0.121555574200
950.810000000 9.200000000 -0.076701946600
951.060000000 6.800000000 -0.022464724300
954.310000000 6.200000000 0.089513942600
951.310000000 7.200000000 -0.117766417600
964.810000000 9.800000000 0.165594533100
950.060000000 7.800000000 -0.069703869500
961.060000000 6.400000000 0.150859162200
948.560000000 6.800000000 0.022631282000
962.310000000 9.600000000 -0.116830200000
951.560000000 5.800000000 0.040512699600
950.560000000 8.000000000 -0.109125725900
966.310000000 9.000000000 0.121461391400
949.310000000 9.400000000 -0.089410156000
951.060000000 6.400000000 0.024339687100
949.060000000 8.400000000 -0.065102241900
947.810000000 9.200000000 -0.083555102300
960.560000000 6.600000000 -0.122557297300
948.560000000 8.400000000 -0.068778984200
953.810000000 9.600000000 -0.128295779200
967.310000000 8.400000000 0.068446084900
965.060000000 9.800000000 0.170438841000
965.310000000 10.000000000 0.186160862400
948.310000000 8.200000000 -0.079800017200
959.060000000 6.000000000 0.186121404200
964.810000000 9.600000000 0.160482063900
964.560000000 10.000000000 0.145380079700
947.810000000 9.400000000 -0.081276692500
951.310000000 7.000000000 -0.114118680400
947.560000000 7.600000000 -0.066489629400
950.060000000 9.000000000 -0.067441105800
955.310000000 6.000000000 0.238849446200
948.060000000 8.800000000 -0.094543546400
964.560000000 9.800000000 0.155590370300
953.560000000 9.800000000 -0.135628029700
948.810000000 9.600000000 -0.087970614400
951.560000000 7.200000000 -0.039205696400
964.310000000 9.400000000 0.174391821000
948.060000000 6.600000000 -0.058988604700
948.810000000 8.400000000 -0.067249395000
957.810000000 6.400000000 -0.018010612600
949.310000000 8.400000000 -0.066080905500
961.560000000 6.000000000 0.085274592000
949.310000000 9.800000000 -0.097984515100
955.560000000 6.000000000 0.249786838900
953.560000000 10.000000000 -0.142667487300
951.560000000 7.400000000 -0.063721597200
959.060000000 6.200000000 0.180410906700
950.060000000 8.400000000 -0.076513260600
964.560000000 9.600000000 0.164297774400
947.810000000 9.000000000 -0.087320685400
949.810000000 8.600000000 -0.088102698300
955.060000000 6.000000000 0.212065637100
950.310000000 8.000000000 -0.086129911200
954.060000000 6.400000000 0.013617963500
949.310000000 7.600000000 -0.023179963200
951.310000000 7.400000000 -0.109238654400
953.810000000 9.800000000 -0.136642992500
964.560000000 9.400000000 0.163564428700
964.060000000 9.400000000 0.178132757500
949.810000000 7.800000000 -0.055034875900
960.560000000 6.800000000 -0.118770450400
961.810000000 6.800000000 -0.015669137200
950.810000000 8.200000000 -0.095162123400
964.060000000 9.200000000 0.175308719300
959.310000000 6.400000000 -0.218431085300
964.310000000 9.600000000 0.171282917300
951.810000000 9.400000000 -0.116501033300
964.810000000 9.400000000 0.151585072300
961.310000000 5.600000000 0.127812862400
964.060000000 9.600000000 -0.112655855700
959.060000000 5.800000000 0.190296754200
964.310000000 9.200000000 0.166972011300
955.810000000 6.000000000 0.240743249700
965.060000000 9.600000000 0.156048789600
947.560000000 8.800000000 -0.093001678600
963.310000000 9.800000000 -0.177898958300
950.060000000 10.000000000 -0.113451629900
954.810000000 6.000000000 0.176953643600
950.560000000 8.200000000 -0.085450060700
961.560000000 5.800000000 0.096476517600
953.810000000 10.000000000 -0.133136898300
967.060000000 8.800000000 0.111605256800
947.810000000 8.800000000 -0.106990478900
947.810000000 7.000000000 -0.045764923100
951.810000000 9.600000000 -0.088068686400
965.560000000 10.000000000 0.176915794600
963.560000000 9.800000000 -0.160878926500
949.560000000 7.800000000 -0.034047368900
949.560000000 8.400000000 -0.068480156400
965.310000000 9.800000000 0.167583003600
964.560000000 9.200000000 0.157006740600
947.560000000 9.400000000 -0.084633760200
951.310000000 6.200000000 -0.034112718000
965.310000000 9.200000000 0.179248943900
966.560000000 9.000000000 0.120772562900
962.060000000 6.000000000 0.060046892600
965.060000000 9.200000000 0.186431214200
961.560000000 6.200000000 0.085301667500
963.060000000 9.800000000 -0.181405663500
964.810000000 9.200000000 0.176590845000
951.560000000 6.600000000 -0.013125709300
949.060000000 7.400000000 -0.011601102500
967.310000000 8.600000000 0.077240318100
949.810000000 9.200000000 -0.103308238100
951.560000000 9.400000000 -0.098946303100
956.060000000 6.000000000 0.214072153000
959.060000000 5.600000000 0.182182386500
957.060000000 6.200000000 0.080191567500
963.060000000 10.000000000 -0.118734180900
960.810000000 7.000000000 -0.125468358400
964.310000000 9.800000000 0.158560395200
947.560000000 9.200000000 -0.078484013700
948.060000000 6.800000000 -0.018023375400
947.810000000 7.200000000 -0.039449565100
962.060000000 5.600000000 0.171731770000
950.060000000 8.000000000 -0.060261070700
958.810000000 6.000000000 0.132809579400
947.560000000 8.000000000 -0.101396724600
961.310000000 6.400000000 0.119418866900
947.560000000 9.000000000 -0.084248557700
965.560000000 9.200000000 0.152177408300
962.810000000 9.800000000 -0.074970431600
947.560000000 7.800000000 -0.079320274300
950.310000000 8.200000000 -0.085743837100
948.560000000 8.200000000 -0.057146154300
959.060000000 6.400000000 0.173224940900
949.810000000 8.400000000 -0.077068120200
965.060000000 9.400000000 0.139199584700
950.560000000 9.200000000 -0.061610642800
958.810000000 6.200000000 0.125887379100
952.310000000 6.400000000 -0.091911368100
951.810000000 9.800000000 -0.089408412600
964.310000000 10.000000000 0.122315339700
952.060000000 6.400000000 -0.079104557600
948.310000000 6.800000000 -0.070673793600
958.060000000 6.400000000 -0.044282406600
951.310000000 6.800000000 -0.018619937800
947.810000000 8.000000000 -0.095852091900
960.810000000 6.600000000 0.144658893300
951.810000000 10.000000000 -0.073496237400
963.810000000 9.800000000 -0.143217846800
961.810000000 6.200000000 0.026017215100
954.560000000 6.000000000 0.139386862500
949.060000000 9.600000000 -0.084223307700
962.310000000 5.800000000 0.092807985800
948.810000000 7.200000000 -0.015815431300
965.810000000 10.000000000 0.162134200300
949.310000000 7.800000000 -0.019608667100
951.560000000 6.000000000 0.020906969900
961.810000000 6.400000000 0.019518822400
958.810000000 5.800000000 0.143863767400
947.810000000 7.400000000 -0.041607026000
949.560000000 9.400000000 -0.091899298100
950.060000000 8.200000000 -0.067750558300
965.310000000 9.600000000 0.146448582400
965.560000000 9.800000000 0.165973365300
961.810000000 6.600000000 -0.011640681900
948.560000000 7.000000000 -0.065168343500
949.560000000 9.800000000 -0.096801102200
949.810000000 9.800000000 -0.092791155000
956.310000000 6.000000000 0.177500873800
964.060000000 9.800000000 0.154690787200
951.810000000 6.400000000 -0.052004832800
962.060000000 5.800000000 0.162635073100
965.810000000 9.200000000 0.108960062300
948.060000000 8.000000000 -0.082026682800
952.560000000 6.400000000 -0.098706521100
951.810000000 5.600000000 0.083559237400
951.310000000 6.600000000 0.048705913100
961.810000000 5.800000000 0.146421983800
947.810000000 7.600000000 -0.052846998000
947.810000000 7.800000000 -0.068928979300
954.060000000 6.200000000 0.034547179900
967.310000000 8.800000000 0.125680357200
949.810000000 8.200000000 -0.064747288800
950.310000000 10.000000000 -0.100572377400
951.310000000 9.400000000 -0.072327733000
949.810000000 8.000000000 -0.054198451300
948.810000000 8.200000000 -0.050745263700
966.810000000 9.000000000 0.120380960400
958.810000000 6.400000000 0.121460862500
950.060000000 9.800000000 -0.089065954100
958.810000000 5.600000000 0.158700615200
948.060000000 7.000000000 -0.018142046400
958.310000000 6.400000000 -0.096212148700
951.060000000 9.400000000 -0.095423862300
966.060000000 10.000000000 0.135386064600
961.060000000 6.600000000 0.141426995400
961.810000000 6.000000000 0.138467505600
950.810000000 9.400000000 -0.076129853700
951.310000000 6.400000000 0.070354491500
965.810000000 9.800000000 0.149950712900
950.310000000 9.200000000 -0.085677839800
949.060000000 8.200000000 -0.054875925200
949.560000000 8.000000000 -0.035149317200
951.560000000 9.600000000 -0.058723375200
949.060000000 7.600000000 -0.010235282600
949.560000000 8.200000000 -0.059896551100
958.560000000 6.000000000 0.076329499500
948.310000000 8.000000000 -0.064216859600
965.310000000 9.400000000 0.123919829700
958.560000000 6.400000000 -0.145395681300
949.310000000 8.200000000 -0.057658169400
950.060000000 9.200000000 -0.065164603300
960.810000000 6.800000000 -0.111575774800
949.310000000 8.000000000 -0.023789644200
957.310000000 6.200000000 0.039609521600
961.560000000 5.600000000 0.084094241300
965.560000000 9.600000000 0.146988436600
956.560000000 6.000000000 0.138532266000
961.810000000 5.600000000 0.149605989500
954.310000000 6.000000000 0.101582542100
958.560000000 5.800000000 0.092392645800
964.060000000 10.000000000 0.132081881200
958.560000000 6.200000000 0.068266227800
949.310000000 9.600000000 -0.080271750700
961.560000000 6.400000000 0.073714532000
952.810000000 6.400000000 -0.100709587300
951.560000000 6.400000000 -0.030238771800
958.560000000 5.600000000 0.113392017800
967.310000000 9.000000000 0.130250230400
950.560000000 9.400000000 -0.058293376100
965.560000000 9.400000000 0.131348848300
961.560000000 6.800000000 -0.060654033000
948.310000000 7.000000000 -0.056795973300
950.310000000 9.800000000 -0.087432958200
963.310000000 10.000000000 -0.083619825500
967.060000000 9.000000000 0.119505949300
965.810000000 9.400000000 0.147470399700
953.810000000 6.400000000 -0.045402281000
951.560000000 9.800000000 -0.062858499600
966.060000000 9.200000000 0.058102417700
966.310000000 9.400000000 0.148375049200
949.060000000 7.800000000 -0.012967703900
951.810000000 5.800000000 0.070448018600
948.810000000 7.400000000 -0.010210374400
966.060000000 9.400000000 0.153108432900
966.060000000 9.800000000 0.122765027000
949.060000000 8.000000000 -0.021061515400
966.560000000 9.400000000 0.132835030600
966.310000000 10.000000000 0.099540501800
951.560000000 6.200000000 0.000026430400
948.560000000 8.000000000 -0.047442514400
966.310000000 9.200000000 0.143851861400
948.060000000 7.800000000 -0.054907206400
948.060000000 7.200000000 -0.031533278500
965.810000000 9.600000000 0.137743145200
961.310000000 6.600000000 0.104081645600
949.810000000 9.400000000 -0.092679150400
966.060000000 9.600000000 0.148209765600
966.560000000 9.200000000 0.123633332600
966.810000000 9.400000000 0.106125205800
966.310000000 9.600000000 0.148446187400
958.310000000 5.600000000 0.060901623200
953.060000000 6.400000000 -0.087495885800
966.560000000 9.600000000 0.138786077500
948.560000000 7.200000000 -0.047913029800
956.810000000 6.000000000 0.099043577900
948.810000000 8.000000000 -0.033900514200
950.310000000 9.600000000 -0.067260637900
950.060000000 9.600000000 -0.061743482900
966.810000000 9.600000000 0.115915395300
963.560000000 10.000000000 -0.156291574200
957.560000000 6.200000000 0.003780135900
963.810000000 10.000000000 -0.147167131300
950.310000000 9.400000000 -0.045163098700
961.060000000 6.800000000 -0.105064861500
950.560000000 10.000000000 -0.085014753000
958.310000000 5.800000000 0.040538273800
951.560000000 10.000000000 -0.053016819100
949.810000000 9.600000000 -0.063120007500
955.310000000 5.800000000 0.199999824200
955.060000000 5.800000000 0.184777021400
950.560000000 9.600000000 -0.076596938100
961.310000000 6.800000000 -0.087931178500
952.060000000 5.600000000 0.109156087000
951.310000000 9.600000000 -0.029005557300
966.810000000 9.200000000 -0.094953231500
961.560000000 6.600000000 -0.031720757500
955.560000000 5.800000000 0.202145338100
949.560000000 9.600000000 -0.077050097300
958.310000000 6.000000000 0.024465329900
950.560000000 9.800000000 -0.086613737000
954.060000000 6.000000000 0.061135456000
953.810000000 6.200000000 -0.011808442000
948.060000000 7.600000000 -0.036420658200
967.060000000 9.600000000 0.082744024700
954.810000000 5.800000000 0.162938177600
948.060000000 7.400000000 -0.043697822800
966.560000000 9.800000000 0.144428640600
966.310000000 9.800000000 0.151256755000
966.810000000 9.800000000 0.123656831700
948.810000000 7.600000000 -0.009277423800
948.310000000 7.200000000 -0.038097951600
950.810000000 9.800000000 -0.103878222400
967.060000000 9.400000000 0.070222169200
951.810000000 6.000000000 0.051772080400
948.310000000 7.800000000 -0.047898687400
967.310000000 9.200000000 0.125244721800
955.810000000 5.800000000 0.190180748700
951.310000000 9.800000000 -0.035029016400
958.310000000 6.200000000 0.015304618500
967.060000000 9.200000000 -0.102632641800
953.560000000 6.400000000 -0.098331250300
950.810000000 9.600000000 -0.085132934200
948.810000000 7.800000000 -0.016485257100
954.560000000 5.800000000 0.136909365700
951.810000000 6.200000000 -0.068697877200
958.060000000 5.600000000 0.009047159000
957.810000000 6.200000000 -0.048104632600
953.310000000 6.400000000 -0.098477289100
966.560000000 10.000000000 0.059638112800
967.060000000 9.800000000 0.089811146300
950.810000000 10.000000000 -0.111109174800
957.060000000 6.000000000 0.056241624100
951.060000000 9.800000000 -0.114191539600
948.560000000 7.800000000 -0.033980540900
948.560000000 7.400000000 -0.004438033300
956.060000000 5.800000000 0.167897999300
952.060000000 6.200000000 -0.092105083200
950.060000000 9.400000000 -0.038534093600
951.060000000 9.600000000 -0.102143243000
967.310000000 9.600000000 0.041822038600
952.310000000 5.600000000 0.128387719400
948.310000000 7.400000000 -0.024306375500
952.060000000 5.800000000 0.096053428900
958.060000000 6.200000000 -0.095205634800
948.310000000 7.600000000 -0.038648963000
954.310000000 5.800000000 0.108859174000
951.060000000 10.000000000 -0.119962364400
958.060000000 5.800000000 -0.007222750200
967.310000000 9.800000000 0.046726219400
966.810000000 10.000000000 0.040304325500
956.310000000 5.800000000 0.140406221200
967.310000000 9.400000000 0.029764212700
952.560000000 5.600000000 0.134584546100
952.310000000 6.200000000 -0.107639074300
953.810000000 6.000000000 0.020430676600
948.560000000 7.600000000 -0.023302592300
953.560000000 6.200000000 -0.055751282700
951.310000000 10.000000000 -0.039085742100
967.060000000 10.000000000 0.055849574500
957.810000000 5.600000000 -0.038884058600
957.310000000 6.000000000 0.007850953400
958.060000000 6.000000000 -0.018793387300
952.810000000 5.600000000 0.127263575800
956.560000000 5.800000000 0.109805919200
954.060000000 5.800000000 0.077607117600
953.060000000 5.600000000 0.111043877900
967.310000000 10.000000000 0.051533162600
952.560000000 6.200000000 -0.115444168400
952.310000000 5.800000000 0.114136517000
953.310000000 6.200000000 -0.090994313400
952.060000000 6.000000000 0.076512694400
957.560000000 6.000000000 -0.027456810700
955.310000000 5.600000000 0.157891511900
956.810000000 5.800000000 0.075334191300
955.060000000 5.600000000 0.156826734500
953.310000000 5.600000000 0.094254516100
957.810000000 5.800000000 -0.048888769000
955.560000000 5.600000000 0.150698319100
954.810000000 5.600000000 0.146463692200
952.560000000 5.800000000 0.120644211800
952.810000000 6.200000000 -0.116462908700
953.560000000 6.000000000 -0.021725332400
952.310000000 6.000000000 0.117697879700
953.060000000 6.200000000 -0.110288865900
957.560000000 5.600000000 -0.080365262900
957.810000000 6.000000000 -0.077303856600
952.810000000 5.800000000 0.116263903700
954.560000000 5.600000000 0.128237843500
953.810000000 5.800000000 0.042790792900
952.560000000 6.000000000 0.098878637000
955.810000000 5.600000000 0.138481810700
953.060000000 5.800000000 0.103412278000
957.060000000 5.800000000 0.036495931400
953.560000000 5.600000000 0.082351051300
954.310000000 5.600000000 0.105175606900
952.810000000 6.000000000 0.077924475100
953.310000000 5.800000000 0.088282056200
956.060000000 5.600000000 0.124669909500
953.310000000 6.000000000 -0.053033810100
957.310000000 5.600000000 -0.112071178900
957.310000000 5.800000000 -0.005785373000
954.060000000 5.600000000 0.079624898700
957.560000000 5.800000000 -0.083158634600
956.310000000 5.600000000 0.109853118700
953.560000000 5.800000000 0.007800573000
953.060000000 6.000000000 0.055817782900
953.810000000 5.600000000 0.073933474700
956.560000000 5.600000000 -0.126108050300
957.060000000 5.600000000 -0.130479171900
956.810000000 5.600000000 -0.134987860900
