1183.270000000 7.500000000 -0.474408328500
1183.020000000 7.500000000 -0.466739475700
1183.270000000 7.000000000 -0.480655700000
1182.770000000 7.500000000 -0.433916866800
1183.020000000 7.000000000 -0.474380314400
1179.270000000 7.500000000 0.347781330300
1179.520000000 7.500000000 0.399112969600
1182.770000000 7.000000000 -0.441313475400
1179.520000000 7.000000000 0.382915139200
1179.020000000 7.500000000 0.280345320700
1179.270000000 7.000000000 0.340887129300
1182.520000000 7.500000000 -0.378431350000
1182.520000000 7.000000000 -0.386791527300
1179.770000000 7.000000000 0.403514951500
1179.770000000 7.500000000 0.423429071900
1182.270000000 7.000000000 -0.314029961800
1183.270000000 8.000000000 -0.462678074800
1179.020000000 7.000000000 0.281815350100
1182.270000000 7.500000000 -0.305315405100
1178.770000000 7.500000000 0.207183465400
1180.020000000 7.000000000 0.400075763500
1182.020000000 7.000000000 -0.224654331800
1183.020000000 8.000000000 -0.429480433500
1180.020000000 7.500000000 0.412431657300
1178.770000000 7.000000000 0.211782887600
1182.020000000 7.500000000 -0.219048559700
1180.270000000 7.000000000 0.371411681200
1178.520000000 7.500000000 0.137234717600
1181.770000000 7.000000000 -0.122291497900
1180.270000000 7.500000000 0.368456512700
1182.770000000 8.000000000 -0.380891293300
1181.770000000 7.500000000 -0.123755641300
1178.520000000 7.000000000 0.137803301200
1180.520000000 7.000000000 0.318195462200
1180.520000000 7.500000000 0.316085815400
1181.520000000 7.000000000 -0.013542847700
1178.270000000 7.500000000 0.074236743200
1181.520000000 7.500000000 -0.024228943500
1180.770000000 7.500000000 0.246589154000
1180.770000000 7.000000000 0.244656294600
1181.270000000 7.000000000 0.062629424000
1181.270000000 7.500000000 0.073243923500
1182.520000000 8.000000000 -0.320889622000
1181.020000000 7.000000000 0.157364904900
1181.020000000 7.500000000 0.164406910500
1178.270000000 7.000000000 0.065931826800
1179.520000000 6.500000000 0.343224138000
1179.270000000 6.500000000 0.297241061900
1178.020000000 7.500000000 0.017971782000
1183.270000000 6.500000000 -0.420670151700
1179.770000000 6.500000000 0.372184485200
1182.270000000 8.000000000 -0.250531137000
1179.020000000 6.500000000 0.240296572400
1178.020000000 7.000000000 0.002194885600
1183.020000000 6.500000000 -0.422383427600
1178.770000000 8.000000000 0.183597713700
1180.020000000 6.500000000 0.376669019500
1179.020000000 8.000000000 0.248871728800
1178.520000000 8.000000000 0.122471116500
1183.270000000 8.500000000 -0.408042609700
1179.270000000 8.000000000 0.308691620800
1178.770000000 6.500000000 0.179419055600
1182.770000000 6.500000000 -0.396587461200
1183.020000000 8.500000000 -0.378974527100
1179.520000000 8.000000000 0.352033793900
1182.020000000 8.000000000 -0.170436084300
1182.520000000 6.500000000 -0.345145672600
1180.270000000 6.500000000 0.350986123100
1177.770000000 7.500000000 -0.032095685600
1179.770000000 8.000000000 0.370740324300
1178.270000000 8.000000000 0.069219745700
1182.770000000 8.500000000 -0.327637314800
1182.270000000 6.500000000 -0.277337610700
1171.020000000 5.000000000 -0.047839544700
1178.520000000 6.500000000 0.136291638000
1177.770000000 7.000000000 -0.048176836200
1171.270000000 5.000000000 -0.100139193200
1180.020000000 8.000000000 0.361159861100
1182.020000000 6.500000000 -0.202584832900
1171.520000000 5.000000000 -0.143689453600
1170.770000000 5.000000000 0.001536640200
1180.520000000 6.500000000 0.294915676100
1182.520000000 8.500000000 -0.261408656800
1171.770000000 5.000000000 -0.170063287000
1181.770000000 6.500000000 -0.124850958600
1172.020000000 5.000000000 -0.175847590000
1181.770000000 8.000000000 -0.082635760300
1180.270000000 8.000000000 0.325262814800
1172.270000000 5.000000000 -0.162883982100
1181.520000000 6.500000000 -0.044315416400
1180.770000000 6.500000000 0.216286435700
1172.520000000 5.000000000 -0.135643675900
1181.270000000 6.500000000 0.039825014800
1178.270000000 6.500000000 0.077621229000
1180.520000000 8.000000000 0.269850045400
1181.020000000 6.500000000 0.127821534900
1178.020000000 8.000000000 0.022761821700
1182.270000000 8.500000000 -0.190096303800
1168.020000000 5.000000000 0.108835473700
1168.270000000 5.000000000 0.105416193600
1170.520000000 5.000000000 0.037440873700
1179.270000000 6.000000000 0.256876200400
1181.520000000 8.000000000 0.008249206500
1179.520000000 6.000000000 0.296109497500
1168.520000000 5.000000000 0.092650815800
1167.770000000 5.000000000 0.101277679200
1180.770000000 8.000000000 0.202766433400
1177.520000000 7.500000000 -0.074129767700
1172.770000000 5.000000000 -0.099233165400
1179.020000000 6.000000000 0.210965588700
1168.770000000 5.000000000 0.076803416000
1181.270000000 8.000000000 0.093788117200
1181.020000000 8.000000000 0.129785940100
1167.520000000 5.000000000 0.086819164500
1179.770000000 6.000000000 0.320636421400
1177.520000000 7.000000000 -0.082542821800
1182.020000000 8.500000000 -0.120721422100
1167.270000000 5.000000000 0.070517517600
1178.770000000 6.000000000 0.163957759700
1183.270000000 9.000000000 -0.321376293900
1169.020000000 5.000000000 0.062924712900
1178.020000000 6.500000000 0.026206370400
1183.270000000 6.000000000 -0.311520546700
1180.020000000 6.000000000 0.321320354900
1173.020000000 5.000000000 -0.058720033600
1168.520000000 5.500000000 0.090527221600
1168.270000000 5.500000000 0.095393620400
1183.020000000 9.000000000 -0.279601961400
1168.770000000 5.500000000 0.085501298300
1167.020000000 5.000000000 0.053931191600
1168.020000000 5.500000000 0.092618189800
1177.770000000 8.000000000 -0.011234429700
1170.270000000 5.000000000 0.054773502100
1183.020000000 6.000000000 -0.312004029800
1167.770000000 5.500000000 0.084825523200
1175.770000000 7.500000000 -0.087114557600
1181.770000000 8.500000000 -0.053260482800
1180.270000000 6.000000000 0.292978555000
1182.770000000 9.000000000 -0.230474293200
1178.520000000 6.000000000 0.119801789500
1177.270000000 7.500000000 -0.103923037600
1176.020000000 7.500000000 -0.100384846300
1169.270000000 5.000000000 0.053419940200
1175.520000000 7.500000000 -0.072286114100
1167.520000000 5.500000000 0.074150472900
1169.020000000 5.500000000 0.075266592200
1171.770000000 5.500000000 -0.130036026200
1171.020000000 5.500000000 -0.044569056500
1182.770000000 6.000000000 -0.306374132600
1179.020000000 8.500000000 0.186200901900
1171.520000000 5.500000000 -0.100674137500
1168.270000000 6.000000000 0.081830039600
1172.020000000 5.500000000 -0.144127950100
1170.770000000 5.500000000 -0.008479291600
1179.270000000 8.500000000 0.234981164300
1168.520000000 6.000000000 0.091390766200
1171.270000000 5.500000000 -0.074670769300
1172.270000000 5.500000000 -0.135515466300
1176.270000000 7.500000000 -0.113088719500
1178.770000000 8.500000000 0.139754101600
1173.270000000 5.000000000 -0.016522554700
1166.770000000 5.000000000 0.036102354500
1179.520000000 8.500000000 0.276609987000
1168.020000000 6.000000000 0.070909664000
1180.520000000 6.000000000 0.236772254100
1179.020000000 5.500000000 0.217041194400
1172.520000000 5.500000000 -0.119804166300
1182.520000000 9.000000000 -0.182367771900
1177.270000000 7.000000000 -0.101069785700
1168.770000000 6.000000000 0.094963170600
1179.270000000 5.500000000 0.253614097800
1167.270000000 5.500000000 0.062088124500
1182.520000000 6.000000000 -0.284309089200
1178.520000000 8.500000000 0.100060291600
1179.770000000 8.500000000 0.301350027300
1178.770000000 5.500000000 0.174721017500
1177.770000000 6.500000000 -0.016622269500
1170.520000000 5.500000000 0.019569149200
1176.520000000 7.500000000 -0.122237682300
1180.770000000 6.000000000 0.159609779700
1181.520000000 8.500000000 0.016053484800
1175.270000000 7.500000000 -0.054351370800
1167.770000000 6.000000000 0.060677181900
1178.520000000 5.500000000 0.129048809400
1180.020000000 8.500000000 0.302287161400
1172.770000000 5.500000000 -0.095943585000
1171.770000000 6.000000000 -0.098509207400
1179.520000000 5.500000000 0.273624122100
1178.270000000 6.000000000 0.080987162900
1177.020000000 7.500000000 -0.116839811200
1182.270000000 6.000000000 -0.252207905100
1171.520000000 6.000000000 -0.067528143500
1181.020000000 6.000000000 0.071605458900
1169.520000000 5.000000000 0.048583336200
1170.020000000 5.000000000 0.052889451400
1169.270000000 5.500000000 0.062787778700
1167.020000000 5.500000000 0.039665084300
1176.770000000 7.500000000 -0.122027203400
1169.020000000 6.000000000 0.087841443700
1177.520000000 8.000000000 -0.055689249200
1172.020000000 6.000000000 -0.120000787100
1178.270000000 8.500000000 0.065377727200
1180.270000000 8.500000000 0.278036773200
1181.270000000 6.000000000 -0.016086164900
1183.270000000 9.500000000 -0.251513660000
1182.020000000 6.000000000 -0.210849300000
1182.270000000 9.000000000 -0.136452302300
1175.770000000 7.000000000 -0.086535304800
1181.520000000 6.000000000 -0.094306580700
1178.270000000 5.500000000 0.087639741600
1181.770000000 6.000000000 -0.159060344100
1171.520000000 6.500000000 -0.068240046500
1171.270000000 6.500000000 -0.029164722200
1175.520000000 7.000000000 -0.070213109300
1181.270000000 8.500000000 0.087261810900
1179.770000000 5.500000000 0.272289544300
1176.020000000 7.000000000 -0.087109372000
1176.270000000 7.000000000 -0.096847884400
1173.520000000 5.000000000 0.019409323100
1180.520000000 8.500000000 0.234098047000
1168.020000000 6.500000000 0.065617322900
1178.520000000 5.000000000 0.141752556000
1171.270000000 6.000000000 -0.030696457300
1166.520000000 5.000000000 0.022047838200
1173.020000000 5.500000000 -0.074496917400
1170.270000000 5.500000000 0.036582980300
1167.520000000 6.000000000 0.052149131900
1169.770000000 5.000000000 0.051249444500
1168.270000000 6.500000000 0.075282424700
1172.270000000 6.000000000 -0.129503116000
1183.020000000 9.500000000 -0.213874638100
1171.770000000 6.500000000 -0.096842847800
1178.770000000 5.000000000 0.182881832100
1177.020000000 7.000000000 -0.099661149100
1176.520000000 7.000000000 -0.103341564500
1175.020000000 7.500000000 -0.031111005700
1178.270000000 5.000000000 0.095916383000
1180.770000000 8.500000000 0.178910285200
1171.020000000 6.500000000 0.014105513700
1181.020000000 8.500000000 0.154909879000
1166.770000000 5.500000000 0.021901182800
1164.270000000 9.500000000 -0.040952149800
1164.020000000 9.500000000 -0.066880933900
1167.770000000 6.500000000 0.054563477600
1169.270000000 6.000000000 0.070252448300
1168.520000000 6.500000000 0.083330251300
1163.770000000 9.500000000 -0.083488531400
1163.520000000 9.500000000 -0.089436121300
1176.770000000 7.000000000 -0.103041216700
1179.020000000 5.000000000 0.217858716800
1180.020000000 5.500000000 0.248099550600
1169.520000000 5.500000000 0.051731627400
1178.020000000 8.500000000 0.032647658100
1172.520000000 6.000000000 -0.118220724200
1167.520000000 8.500000000 0.064431019100
1183.270000000 5.500000000 -0.225403979400
1164.520000000 9.500000000 -0.011065894700
1172.020000000 6.500000000 -0.113040179000
1167.770000000 8.500000000 0.052984081200
1182.020000000 9.000000000 -0.087931685100
1178.020000000 5.500000000 0.055890314300
1173.270000000 5.500000000 -0.042310085100
1175.270000000 7.000000000 -0.050701733700
1178.020000000 6.000000000 0.048179600400
1167.270000000 8.500000000 0.072835244200
1182.770000000 9.500000000 -0.168723687500
1168.770000000 6.500000000 0.087510198400
1170.770000000 6.500000000 0.051739614500
1172.770000000 6.000000000 -0.108050629500
1171.020000000 6.000000000 0.007041336500
1167.270000000 6.000000000 0.057042818500
1183.020000000 5.500000000 -0.240845263000
1178.020000000 5.000000000 0.052418667800
1177.520000000 6.500000000 -0.049276948000
1177.270000000 8.000000000 -0.089119933500
1167.020000000 8.500000000 0.076533600700
1170.020000000 5.500000000 0.038691233800
1179.270000000 5.000000000 0.239987865100
1180.270000000 5.500000000 0.203529357900
1173.020000000 6.000000000 -0.092730298600
1169.770000000 5.500000000 0.044377483400
1169.020000000 6.500000000 0.083864949600
1166.770000000 8.500000000 0.070762142500
1174.770000000 7.500000000 -0.002237298100
1168.020000000 8.500000000 0.038560938100
1172.270000000 6.500000000 -0.116963878300
1173.770000000 5.000000000 0.007074618200
1175.020000000 8.000000000 -0.024247463800
1173.270000000 6.000000000 -0.057142533400
1169.520000000 6.000000000 0.048159506200
1166.270000000 5.000000000 -0.001084961300
1175.270000000 8.000000000 -0.048238534500
1167.520000000 6.500000000 0.042133234400
1173.520000000 5.500000000 -0.004518573600
1180.520000000 5.500000000 0.142610967200
1182.770000000 5.500000000 -0.245063856200
1174.770000000 8.000000000 0.004568930200
1164.770000000 9.500000000 0.009804499300
1175.520000000 8.000000000 -0.064449265600
1166.520000000 8.500000000 0.052917078100
1166.520000000 5.500000000 0.012254625600
1181.770000000 9.000000000 -0.031527601200
1179.520000000 5.000000000 0.246558874800
1177.770000000 8.500000000 -0.011053623600
1175.770000000 8.000000000 -0.068377271300
1167.020000000 6.000000000 0.042033553100
1170.520000000 6.500000000 0.075113743500
1182.520000000 9.500000000 -0.118917830300
1172.520000000 6.500000000 -0.104530297200
1164.770000000 6.500000000 0.060144655400
1169.270000000 6.500000000 0.069552324700
1180.770000000 5.500000000 0.070155233100
1176.020000000 8.000000000 -0.077689923300
1170.770000000 7.000000000 0.034391906100
1179.520000000 9.000000000 0.192436277900
1173.520000000 6.000000000 -0.026967855200
1179.270000000 9.000000000 0.175220161700
1170.520000000 7.000000000 0.058807577900
1171.020000000 7.000000000 0.001451143600
1164.520000000 6.500000000 0.037571802700
1165.020000000 6.500000000 0.069379158300
1177.020000000 8.000000000 -0.107004486000
1179.020000000 9.000000000 0.132829263800
1175.020000000 7.000000000 -0.029381612300
1179.770000000 9.000000000 0.218719527100
1179.770000000 5.000000000 0.235484749100
1172.770000000 6.500000000 -0.103102050700
1166.270000000 8.500000000 0.025476886000
1181.020000000 5.500000000 -0.005927681900
1182.520000000 5.500000000 -0.238937184200
1174.520000000 8.000000000 0.033633437000
1176.270000000 8.000000000 -0.087781332400
1177.770000000 5.500000000 0.026385780400
1170.770000000 6.000000000 0.038570821300
1166.770000000 6.000000000 0.025619706100
1170.270000000 7.000000000 0.071313500400
1164.270000000 6.500000000 -0.002930444000
1169.770000000 6.000000000 0.028053684200
1171.270000000 7.000000000 -0.034360468400
1181.520000000 9.000000000 0.033142004200
1180.020000000 9.000000000 0.232319921300
1177.770000000 6.000000000 0.061450973200
1181.270000000 5.500000000 -0.077191077200
1173.020000000 6.500000000 -0.094941481900
1178.770000000 9.000000000 0.092565506700
1180.020000000 5.000000000 0.198353067000
1173.270000000 9.500000000 0.013358322900
1177.770000000 5.000000000 0.012452668500
1176.520000000 8.000000000 -0.100142888700
1174.520000000 7.500000000 0.029674908100
1176.770000000 8.000000000 -0.109104275700
1170.020000000 7.000000000 0.073245048500
1173.520000000 9.500000000 0.047452703100
1182.270000000 5.500000000 -0.233862221200
1180.270000000 9.000000000 0.233723819300
1181.520000000 5.500000000 -0.137892186600
1168.270000000 8.500000000 0.021680163200
1174.020000000 5.000000000 0.044162347900
1171.520000000 7.000000000 -0.065759010600
1180.270000000 5.000000000 0.135344266900
1181.270000000 9.000000000 0.098342292000
1180.520000000 9.000000000 0.206782296300
1182.020000000 5.500000000 -0.215809032300
1165.270000000 6.500000000 0.066984005300
1173.270000000 6.500000000 -0.080231033300
1181.770000000 5.500000000 -0.184571728100
1169.520000000 6.500000000 0.046550203100
1164.020000000 6.500000000 -0.034697957300
1170.270000000 6.500000000 0.080064848100
1166.020000000 8.500000000 -0.003715109800
1169.770000000 7.000000000 0.067454010200
1180.770000000 9.000000000 0.194210231300
1181.020000000 9.000000000 0.153809830500
1177.270000000 6.500000000 -0.036503430500
1167.770000000 9.000000000 0.059582099300
1182.270000000 9.500000000 -0.067607976500
1173.020000000 9.500000000 -0.023662583900
1164.020000000 6.000000000 -0.010909096300
1170.020000000 6.000000000 0.013267431400
1164.270000000 6.000000000 0.011167650100
1166.020000000 5.000000000 -0.018680157100
1167.270000000 6.500000000 0.042975045700
1173.770000000 6.000000000 -0.019835030700
1172.770000000 8.000000000 -0.032327160200
1173.770000000 5.500000000 0.018277300500
1180.520000000 5.000000000 0.066574357500
1168.020000000 9.000000000 0.052093621300
1177.520000000 8.500000000 -0.051557950700
1171.020000000 8.000000000 -0.002105558500
1178.520000000 9.000000000 0.057152856100
1167.770000000 8.000000000 0.047986928400
1164.520000000 6.000000000 0.033021770400
1167.520000000 8.000000000 0.051288399800
1166.520000000 6.000000000 0.017317958200
1167.520000000 9.000000000 0.062575928900
1183.020000000 5.000000000 -0.195168361100
1167.270000000 9.500000000 0.037973810000
1167.520000000 9.500000000 0.057676587300
1173.020000000 8.000000000 0.005672868800
1182.770000000 5.000000000 -0.202645078300
1171.770000000 7.000000000 -0.086898535500
1168.020000000 7.000000000 0.061951112000
1170.770000000 8.000000000 0.032316368100
1173.770000000 9.500000000 0.073917061100
1172.520000000 8.000000000 -0.066173657800
1173.520000000 6.500000000 -0.059780955300
1163.520000000 5.000000000 -0.042428050200
1163.770000000 5.000000000 -0.027332417700
1167.770000000 9.500000000 0.068081565200
1167.270000000 8.000000000 0.054521020500
1177.520000000 6.000000000 0.036634452600
1168.270000000 7.000000000 0.058566529300
1164.770000000 6.000000000 0.050973169500
1163.770000000 6.000000000 -0.028911782400
1171.270000000 8.000000000 -0.043158970800
1180.770000000 5.000000000 -0.014640092800
1174.270000000 8.000000000 0.059286776900
1168.020000000 9.500000000 0.067418925500
1167.270000000 9.000000000 0.060546275200
1167.770000000 7.000000000 0.061476692600
1183.270000000 5.000000000 -0.176751270900
1169.520000000 7.000000000 0.056625012300
1182.520000000 5.000000000 -0.200182765700
1170.270000000 6.000000000 0.005721339500
1165.020000000 9.500000000 0.020919712300
1168.270000000 9.500000000 0.058578703600
1167.020000000 9.500000000 0.013474708400
1168.020000000 8.000000000 0.048738367900
1164.020000000 5.000000000 -0.023292547100
1167.020000000 9.000000000 0.053041815800
1167.020000000 8.000000000 0.057924937500
1165.020000000 6.000000000 0.058556117100
1166.270000000 8.000000000 0.045599803300
1165.520000000 6.500000000 0.058230049900
1166.270000000 5.500000000 0.004073062400
1168.520000000 7.000000000 0.054920371600
1168.270000000 9.000000000 0.031032787600
1166.520000000 8.000000000 0.024902170500
1172.270000000 8.000000000 -0.091947294800
1172.020000000 7.000000000 -0.095157496600
1163.520000000 9.000000000 -0.041099656400
1168.520000000 9.500000000 0.046090420300
1170.520000000 6.000000000 -0.004676619100
1174.770000000 7.000000000 -0.006632962700
1182.270000000 5.000000000 -0.196695849300
1181.020000000 5.000000000 -0.088136799600
1171.520000000 8.000000000 -0.079733938000
1175.520000000 6.500000000 -0.063901990700
1175.770000000 6.500000000 -0.074406281100
1166.770000000 8.000000000 0.047705698800
1170.020000000 6.500000000 0.070132769600
1163.770000000 6.500000000 -0.050067253400
1173.270000000 8.000000000 0.042053159300
1166.770000000 9.000000000 0.039147552100
1163.520000000 5.500000000 -0.024243526200
1178.270000000 9.000000000 0.020287705600
1178.520000000 9.500000000 0.010049480000
1163.770000000 5.500000000 -0.010465037100
1165.270000000 6.000000000 0.059255663300
1172.270000000 7.000000000 -0.075419984800
1172.520000000 7.000000000 -0.077107615800
1174.270000000 7.500000000 0.060907758800
1166.020000000 8.000000000 0.061499416800
1178.770000000 9.500000000 0.057738672900
1173.770000000 6.500000000 -0.041242085400
1172.770000000 7.500000000 -0.038965333300
1172.770000000 9.500000000 -0.055836595600
1170.520000000 8.000000000 0.051427487300
1165.770000000 8.500000000 -0.025414258200
1168.770000000 7.000000000 0.053182520000
1177.520000000 5.500000000 0.076286807700
1168.270000000 8.000000000 0.026969214900
1172.020000000 8.000000000 -0.105478905100
1169.770000000 6.500000000 0.022007407600
1171.770000000 8.000000000 -0.101949900400
1182.020000000 5.000000000 -0.194258227900
1178.270000000 9.500000000 -0.028863923600
1167.520000000 7.000000000 0.053360164200
1173.020000000 7.500000000 0.001365879600
1181.270000000 5.000000000 -0.143370062100
1182.020000000 9.500000000 -0.018703555700
1164.020000000 5.500000000 -0.003166483900
1165.770000000 6.500000000 0.047942917800
1172.520000000 7.500000000 -0.084730677300
1169.270000000 7.000000000 0.050369501100
1174.020000000 9.500000000 0.091750241800
1179.020000000 9.500000000 0.113744027900
1177.520000000 5.000000000 0.104429528100
1165.520000000 6.000000000 0.056079458400
1172.770000000 7.000000000 -0.077118642600
1167.020000000 6.500000000 0.044339794700
1163.520000000 6.000000000 -0.041201893200
1168.770000000 9.500000000 0.031826246500
1164.270000000 5.000000000 -0.029206307600
1177.020000000 6.500000000 -0.054562341400
1181.770000000 5.000000000 -0.190432578300
1181.520000000 5.000000000 -0.176408276000
1177.270000000 8.500000000 0.079962119500
1180.020000000 9.500000000 0.206595316500
1171.270000000 7.500000000 -0.031918674700
1172.770000000 8.500000000 -0.013585646600
1176.020000000 6.500000000 -0.076919712100
1179.770000000 9.500000000 0.199206218100
1173.270000000 7.500000000 0.041780166300
1164.270000000 8.000000000 0.016214270100
1180.270000000 9.500000000 0.196457848000
1164.520000000 8.000000000 0.047352384800
1166.770000000 9.500000000 -0.000182005300
1179.270000000 9.500000000 0.167735323300
1172.270000000 7.500000000 -0.096414968400
1174.020000000 6.000000000 0.005923188800
1175.520000000 8.500000000 -0.035575855500
1179.520000000 9.500000000 0.175475344100
1171.020000000 7.500000000 -0.000593762700
1174.270000000 5.000000000 0.071871541400
1171.520000000 7.500000000 -0.060960948500
1173.020000000 8.500000000 0.021872993600
1175.270000000 6.500000000 -0.047245398200
1170.270000000 7.500000000 0.047263987400
1165.770000000 6.000000000 0.051233246900
1165.770000000 8.000000000 0.070594340600
1164.770000000 8.000000000 0.069191150400
1164.020000000 8.000000000 -0.013135360600
1177.270000000 6.000000000 0.004020781700
1164.020000000 7.500000000 -0.006473684200
1177.770000000 9.000000000 0.107267536200
1180.520000000 9.500000000 0.173477709300
1175.270000000 8.500000000 -0.016421252900
1169.020000000 7.000000000 0.053307812700
1163.770000000 9.000000000 -0.040083095400
1168.520000000 8.500000000 0.002200871200
1164.270000000 7.500000000 0.022023571700
1171.770000000 7.500000000 -0.082522787200
1172.020000000 7.500000000 -0.094968460500
1178.020000000 9.000000000 0.076782241500
1170.520000000 7.500000000 0.034110214600
1172.520000000 8.500000000 -0.050511471900
1166.020000000 6.500000000 0.038206208500
1170.020000000 7.500000000 0.058373805100
1177.270000000 5.000000000 0.085478991300
1178.020000000 9.500000000 -0.064087711300
1166.520000000 9.000000000 0.020245147900
1174.020000000 8.000000000 0.078872762600
1166.520000000 7.500000000 0.049627624500
1165.020000000 8.000000000 0.074406355600
1177.270000000 5.500000000 0.046870242800
1173.020000000 7.000000000 -0.075557492700
1164.520000000 7.500000000 0.048178352400
1168.520000000 8.000000000 0.002007111000
1173.520000000 7.500000000 0.073195926800
1174.020000000 7.500000000 0.082422323500
1165.520000000 8.000000000 0.046275679000
1168.520000000 9.000000000 0.021536521600
1164.270000000 5.500000000 0.000019221500
1176.270000000 6.500000000 -0.065620794900
1165.270000000 8.000000000 0.064148992300
1164.020000000 9.000000000 -0.051015399400
1177.520000000 9.000000000 0.092909611800
1166.770000000 7.500000000 0.023070085800
1173.520000000 8.000000000 0.070019014200
1170.770000000 7.500000000 0.026147600300
1176.270000000 9.500000000 -0.015210431100
1175.770000000 8.500000000 -0.054209504300
1163.770000000 7.500000000 -0.029766388200
1180.770000000 9.500000000 0.145268648900
1166.270000000 7.500000000 0.067220382400
1164.770000000 7.500000000 0.064730912400
1176.520000000 9.500000000 -0.055793922400
1169.770000000 7.500000000 0.066292911800
1165.020000000 7.500000000 0.067527480400
1165.770000000 5.000000000 -0.020332805800
1164.270000000 9.000000000 -0.038884505600
1172.520000000 9.500000000 -0.066765442500
1165.270000000 7.500000000 0.057373680200
1173.770000000 7.500000000 0.087866514900
1166.520000000 9.500000000 0.007302885400
1181.770000000 9.500000000 0.010045181000
1166.020000000 7.500000000 0.072069078700
1163.770000000 8.000000000 -0.031998399600
1166.020000000 6.000000000 0.044918429100
1174.020000000 6.500000000 -0.016533412000
1177.020000000 8.500000000 0.059062745400
1166.270000000 6.000000000 0.014717373100
1169.520000000 7.500000000 0.069312162700
1173.270000000 8.500000000 0.049832504200
1165.770000000 7.500000000 0.065068118300
1166.770000000 6.500000000 0.034483727100
1166.020000000 5.500000000 0.041352164000
1165.520000000 7.500000000 0.050467006900
1167.270000000 7.000000000 0.036452427500
1171.020000000 8.500000000 -0.017806522500
1181.020000000 9.500000000 0.117846451700
1176.020000000 9.500000000 0.018742838900
1174.270000000 9.500000000 0.099874414500
1176.770000000 9.500000000 -0.093905553200
1172.270000000 8.500000000 -0.080571450300
1170.770000000 8.500000000 0.009939257100
1163.520000000 6.500000000 -0.057580210300
1176.770000000 6.500000000 -0.063604578400
1169.270000000 7.500000000 0.066256381600
1173.270000000 7.000000000 -0.074386075100
1173.770000000 8.000000000 0.088548064200
1176.520000000 6.500000000 -0.066156715200
1175.020000000 8.500000000 0.005313148700
1181.520000000 9.500000000 0.054925050600
1181.270000000 9.500000000 0.089897967900
1177.020000000 5.000000000 0.065386816900
1169.020000000 9.500000000 0.017054025100
1167.020000000 7.500000000 -0.003759536200
1177.270000000 9.000000000 0.075745299500
1174.020000000 5.500000000 0.028997946500
1169.020000000 7.500000000 0.056444719400
1171.270000000 8.500000000 -0.049509182600
1164.520000000 9.000000000 -0.024157315500
1170.270000000 8.000000000 0.052544500700
1177.770000000 9.500000000 -0.096677117000
1166.270000000 6.500000000 0.029045051000
1176.020000000 8.500000000 -0.072585716800
1174.520000000 7.000000000 0.017126405600
1168.770000000 8.000000000 -0.018794473300
1174.520000000 9.500000000 0.086380727600
1177.020000000 9.500000000 -0.120906680800
1173.520000000 7.000000000 -0.063516527400
1163.520000000 7.500000000 -0.042428571700
1172.020000000 8.500000000 -0.096256762700
1174.520000000 8.500000000 0.033255878800
1166.270000000 9.000000000 0.013674209800
1165.520000000 8.500000000 0.005133161800
1166.270000000 7.000000000 0.064513690800
1165.770000000 5.500000000 0.034460187000
1168.770000000 7.500000000 0.040140189200
1175.020000000 6.500000000 -0.027298184100
1164.520000000 5.000000000 -0.038052242200
1166.020000000 7.000000000 0.065982528000
1173.020000000 9.000000000 -0.001559701900
1172.270000000 9.500000000 -0.084204889800
1166.520000000 7.000000000 0.051600854800
1177.020000000 5.500000000 0.013883453800
1174.770000000 8.500000000 0.022594178100
1165.770000000 7.000000000 0.056059870900
1163.770000000 8.500000000 -0.008236760300
1175.770000000 9.500000000 0.040514033300
1171.020000000 9.500000000 -0.027321010800
1165.520000000 7.000000000 0.039952714000
1171.520000000 8.500000000 -0.077517584000
1172.770000000 9.000000000 -0.033206105200
1165.520000000 5.000000000 0.015992935700
1171.770000000 8.500000000 -0.094589233400
1165.270000000 8.500000000 0.031990662200
1164.020000000 8.500000000 0.015932962300
1163.520000000 8.500000000 -0.020154416600
1173.270000000 9.000000000 0.031999748200
1171.270000000 9.500000000 -0.052308987800
1165.270000000 7.000000000 0.023062137900
1177.020000000 6.000000000 -0.017721628800
1170.520000000 8.500000000 0.027768584000
1166.520000000 6.500000000 0.023984344700
1166.770000000 7.000000000 0.033078085600
1177.020000000 9.000000000 0.041784558400
1176.770000000 5.000000000 0.056699279700
1163.520000000 8.000000000 -0.038165800300
1165.020000000 8.500000000 0.040584091100
1177.270000000 9.500000000 -0.130431726600
1174.270000000 6.000000000 0.018867394000
1173.520000000 8.500000000 0.067057848000
1170.770000000 9.500000000 -0.007219693200
1164.770000000 8.500000000 0.022005749900
1173.770000000 7.000000000 -0.049056217100
1176.770000000 8.500000000 0.034846387800
1174.770000000 9.500000000 0.077528938700
1177.520000000 9.500000000 -0.121111683500
1164.270000000 8.500000000 0.045515347300
1164.520000000 5.500000000 0.020565021800
1168.520000000 7.500000000 0.019934598400
1164.520000000 8.500000000 0.068009451000
1168.770000000 8.500000000 -0.013207245600
1174.270000000 8.500000000 0.052931595600
1171.520000000 9.500000000 -0.075771138100
1167.020000000 7.000000000 0.014243003000
1172.020000000 9.500000000 -0.093002766400
1166.020000000 9.000000000 0.033165436200
1176.270000000 8.500000000 -0.087112881200
1172.520000000 9.000000000 -0.056489709800
1165.520000000 5.500000000 0.015805728700
1173.520000000 9.000000000 0.059502448900
1174.520000000 5.000000000 0.082868360000
1169.270000000 9.500000000 0.060521684600
1167.270000000 7.500000000 -0.021476047100
1171.770000000 9.500000000 -0.090494900900
1165.020000000 7.000000000 0.008200485300
1168.270000000 7.500000000 0.037479754500
1166.270000000 9.500000000 0.012517583600
1174.270000000 6.500000000 0.003097636400
1169.270000000 9.000000000 0.038373645400
1164.020000000 7.000000000 -0.006881276600
1168.770000000 9.000000000 0.011535129500
1163.770000000 7.000000000 -0.027360264200
1169.020000000 9.000000000 0.011514409400
1175.520000000 9.500000000 0.051108863200
1175.020000000 9.500000000 0.065943740300
1164.520000000 7.000000000 -0.001096964300
1165.270000000 9.500000000 0.025978794300
1164.770000000 7.000000000 0.026303479400
1164.770000000 9.000000000 -0.009131169900
1164.270000000 7.000000000 0.010496225200
1170.520000000 9.500000000 -0.026829481100
1176.770000000 9.000000000 0.008177902500
1173.770000000 9.000000000 0.074442885800
1176.520000000 8.500000000 -0.094162680200
1163.520000000 7.000000000 -0.045175083000
1169.020000000 8.000000000 -0.025794617800
1168.020000000 7.500000000 0.048215743200
1174.020000000 7.000000000 -0.032592300300
1169.520000000 9.500000000 0.055680904500
1165.270000000 5.000000000 0.009267481000
1164.770000000 5.000000000 -0.036003295300
1169.520000000 9.000000000 0.057860948100
1176.520000000 5.000000000 0.035699319100
1174.020000000 8.500000000 0.069077342700
1170.020000000 8.000000000 0.048248998800
1175.270000000 9.500000000 0.054493736500
1169.770000000 8.000000000 0.056785538800
1173.770000000 8.500000000 0.077797807800
1175.270000000 9.000000000 -0.001693398500
1167.520000000 7.500000000 0.023909965500
1169.520000000 8.000000000 0.060578249400
1176.770000000 5.500000000 0.000558282900
1174.270000000 7.000000000 0.043822880800
1174.020000000 9.000000000 0.074793607000
1164.770000000 5.500000000 0.036506366000
1170.270000000 9.500000000 -0.048609249300
1165.770000000 9.000000000 0.045438990000
1172.270000000 9.000000000 -0.069801196500
1169.270000000 8.000000000 0.058096002800
1174.770000000 6.500000000 -0.007561144900
1167.770000000 7.500000000 0.007019511400
1175.520000000 9.000000000 -0.031529918300
1174.270000000 9.000000000 0.000940717200
1174.520000000 9.000000000 0.033608675000
1169.770000000 9.500000000 0.040588028700
1169.770000000 9.000000000 0.065816894200
1165.270000000 5.500000000 -0.001344079300
1165.020000000 5.000000000 -0.019676948000
1170.020000000 9.500000000 -0.058026984300
1175.020000000 9.000000000 0.025271292800
1165.020000000 5.500000000 0.041845597300
1171.270000000 9.000000000 0.025288704800
1174.270000000 5.500000000 0.047885868700
1176.770000000 6.000000000 -0.039206448900
1170.520000000 9.000000000 0.031846404100
1165.520000000 9.500000000 -0.001505082400
1174.770000000 9.000000000 0.066350549500
1165.770000000 9.500000000 0.019723232800
1176.270000000 5.000000000 0.027352431800
1170.270000000 8.500000000 0.033225297900
1170.770000000 9.000000000 0.016904981800
1170.020000000 9.000000000 0.061772622200
1166.020000000 9.500000000 0.040664956000
1171.020000000 9.000000000 0.000138486400
1170.270000000 9.000000000 0.048755921400
1175.020000000 5.500000000 -0.066205330200
1174.770000000 5.000000000 0.077315077200
1171.520000000 9.000000000 0.047731682700
1175.270000000 5.500000000 -0.052263911800
1175.770000000 9.000000000 -0.058893367600
1176.520000000 9.000000000 -0.018483912600
1165.520000000 9.000000000 0.055382072900
1174.770000000 5.500000000 -0.070319093800
1175.520000000 6.000000000 -0.051735218600
1172.020000000 9.000000000 -0.071960024500
1175.520000000 5.500000000 -0.027369130400
1174.520000000 5.500000000 -0.062977105400
1169.270000000 8.500000000 0.045709747800
1174.520000000 6.000000000 0.029857715600
1169.020000000 8.500000000 -0.019420141400
1176.520000000 5.500000000 0.077634550600
1169.520000000 8.500000000 0.054177280500
1176.270000000 5.500000000 0.059429116500
1175.770000000 5.500000000 -0.000102179200
1175.770000000 6.000000000 -0.053086042400
1165.020000000 9.000000000 0.002760872200
1176.020000000 5.500000000 0.035525273500
1176.020000000 5.000000000 0.001399963000
1169.770000000 8.500000000 0.056252937800
1174.520000000 6.500000000 0.015914563100
1165.270000000 9.000000000 0.059325743500
1170.020000000 8.500000000 0.052312318200
1171.770000000 9.000000000 -0.070395678300
1175.270000000 6.000000000 -0.045027390100
1175.020000000 5.000000000 0.060656327800
1176.520000000 6.000000000 -0.042066179200
1175.770000000 5.000000000 -0.022687265600
1176.020000000 9.000000000 -0.077634356900
1176.020000000 6.000000000 -0.049510195900
1175.270000000 5.000000000 0.039375849100
1175.520000000 5.000000000 -0.041689675300
1176.270000000 9.000000000 0.035920515700
1176.270000000 6.000000000 -0.044939860700
1175.020000000 6.000000000 -0.034259438500
1174.770000000 6.000000000 0.019151128800
