975.170000000 7.600000000 -0.593307614300
975.420000000 7.600000000 -0.677810668900
976.170000000 7.400000000 -0.584986865500
975.670000000 7.600000000 -0.712170124100
975.920000000 7.600000000 -0.676393985700
975.920000000 7.400000000 -0.685315430200
976.420000000 7.400000000 -0.428584277600
974.920000000 7.600000000 -0.493973195600
976.170000000 7.600000000 -0.562995553000
975.420000000 7.400000000 -0.665229618500
975.670000000 7.400000000 -0.710446834600
975.170000000 7.400000000 -0.573540389500
975.170000000 7.800000000 -0.606337845300
976.420000000 7.600000000 -0.401994526400
974.920000000 7.800000000 -0.512168407400
975.420000000 7.800000000 -0.679595649200
974.920000000 7.400000000 -0.473271071900
976.170000000 7.200000000 -0.600216209900
975.670000000 7.800000000 -0.704988360400
976.420000000 7.200000000 -0.458090722600
976.670000000 7.400000000 -0.256071180100
976.670000000 7.600000000 -0.235550031100
975.920000000 7.800000000 -0.654221415500
975.920000000 7.200000000 -0.683650791600
974.670000000 7.800000000 -0.425331562800
974.670000000 7.600000000 -0.406921118500
976.170000000 7.800000000 -0.533978045000
974.920000000 8.000000000 -0.526110768300
975.670000000 7.200000000 -0.696582436600
975.420000000 7.200000000 -0.643326699700
976.420000000 7.800000000 -0.376167237800
975.170000000 7.200000000 -0.549286484700
975.170000000 8.000000000 -0.610877990700
974.670000000 8.000000000 -0.443366527600
976.670000000 7.200000000 -0.285774648200
974.670000000 7.400000000 -0.388888627300
974.920000000 7.200000000 -0.449374407500
976.670000000 7.800000000 -0.221626147600
975.420000000 8.000000000 -0.669894993300
976.920000000 7.600000000 -0.088937535900
975.670000000 8.000000000 -0.677988529200
976.170000000 7.000000000 -0.603352546700
976.920000000 7.400000000 -0.098810076700
976.420000000 7.000000000 -0.477283805600
974.420000000 7.800000000 -0.364024788100
974.670000000 8.200000000 -0.460141390600
974.420000000 8.000000000 -0.385311186300
975.920000000 8.000000000 -0.620955586400
974.920000000 8.200000000 -0.534536659700
974.670000000 7.200000000 -0.365322589900
975.920000000 7.000000000 -0.670450866200
974.420000000 7.600000000 -0.343868523800
976.170000000 8.000000000 -0.501277983200
976.920000000 7.800000000 -0.087047614200
975.670000000 7.000000000 -0.671772539600
974.420000000 8.200000000 -0.406760722400
975.170000000 8.200000000 -0.605859339200
976.670000000 7.000000000 -0.313703447600
976.420000000 8.000000000 -0.354120582300
975.170000000 7.000000000 -0.522547185400
976.920000000 7.200000000 -0.117779851000
975.420000000 7.000000000 -0.613840878000
974.920000000 7.000000000 -0.429048597800
976.670000000 8.000000000 -0.214841753200
974.420000000 7.400000000 -0.316888272800
975.420000000 8.200000000 -0.648839652500
974.670000000 8.400000000 -0.474716663400
974.420000000 8.400000000 -0.426872998500
974.670000000 7.000000000 -0.352629959600
974.170000000 8.200000000 -0.353948861400
975.670000000 8.200000000 -0.644474148800
974.170000000 8.000000000 -0.325895726700
974.920000000 8.400000000 -0.536954700900
976.920000000 8.000000000 -0.091471314400
977.170000000 7.600000000 0.039212595700
974.170000000 8.400000000 -0.376501619800
974.170000000 7.800000000 -0.294604748500
975.920000000 8.200000000 -0.583222508400
977.170000000 7.400000000 0.037421736900
976.920000000 7.000000000 -0.144985720500
976.170000000 6.800000000 -0.596427321400
974.420000000 7.200000000 -0.303485661700
976.420000000 6.800000000 -0.488652288900
975.920000000 6.800000000 -0.647368967500
975.170000000 8.400000000 -0.591400265700
976.170000000 8.200000000 -0.472249478100
974.920000000 6.800000000 -0.411340087700
977.170000000 7.800000000 0.035439681300
976.670000000 6.800000000 -0.340023577200
975.170000000 6.800000000 -0.495226144800
975.670000000 6.800000000 -0.630807936200
974.420000000 8.600000000 -0.438013017200
974.170000000 7.600000000 -0.271563112700
976.420000000 8.200000000 -0.340024679900
975.420000000 6.800000000 -0.579143822200
974.170000000 8.600000000 -0.394063055500
977.170000000 7.200000000 0.026004949600
973.920000000 8.400000000 -0.292183607800
974.670000000 8.600000000 -0.485942304100
975.420000000 8.400000000 -0.611895620800
973.920000000 8.600000000 -0.319923907500
973.920000000 8.200000000 -0.262605279700
976.670000000 8.200000000 -0.214127197900
974.670000000 6.800000000 -0.342672675800
974.420000000 7.000000000 -0.292080402400
974.920000000 8.600000000 -0.525902986500
975.670000000 8.400000000 -0.599525034400
973.920000000 8.000000000 -0.233344107900
974.170000000 7.400000000 -0.249180242400
973.920000000 8.800000000 -0.340341419000
976.920000000 6.800000000 -0.184004545200
973.670000000 8.600000000 -0.209107369200
974.170000000 8.800000000 -0.413490116600
977.170000000 8.000000000 0.026073351500
976.920000000 8.200000000 -0.100168228100
975.170000000 8.600000000 -0.562797248400
975.920000000 8.400000000 -0.543667078000
977.170000000 7.000000000 0.003653734900
974.420000000 8.800000000 -0.454556554600
973.670000000 8.400000000 -0.181891903300
973.670000000 8.800000000 -0.229614973100
976.420000000 6.600000000 -0.498886346800
976.170000000 6.600000000 -0.580259323100
974.920000000 6.600000000 -0.396567523500
974.670000000 8.800000000 -0.492796838300
976.170000000 8.400000000 -0.443545281900
973.920000000 7.800000000 -0.207084909100
975.420000000 8.600000000 -0.577579498300
975.170000000 6.600000000 -0.468707382700
975.920000000 6.600000000 -0.610898852300
976.670000000 6.600000000 -0.373989760900
977.420000000 7.400000000 0.150940448000
973.670000000 8.200000000 -0.158196702600
975.670000000 6.600000000 -0.591597855100
975.420000000 6.600000000 -0.541648626300
977.420000000 7.600000000 0.152443066200
974.920000000 8.800000000 -0.514444053200
976.420000000 8.400000000 -0.327926307900
974.670000000 6.600000000 -0.334977656600
974.420000000 6.800000000 -0.282101720600
974.170000000 7.200000000 -0.235374063300
973.420000000 8.600000000 -0.081117428800
973.920000000 9.000000000 -0.351557403800
973.670000000 9.000000000 -0.248473897600
973.420000000 8.800000000 -0.101455040300
975.670000000 8.600000000 -0.561216712000
974.170000000 9.000000000 -0.420892864500
977.420000000 7.200000000 0.141194239300
975.170000000 8.800000000 -0.528649747400
973.420000000 8.400000000 -0.066740885400
977.170000000 6.800000000 -0.027289444600
976.670000000 8.400000000 -0.217880606700
977.420000000 7.800000000 0.147258371100
974.420000000 9.000000000 -0.464875161600
976.920000000 6.600000000 -0.221579194100
973.920000000 7.600000000 -0.185517683600
977.170000000 8.200000000 0.010735763200
973.670000000 8.000000000 -0.132579579900
973.420000000 9.000000000 -0.113754257600
975.920000000 8.600000000 -0.509478151800
975.420000000 8.800000000 -0.539130032100
983.920000000 7.800000000 0.195834949600
974.670000000 9.000000000 -0.494255691800
973.170000000 8.800000000 0.035431943800
983.920000000 8.000000000 0.211064502600
973.170000000 8.600000000 0.045730691400
977.420000000 7.000000000 0.122194469000
974.920000000 9.000000000 -0.499700635700
974.920000000 6.400000000 -0.384167462600
973.420000000 8.200000000 -0.048799391800
976.920000000 8.400000000 -0.113256081900
983.670000000 8.000000000 0.088473558400
975.170000000 6.400000000 -0.442762821900
976.170000000 8.600000000 -0.424784690100
975.670000000 8.800000000 -0.526534915000
975.170000000 9.000000000 -0.505294501800
974.170000000 7.000000000 -0.223449662300
984.170000000 7.800000000 0.295104324800
973.670000000 9.200000000 -0.257811635700
973.170000000 9.000000000 0.024990314600
975.420000000 6.400000000 -0.504032194600
983.670000000 7.800000000 0.078517660500
973.920000000 9.200000000 -0.354633003500
976.170000000 6.400000000 -0.556698977900
973.170000000 8.400000000 0.049210436600
977.420000000 8.000000000 0.137477070100
976.420000000 6.400000000 -0.495069026900
975.920000000 6.400000000 -0.573824703700
975.670000000 6.400000000 -0.549423992600
974.420000000 6.600000000 -0.275218039800
983.920000000 7.600000000 0.185044556900
974.670000000 6.400000000 -0.328783035300
974.170000000 9.200000000 -0.427227795100
973.670000000 7.800000000 -0.113923363400
975.420000000 9.000000000 -0.509618103500
972.920000000 8.800000000 0.158102840200
976.670000000 6.400000000 -0.392542898700
977.170000000 6.600000000 -0.067349180600
983.670000000 8.200000000 0.100520171200
973.420000000 9.200000000 -0.125506371300
973.920000000 7.400000000 -0.169060945500
984.170000000 8.000000000 0.300716221300
976.420000000 8.600000000 -0.323844879900
972.920000000 8.600000000 0.153319761200
983.920000000 8.200000000 0.217952221600
974.420000000 9.200000000 -0.478665560500
984.170000000 7.600000000 0.274674087800
975.920000000 8.800000000 -0.484093636300
977.420000000 6.800000000 0.098280109500
972.920000000 9.000000000 0.160268858100
974.670000000 9.200000000 -0.473719984300
974.920000000 9.200000000 -0.472251355600
983.420000000 8.000000000 -0.031258367000
975.170000000 9.200000000 -0.481214672300
973.420000000 8.000000000 -0.035765353600
976.920000000 6.400000000 -0.257684171200
977.670000000 7.400000000 0.234215363900
975.670000000 9.000000000 -0.503059148800
977.170000000 8.400000000 -0.002611792400
983.420000000 8.200000000 -0.019854560500
972.670000000 8.800000000 0.250258773600
977.670000000 7.200000000 0.223445266500
973.170000000 9.200000000 0.021765193000
983.670000000 7.600000000 0.070020705500
973.170000000 8.200000000 0.054111111900
975.420000000 9.200000000 -0.495790869000
976.670000000 8.600000000 -0.222396493000
977.420000000 8.200000000 0.125575780900
977.670000000 7.600000000 0.239235505500
972.920000000 8.400000000 0.146980151500
975.170000000 6.200000000 -0.419578880100
983.420000000 7.800000000 -0.036693017900
974.920000000 6.200000000 -0.373040139700
972.670000000 9.000000000 0.265101611600
972.670000000 8.600000000 0.235993355500
974.170000000 6.800000000 -0.215321779300
976.170000000 8.800000000 -0.411538362500
975.420000000 6.200000000 -0.468605190500
977.670000000 7.000000000 0.206129714800
983.670000000 8.400000000 0.115106202700
979.670000000 6.400000000 0.309819906900
979.420000000 6.400000000 0.359164506200
973.670000000 7.600000000 -0.099555090100
975.170000000 9.400000000 -0.474717587200
972.420000000 8.800000000 0.308640897300
984.420000000 7.800000000 0.344559729100
979.670000000 6.200000000 0.310731619600
975.670000000 6.200000000 -0.506969928700
979.420000000 6.200000000 0.352100044500
978.920000000 6.600000000 0.336037159000
978.920000000 6.800000000 0.323453456200
984.170000000 8.200000000 0.300890475500
977.420000000 6.600000000 0.064706087100
977.170000000 6.400000000 -0.109985098200
979.170000000 6.400000000 0.363787859700
973.670000000 9.400000000 -0.255355894600
978.670000000 6.800000000 0.307524979100
973.920000000 9.400000000 -0.354022562500
974.920000000 9.400000000 -0.460742294800
974.420000000 6.400000000 -0.269779175500
979.170000000 6.600000000 0.358045846200
972.920000000 9.200000000 0.162020444900
978.670000000 7.000000000 0.297008067400
976.920000000 8.600000000 -0.124206855900
975.670000000 9.200000000 -0.488476485000
975.920000000 9.000000000 -0.467446982900
983.920000000 7.400000000 0.167891606700
983.420000000 8.400000000 -0.003719774800
975.920000000 6.200000000 -0.533371806100
973.920000000 7.200000000 -0.157451823400
977.670000000 7.800000000 0.238922998300
975.420000000 9.400000000 -0.489290863300
978.920000000 7.000000000 0.312204688800
974.670000000 6.200000000 -0.323323935300
978.670000000 6.600000000 0.316408306400
969.420000000 7.400000000 0.046368386600
974.170000000 9.400000000 -0.436493456400
973.420000000 9.400000000 -0.127443432800
979.670000000 6.600000000 0.302040159700
976.170000000 6.200000000 -0.524827063100
979.420000000 6.600000000 0.362921536000
978.920000000 6.400000000 0.342783302100
969.420000000 7.600000000 0.049395490400
972.420000000 9.000000000 0.326916784000
978.670000000 7.200000000 0.287309199600
984.420000000 7.600000000 0.336582869300
976.420000000 6.200000000 -0.489934861700
984.170000000 7.400000000 0.259514153000
974.670000000 9.400000000 -0.461891979000
979.670000000 6.000000000 0.300627887200
983.920000000 8.400000000 0.222947329300
969.670000000 7.400000000 0.152072832000
979.170000000 6.200000000 0.361455351100
977.670000000 6.800000000 0.187369927800
972.420000000 8.600000000 0.288585752200
984.420000000 8.000000000 0.353531122200
970.170000000 7.400000000 0.305072069200
974.420000000 9.400000000 -0.477757513500
979.170000000 6.800000000 0.344026088700
978.920000000 7.200000000 0.300174325700
969.170000000 7.400000000 -0.057237882200
976.670000000 6.200000000 -0.415658623000
969.920000000 7.400000000 0.242649242300
979.420000000 6.000000000 0.338758707000
969.670000000 7.600000000 0.150742024200
972.170000000 8.800000000 0.337180852900
978.420000000 6.800000000 0.297009140300
977.420000000 8.400000000 0.113678075400
979.920000000 6.400000000 0.227638572500
978.670000000 7.400000000 0.283991247400
973.420000000 7.800000000 -0.028450936100
978.420000000 7.000000000 0.290929496300
970.420000000 7.400000000 0.322941064800
978.670000000 6.400000000 0.322145462000
976.420000000 8.800000000 -0.315001547300
979.920000000 6.200000000 0.230832174400
975.170000000 9.600000000 -0.476246088700
969.170000000 7.600000000 -0.054113142200
970.170000000 7.200000000 0.311303526200
983.170000000 8.000000000 -0.126297995400
978.920000000 7.400000000 0.292383700600
972.670000000 8.400000000 0.220039963700
978.420000000 6.600000000 0.301183074700
983.170000000 8.200000000 -0.120335079700
969.920000000 7.200000000 0.245468601600
978.420000000 7.200000000 0.285503447100
977.670000000 8.000000000 0.232181415000
969.920000000 7.600000000 0.235660925500
978.920000000 6.200000000 0.331769138600
969.420000000 7.200000000 0.046080369500
978.670000000 7.600000000 0.284851938500
972.670000000 9.200000000 0.270075112600
969.670000000 7.200000000 0.150775626300
976.920000000 6.200000000 -0.299482345600
973.170000000 9.400000000 0.017470598200
979.920000000 6.600000000 0.213755354300
977.920000000 7.200000000 0.268019139800
970.170000000 7.600000000 0.287437707200
977.170000000 8.600000000 -0.015061860000
983.420000000 7.600000000 -0.033869732200
973.170000000 8.000000000 0.053100828100
979.170000000 7.000000000 0.324762493400
972.170000000 8.600000000 0.324439615000
977.920000000 7.000000000 0.254720300400
975.170000000 6.000000000 -0.399059146600
972.920000000 8.200000000 0.141353085600
975.420000000 9.600000000 -0.491235435000
978.920000000 7.600000000 0.286929130600
979.670000000 5.800000000 0.290435403600
970.420000000 7.600000000 0.312113821500
974.920000000 9.600000000 -0.444933563500
975.420000000 6.000000000 -0.437039047500
972.170000000 9.000000000 0.345866233100
969.420000000 7.800000000 0.053133826700
979.920000000 6.000000000 0.245263084800
970.420000000 7.200000000 0.329306423700
978.670000000 7.800000000 0.292114585600
975.670000000 9.400000000 -0.478022992600
978.420000000 7.400000000 0.285206466900
977.420000000 6.400000000 0.026691017700
979.170000000 6.000000000 0.340632766500
971.920000000 8.800000000 0.349081665300
977.920000000 7.400000000 0.277808517200
979.420000000 6.800000000 0.358737409100
978.920000000 7.800000000 0.283221215000
978.170000000 7.000000000 0.280826091800
985.420000000 7.800000000 0.247317269400
969.170000000 7.200000000 -0.053454034000
974.920000000 6.000000000 -0.362373858700
978.170000000 6.800000000 0.278750449400
969.670000000 7.800000000 0.147500470300
983.670000000 7.400000000 0.068163774900
985.420000000 7.600000000 0.258360683900
977.670000000 6.600000000 0.164560660700
979.670000000 6.800000000 0.296240031700
978.670000000 8.000000000 0.300350278600
978.920000000 8.000000000 0.281872272500
977.920000000 6.800000000 0.245217159400
978.420000000 6.400000000 0.305091619500
979.170000000 7.200000000 0.312573224300
975.670000000 6.000000000 -0.473922997700
976.170000000 9.000000000 -0.391804903700
978.170000000 7.200000000 0.282858073700
974.170000000 6.600000000 -0.210965678100
971.920000000 8.600000000 0.339841276400
975.920000000 9.200000000 -0.450483351900
979.420000000 5.800000000 0.324890762600
977.670000000 8.200000000 0.227393135400
978.920000000 8.200000000 0.284940987800
978.670000000 8.200000000 0.311221838000
978.420000000 7.600000000 0.294112682300
978.670000000 6.200000000 0.323954314000
979.920000000 5.800000000 0.248084440800
983.170000000 7.800000000 -0.126470610500
975.170000000 9.800000000 -0.480831414500
977.170000000 6.200000000 -0.153873845900
978.170000000 6.600000000 0.278806179800
976.670000000 8.800000000 -0.227221399500
978.920000000 8.400000000 0.292810827500
983.670000000 8.600000000 0.126454621600
978.920000000 6.000000000 0.326421469400
977.920000000 7.600000000 0.286722719700
973.670000000 7.400000000 -0.091028466800
972.420000000 8.400000000 0.271568357900
971.670000000 8.800000000 0.340725958300
984.670000000 7.800000000 0.358894139500
983.170000000 8.400000000 -0.106144562400
977.420000000 8.600000000 0.105278857100
979.170000000 7.400000000 0.295959681300
969.920000000 7.800000000 0.226091384900
978.670000000 8.400000000 0.323426634100
970.670000000 7.400000000 0.315313637300
971.920000000 9.000000000 0.349119335400
974.670000000 9.600000000 -0.430188655900
979.920000000 6.800000000 0.208099439700
985.420000000 8.000000000 0.219357177600
972.420000000 9.200000000 0.330452978600
978.170000000 7.400000000 0.288988858500
978.420000000 7.800000000 0.306465655600
975.420000000 9.800000000 -0.498533785300
969.170000000 7.800000000 -0.046114463400
975.920000000 6.000000000 -0.492486864300
971.670000000 8.600000000 0.336391866200
979.170000000 5.800000000 0.321706712200
984.420000000 7.400000000 0.312005937100
970.170000000 7.000000000 0.310946017500
974.420000000 6.200000000 -0.271408766500
983.420000000 8.600000000 0.013875746200
984.420000000 8.200000000 0.345434814700
978.920000000 8.600000000 0.304540872600
977.920000000 6.600000000 0.234584599700
969.920000000 7.000000000 0.244287565400
977.670000000 8.400000000 0.219191208500
985.420000000 7.400000000 0.265321940200
970.670000000 7.600000000 0.306571662400
979.170000000 7.600000000 0.284126818200
978.420000000 8.000000000 0.322472244500
972.920000000 9.400000000 0.157397419200
979.670000000 5.600000000 0.285606205500
973.920000000 7.000000000 -0.148810774100
974.920000000 9.800000000 -0.437123596700
974.670000000 6.000000000 -0.318124234700
984.170000000 8.400000000 0.303805828100
975.670000000 9.600000000 -0.479909271000
970.170000000 7.800000000 0.274692267200
985.170000000 7.800000000 0.297867983600
979.170000000 7.800000000 0.274120330800
972.170000000 8.400000000 0.305826604400
968.920000000 7.400000000 -0.139546170800
969.670000000 7.000000000 0.149679929000
979.170000000 8.000000000 0.266404628800
984.670000000 7.600000000 0.351098060600
978.670000000 8.600000000 0.335226625200
979.170000000 8.200000000 0.261803209800
977.920000000 7.800000000 0.290889322800
979.420000000 7.000000000 0.331748276900
978.420000000 8.200000000 0.335323333700
979.920000000 5.600000000 0.252724111100
977.670000000 6.400000000 0.137921661100
971.920000000 8.400000000 0.322294056400
970.420000000 7.800000000 0.298434227700
978.170000000 6.400000000 0.275786668100
971.420000000 8.800000000 0.316051393700
978.170000000 7.600000000 0.299736112400
984.670000000 8.000000000 0.352480202900
979.170000000 8.400000000 0.261935263900
978.920000000 8.800000000 0.318386852700
985.170000000 7.600000000 0.302217453700
971.670000000 9.000000000 0.337632209100
976.170000000 6.000000000 -0.493112504500
969.420000000 7.000000000 0.050184477100
971.420000000 8.600000000 0.317680299300
976.920000000 8.800000000 -0.133359044800
975.170000000 10.000000000 -0.493898451300
973.670000000 9.600000000 -0.242452904600
980.170000000 6.400000000 0.130761176300
979.420000000 5.600000000 0.317453146000
975.420000000 5.800000000 -0.410611599700
973.920000000 9.600000000 -0.348310411000
979.170000000 8.600000000 0.269082605800
978.420000000 6.200000000 0.305068045900
978.420000000 8.400000000 0.344735711800
970.670000000 7.200000000 0.318948686100
980.170000000 6.200000000 0.136486783600
970.420000000 7.000000000 0.338671296800
974.420000000 9.600000000 -0.447374582300
975.170000000 5.800000000 -0.381113737800
977.420000000 6.200000000 -0.011547990100
971.670000000 8.400000000 0.324776947500
968.920000000 7.600000000 -0.140310257700
977.670000000 8.600000000 0.212762847500
977.920000000 8.000000000 0.292360782600
984.920000000 7.800000000 0.334704637500
974.170000000 9.600000000 -0.433265417800
985.170000000 8.000000000 0.286569744300
979.170000000 8.800000000 0.280243694800
976.420000000 6.000000000 -0.475067347300
975.420000000 10.000000000 -0.508231759100
978.170000000 7.800000000 0.313544243600
977.920000000 6.400000000 0.220870956800
972.670000000 8.200000000 0.206352695800
969.670000000 8.000000000 0.142989918600
977.920000000 8.200000000 0.296574533000
973.420000000 9.600000000 -0.118303969500
969.420000000 8.000000000 0.056059282300
980.170000000 6.600000000 0.126289486900
978.670000000 8.800000000 0.344943612800
979.170000000 9.000000000 0.295844525100
975.920000000 9.400000000 -0.445825368200
983.920000000 8.600000000 0.225705832200
973.420000000 7.600000000 -0.024045014800
971.420000000 9.000000000 0.312958926000
978.920000000 9.000000000 0.332113057400
971.170000000 8.800000000 0.280781537300
975.670000000 5.800000000 -0.437520444400
976.420000000 9.000000000 -0.310740441100
978.170000000 8.000000000 0.325700521500
980.170000000 6.000000000 0.168046250900
977.170000000 8.800000000 -0.020957311600
971.170000000 8.600000000 0.285978168200
976.670000000 6.000000000 -0.428579121800
972.170000000 9.200000000 0.348565161200
968.920000000 7.200000000 -0.130989655900
979.670000000 7.000000000 0.297747135200
978.420000000 8.600000000 0.349434435400
979.420000000 7.200000000 0.303878456400
971.420000000 8.400000000 0.314934760300
977.920000000 8.400000000 0.296040684000
970.670000000 7.800000000 0.292470306200
978.170000000 8.200000000 0.335923463100
979.170000000 5.600000000 0.321331918200
984.920000000 7.600000000 0.334746271400
978.670000000 6.000000000 0.321340084100
974.920000000 10.000000000 -0.444279700500
979.170000000 9.200000000 0.309418946500
975.670000000 9.800000000 -0.478646695600
969.170000000 7.000000000 -0.042163156000
983.920000000 7.200000000 0.156756609700
974.920000000 5.800000000 -0.351961106100
978.920000000 5.800000000 0.324238389700
980.170000000 5.800000000 0.217919498700
977.420000000 8.800000000 0.098837509800
984.920000000 8.000000000 0.325837761200
978.170000000 8.400000000 0.340226620400
985.420000000 8.200000000 0.203016653700
984.170000000 7.200000000 0.232444867500
976.170000000 9.200000000 -0.384193897200
974.670000000 9.800000000 -0.402225762600
976.920000000 6.000000000 -0.322602033600
971.170000000 8.400000000 0.292177707000
978.170000000 6.200000000 0.267101347400
985.170000000 7.400000000 0.299936085900
979.920000000 7.000000000 0.211355298800
979.420000000 5.400000000 0.323500365000
972.920000000 8.000000000 0.133512109500
977.920000000 8.600000000 0.290262460700
977.670000000 6.200000000 0.108038775600
971.170000000 9.000000000 0.271912246900
974.170000000 6.400000000 -0.211409837000
979.420000000 7.400000000 0.283225923800
983.170000000 7.600000000 -0.118793509900
979.670000000 5.400000000 0.299364715800
969.920000000 8.000000000 0.215653076800
973.170000000 7.800000000 0.052385266900
985.420000000 7.200000000 0.268090933600
983.420000000 7.400000000 -0.028497582300
977.670000000 8.800000000 0.200299337500
979.170000000 9.400000000 0.317610561800
979.420000000 9.400000000 0.247892066800
978.170000000 8.600000000 0.338039547200
979.920000000 5.400000000 0.263898223600
978.920000000 9.200000000 0.346119880700
972.670000000 9.400000000 0.267531186300
970.920000000 8.600000000 0.241344198600
980.170000000 5.600000000 0.222291722900
980.170000000 6.800000000 0.131717920300
971.670000000 8.200000000 0.309455812000
971.920000000 8.200000000 0.299415022100
978.670000000 9.000000000 0.351376473900
978.420000000 8.800000000 0.351408720000
979.420000000 7.600000000 0.270087510300
983.170000000 8.600000000 -0.093881733700
971.420000000 8.200000000 0.309409439600
970.920000000 8.400000000 0.255561113400
979.420000000 9.200000000 0.244140699500
971.170000000 8.200000000 0.297224938900
977.920000000 6.200000000 0.201821550700
975.920000000 5.800000000 -0.461788505300
970.920000000 8.800000000 0.227341324100
977.170000000 6.000000000 -0.187734291000
979.420000000 7.800000000 0.260381162200
973.170000000 9.600000000 0.017507525200
979.420000000 8.000000000 0.252029955400
984.670000000 7.400000000 0.333006531000
975.670000000 10.000000000 -0.477893501500
971.920000000 9.200000000 0.339754045000
979.420000000 8.200000000 0.245026275500
972.420000000 8.200000000 0.253170847900
970.920000000 8.200000000 0.271455496500
970.920000000 7.600000000 0.290510386200
979.420000000 9.600000000 0.238384589600
979.420000000 8.400000000 0.240164607800
984.670000000 8.200000000 0.343643248100
972.170000000 8.200000000 0.284270584600
970.920000000 7.800000000 0.295585364100
970.920000000 8.000000000 0.287540733800
975.420000000 5.600000000 -0.387117326300
985.170000000 8.200000000 0.269199669400
974.420000000 6.000000000 -0.277114003900
979.420000000 9.000000000 0.241253957200
979.420000000 8.600000000 0.236157745100
969.170000000 8.000000000 -0.036068495400
970.920000000 7.400000000 0.289352327600
975.920000000 9.600000000 -0.433296710300
982.920000000 8.200000000 -0.185295671200
979.420000000 8.800000000 0.237161979100
968.920000000 7.800000000 -0.133915513800
977.920000000 8.800000000 0.279956162000
971.170000000 8.000000000 0.303319126400
970.170000000 8.000000000 0.261268198500
982.920000000 8.000000000 -0.187099903800
971.670000000 9.200000000 0.327514648400
978.420000000 6.000000000 0.299807637900
970.670000000 8.000000000 0.257235318400
979.670000000 9.600000000 0.134582057600
974.670000000 5.800000000 -0.317169934500
978.170000000 8.800000000 0.332880586400
976.670000000 9.000000000 -0.227713078300
975.170000000 5.600000000 -0.365735322200
970.920000000 9.000000000 0.215085819400
975.670000000 5.600000000 -0.412434428900
970.670000000 7.000000000 0.315794438100
979.670000000 5.200000000 0.333366394000
984.920000000 7.400000000 0.325519889600
977.420000000 6.000000000 -0.043998595300
969.920000000 6.800000000 0.237746477100
970.420000000 8.000000000 0.280147820700
970.170000000 6.800000000 0.307201564300
971.420000000 9.200000000 0.298258483400
973.670000000 7.200000000 -0.083961375100
974.670000000 10.000000000 -0.381184548100
980.170000000 5.400000000 0.229255512400
971.420000000 8.000000000 0.303221046900
979.420000000 5.200000000 0.334659516800
969.670000000 6.800000000 0.149911627200
979.170000000 5.400000000 0.320362985100
973.920000000 6.800000000 -0.143633380500
970.670000000 8.200000000 0.233380690200
984.920000000 8.200000000 0.309907376800
979.170000000 9.600000000 0.320430994000
984.420000000 8.400000000 0.338113218500
978.420000000 9.000000000 0.347432047100
979.670000000 9.800000000 0.122307285700
978.920000000 9.400000000 0.353222340300
971.170000000 7.800000000 0.308687388900
983.670000000 7.200000000 0.065565452000
976.170000000 5.800000000 -0.465451389600
979.670000000 9.400000000 0.144930243500
978.170000000 6.000000000 0.252700239400
979.670000000 7.200000000 0.279942125100
978.670000000 9.200000000 0.354058355100
971.670000000 8.000000000 0.290502160800
977.670000000 6.000000000 0.076483301800
970.670000000 8.400000000 0.207652121800
971.170000000 9.200000000 0.259822726200
983.670000000 8.800000000 0.136131808200
984.420000000 7.200000000 0.281483262800
974.420000000 9.800000000 -0.383566409300
977.420000000 9.000000000 0.092603862300
980.170000000 7.000000000 0.134357497100
977.920000000 6.000000000 0.173791065800
969.420000000 6.800000000 0.060020592100
976.920000000 9.000000000 -0.134866863500
977.670000000 9.000000000 0.189770221700
974.920000000 5.600000000 -0.342163026300
976.170000000 9.400000000 -0.378905117500
970.670000000 8.600000000 0.183726742900
983.420000000 8.800000000 0.031043712000
975.920000000 9.800000000 -0.432300150400
970.920000000 7.200000000 0.283857733000
977.170000000 9.000000000 -0.021202530700
978.920000000 5.600000000 0.318754494200
979.420000000 9.800000000 0.230252370200
976.420000000 9.200000000 -0.315881699300
978.670000000 5.800000000 0.320099532600
982.920000000 8.400000000 -0.176894411400
972.420000000 9.400000000 0.323843181100
978.170000000 9.000000000 0.320719897700
971.920000000 8.000000000 0.274729758500
979.670000000 7.400000000 0.263251513200
985.170000000 7.200000000 0.291930139100
974.170000000 6.200000000 -0.226852059400
970.670000000 8.800000000 0.165073543800
979.920000000 5.200000000 0.283682346300
968.920000000 7.000000000 -0.114825569100
984.170000000 8.600000000 0.293644100400
969.670000000 8.200000000 0.138100862500
979.920000000 9.800000000 -0.006855521800
970.420000000 6.800000000 0.329973280400
971.170000000 7.600000000 0.305388540000
977.920000000 9.000000000 0.269728601000
975.920000000 5.600000000 -0.435760557700
975.920000000 10.000000000 -0.419265687500
985.420000000 8.400000000 0.186379313500
975.420000000 5.400000000 -0.366761595000
971.420000000 7.800000000 0.296689122900
976.420000000 5.800000000 -0.456614583700
982.920000000 7.800000000 -0.183665484200
969.420000000 8.200000000 0.057647433100
970.920000000 9.200000000 0.203116670300
979.670000000 7.600000000 0.252854406800
972.920000000 9.600000000 0.148835346100
979.920000000 7.200000000 0.211111798900
972.670000000 8.000000000 0.197099164100
979.670000000 9.200000000 0.154862895600
975.670000000 5.400000000 -0.396636933100
980.420000000 5.800000000 0.186668187400
979.670000000 7.800000000 0.244684055400
980.420000000 6.000000000 0.180039569700
979.920000000 9.600000000 0.011684362800
975.170000000 5.400000000 -0.349549710800
970.670000000 9.000000000 0.149935036900
980.420000000 6.200000000 0.042504813500
980.170000000 5.200000000 0.236565351500
974.420000000 5.800000000 -0.290398865900
978.420000000 9.200000000 0.339842587700
976.670000000 5.800000000 -0.424884468300
979.670000000 8.000000000 0.237283438400
972.170000000 8.000000000 0.260497957500
974.170000000 9.800000000 -0.398766726300
980.420000000 5.600000000 0.187220126400
985.420000000 7.000000000 0.266217380800
980.420000000 6.400000000 0.049577541600
969.920000000 8.200000000 0.205591812700
969.170000000 6.800000000 -0.022973928600
973.920000000 9.800000000 -0.343091517700
973.670000000 9.800000000 -0.225188627800
973.420000000 7.400000000 -0.022448888000
971.670000000 7.800000000 0.271091997600
985.170000000 8.400000000 0.248110994700
979.670000000 8.200000000 0.230310335800
974.670000000 5.600000000 -0.316656291500
976.170000000 9.600000000 -0.374085634900
976.920000000 5.800000000 -0.343993723400
979.920000000 10.000000000 -0.021627306900
971.170000000 7.400000000 0.296120554200
979.670000000 10.000000000 0.092428408600
978.670000000 9.400000000 0.353079080600
978.420000000 5.800000000 0.291743189100
978.920000000 9.600000000 0.354697644700
979.670000000 8.400000000 0.222918912800
970.420000000 8.200000000 0.183947816500
980.420000000 6.600000000 0.055392134900
972.420000000 8.000000000 0.234219104100
977.170000000 5.800000000 -0.211874455200
983.920000000 8.800000000 0.224952071900
984.670000000 7.200000000 0.306151837100
979.670000000 9.000000000 0.181730255500
976.670000000 9.200000000 -0.223728448200
968.920000000 8.000000000 -0.122268974800
979.170000000 5.200000000 0.319429338000
984.670000000 8.400000000 0.327990144500
978.170000000 5.800000000 0.228728771200
977.920000000 5.800000000 0.143273487700
979.670000000 8.600000000 0.214401722000
978.170000000 9.200000000 0.305740505500
984.920000000 7.200000000 0.307872712600
977.420000000 5.800000000 -0.074330039300
979.170000000 9.800000000 0.315313637300
974.920000000 5.400000000 -0.332967728400
972.170000000 9.400000000 0.338495403500
980.420000000 5.400000000 0.187302663900
977.670000000 5.800000000 0.045561071500
973.420000000 9.800000000 -0.101182185100
979.670000000 8.800000000 0.200728043900
974.420000000 10.000000000 -0.339818775700
971.420000000 7.600000000 0.291970044400
968.670000000 7.400000000 -0.186869069900
980.170000000 7.200000000 0.135424017900
974.170000000 6.000000000 -0.241729944900
983.170000000 7.400000000 -0.104472771300
985.420000000 10.000000000 0.291336983400
970.920000000 7.000000000 0.271546870500
975.920000000 5.400000000 -0.416112959400
968.670000000 7.600000000 -0.192969605300
975.420000000 5.200000000 -0.350490003800
980.420000000 6.800000000 0.073049888000
971.920000000 7.800000000 0.253873646300
976.420000000 9.400000000 -0.308521002500
983.170000000 8.800000000 -0.073822036400
977.920000000 9.200000000 0.253742665100
984.920000000 8.400000000 0.289586693000
972.920000000 7.800000000 0.124033533000
976.170000000 5.600000000 -0.440306097300
976.170000000 9.800000000 -0.351505547800
975.670000000 5.200000000 -0.380461186200
970.170000000 8.200000000 0.248485326800
977.670000000 9.200000000 0.177715316400
969.170000000 8.200000000 -0.026480216500
973.920000000 6.600000000 -0.146411448700
977.420000000 9.200000000 0.085768885900
979.920000000 7.400000000 0.245524138200
970.420000000 8.400000000 0.153657034000
976.920000000 9.200000000 -0.124302066900
970.670000000 9.200000000 0.139909789000
973.170000000 7.600000000 0.050390504300
979.920000000 9.400000000 0.033880826100
971.420000000 9.400000000 0.281453728700
977.170000000 9.200000000 -0.022150304200
976.170000000 10.000000000 -0.327858984500
970.670000000 6.800000000 0.295859605100
975.170000000 5.200000000 -0.333661049600
971.170000000 9.400000000 0.244354397100
982.920000000 8.600000000 -0.170436114100
985.170000000 10.000000000 0.293495863700
978.920000000 5.400000000 0.309155315200
971.670000000 9.400000000 0.307384043900
971.920000000 9.400000000 0.325279325200
979.920000000 7.600000000 0.236127063600
984.170000000 7.000000000 0.204299002900
979.420000000 10.000000000 0.214956730600
980.420000000 5.200000000 0.180503830300
980.420000000 7.000000000 0.078411340700
970.420000000 8.600000000 0.124269388600
974.420000000 5.600000000 -0.295374065600
971.170000000 7.200000000 0.278043478700
978.670000000 5.600000000 0.313322782500
983.920000000 7.000000000 0.140865668700
983.420000000 7.200000000 -0.013527439900
971.670000000 7.600000000 0.254290252900
978.420000000 9.400000000 0.329849511400
974.670000000 5.400000000 -0.315116822700
980.170000000 9.800000000 -0.109472654800
970.920000000 9.400000000 0.192051321300
973.670000000 7.000000000 -0.082221247300
979.920000000 7.800000000 0.227601394100
968.670000000 7.200000000 -0.174854502100
968.670000000 7.800000000 -0.193109646400
974.920000000 5.200000000 -0.324720770100
974.170000000 5.800000000 -0.250260472300
972.670000000 9.600000000 0.251896560200
972.170000000 7.800000000 0.238613233000
975.920000000 5.200000000 -0.408381372700
982.920000000 7.600000000 -0.176021233200
985.170000000 7.000000000 0.279247432900
973.170000000 9.800000000 0.021026816200
976.420000000 9.600000000 -0.283723741800
970.420000000 8.800000000 0.102338068200
984.420000000 8.600000000 0.318188637500
980.170000000 10.000000000 -0.121552147000
971.420000000 7.400000000 0.283828884400
969.920000000 6.600000000 0.229015111900
969.670000000 6.600000000 0.152028113600
976.670000000 9.400000000 -0.210779324200
984.670000000 5.200000000 0.138778045800
979.920000000 8.000000000 0.220554545500
976.420000000 5.600000000 -0.433892726900
970.170000000 6.600000000 0.290781199900
984.920000000 10.000000000 0.284614592800
978.670000000 9.600000000 0.348733753000
978.170000000 9.400000000 0.290558576600
969.420000000 6.600000000 0.075854383400
985.420000000 8.600000000 0.170818120200
971.920000000 7.600000000 0.234722346100
980.420000000 7.200000000 0.084944292900
978.420000000 5.600000000 0.272445082700
973.920000000 6.400000000 -0.157844513700
976.170000000 5.400000000 -0.423490345500
978.170000000 5.600000000 0.200023278600
979.920000000 8.200000000 0.211984992000
984.420000000 7.000000000 0.248093530500
977.920000000 5.600000000 0.109784022000
979.920000000 9.200000000 0.075124956700
976.420000000 9.800000000 -0.275470882700
984.920000000 5.200000000 0.181799247900
969.670000000 8.400000000 0.133497327600
978.920000000 9.800000000 0.349633991700
980.170000000 7.400000000 0.218906477100
974.670000000 5.200000000 -0.311036884800
977.920000000 9.400000000 0.235928684500
970.420000000 9.000000000 0.087851509500
968.920000000 6.800000000 -0.091842219200
980.170000000 9.600000000 -0.087110288400
985.170000000 8.600000000 0.226490840300
974.420000000 5.400000000 -0.295071542300
977.670000000 5.600000000 0.015406511700
972.670000000 7.800000000 0.176336363000
974.170000000 10.000000000 -0.308450698900
972.420000000 7.800000000 0.215286284700
983.670000000 9.000000000 0.143277064000
976.920000000 9.400000000 -0.111787453300
983.420000000 9.000000000 0.047141965500
969.420000000 8.400000000 0.058193169500
976.670000000 5.600000000 -0.408252686300
980.670000000 5.800000000 0.141089379800
974.170000000 5.600000000 -0.253429323400
976.420000000 10.000000000 -0.251507490900
970.920000000 6.800000000 0.250758349900
984.170000000 8.800000000 0.280174672600
980.670000000 6.000000000 0.139579981600
970.420000000 6.600000000 0.317594230200
979.920000000 8.400000000 0.200932249400
970.670000000 9.400000000 0.134800002000
968.920000000 8.200000000 -0.108327031100
977.420000000 5.600000000 -0.094607867300
971.170000000 7.000000000 0.260665416700
980.670000000 5.600000000 0.135619789400
971.670000000 7.400000000 0.242246985400
973.920000000 6.200000000 -0.175081536200
980.170000000 7.600000000 0.213948682000
980.670000000 6.200000000 0.139457896400
977.170000000 9.400000000 -0.018619043800
984.920000000 7.000000000 0.279833763800
968.670000000 8.000000000 -0.187748789800
969.920000000 8.400000000 0.196580767600
976.670000000 9.600000000 -0.189591422700
985.420000000 6.800000000 0.258948504900
977.170000000 5.600000000 -0.225954249500
976.920000000 5.600000000 -0.337535381300
982.670000000 8.200000000 -0.212374299800
977.670000000 9.400000000 0.165325239300
977.420000000 9.400000000 0.078003227700
978.920000000 5.200000000 0.295237332600
979.170000000 10.000000000 0.301680833100
980.670000000 6.400000000 0.128653138900
984.670000000 10.000000000 0.264330238100
979.920000000 8.600000000 0.186757251600
983.670000000 7.000000000 0.071390867200
979.920000000 9.000000000 0.144498139600
969.170000000 6.600000000 0.002019992800
980.670000000 5.400000000 0.123584508900
984.420000000 5.200000000 0.106738440700
984.670000000 7.000000000 0.268754184200
973.920000000 6.000000000 -0.188040465100
971.420000000 7.200000000 0.275311499800
984.670000000 8.600000000 0.306617409000
980.670000000 6.600000000 0.116607472300
979.920000000 8.800000000 0.169384703000
978.420000000 9.600000000 0.318516105400
984.920000000 8.600000000 0.267949551300
980.170000000 7.800000000 0.205073788800
972.170000000 7.600000000 0.219482287800
973.420000000 7.200000000 -0.023748079300
976.170000000 5.200000000 -0.413624793300
980.670000000 6.800000000 0.106149271100
982.670000000 8.000000000 -0.211699008900
978.670000000 5.400000000 0.294046431800
985.420000000 9.800000000 0.282081723200
974.420000000 5.200000000 -0.285566479000
980.420000000 7.400000000 0.108483307100
985.170000000 5.200000000 0.232335612200
970.170000000 8.400000000 0.236861094800
972.420000000 9.600000000 0.311953336000
982.670000000 8.400000000 -0.211316183200
980.670000000 7.000000000 0.087709642900
973.920000000 5.800000000 -0.192004919100
980.670000000 5.200000000 0.111136533300
973.920000000 10.000000000 -0.300378471600
971.920000000 7.400000000 0.221028909100
972.920000000 9.800000000 0.133017644300
970.420000000 9.200000000 0.085557520400
974.170000000 5.400000000 -0.246709957700
969.170000000 8.400000000 -0.018938338400
968.670000000 7.000000000 -0.157189294700
976.670000000 9.800000000 -0.175561830400
980.170000000 8.000000000 0.191618517000
978.170000000 9.600000000 0.273729860800
982.920000000 8.800000000 -0.153325244800
976.420000000 5.400000000 -0.412023931700
973.670000000 10.000000000 -0.200532630100
985.170000000 9.800000000 0.277266591800
976.920000000 9.600000000 -0.100405097000
983.920000000 9.000000000 0.220841437600
970.670000000 6.600000000 0.236084431400
971.170000000 9.600000000 0.221045509000
980.670000000 7.200000000 0.083028160000
972.920000000 7.600000000 0.112952649600
980.170000000 9.400000000 -0.042158730300
970.920000000 9.600000000 0.181789249200
978.670000000 9.800000000 0.341079324500
973.670000000 6.800000000 -0.078412570100
983.170000000 7.200000000 -0.079545363800
971.420000000 9.600000000 0.253439754200
978.420000000 5.400000000 0.246595382700
983.170000000 9.000000000 -0.054076749800
966.670000000 6.800000000 0.026849059400
984.420000000 10.000000000 0.230837509000
971.670000000 7.200000000 0.241880968200
973.170000000 7.400000000 0.045473847500
985.420000000 5.200000000 0.274609029300
973.920000000 5.600000000 -0.186315164000
980.170000000 8.200000000 0.179375752800
977.920000000 9.600000000 0.213866993800
966.670000000 7.000000000 0.019877957200
976.670000000 10.000000000 -0.155055150400
978.170000000 5.400000000 0.169179514100
980.420000000 7.600000000 0.173645541100
985.170000000 6.800000000 0.259706229000
971.170000000 6.800000000 0.245571702700
973.420000000 10.000000000 -0.084590055000
984.920000000 9.800000000 0.259614825200
972.420000000 7.600000000 0.187869384900
977.920000000 5.400000000 0.083009317500
982.920000000 7.400000000 -0.163471356000
968.670000000 8.200000000 -0.178064003600
966.670000000 6.600000000 0.037884499900
970.170000000 8.600000000 0.074940778300
971.420000000 7.000000000 0.262528806900
980.670000000 7.400000000 0.092381574200
977.170000000 9.600000000 -0.013845357100
974.170000000 5.200000000 -0.233355253900
982.670000000 7.800000000 -0.209382101900
966.670000000 7.200000000 0.017791908200
971.670000000 9.600000000 0.280841112100
972.170000000 7.400000000 0.198697701100
977.670000000 5.400000000 -0.004435347900
970.920000000 6.600000000 0.224974125600
972.170000000 9.600000000 0.321039468100
984.670000000 5.400000000 0.135325312600
985.420000000 8.800000000 0.157615646700
984.420000000 8.800000000 0.297098964500
980.170000000 8.400000000 0.158174231600
968.420000000 7.800000000 -0.213497251300
966.920000000 7.000000000 0.093753390000
966.920000000 6.800000000 0.097869202500
976.670000000 5.400000000 -0.386767327800
966.670000000 6.400000000 0.051829177900
978.920000000 10.000000000 0.337692052100
980.420000000 7.800000000 0.169584646800
969.420000000 6.400000000 0.095207668800
985.170000000 8.800000000 0.207259878500
984.170000000 6.800000000 0.175463050600
968.420000000 8.000000000 -0.217891916600
968.420000000 7.600000000 -0.205508440700
976.920000000 9.800000000 -0.085233040200
972.670000000 7.600000000 0.159590154900
970.670000000 9.600000000 0.133667483900
971.920000000 7.200000000 0.214379176500
982.670000000 8.600000000 -0.205842927100
977.420000000 5.400000000 -0.108711011700
969.670000000 6.400000000 0.162712782600
968.920000000 8.400000000 -0.091276578600
976.420000000 5.200000000 -0.391271203800
971.920000000 9.600000000 0.306392669700
978.670000000 5.200000000 0.268014639600
966.920000000 6.600000000 0.105373457100
966.920000000 7.200000000 0.093032054600
977.420000000 9.600000000 0.070164032300
984.670000000 9.800000000 0.235673561700
973.920000000 5.400000000 -0.171881005200
977.670000000 9.600000000 0.145298734300
970.170000000 8.800000000 0.053997669400
980.920000000 7.000000000 0.047400850800
978.420000000 9.800000000 0.306457668500
980.920000000 6.800000000 0.068571336600
983.420000000 7.000000000 0.012375077200
980.920000000 6.600000000 0.078164048500
970.420000000 9.400000000 0.086106553700
984.920000000 6.800000000 0.249111667300
969.920000000 6.400000000 0.222489148400
980.170000000 8.600000000 0.139567226200
984.920000000 5.400000000 0.169626578700
980.920000000 7.200000000 0.037659447600
976.920000000 5.400000000 -0.330349624200
980.920000000 6.400000000 0.076017633100
966.670000000 6.200000000 0.067378856200
977.170000000 5.400000000 -0.222981765900
980.420000000 9.800000000 -0.155946090800
984.420000000 6.800000000 0.210597246900
980.420000000 10.000000000 -0.164878368400
980.920000000 6.200000000 0.079417176500
980.670000000 7.600000000 0.099358178700
980.920000000 6.000000000 0.077633157400
980.920000000 5.800000000 0.063012592500
983.920000000 6.800000000 0.124242447300
968.920000000 6.600000000 -0.063065476700
966.920000000 6.400000000 0.115766704100
966.670000000 7.400000000 0.020638436100
970.170000000 6.400000000 0.267578780700
969.670000000 8.600000000 0.129600510000
980.170000000 9.200000000 0.028501991200
980.420000000 8.000000000 0.156932547700
980.920000000 5.600000000 0.053331416100
984.170000000 10.000000000 0.183267936100
984.670000000 6.800000000 0.233488708700
973.170000000 10.000000000 0.025191476600
968.420000000 7.400000000 -0.194243550300
969.420000000 8.600000000 0.058327384300
971.670000000 7.000000000 0.237228184900
984.920000000 8.800000000 0.250557988900
973.670000000 6.000000000 -0.118576102000
978.170000000 9.800000000 0.257335156200
968.420000000 8.200000000 -0.217817708800
984.420000000 5.400000000 0.110300555800
980.170000000 8.800000000 0.118152193700
969.170000000 6.400000000 0.029326239600
966.420000000 6.800000000 -0.029102174600
980.920000000 7.400000000 0.029124844800
984.670000000 8.800000000 0.284401357200
966.920000000 7.400000000 0.095298454200
966.670000000 6.000000000 0.083274819000
973.670000000 5.800000000 -0.112763330300
984.170000000 9.000000000 0.266311347500
973.670000000 6.200000000 -0.118716321900
966.920000000 6.200000000 0.128102436700
980.920000000 5.400000000 0.040876627000
966.420000000 7.000000000 -0.036604099000
966.420000000 6.600000000 -0.018104691100
973.670000000 6.600000000 -0.080558501200
969.920000000 8.600000000 0.188772171700
972.670000000 9.800000000 0.225967884100
980.170000000 9.000000000 0.095745220800
983.670000000 9.200000000 0.150926634700
978.420000000 5.200000000 0.216808170100
985.420000000 6.600000000 0.245935842400
971.420000000 6.800000000 0.248061701700
973.420000000 7.000000000 -0.024985488500
972.420000000 7.400000000 0.169945091000
983.420000000 9.200000000 0.061131112300
976.920000000 10.000000000 -0.070932745900
985.420000000 9.600000000 0.269771993200
971.170000000 6.600000000 0.229379579400
970.420000000 6.400000000 0.287241518500
970.170000000 9.000000000 0.041510675100
972.170000000 7.200000000 0.186789616900
966.420000000 6.400000000 -0.004605757500
970.670000000 6.400000000 0.200244903600
973.670000000 6.400000000 -0.109015107200
980.420000000 8.200000000 0.135858252600
966.920000000 6.000000000 0.141469076300
966.670000000 5.800000000 0.098132900900
985.170000000 9.600000000 0.260027796000
977.920000000 9.800000000 0.196181863500
984.420000000 9.800000000 0.202053308500
973.920000000 5.200000000 -0.155870646200
977.170000000 9.800000000 -0.007198011000
969.170000000 8.600000000 -0.015151009000
966.420000000 7.200000000 -0.039752226300
980.920000000 5.200000000 0.031557127800
968.670000000 8.400000000 -0.165985003100
980.670000000 7.800000000 0.100462719800
973.670000000 5.600000000 -0.102374985800
978.170000000 5.200000000 0.140675768300
984.170000000 5.200000000 0.082730390100
968.670000000 6.800000000 -0.134407758700
966.420000000 6.200000000 0.010089212100
970.920000000 6.400000000 0.164290398400
966.920000000 5.800000000 0.154954835800
978.670000000 10.000000000 0.329731613400
971.920000000 7.000000000 0.210720151700
980.920000000 7.600000000 0.020996484900
968.170000000 8.000000000 -0.206279069200
976.670000000 5.200000000 -0.358772069200
985.170000000 5.400000000 0.211259841900
984.920000000 9.600000000 0.236728161600
980.420000000 9.600000000 -0.134892404100
966.670000000 5.600000000 0.110471501900
982.670000000 7.600000000 -0.203677579800
966.670000000 7.600000000 0.027752047400
966.420000000 6.000000000 0.024346349800
967.170000000 7.000000000 0.172549381900
967.170000000 6.800000000 0.173549756400
977.920000000 5.200000000 0.062308218300
966.920000000 5.600000000 0.167631134400
968.170000000 8.200000000 -0.213412895800
968.420000000 7.200000000 -0.177175730500
972.920000000 7.400000000 0.100681699800
982.920000000 9.000000000 -0.132014900400
980.420000000 8.400000000 0.098680682500
967.670000000 5.200000000 0.241033926600
966.920000000 7.600000000 0.100176408900
966.420000000 5.800000000 0.036379300100
967.170000000 6.600000000 0.175950065300
967.170000000 7.200000000 0.172453567400
981.170000000 7.200000000 -0.018376976300
971.170000000 9.800000000 0.191444292700
968.170000000 7.800000000 -0.194398477700
984.670000000 9.600000000 0.208733663000
985.170000000 6.600000000 0.240935370300
981.170000000 7.000000000 0.003511516100
973.170000000 7.200000000 0.037240896400
966.670000000 5.400000000 0.118994280700
966.420000000 7.400000000 -0.038101587400
970.920000000 9.800000000 0.170121952900
977.670000000 5.200000000 -0.018270244800
966.920000000 5.400000000 0.178418710800
971.670000000 6.800000000 0.232194334300
967.920000000 5.200000000 0.182104200100
983.670000000 6.800000000 0.080277971900
982.920000000 7.200000000 -0.135885566500
983.920000000 9.200000000 0.215979114200
972.670000000 7.400000000 0.133085936300
983.170000000 7.000000000 -0.044657286300
966.420000000 5.600000000 0.044784281400
967.170000000 6.400000000 0.180389121200
967.420000000 5.200000000 0.256260901700
968.420000000 8.400000000 -0.212146118300
977.420000000 9.800000000 0.068134956100
977.670000000 9.800000000 0.123610243200
981.170000000 6.800000000 0.012450682000
983.920000000 10.000000000 0.124139271700
973.670000000 5.400000000 -0.085324533300
980.420000000 8.600000000 0.011970520000
982.420000000 8.200000000 -0.202403456000
981.170000000 7.400000000 -0.031385902300
980.670000000 8.000000000 0.093309260900
967.170000000 5.600000000 0.215551987300
967.170000000 5.400000000 0.225318417000
982.670000000 8.800000000 -0.198704987800
967.170000000 6.200000000 0.187017291800
967.170000000 5.800000000 0.205342844100
976.920000000 5.200000000 -0.303418427700
967.170000000 6.000000000 0.195567324800
971.170000000 6.400000000 0.130693778400
985.420000000 9.000000000 0.147912502300
968.920000000 8.600000000 -0.083140015600
971.420000000 9.800000000 0.207589343200
970.420000000 9.600000000 0.091605663300
977.420000000 5.200000000 -0.110025428200
983.170000000 9.200000000 -0.027021953800
978.420000000 10.000000000 0.293715000200
970.170000000 9.200000000 0.037928272000
982.420000000 8.400000000 -0.206344530000
985.170000000 9.000000000 0.193905636700
971.420000000 6.600000000 0.232671216100
967.420000000 5.400000000 0.252054005900
967.170000000 5.200000000 0.233349099800
984.670000000 5.600000000 0.134060367900
984.920000000 6.600000000 0.223130434800
980.920000000 7.800000000 0.018424574300
981.170000000 6.600000000 0.015575964900
967.170000000 7.400000000 0.173090025800
966.420000000 5.400000000 0.049217190600
972.420000000 7.200000000 0.145393177900
985.420000000 5.400000000 0.249219194100
984.420000000 9.000000000 0.278316587200
969.420000000 6.200000000 0.119319193100
966.920000000 5.200000000 0.185985967500
977.170000000 5.200000000 -0.212545990900
972.170000000 7.000000000 0.174230366900
970.920000000 6.200000000 0.156359404300
972.920000000 10.000000000 0.113370634600
966.670000000 5.200000000 0.123066432800
984.670000000 6.600000000 0.205137625300
967.670000000 5.400000000 0.244335293800
981.170000000 6.400000000 0.000521151100
977.170000000 10.000000000 0.000746206500
968.920000000 6.400000000 -0.030846403900
984.170000000 9.800000000 0.157771334100
978.170000000 10.000000000 0.242220088800
970.670000000 9.800000000 0.134962976000
969.170000000 6.200000000 0.058085192000
968.170000000 7.600000000 -0.180139988700
981.170000000 6.200000000 -0.006129805500
981.170000000 7.600000000 -0.044096928100
967.920000000 8.000000000 -0.152110233900
982.420000000 8.000000000 -0.197254806800
972.420000000 9.800000000 0.284272968800
981.170000000 6.000000000 -0.015364130000
980.420000000 8.800000000 -0.004225868300
968.170000000 8.400000000 -0.212654441600
967.420000000 5.600000000 0.246436759800
984.170000000 5.400000000 0.100488379600
967.920000000 8.200000000 -0.160421416200
984.420000000 6.600000000 0.178440943400
971.920000000 6.800000000 0.208685591800
981.170000000 5.800000000 -0.036583311900
969.670000000 6.200000000 0.173358783100
984.420000000 9.600000000 0.174938604200
984.920000000 9.000000000 0.230736523900
966.420000000 7.600000000 -0.031809311400
966.670000000 7.800000000 0.038086980600
966.420000000 5.200000000 0.048459760800
984.420000000 5.600000000 0.117021687300
984.920000000 5.600000000 0.157817050800
970.670000000 6.200000000 0.181104183200
965.670000000 6.600000000 -0.064919613300
968.170000000 5.200000000 0.093093022700
980.420000000 9.400000000 -0.098899111200
973.420000000 6.800000000 -0.025123732200
980.670000000 8.200000000 0.077243708100
984.170000000 6.600000000 0.142383381700
983.920000000 5.200000000 0.071799218700
981.170000000 5.600000000 -0.044998947500
966.920000000 7.800000000 0.107401184700
985.170000000 9.400000000 0.240929126700
977.920000000 10.000000000 0.180633157500
971.670000000 9.800000000 0.250779807600
967.920000000 7.800000000 -0.144488841300
984.670000000 9.000000000 0.261155694700
967.920000000 5.400000000 0.194635242200
973.670000000 5.200000000 -0.067024424700
985.420000000 9.400000000 0.253766119500
967.170000000 7.600000000 0.174544170500
967.420000000 5.800000000 0.240750655500
984.920000000 9.400000000 0.218305856000
966.670000000 10.000000000 0.218705728700
968.420000000 7.000000000 -0.160618230700
967.420000000 6.800000000 0.234303399900
982.420000000 8.600000000 -0.206713691400
969.920000000 6.200000000 0.217650726400
969.420000000 8.800000000 0.055668257200
968.670000000 8.600000000 -0.147674053900
973.420000000 6.000000000 -0.037136223200
971.670000000 6.600000000 0.224495649300
967.420000000 7.000000000 0.235049217900
965.670000000 6.400000000 -0.065265469300
966.420000000 10.000000000 0.125245809600
971.170000000 6.200000000 0.130054026800
970.420000000 6.200000000 0.178764075000
980.920000000 8.000000000 0.005477388900
969.670000000 8.800000000 0.126484856000
973.420000000 5.800000000 -0.026565462400
967.420000000 6.600000000 0.233234673700
967.670000000 5.600000000 0.246486470100
966.920000000 10.000000000 0.285068839800
983.420000000 6.800000000 0.045435804900
982.670000000 7.400000000 -0.192482546000
982.920000000 7.000000000 -0.113669328400
966.170000000 5.600000000 -0.025748619800
965.670000000 6.800000000 -0.068605370800
966.170000000 5.800000000 -0.028859639500
984.170000000 9.200000000 0.254371792100
967.420000000 6.000000000 0.236110344500
983.420000000 9.400000000 0.085035972300
984.670000000 9.400000000 0.185873881000
970.170000000 6.200000000 0.245422840100
981.170000000 7.800000000 -0.055635262300
981.170000000 5.400000000 -0.051391832500
967.420000000 6.400000000 0.232616394800
973.420000000 6.200000000 -0.043161444400
969.920000000 8.800000000 0.182554885700
967.420000000 7.200000000 0.235128432500
967.920000000 8.400000000 -0.162054553600
972.670000000 7.200000000 0.108602754800
968.920000000 6.200000000 -0.009956036700
968.170000000 7.400000000 -0.165200740100
983.670000000 10.000000000 0.068376965800
967.420000000 6.200000000 0.233343675700
983.670000000 9.400000000 0.161702722300
983.920000000 5.400000000 0.076216153800
969.170000000 8.800000000 -0.012620561800
966.170000000 6.000000000 -0.034096714100
971.420000000 6.400000000 0.215661048900
966.170000000 5.400000000 -0.023418009300
967.170000000 10.000000000 0.306947261100
985.420000000 6.400000000 0.227939978200
980.420000000 9.000000000 -0.009569638400
972.420000000 7.000000000 0.134499996900
972.170000000 9.800000000 0.303232282400
968.670000000 6.600000000 -0.108319811500
967.920000000 7.600000000 -0.128989428300
981.420000000 7.200000000 -0.059966463600
971.920000000 9.800000000 0.283374011500
972.920000000 7.200000000 0.082429587800
972.170000000 6.800000000 0.170640796400
970.170000000 9.400000000 0.040043856900
973.420000000 5.600000000 -0.013417783200
982.420000000 7.800000000 -0.191504702000
977.420000000 10.000000000 0.065844930700
966.170000000 6.200000000 -0.041700918200
970.920000000 6.000000000 0.157575681800
966.170000000 10.000000000 0.033491186800
980.670000000 8.400000000 0.053373605000
983.920000000 6.600000000 0.106272377100
984.170000000 5.600000000 0.104655504200
981.420000000 7.000000000 -0.055487148500
981.420000000 7.400000000 -0.069763116500
967.420000000 10.000000000 0.279387652900
977.670000000 10.000000000 0.111134819700
966.420000000 7.800000000 -0.021857956400
966.170000000 6.400000000 -0.050867531400
973.170000000 7.000000000 0.028311317800
967.920000000 10.000000000 0.114618137500
966.170000000 6.600000000 -0.060187678800
967.670000000 10.000000000 0.208983168000
984.920000000 6.400000000 0.204518899300
980.420000000 9.200000000 -0.011795324300
985.170000000 6.400000000 0.219337776300
983.170000000 6.800000000 -0.017918810200
966.170000000 6.800000000 -0.068339034900
967.670000000 5.800000000 0.248470380900
985.170000000 5.600000000 0.190404921800
967.420000000 7.400000000 0.234226271500
968.420000000 8.600000000 -0.200299218300
968.170000000 5.400000000 0.113256469400
973.420000000 6.400000000 -0.047197908200
967.920000000 5.600000000 0.207376629100
969.170000000 6.000000000 0.074219651500
971.920000000 6.600000000 0.205227613400
966.170000000 5.200000000 -0.021015822900
984.670000000 6.400000000 0.183644026500
981.420000000 6.800000000 -0.049262706200
973.420000000 6.600000000 -0.027717659200
966.170000000 7.000000000 -0.074462793800
985.420000000 9.200000000 0.156761899600
983.920000000 5.600000000 0.080311231300
981.170000000 5.200000000 -0.048431176700
967.670000000 6.800000000 0.263428837100
967.170000000 7.800000000 0.176706001200
966.670000000 8.000000000 0.050684820900
985.170000000 9.200000000 0.188373476300
983.170000000 9.400000000 0.004852275800
968.170000000 10.000000000 0.022277057200
981.420000000 7.600000000 -0.082343921100
965.670000000 6.200000000 -0.060262776900
984.420000000 9.400000000 0.151810437400
982.920000000 9.200000000 -0.090790629400
967.670000000 7.000000000 0.264930516500
967.670000000 6.600000000 0.260824471700
966.170000000 7.200000000 -0.078037314100
984.170000000 9.600000000 0.133703082800
982.670000000 7.200000000 -0.179560691100
967.670000000 8.000000000 -0.081669189000
969.420000000 6.000000000 0.139416307200
983.920000000 9.800000000 0.106595471500
968.920000000 8.800000000 -0.078336335700
970.420000000 9.800000000 0.100065760300
967.670000000 7.800000000 -0.082411646800
983.920000000 9.400000000 0.223857015400
981.420000000 6.600000000 -0.065946571500
967.920000000 7.400000000 -0.114409484000
967.670000000 6.000000000 0.250945091200
973.420000000 5.400000000 0.000115604800
967.670000000 8.200000000 -0.085931241500
980.920000000 8.200000000 -0.006344416200
966.920000000 8.000000000 0.116618163900
968.420000000 5.200000000 0.000624704600
984.670000000 5.800000000 0.138159841300
967.670000000 6.400000000 0.257582604900
970.670000000 6.000000000 0.179820507800
980.670000000 8.600000000 -0.061525136200
967.670000000 7.600000000 -0.073596417900
982.170000000 8.200000000 -0.157598763700
982.670000000 9.000000000 -0.172381669300
982.170000000 8.400000000 -0.160706013400
968.920000000 6.000000000 -0.000579880800
981.170000000 8.000000000 -0.068686328800
968.420000000 6.800000000 0.167068228100
967.670000000 6.200000000 0.254092544300
968.170000000 6.800000000 0.223972365300
968.170000000 8.600000000 -0.204047158400
968.170000000 7.200000000 -0.149602845300
971.670000000 6.400000000 0.213185578600
967.920000000 6.800000000 0.257867991900
984.920000000 9.200000000 0.200693234800
972.670000000 10.000000000 0.192710638000
981.420000000 6.400000000 -0.078581430000
968.170000000 7.000000000 0.223611712500
967.670000000 7.200000000 0.264669120300
971.170000000 10.000000000 0.143275663300
984.420000000 6.400000000 0.151526778900
981.420000000 6.200000000 -0.092763721900
967.920000000 7.000000000 0.259116232400
966.170000000 7.400000000 -0.078823842100
984.420000000 9.200000000 0.259554773600
981.420000000 6.000000000 -0.105698294900
967.920000000 6.600000000 0.254076898100
967.670000000 7.400000000 -0.066332303000
984.420000000 5.800000000 0.126332208500
967.920000000 5.800000000 0.219829782800
968.170000000 6.600000000 0.218579277400
965.670000000 7.000000000 -0.046443015300
982.920000000 6.800000000 -0.100502930600
971.170000000 6.000000000 0.131837084900
983.670000000 5.200000000 0.058664381500
968.420000000 6.600000000 0.160241276000
972.670000000 7.000000000 0.096694387500
981.420000000 5.800000000 -0.124849595100
967.420000000 7.600000000 0.231836080600
965.920000000 10.000000000 0.115345932500
983.920000000 5.800000000 0.084966525400
968.670000000 6.400000000 -0.084560789200
984.170000000 5.800000000 0.110651932700
967.670000000 8.400000000 -0.085486523800
970.920000000 10.000000000 0.153213232800
972.420000000 6.800000000 0.128597959900
968.170000000 5.600000000 0.135123521100
982.420000000 8.800000000 -0.199393168100
980.670000000 8.800000000 -0.070601493100
967.920000000 6.400000000 0.248359173500
967.920000000 8.600000000 -0.155773803600
969.920000000 9.000000000 0.015234930400
966.670000000 9.800000000 0.210964754200
982.670000000 7.000000000 -0.173377960900
983.670000000 5.400000000 0.067060016100
984.670000000 9.200000000 0.166095092900
969.670000000 6.000000000 0.188082471500
966.420000000 9.800000000 0.130103856300
972.170000000 6.600000000 0.168889597100
980.670000000 10.000000000 -0.149583384400
971.420000000 6.200000000 0.192742809700
982.170000000 8.000000000 -0.147499442100
967.920000000 7.200000000 0.256584644300
983.420000000 9.600000000 0.097707204500
970.420000000 6.000000000 0.150405407000
967.920000000 6.000000000 0.231158494900
966.420000000 8.000000000 -0.009641112800
985.420000000 5.600000000 0.221630409400
968.170000000 6.400000000 0.208425238700
982.420000000 7.600000000 -0.186003133700
981.420000000 7.800000000 -0.094736352600
984.920000000 5.800000000 0.147727772600
967.920000000 6.200000000 0.240733861900
972.920000000 7.000000000 0.066800035500
971.420000000 10.000000000 0.170988395800
965.920000000 6.600000000 -0.133060112600
966.170000000 7.600000000 -0.076624751100
983.670000000 6.600000000 0.097953997600
980.670000000 9.800000000 -0.142379999200
982.170000000 8.600000000 -0.160216704000
966.920000000 9.800000000 0.267411083000
973.170000000 6.800000000 0.020767187700
981.420000000 5.600000000 -0.128347501200
968.420000000 6.400000000 0.145840987600
983.670000000 5.600000000 0.072043217700
965.670000000 10.000000000 0.029378265100
984.920000000 6.200000000 0.191296741400
968.670000000 6.200000000 -0.074378415900
970.670000000 10.000000000 0.136954113800
983.670000000 9.600000000 0.178253516600
973.420000000 5.200000000 0.008574483000
983.170000000 9.600000000 0.023855414200
970.920000000 5.800000000 0.161016598300
967.920000000 9.800000000 0.098435990500
968.170000000 5.800000000 0.156904920900
984.170000000 6.400000000 0.114489950200
968.420000000 5.400000000 0.023432072300
968.170000000 6.200000000 0.194370642300
970.170000000 9.600000000 0.047526985400
983.420000000 10.000000000 0.019224911900
971.920000000 6.400000000 0.196337774400
967.170000000 9.800000000 0.283690780400
968.670000000 8.800000000 -0.137759730200
968.170000000 9.800000000 0.010837861300
984.670000000 6.200000000 0.168034881400
983.920000000 6.000000000 0.090167485200
981.670000000 7.200000000 -0.095102421900
968.170000000 6.000000000 0.176991611700
966.170000000 9.800000000 0.185331508500
967.670000000 9.800000000 0.188133761300
967.170000000 8.000000000 0.178923472800
984.170000000 9.400000000 0.247236281600
965.670000000 6.000000000 -0.060198389000
965.920000000 9.800000000 0.108738832200
967.420000000 9.800000000 0.255183607300
967.670000000 8.600000000 -0.072369232800
985.170000000 6.200000000 0.200024813400
969.920000000 6.000000000 0.225083380900
965.920000000 6.400000000 -0.130677208300
981.670000000 7.400000000 -0.090321146000
981.920000000 8.400000000 -0.090377666100
983.670000000 5.800000000 0.073994688700
982.920000000 9.400000000 -0.054107569200
965.920000000 6.800000000 -0.134656027000
970.170000000 6.000000000 0.148022443100
968.420000000 10.000000000 -0.045520655800
980.920000000 8.400000000 -0.022723389800
969.420000000 9.000000000 0.057740371700
969.170000000 5.800000000 0.081965975500
981.670000000 7.000000000 -0.099789381000
968.420000000 6.200000000 0.125554084800
966.670000000 8.200000000 0.064579673100
969.670000000 9.000000000 0.124434851100
981.920000000 8.200000000 -0.087393991600
966.170000000 7.800000000 -0.071523137400
967.420000000 7.800000000 0.227018192400
969.170000000 9.000000000 -0.011461260700
985.420000000 6.200000000 0.203111887000
984.170000000 6.000000000 0.117093324700
980.670000000 9.000000000 -0.070461265700
970.670000000 5.800000000 0.184805125000
981.170000000 8.200000000 -0.082131087800
972.670000000 6.800000000 0.089610144500
983.420000000 6.600000000 0.068435780700
982.170000000 7.800000000 -0.137250214800
965.920000000 5.600000000 -0.088560581200
971.670000000 6.200000000 0.198549866700
983.170000000 9.800000000 0.030615164000
968.420000000 5.600000000 0.048885531700
968.920000000 5.800000000 0.007528939300
966.920000000 8.200000000 0.126879334400
983.170000000 6.600000000 -0.002324772800
983.920000000 9.600000000 0.235527142900
982.920000000 9.600000000 -0.036850504600
965.920000000 5.400000000 -0.084299616500
965.670000000 9.800000000 0.026957094700
982.420000000 7.400000000 -0.193563267600
983.420000000 9.800000000 0.111180387400
981.670000000 6.800000000 -0.109960414500
981.920000000 8.600000000 -0.090482726700
973.170000000 6.000000000 0.049107041200
982.670000000 6.800000000 -0.159570232000
972.420000000 6.600000000 0.127693325300
981.420000000 5.400000000 -0.125759452600
981.670000000 7.600000000 -0.094803936800
973.170000000 5.800000000 0.057171545900
973.170000000 6.600000000 0.017001660500
968.420000000 6.000000000 0.101443924000
983.670000000 9.800000000 0.055756382600
983.670000000 6.000000000 0.074152819800
965.920000000 5.800000000 -0.089060559900
971.670000000 10.000000000 0.220558524100
972.920000000 6.800000000 0.055999610600
969.920000000 9.200000000 0.009222226200
980.670000000 9.600000000 -0.132452145200
982.420000000 7.200000000 -0.195951387300
968.420000000 5.800000000 0.075383476900
984.420000000 6.000000000 0.135062485900
969.420000000 5.800000000 0.146413013300
981.420000000 8.000000000 -0.114379562400
968.670000000 6.000000000 -0.063712164800
983.920000000 6.200000000 0.094783291200
985.170000000 5.800000000 0.168876379700
984.920000000 6.000000000 0.179623335600
972.170000000 6.400000000 0.166913583900
984.420000000 6.200000000 0.131188392600
982.920000000 9.800000000 -0.030568171300
984.670000000 6.000000000 0.143442288000
973.170000000 6.200000000 0.039785482000
981.920000000 8.000000000 -0.082701318000
966.420000000 8.200000000 0.003479208300
972.420000000 10.000000000 0.248690098500
968.670000000 5.200000000 -0.070275880400
981.670000000 6.600000000 -0.123915113500
973.170000000 5.600000000 0.062440302200
965.920000000 5.200000000 -0.075248256300
970.420000000 5.800000000 0.122932396800
981.670000000 6.000000000 -0.168969601400
983.420000000 6.400000000 0.054439086500
967.420000000 8.400000000 -0.008116526500
982.920000000 6.600000000 -0.079634651500
968.420000000 8.800000000 -0.178763121400
968.920000000 9.000000000 -0.074630305200
971.420000000 6.000000000 0.181274905800
965.920000000 6.000000000 -0.087722070500
971.170000000 5.800000000 0.135676413800
967.420000000 8.200000000 -0.014654182800
981.670000000 6.400000000 -0.139395207200
981.670000000 6.200000000 -0.153900787200
985.170000000 6.000000000 0.185216501400
973.170000000 6.400000000 0.018275329800
983.170000000 10.000000000 0.039923597100
982.420000000 7.000000000 -0.192544564600
966.170000000 8.000000000 -0.063894324000
965.670000000 7.200000000 0.057853881300
981.670000000 8.400000000 -0.015623488500
970.420000000 10.000000000 0.109364986400
982.670000000 9.200000000 -0.130100652600
983.920000000 6.400000000 0.087901793400
967.420000000 8.600000000 0.006950135800
982.170000000 8.800000000 -0.161275491100
967.420000000 8.000000000 -0.028095008800
982.920000000 10.000000000 -0.024673435800
981.670000000 5.800000000 -0.174117416100
983.670000000 6.200000000 0.074096538100
965.670000000 5.800000000 -0.072139434500
981.670000000 8.600000000 -0.016513502200
968.420000000 9.800000000 -0.052522637000
965.920000000 9.600000000 0.103964813100
967.670000000 8.800000000 -0.060476567600
971.920000000 6.200000000 0.184944912800
983.670000000 6.400000000 0.076966814700
966.170000000 9.600000000 0.175511628400
984.170000000 6.200000000 0.122229151400
967.920000000 8.800000000 -0.140706539200
981.920000000 7.200000000 -0.129460528500
972.670000000 6.600000000 0.087740831100
982.170000000 7.600000000 -0.137795135400
966.420000000 9.600000000 0.134363099900
981.920000000 7.400000000 -0.119978852600
968.170000000 8.800000000 -0.186773672700
981.670000000 7.800000000 -0.101641431500
970.670000000 5.600000000 0.188055858000
965.920000000 6.200000000 -0.114359937600
969.670000000 5.800000000 0.191126793600
970.920000000 5.600000000 0.167248517300
983.420000000 5.200000000 0.047862853900
972.920000000 6.600000000 0.051132220800
981.670000000 8.200000000 -0.018837332700
982.420000000 9.000000000 -0.179987296500
966.670000000 9.600000000 0.200077652900
971.920000000 10.000000000 0.256303817000
980.920000000 8.600000000 -0.040616389400
965.920000000 7.000000000 -0.116010464700
967.170000000 8.200000000 0.179914251000
973.170000000 5.400000000 0.064566545200
969.670000000 9.200000000 0.084116816500
981.920000000 7.800000000 -0.083882495800
970.170000000 9.800000000 0.058470342300
981.920000000 7.000000000 -0.140954256100
983.420000000 5.400000000 0.057870440200
970.170000000 5.800000000 0.110349789300
968.670000000 5.400000000 -0.049390222900
967.420000000 8.800000000 0.023632049600
972.170000000 10.000000000 0.266113728300
983.170000000 6.400000000 0.042023759300
981.920000000 8.800000000 -0.089445456900
965.670000000 9.600000000 0.028716335100
967.920000000 9.600000000 0.078288808500
972.420000000 6.400000000 0.130424603800
982.170000000 7.400000000 -0.166611701300
982.170000000 7.200000000 -0.172140970800
980.670000000 9.200000000 -0.062287490800
969.920000000 9.400000000 0.126717835700
982.170000000 9.000000000 0.154990837000
981.420000000 5.200000000 -0.117215223600
981.670000000 5.600000000 -0.171827927200
968.170000000 9.600000000 -0.001421311100
985.420000000 6.000000000 0.183947116100
982.420000000 6.800000000 -0.182684406600
966.920000000 9.600000000 0.245466068400
981.920000000 7.600000000 -0.113265223800
985.420000000 5.800000000 0.174561649600
966.670000000 8.400000000 0.078666724300
983.420000000 6.200000000 0.056550342600
965.670000000 5.600000000 -0.092877849900
968.670000000 9.000000000 0.082321621500
980.670000000 9.400000000 -0.113116435700
982.670000000 9.400000000 -0.095564566600
983.420000000 5.600000000 0.064063333000
980.920000000 8.800000000 -0.070898480700
982.670000000 6.600000000 -0.137343004300
981.170000000 8.400000000 -0.093489408500
982.170000000 7.000000000 -0.175847053500
971.670000000 6.000000000 0.181926891200
981.670000000 8.800000000 -0.019829686700
967.670000000 9.600000000 0.160269781900
968.670000000 5.800000000 -0.000011742100
981.920000000 6.800000000 -0.149955973000
982.670000000 9.600000000 -0.079645164300
982.670000000 9.800000000 -0.074812814600
968.670000000 5.600000000 -0.025750096900
967.170000000 9.600000000 0.254487693300
972.170000000 6.200000000 0.163035258700
966.170000000 8.200000000 -0.054466385400
969.920000000 5.800000000 0.223453387600
981.670000000 8.000000000 -0.026372835000
969.670000000 9.400000000 0.080412387800
967.420000000 9.600000000 0.223854184200
969.170000000 5.600000000 0.084191583100
969.920000000 9.600000000 0.130167201200
970.420000000 5.600000000 0.097025327400
966.920000000 8.400000000 0.136572524900
981.420000000 8.600000000 0.027965102300
972.920000000 6.400000000 0.052701741500
965.670000000 5.400000000 -0.111386217200
982.420000000 9.200000000 0.120346918700
981.420000000 8.200000000 -0.121102847200
982.670000000 10.000000000 -0.070218361900
969.420000000 9.200000000 0.035046007500
966.420000000 8.400000000 0.016591904700
968.420000000 9.000000000 0.086355142300
965.670000000 7.400000000 0.074890777500
972.670000000 6.400000000 0.088619403500
982.170000000 9.200000000 0.152002319700
970.670000000 5.400000000 0.189000129700
983.420000000 5.800000000 0.065864920600
981.420000000 8.400000000 0.029225826300
980.920000000 9.000000000 -0.062594130600
981.920000000 6.600000000 -0.159421935700
968.920000000 5.600000000 0.020412607100
982.170000000 6.800000000 -0.177427455800
965.920000000 7.600000000 -0.109501704600
981.920000000 9.000000000 0.180073931800
973.170000000 5.200000000 0.065044440300
965.920000000 7.400000000 -0.106339693100
965.920000000 7.200000000 -0.102202855100
965.920000000 7.800000000 -0.110936351100
969.920000000 9.800000000 0.135518699900
969.670000000 9.600000000 0.084224514700
968.670000000 9.200000000 0.076317310300
969.170000000 9.200000000 -0.008509085500
965.670000000 5.200000000 -0.120840668700
967.170000000 8.800000000 0.096777193200
967.420000000 9.000000000 0.038043789600
981.920000000 6.000000000 -0.174359127900
967.170000000 8.600000000 0.076852761200
981.420000000 8.800000000 0.022454608200
983.420000000 6.000000000 0.064658589700
965.920000000 9.400000000 0.100379176400
971.920000000 6.000000000 0.170709654700
981.920000000 6.400000000 -0.167869612600
971.420000000 5.800000000 0.170139953500
981.920000000 5.800000000 -0.168703690200
970.170000000 5.600000000 0.079794049300
969.420000000 5.600000000 0.142482176400
981.920000000 6.200000000 -0.171440228800
972.920000000 6.200000000 0.060259290000
968.420000000 9.200000000 0.080232128500
982.920000000 6.400000000 -0.052392166100
982.420000000 6.600000000 -0.166474312500
972.420000000 6.200000000 0.134156063200
965.920000000 8.000000000 -0.109581694000
969.420000000 9.400000000 0.023493394300
983.170000000 6.200000000 0.040599789500
967.670000000 9.000000000 -0.037300758100
970.420000000 5.400000000 0.173848837600
981.670000000 5.400000000 -0.162163570500
971.170000000 5.600000000 0.137642383600
966.170000000 9.400000000 0.167801529200
969.670000000 9.800000000 0.089346692000
982.420000000 9.400000000 0.116840064500
970.920000000 5.400000000 0.173622921100
967.170000000 8.400000000 0.054489605100
967.170000000 9.000000000 0.109383463900
981.920000000 9.200000000 0.174702316500
968.420000000 9.600000000 -0.053406883000
982.170000000 9.400000000 0.148454040300
968.670000000 10.000000000 -0.138312563300
972.920000000 6.000000000 0.088842257900
965.670000000 9.400000000 0.033961586700
969.920000000 10.000000000 0.140900597000
968.920000000 9.200000000 0.095737360400
982.170000000 6.600000000 -0.174624472900
970.670000000 5.200000000 0.185356825600
972.670000000 6.200000000 0.095671393000
966.170000000 8.400000000 -0.043868262300
967.670000000 9.400000000 0.057769298600
970.170000000 10.000000000 0.070742189900
968.920000000 5.200000000 -0.106996759800
982.670000000 6.400000000 -0.106403760600
972.920000000 5.800000000 0.102652385800
981.170000000 8.600000000 0.044997505800
981.920000000 5.600000000 -0.161910682900
969.420000000 9.600000000 0.020944774200
972.170000000 6.000000000 0.156317800300
966.420000000 9.400000000 0.215452268700
969.670000000 10.000000000 0.095924809600
970.420000000 5.200000000 0.161571338800
965.920000000 8.200000000 -0.104600228400
968.670000000 9.400000000 0.071430362800
981.170000000 8.800000000 0.044852871400
968.170000000 9.000000000 0.111565306800
968.420000000 9.400000000 0.076976262000
980.920000000 9.200000000 -0.048692971500
967.420000000 9.400000000 0.121919743700
969.670000000 5.600000000 0.181311562700
966.670000000 8.600000000 0.091364219800
967.920000000 9.000000000 -0.111245326700
966.670000000 9.400000000 0.188171282400
981.670000000 9.000000000 -0.024772618000
971.670000000 5.800000000 0.164780840300
965.670000000 8.000000000 -0.139278411900
969.420000000 9.800000000 0.021214526100
969.920000000 5.600000000 0.101497091400
968.170000000 9.200000000 0.105287805200
982.170000000 6.400000000 -0.166035935300
965.670000000 7.800000000 -0.139319315600
967.920000000 9.400000000 0.009869477700
972.920000000 5.600000000 0.104351081000
981.920000000 9.400000000 0.171024158600
982.420000000 6.400000000 -0.146240696300
970.170000000 5.400000000 0.057110093500
982.420000000 9.600000000 0.116252228600
966.420000000 8.600000000 0.029147835400
982.170000000 5.800000000 -0.126187771600
967.170000000 9.200000000 0.124675758200
965.670000000 7.600000000 0.084018111200
982.170000000 6.000000000 -0.143055647600
981.420000000 9.000000000 0.016058389100
967.170000000 9.400000000 0.181896209700
983.170000000 5.200000000 0.028195325300
980.920000000 10.000000000 -0.097126789400
982.170000000 9.600000000 0.146106407000
972.420000000 6.000000000 0.135970264700
966.920000000 9.400000000 0.220766291000
969.420000000 10.000000000 0.023827275300
967.420000000 9.200000000 0.058986820300
966.920000000 8.600000000 0.143651381100
965.670000000 8.200000000 -0.135480716800
982.170000000 6.200000000 -0.153289333000
968.920000000 10.000000000 -0.115525580900
968.920000000 9.400000000 0.076667174700
966.920000000 9.000000000 0.170944482100
968.920000000 5.400000000 -0.087568625800
981.170000000 9.000000000 -0.020213613300
968.170000000 9.400000000 -0.016344199000
966.920000000 8.800000000 0.154148906500
972.670000000 6.000000000 0.103333234800
981.670000000 9.200000000 0.174025893200
970.920000000 5.200000000 0.177687242600
970.170000000 5.200000000 0.108664229500
982.920000000 6.200000000 -0.017283439600
968.670000000 9.800000000 -0.131238386000
968.670000000 9.600000000 0.052201442400
982.170000000 5.600000000 -0.113635778400
971.920000000 5.800000000 0.155105501400
969.170000000 10.000000000 -0.055175896700
982.670000000 6.200000000 -0.072386570300
983.170000000 5.400000000 0.037699464700
969.170000000 9.400000000 -0.029447665400
983.170000000 6.000000000 0.038316909200
965.920000000 8.400000000 -0.095756284900
966.920000000 9.200000000 0.181057184900
982.420000000 5.800000000 -0.069839663800
982.420000000 6.200000000 -0.120966725100
969.170000000 9.800000000 -0.054968409200
969.170000000 5.400000000 0.086960554100
969.170000000 9.600000000 -0.045040812300
982.420000000 6.000000000 -0.094878815100
965.920000000 9.200000000 0.101550541800
982.420000000 5.600000000 -0.051228199200
972.920000000 5.400000000 0.098976656800
981.920000000 9.600000000 0.169099345800
981.920000000 5.400000000 -0.149852976200
981.670000000 5.200000000 -0.146306425300
980.920000000 9.800000000 -0.101645089700
966.170000000 8.600000000 -0.032239187500
971.170000000 5.400000000 0.139531001400
971.420000000 5.600000000 0.158935651200
982.670000000 5.600000000 0.011266849000
982.670000000 5.800000000 -0.009902571300
982.670000000 6.000000000 -0.039294727100
968.920000000 9.600000000 0.053044743800
965.670000000 8.400000000 -0.127733871300
968.920000000 9.800000000 -0.109031476100
981.170000000 9.200000000 -0.006788268700
972.170000000 5.800000000 0.146514251800
981.670000000 9.400000000 0.169240713100
982.420000000 9.800000000 0.112325720500
967.670000000 9.200000000 -0.013941137100
966.170000000 9.200000000 0.163534432600
965.670000000 9.200000000 0.043002095100
969.920000000 5.400000000 0.077465847100
967.920000000 9.200000000 0.134835764800
983.170000000 5.600000000 0.044484030500
982.170000000 9.800000000 0.144470244600
980.920000000 9.400000000 -0.030109718400
982.920000000 6.000000000 0.017360637000
966.670000000 9.200000000 0.202910512700
969.920000000 5.200000000 0.049515962600
982.670000000 5.400000000 0.027060840300
969.420000000 5.400000000 0.133255884100
972.670000000 5.800000000 0.108833022400
982.420000000 10.000000000 -0.095481291400
982.420000000 5.400000000 -0.031131330900
972.420000000 5.800000000 0.132638439500
981.420000000 9.200000000 0.053082041400
966.420000000 9.200000000 0.202217310700
982.170000000 5.400000000 -0.099629178600
982.920000000 5.800000000 0.047024976500
981.670000000 9.600000000 0.166185870800
966.670000000 9.000000000 0.199829116500
982.920000000 5.600000000 0.066389612900
966.670000000 8.800000000 0.100790835900
981.920000000 9.800000000 0.169153556200
971.670000000 5.600000000 0.148074790800
969.670000000 5.400000000 0.014871177300
983.170000000 5.800000000 0.048689879500
965.920000000 8.600000000 -0.083293452900
966.420000000 8.800000000 0.040655944500
972.920000000 5.200000000 0.093382485200
982.920000000 5.400000000 0.079289391600
965.670000000 8.600000000 -0.114720411600
981.920000000 10.000000000 -0.116178631800
969.670000000 5.200000000 0.001063143600
981.420000000 9.400000000 0.138663977400
971.170000000 5.200000000 0.143330723000
981.170000000 9.400000000 0.013750205700
982.170000000 10.000000000 -0.091058693800
982.670000000 5.200000000 0.037557769600
980.920000000 9.600000000 -0.096051931400
971.920000000 5.600000000 0.139445170800
981.670000000 10.000000000 -0.152405127900
981.670000000 9.800000000 0.159663528200
972.670000000 5.600000000 0.110741473700
966.170000000 8.800000000 -0.019418718300
972.170000000 5.600000000 0.134327560700
982.920000000 5.200000000 -0.005882386600
981.420000000 9.600000000 0.129925385100
981.170000000 10.000000000 -0.212404161700
969.170000000 5.200000000 -0.110695280100
981.420000000 10.000000000 -0.189293488900
965.920000000 9.000000000 0.116856925200
982.420000000 5.200000000 -0.017553830500
966.420000000 9.000000000 0.185049727600
981.920000000 5.200000000 -0.133205324400
972.420000000 5.600000000 0.127048999100
971.420000000 5.400000000 0.095293618700
965.670000000 9.000000000 0.062919974300
966.170000000 9.000000000 0.166880264900
981.420000000 9.800000000 0.121748216500
969.420000000 5.200000000 -0.020069301100
982.170000000 5.200000000 -0.078463502200
965.920000000 8.800000000 -0.067706443400
965.670000000 8.800000000 -0.097105361500
981.170000000 9.600000000 0.046167228400
971.420000000 5.200000000 0.086774267300
972.670000000 5.400000000 0.107818178800
981.170000000 9.800000000 -0.204888567300
971.670000000 5.400000000 0.131866812700
971.920000000 5.400000000 0.124095305800
972.170000000 5.400000000 0.120883189100
972.420000000 5.400000000 0.118528820600
971.670000000 5.200000000 0.011290128300
972.670000000 5.200000000 0.104340784300
971.920000000 5.200000000 0.108828015600
972.420000000 5.200000000 0.110201619600
972.170000000 5.200000000 0.110366448800
