926.590000000 8.200000000 -0.110106617200
926.340000000 8.200000000 -0.117804467700
926.590000000 8.000000000 -0.112863995100
926.340000000 8.000000000 -0.122285604500
926.840000000 8.200000000 -0.102366261200
926.090000000 8.000000000 -0.128184363200
926.090000000 8.200000000 -0.123558469100
926.840000000 8.000000000 -0.103430897000
925.840000000 8.000000000 -0.124713055800
925.840000000 8.200000000 -0.123039796900
925.590000000 8.000000000 -0.108194202200
925.590000000 8.200000000 -0.111511923400
926.590000000 8.400000000 -0.109168380500
927.090000000 8.000000000 -0.093483962100
925.340000000 8.000000000 -0.080005452000
925.340000000 8.200000000 -0.086705483500
927.090000000 8.200000000 -0.093937046800
926.340000000 8.400000000 -0.111909918500
926.840000000 8.400000000 -0.102626822900
926.340000000 7.800000000 -0.121877998100
926.590000000 7.800000000 -0.116079054800
926.090000000 7.800000000 -0.121227078100
925.090000000 8.200000000 -0.050586391200
926.840000000 7.800000000 -0.105705075000
925.090000000 8.000000000 -0.045048464100
925.840000000 7.800000000 -0.112539567100
927.090000000 7.800000000 -0.092039607500
926.090000000 8.400000000 -0.111707031700
924.840000000 8.200000000 -0.008895317100
927.090000000 8.400000000 -0.092507682700
925.590000000 7.800000000 -0.095672756400
927.340000000 8.000000000 -0.068284846800
925.840000000 8.400000000 -0.108623363100
924.840000000 8.000000000 -0.008429827200
927.340000000 8.200000000 -0.075700469300
927.340000000 7.800000000 -0.076214395500
925.340000000 7.800000000 -0.078928396100
925.590000000 8.400000000 -0.100127622500
926.840000000 7.600000000 -0.101545751100
924.590000000 8.200000000 0.030732430500
927.090000000 7.600000000 -0.089386098100
926.590000000 7.600000000 -0.110875055200
925.340000000 8.400000000 -0.081962749400
926.340000000 7.600000000 -0.111549712700
925.090000000 8.400000000 -0.051933024100
925.090000000 7.800000000 -0.054155420500
926.090000000 7.600000000 -0.106853999200
927.340000000 8.400000000 -0.080035470400
926.590000000 8.600000000 -0.102629765900
927.340000000 7.600000000 -0.077347584100
926.840000000 8.600000000 -0.097722873100
924.590000000 8.000000000 0.025852019000
927.590000000 8.000000000 -0.050496418000
925.840000000 7.600000000 -0.097966224000
924.840000000 8.400000000 -0.013437509500
927.590000000 7.800000000 -0.059861909600
926.340000000 8.600000000 -0.102550491700
927.090000000 8.600000000 -0.088327147100
924.340000000 8.200000000 0.061290852700
924.840000000 7.800000000 -0.022926000900
927.590000000 8.200000000 -0.059184357500
926.840000000 7.400000000 -0.097327925300
925.590000000 7.600000000 -0.094990544000
927.090000000 7.400000000 -0.090354062600
926.590000000 7.400000000 -0.100730024300
927.590000000 7.600000000 -0.066843956700
926.090000000 8.600000000 -0.098131939800
924.590000000 8.400000000 0.024979030700
927.340000000 8.600000000 -0.076106712200
927.340000000 7.400000000 -0.081702910400
926.340000000 7.400000000 -0.096340917100
925.340000000 7.600000000 -0.077067121900
927.590000000 8.400000000 -0.066323354800
924.340000000 8.000000000 0.054433353200
925.840000000 8.600000000 -0.090332895500
924.590000000 7.800000000 0.011188650500
926.090000000 7.400000000 -0.093257673100
927.590000000 7.400000000 -0.072446800800
924.090000000 8.200000000 0.078685231500
925.090000000 7.600000000 -0.051874589200
924.340000000 8.400000000 0.053939808200
926.840000000 7.200000000 -0.092723943300
925.590000000 8.600000000 -0.079303406200
922.840000000 8.200000000 0.045273888900
927.840000000 7.800000000 -0.053738348200
927.590000000 8.600000000 -0.063259802800
927.090000000 7.200000000 -0.090578265500
927.840000000 8.000000000 -0.035396013400
926.590000000 7.200000000 -0.090795040100
922.840000000 8.400000000 0.062633894400
927.840000000 7.600000000 -0.057683240600
922.340000000 8.800000000 0.057103935600
923.090000000 8.200000000 0.052748937200
922.590000000 8.400000000 0.054089564800
922.590000000 8.600000000 0.062960512900
922.590000000 8.200000000 0.042848836600
927.840000000 8.200000000 -0.055750690400
925.840000000 7.400000000 -0.087049745000
925.340000000 8.600000000 -0.064186044000
924.840000000 7.600000000 -0.021661594500
922.840000000 8.000000000 0.041249238000
924.090000000 8.000000000 0.073238797500
927.340000000 7.200000000 -0.084780700500
922.590000000 8.800000000 0.068851374100
922.090000000 8.800000000 0.046406872600
923.090000000 8.000000000 0.057175066300
922.840000000 8.600000000 0.072211764800
922.090000000 9.000000000 0.050030149500
924.340000000 7.800000000 0.042281974100
922.340000000 8.600000000 0.051197737500
922.340000000 9.000000000 0.060802735400
926.340000000 7.200000000 -0.084909543400
927.840000000 7.400000000 -0.062773481000
919.090000000 6.600000000 0.054991729600
927.840000000 8.400000000 -0.052035141700
923.090000000 8.400000000 0.067765928800
926.840000000 8.800000000 -0.084717690900
927.090000000 8.800000000 -0.079932339500
927.590000000 7.200000000 -0.076121307900
922.840000000 8.800000000 0.077463448000
923.340000000 8.000000000 0.073549486700
919.340000000 6.400000000 0.060132190600
923.840000000 8.200000000 0.082581631800
922.590000000 8.000000000 0.036690253800
923.340000000 8.200000000 0.064278185400
919.340000000 6.600000000 0.058893349000
925.090000000 8.600000000 -0.044160269200
919.090000000 6.400000000 0.055504247500
924.090000000 8.400000000 0.068464376000
926.590000000 8.800000000 -0.086881250100
922.590000000 9.000000000 0.071319699300
922.340000000 8.400000000 0.040561445100
925.590000000 7.400000000 -0.091603376000
919.340000000 6.800000000 0.064870454400
937.090000000 7.800000000 0.044620875300
921.840000000 9.000000000 0.042158816000
923.840000000 8.000000000 0.085296213600
919.590000000 6.400000000 0.065694145900
923.090000000 8.600000000 0.075442515300
923.090000000 8.800000000 0.079682491700
919.090000000 6.800000000 0.061230722800
923.590000000 8.000000000 0.084590412700
924.590000000 7.600000000 0.000295961200
927.340000000 8.800000000 -0.072768025100
918.840000000 6.600000000 0.052652150400
922.340000000 8.200000000 0.031209023700
919.090000000 6.200000000 0.070015095200
926.840000000 7.000000000 -0.088257215900
921.340000000 7.000000000 0.064275711800
919.590000000 6.600000000 0.063970632900
919.340000000 6.200000000 0.071553088700
922.090000000 8.600000000 0.041325438800
926.340000000 8.800000000 -0.085802331600
922.840000000 9.000000000 0.078113906100
923.590000000 8.200000000 0.076050140000
927.090000000 7.000000000 -0.086359664800
923.340000000 8.800000000 0.074143774800
921.340000000 6.800000000 0.070023328100
921.090000000 6.800000000 0.078424640000
921.840000000 8.800000000 0.039735626400
923.340000000 9.000000000 0.070617452300
936.840000000 7.800000000 0.021276496400
937.090000000 8.000000000 0.044471312300
918.840000000 6.400000000 0.055657770500
927.840000000 7.200000000 -0.065095685400
920.840000000 6.800000000 0.077951632400
923.090000000 9.000000000 0.078473776600
925.340000000 7.400000000 -0.074586398900
918.840000000 6.200000000 0.064030654700
935.340000000 5.600000000 0.064235582900
921.590000000 7.000000000 0.054750982700
921.090000000 7.000000000 0.070916786800
923.590000000 9.000000000 0.053850919000
935.590000000 5.600000000 0.069231964600
927.840000000 8.600000000 -0.051172636400
926.590000000 7.000000000 -0.086421676000
926.090000000 7.200000000 -0.075450293700
921.590000000 6.800000000 0.056644514200
919.590000000 6.200000000 0.069150522400
919.590000000 6.800000000 0.064912125500
935.090000000 5.600000000 0.056508056800
919.340000000 7.000000000 0.068104296900
925.090000000 7.400000000 -0.048592537600
918.590000000 6.000000000 0.055120203600
924.090000000 7.800000000 0.064983651000
927.340000000 7.000000000 -0.081266649100
918.840000000 6.800000000 0.054882317800
919.840000000 6.400000000 0.068644091500
920.590000000 6.800000000 0.068175412700
918.840000000 6.000000000 0.072249360400
923.340000000 8.400000000 0.059598069600
922.090000000 8.200000000 0.028783701400
922.090000000 9.200000000 0.062823832000
936.840000000 8.000000000 0.023551870100
935.840000000 5.600000000 0.071453742700
924.840000000 8.600000000 -0.020002821500
919.090000000 7.000000000 0.067356027700
923.590000000 8.800000000 0.060992885400
921.590000000 9.000000000 0.049153149100
919.090000000 6.000000000 0.080396279700
920.840000000 7.000000000 0.072908349300
926.090000000 8.800000000 -0.080620452800
921.840000000 9.200000000 0.039087351400
919.840000000 6.600000000 0.064509652600
921.840000000 7.000000000 0.052495174100
923.840000000 8.400000000 0.070175178300
924.340000000 7.200000000 -0.078641116600
922.340000000 9.200000000 0.068250641200
928.090000000 8.000000000 -0.039623159900
922.090000000 8.400000000 0.033782780200
918.590000000 6.200000000 0.053673718100
934.840000000 5.600000000 0.045674957300
928.090000000 8.200000000 -0.040689416200
918.340000000 6.000000000 0.033638164400
923.340000000 8.600000000 0.071964070200
924.090000000 7.200000000 -0.070909716200
922.340000000 8.000000000 0.028188508000
919.590000000 7.000000000 0.063577033600
919.340000000 6.000000000 0.078155212100
924.590000000 7.200000000 -0.082763277000
919.840000000 6.200000000 0.066539675000
937.090000000 7.600000000 0.040581177900
927.590000000 7.000000000 -0.076111801000
936.090000000 5.600000000 0.070296026800
923.840000000 9.000000000 0.029321495400
928.090000000 7.800000000 -0.043395150500
927.590000000 8.800000000 -0.063333220800
928.090000000 7.400000000 -0.051818553400
921.340000000 7.200000000 0.050736516700
920.340000000 6.800000000 0.052117016200
928.090000000 7.600000000 -0.048422493000
936.590000000 7.800000000 -0.000305584100
921.590000000 9.200000000 0.050868313800
921.840000000 6.800000000 0.042206272500
924.840000000 7.400000000 -0.023616289700
923.590000000 8.400000000 0.065117649700
922.840000000 7.800000000 0.039402149600
926.340000000 7.000000000 -0.079971902100
923.590000000 7.000000000 -0.051893286400
921.090000000 7.200000000 0.057691600200
920.090000000 6.400000000 0.066402845100
922.590000000 9.200000000 0.076548188900
921.590000000 7.200000000 0.050745766600
919.590000000 6.000000000 0.067701697300
923.090000000 7.000000000 -0.020931497200
923.840000000 7.000000000 -0.065442241700
918.590000000 6.400000000 0.051317472000
920.590000000 7.000000000 0.064031988400
918.840000000 7.000000000 0.063218042300
922.590000000 7.800000000 0.028603993400
924.840000000 7.200000000 -0.082464329900
920.840000000 6.600000000 0.076766237600
921.090000000 6.600000000 0.076828047600
928.090000000 7.200000000 -0.051614403700
923.340000000 7.000000000 -0.036977194200
928.090000000 8.400000000 -0.045603785700
923.840000000 7.200000000 -0.060213197000
924.090000000 7.000000000 -0.075665399400
931.340000000 8.000000000 0.028857491900
924.340000000 7.000000000 -0.081051297500
918.590000000 6.600000000 0.051843158900
921.590000000 8.800000000 0.042786952100
920.590000000 6.600000000 0.067598812300
922.840000000 7.000000000 -0.003231306300
936.590000000 8.000000000 0.001555490900
936.340000000 5.600000000 0.065163157900
923.840000000 7.800000000 0.076617948700
924.590000000 7.400000000 -0.079115256700
931.340000000 8.200000000 0.026838585700
923.090000000 7.800000000 0.054147683100
927.840000000 7.000000000 -0.062273420400
918.590000000 6.800000000 0.052976012200
936.840000000 7.600000000 0.020570414100
924.340000000 7.400000000 -0.076050266600
927.090000000 6.800000000 -0.078368015600
921.840000000 8.600000000 0.036218654400
924.340000000 7.600000000 0.033866096300
925.840000000 8.800000000 -0.071308225400
921.340000000 6.600000000 0.068246550900
920.840000000 7.200000000 0.064281858500
934.590000000 5.600000000 0.031727146400
931.090000000 8.000000000 0.056167017700
923.840000000 8.800000000 0.041257239900
924.590000000 7.000000000 -0.082098998100
919.840000000 6.800000000 0.059775140100
923.090000000 6.800000000 -0.027388764500
923.340000000 6.800000000 -0.043795634100
922.840000000 9.200000000 0.064785495400
923.590000000 7.200000000 -0.048054188500
920.090000000 6.200000000 0.061488233500
918.340000000 6.200000000 0.033263646100
926.840000000 6.800000000 -0.084064967900
920.090000000 6.600000000 0.060836102800
924.590000000 8.600000000 0.005146669700
925.840000000 7.200000000 -0.077265642600
921.840000000 8.200000000 0.023138599500
922.090000000 7.000000000 0.048016753000
919.840000000 6.000000000 0.053779721300
920.340000000 7.000000000 0.051781296700
927.340000000 6.800000000 -0.071360088900
937.090000000 8.200000000 0.041142154500
925.090000000 7.200000000 -0.076748147600
921.340000000 9.000000000 0.039266593800
920.340000000 6.600000000 0.052605103700
931.590000000 8.200000000 -0.000841546000
924.090000000 7.400000000 -0.069886721700
923.590000000 8.600000000 0.063687734300
922.340000000 7.000000000 0.033234830900
931.090000000 8.200000000 0.051643345500
921.840000000 7.200000000 0.049834996500
923.340000000 7.800000000 0.068408057100
921.340000000 9.200000000 0.042138412600
919.340000000 7.200000000 0.068085968500
931.590000000 8.000000000 -0.000520313900
918.590000000 7.000000000 0.057041827600
923.590000000 7.800000000 0.077141821400
923.090000000 9.200000000 0.069281354500
919.090000000 7.200000000 0.072028152600
935.840000000 10.000000000 0.066680401600
918.090000000 6.000000000 0.013688529800
923.590000000 6.800000000 -0.055935923000
920.340000000 6.400000000 0.059073466800
919.840000000 7.000000000 0.053929906300
921.840000000 8.400000000 0.027459070100
924.840000000 7.000000000 -0.078059464700
921.090000000 7.400000000 0.046272765800
922.090000000 8.000000000 0.035510540000
922.590000000 7.000000000 0.014885036300
920.090000000 6.800000000 0.035079762300
921.590000000 6.600000000 0.054403636600
923.340000000 9.200000000 0.059924274700
936.590000000 5.600000000 0.051856782300
920.590000000 7.200000000 0.067151606100
918.590000000 5.800000000 0.057204458900
919.590000000 7.200000000 0.055734835600
936.090000000 10.000000000 0.067729748800
924.340000000 8.600000000 0.020212896200
918.340000000 5.800000000 0.038270581500
935.590000000 10.000000000 0.057864695800
922.340000000 7.800000000 0.024038134100
926.590000000 6.800000000 -0.086401082600
922.840000000 6.800000000 -0.007980317800
921.340000000 7.400000000 0.039658904100
918.840000000 7.200000000 0.069441415400
923.340000000 7.200000000 -0.033898655300
923.590000000 9.200000000 0.042116459500
922.090000000 6.800000000 0.036507144600
926.090000000 7.000000000 -0.068568244600
923.840000000 6.800000000 -0.066933393500
920.840000000 7.400000000 0.056605871800
924.090000000 9.000000000 0.000790178400
918.840000000 5.800000000 0.070731185400
936.840000000 8.200000000 0.026527307900
937.090000000 8.800000000 0.019483683600
928.090000000 8.600000000 -0.047333549700
923.840000000 8.600000000 0.052547007800
936.340000000 10.000000000 0.061115428800
924.090000000 8.600000000 0.038442049200
925.090000000 7.000000000 -0.071145400400
927.590000000 6.800000000 -0.063223011800
930.840000000 8.000000000 0.075300410400
918.590000000 7.200000000 0.061016470200
937.090000000 9.000000000 0.024934314200
927.840000000 8.800000000 -0.052010782100
925.340000000 7.200000000 -0.065147422300
928.090000000 7.000000000 -0.047182723900
924.090000000 6.800000000 -0.075551584400
925.590000000 8.800000000 -0.059482902300
923.840000000 7.400000000 -0.060988288400
919.090000000 5.800000000 0.075434759300
919.840000000 7.200000000 0.047063615200
928.340000000 8.200000000 -0.024342978400
922.090000000 7.200000000 0.051137644800
918.340000000 7.000000000 0.053113151300
936.590000000 7.600000000 0.003952033400
923.840000000 9.200000000 0.018121227600
923.090000000 7.200000000 -0.014027379500
922.590000000 6.800000000 0.010410386100
920.090000000 6.000000000 0.044772349300
935.340000000 10.000000000 0.043824970700
920.340000000 6.200000000 0.052223894700
922.840000000 7.200000000 0.002524362400
921.840000000 6.600000000 0.039011996200
918.340000000 6.800000000 0.052649069600
921.340000000 8.800000000 0.036470085400
920.090000000 7.000000000 0.037461224900
921.840000000 9.400000000 0.062337599700
925.590000000 7.200000000 -0.084074132100
937.090000000 9.200000000 0.027224205400
924.090000000 8.800000000 0.017112078100
920.340000000 7.200000000 0.062985181800
919.340000000 5.800000000 0.070777528000
920.590000000 6.400000000 0.047065764700
921.590000000 7.400000000 0.040014751300
936.590000000 10.000000000 0.054445434400
918.090000000 5.800000000 0.018655289000
924.340000000 6.800000000 -0.078717298800
921.590000000 8.600000000 0.039759136700
922.090000000 9.400000000 0.065914891700
926.340000000 6.800000000 -0.082145109800
928.340000000 8.400000000 -0.029187804100
918.340000000 7.200000000 0.049193780900
936.340000000 7.800000000 -0.016898945000
922.590000000 7.200000000 0.020237699200
922.340000000 6.800000000 0.028292307600
921.840000000 8.000000000 0.026946233600
921.590000000 9.400000000 0.055416759100
930.840000000 8.200000000 0.068984754400
928.340000000 7.200000000 -0.035563916000
936.840000000 5.600000000 0.043567739400
931.840000000 8.200000000 -0.026448017000
918.340000000 6.400000000 0.045236181500
936.340000000 9.800000000 0.046701598900
920.590000000 7.400000000 0.064005807000
934.340000000 5.600000000 0.015578977800
925.340000000 7.000000000 -0.056371890000
919.590000000 5.800000000 0.059232860800
924.590000000 6.800000000 -0.076138638000
928.340000000 8.000000000 -0.025548519600
921.090000000 7.600000000 0.036320243000
928.340000000 7.400000000 -0.038059260700
936.340000000 8.000000000 -0.017520358800
927.090000000 6.600000000 -0.071068503000
937.090000000 8.600000000 0.017806047600
922.340000000 7.200000000 0.039082642600
931.840000000 8.000000000 -0.026184374500
936.090000000 9.800000000 0.043920606400
927.340000000 6.600000000 -0.060532890300
922.340000000 9.400000000 0.064605452100
936.840000000 10.000000000 0.056404359600
924.840000000 6.800000000 -0.068979799700
926.840000000 6.600000000 -0.080879002800
918.340000000 6.600000000 0.051085431100
936.590000000 8.200000000 0.008934890900
921.090000000 9.200000000 0.034954097100
927.840000000 6.800000000 -0.055952485700
918.590000000 7.400000000 0.064370416100
936.590000000 9.800000000 0.050588853700
921.340000000 7.600000000 0.032575380100
921.090000000 9.000000000 0.031429182700
918.840000000 7.400000000 0.071375139100
918.090000000 6.200000000 0.017784096300
923.590000000 7.400000000 -0.041845489300
919.090000000 7.400000000 0.070393264300
925.340000000 8.800000000 -0.045380264500
919.840000000 5.800000000 0.045478783500
919.340000000 7.400000000 0.062479320900
918.340000000 7.400000000 0.051244594200
920.840000000 7.600000000 0.050325833300
924.090000000 7.600000000 0.050332952300
923.590000000 6.600000000 -0.054333712900
930.590000000 8.000000000 0.081835649900
931.340000000 7.800000000 0.027909323600
924.090000000 9.200000000 -0.007419491200
931.590000000 8.400000000 -0.000655826200
931.340000000 8.400000000 0.019746530800
937.090000000 8.400000000 0.039702102500
922.090000000 6.600000000 0.026173213500
918.090000000 7.000000000 0.048229407500
919.590000000 7.400000000 0.050785429800
923.340000000 6.600000000 -0.045116484200
921.340000000 9.400000000 0.046540118800
918.090000000 7.200000000 0.037098277400
937.090000000 7.400000000 0.036331407700
935.340000000 5.800000000 0.042034186400
925.840000000 7.000000000 -0.053171545300
928.340000000 7.600000000 -0.037131685800
935.090000000 10.000000000 0.028399003700
928.340000000 7.800000000 -0.032064873700
920.090000000 7.200000000 0.034533154200
920.840000000 6.400000000 0.031898278700
935.590000000 5.800000000 0.048765678000
926.090000000 6.800000000 -0.069328628500
931.090000000 7.800000000 0.052573818700
922.090000000 7.800000000 0.049682498000
926.590000000 6.600000000 -0.086084976800
937.090000000 10.000000000 0.053996756700
922.590000000 9.400000000 0.058225512500
925.090000000 6.800000000 -0.058773726200
923.840000000 6.600000000 -0.060659181300
935.840000000 9.800000000 0.043297514300
924.340000000 8.800000000 -0.007599359400
927.590000000 6.600000000 -0.051627565200
928.340000000 8.600000000 -0.032092019900
920.590000000 6.200000000 0.040136747100
935.090000000 5.800000000 0.038681674700
918.090000000 6.800000000 0.051743418000
931.590000000 7.800000000 0.002497701200
919.840000000 7.400000000 0.038600705600
921.090000000 6.400000000 0.068641372000
925.590000000 7.000000000 -0.038920428600
921.590000000 8.400000000 0.026930121700
921.340000000 6.400000000 0.063294902400
928.590000000 8.400000000 -0.008020628200
935.840000000 5.800000000 0.057021323600
920.340000000 7.400000000 0.064259439700
917.840000000 6.000000000 -0.000373306200
921.590000000 6.400000000 0.051884960400
921.090000000 8.200000000 0.052212283000
924.340000000 9.000000000 -0.025667095600
923.090000000 6.600000000 -0.031373612600
920.840000000 8.200000000 0.064432047300
918.090000000 7.400000000 0.035981442800
928.590000000 8.200000000 -0.007602484400
921.840000000 7.400000000 0.042167060100
921.090000000 8.000000000 0.049872964600
924.340000000 5.800000000 -0.054840829200
923.340000000 7.400000000 -0.026618462100
928.090000000 8.800000000 -0.039582580300
920.340000000 6.000000000 0.036939591200
921.590000000 8.200000000 0.023146279200
924.340000000 6.000000000 -0.053108893300
930.590000000 8.200000000 0.075639419300
924.590000000 6.000000000 -0.058019105300
936.840000000 9.000000000 0.008052642500
928.340000000 7.000000000 -0.032197441900
920.840000000 8.000000000 0.062123812700
920.590000000 8.200000000 0.069998852900
931.090000000 8.400000000 0.038829255800
930.840000000 7.800000000 0.070892155200
937.090000000 5.600000000 0.029312277200
936.840000000 9.800000000 0.053391527400
924.590000000 5.800000000 -0.060968190400
926.840000000 9.000000000 -0.070357143900
936.840000000 9.200000000 0.008445057100
936.840000000 7.400000000 0.022543156500
924.090000000 6.600000000 -0.064953349500
920.590000000 7.600000000 0.059726890200
926.340000000 6.600000000 -0.082736961500
920.590000000 8.000000000 0.068315185600
926.590000000 9.000000000 -0.064092569100
920.340000000 8.200000000 0.067480914300
921.340000000 8.600000000 0.034863926500
917.840000000 5.800000000 0.002370078800
921.840000000 7.800000000 0.036378335200
921.340000000 8.000000000 0.034538213200
927.090000000 9.000000000 -0.068158529700
921.840000000 6.400000000 0.037276037000
922.590000000 7.600000000 0.028898073400
926.340000000 9.000000000 -0.060618300000
920.340000000 8.000000000 0.067494772400
931.840000000 8.400000000 -0.020518358800
930.340000000 8.000000000 0.075033366700
920.090000000 5.800000000 0.034693934000
924.590000000 5.600000000 -0.067116610700
936.840000000 8.400000000 0.030437121200
921.340000000 8.200000000 0.035813938800
924.840000000 5.600000000 -0.068527773000
937.090000000 9.400000000 0.030916709500
922.840000000 9.400000000 0.048776440300
936.840000000 8.800000000 0.006875991800
921.590000000 7.600000000 0.024689568200
928.090000000 6.800000000 -0.044232096500
921.090000000 8.800000000 0.030259493700
922.340000000 7.600000000 0.024649890100
920.090000000 8.200000000 0.057423204200
927.340000000 9.000000000 -0.066789709000
935.590000000 9.800000000 0.053891025500
936.090000000 5.800000000 0.064391404400
920.090000000 8.000000000 0.060382373600
924.340000000 5.600000000 -0.059737373100
933.090000000 6.000000000 0.061690360300
936.340000000 7.600000000 -0.008248480000
932.840000000 6.000000000 0.053295303100
924.090000000 5.800000000 -0.046833276700
924.840000000 5.800000000 -0.064973853500
925.840000000 6.800000000 -0.049461647900
924.340000000 6.600000000 -0.066736571500
936.090000000 9.600000000 0.043638635400
922.840000000 6.600000000 -0.011232975900
934.840000000 5.800000000 0.037339270100
932.090000000 8.200000000 -0.045650586500
923.840000000 7.600000000 -0.057858642200
925.090000000 8.800000000 -0.030297985300
926.090000000 9.000000000 -0.057068459700
924.590000000 8.800000000 -0.028155973200
925.090000000 5.600000000 -0.063965231200
936.340000000 9.600000000 0.046155151000
933.340000000 6.000000000 0.062368348200
930.090000000 8.000000000 0.058615777600
922.090000000 7.600000000 0.057896439000
934.090000000 5.600000000 0.004374464500
921.590000000 8.000000000 0.022936092700
918.340000000 7.600000000 0.055755559400
924.840000000 6.000000000 -0.061779737500
921.090000000 9.400000000 0.035693343700
925.340000000 6.800000000 -0.043034441800
926.090000000 6.600000000 -0.069089554300
935.340000000 9.800000000 0.046270877100
933.590000000 6.000000000 0.056273587000
924.340000000 6.200000000 -0.052959781100
920.840000000 6.200000000 0.027631100300
924.590000000 6.200000000 -0.056138642100
924.590000000 6.600000000 -0.065231002900
922.340000000 6.600000000 0.014569218300
917.840000000 7.000000000 0.041668854700
918.590000000 7.600000000 0.063510879900
922.840000000 7.600000000 0.037149202100
920.840000000 7.800000000 0.038071166700
924.090000000 6.000000000 -0.046957004800
929.840000000 8.000000000 0.039246704400
930.590000000 7.800000000 0.078152291500
921.090000000 7.800000000 0.033046711200
921.340000000 7.800000000 0.025575980500
924.090000000 5.600000000 -0.047594424300
921.590000000 7.800000000 0.019817734100
923.090000000 7.400000000 -0.008857487700
919.840000000 8.000000000 0.048564992800
937.090000000 6.400000000 0.039337765400
932.090000000 8.000000000 -0.043915838000
936.340000000 5.800000000 0.061342183500
918.090000000 6.600000000 0.047364000200
933.840000000 6.000000000 0.046039123100
919.840000000 8.200000000 0.042619537600
928.590000000 8.000000000 -0.011577469300
927.590000000 9.000000000 -0.061816722200
928.840000000 8.400000000 0.014692584100
924.340000000 9.200000000 -0.029576048300
917.840000000 6.800000000 0.046782046600
917.840000000 7.200000000 0.027489110800
934.840000000 10.000000000 0.014580375500
925.090000000 5.800000000 -0.065979756400
920.840000000 9.000000000 0.021569168200
923.090000000 9.400000000 0.038929618900
924.840000000 8.800000000 -0.041242837900
936.340000000 8.200000000 -0.009583468500
928.590000000 8.600000000 -0.009568353200
921.840000000 7.600000000 0.049065560100
921.090000000 8.400000000 0.049443919200
918.090000000 7.600000000 0.043892372400
932.590000000 6.000000000 0.038070373200
930.340000000 8.200000000 0.071256414100
937.090000000 9.800000000 0.045880153800
933.840000000 5.800000000 0.047994494400
920.590000000 9.200000000 0.049980588300
920.590000000 7.800000000 0.042041108000
931.840000000 7.800000000 -0.019077017900
920.340000000 9.200000000 0.036174714600
924.840000000 6.600000000 -0.060271885200
920.840000000 9.200000000 0.062102895200
920.340000000 7.600000000 0.063020885000
920.090000000 7.400000000 0.027528548600
920.840000000 8.400000000 0.059848953000
922.590000000 6.600000000 0.006656640700
918.840000000 7.600000000 0.065587773900
918.090000000 6.400000000 0.037259504200
933.590000000 5.800000000 0.056615937500
922.090000000 6.400000000 0.022913329300
928.590000000 7.200000000 -0.017711542500
925.340000000 5.600000000 -0.054982643600
933.340000000 5.800000000 0.061074145100
927.840000000 6.600000000 -0.044482946400
925.840000000 9.000000000 -0.050011575200
928.090000000 6.600000000 -0.072119094400
932.590000000 8.200000000 0.048880942200
936.590000000 9.600000000 0.047939907800
934.090000000 5.800000000 0.038651321100
936.840000000 8.600000000 0.005023892000
933.090000000 5.800000000 0.058512575900
925.840000000 6.600000000 -0.047311306000
932.340000000 8.200000000 0.030866861300
924.840000000 6.200000000 -0.059720508800
928.590000000 7.400000000 -0.021122170600
930.840000000 8.400000000 0.054110419000
927.340000000 6.400000000 -0.058145973800
935.840000000 9.600000000 0.040433716000
922.090000000 7.400000000 0.047744158700
927.090000000 6.400000000 -0.068854503300
924.090000000 6.200000000 -0.050084736200
917.840000000 7.400000000 0.023177171100
919.090000000 7.600000000 0.061720930000
924.340000000 6.400000000 -0.056735541700
937.090000000 9.600000000 0.048629149800
935.590000000 9.400000000 0.011893528500
921.840000000 9.600000000 0.065018802900
932.840000000 8.200000000 0.060518603800
928.340000000 6.800000000 -0.064297601600
929.590000000 8.000000000 0.023042416200
928.840000000 8.200000000 0.008996185800
924.090000000 6.400000000 -0.055271808100
935.090000000 9.800000000 0.035373933600
920.590000000 8.400000000 0.065100111100
920.590000000 9.400000000 0.059735134200
930.340000000 7.800000000 0.072782628200
935.840000000 9.400000000 0.034603677700
918.340000000 5.600000000 0.041661486000
937.090000000 6.600000000 0.036983419200
923.590000000 7.600000000 -0.043062184000
928.340000000 6.600000000 -0.060750659600
934.090000000 6.000000000 0.034902285800
932.840000000 5.800000000 0.048281811200
921.590000000 9.600000000 0.056799825300
930.090000000 8.200000000 0.059111658500
925.090000000 6.000000000 -0.064180865900
925.590000000 6.800000000 -0.039370425000
926.840000000 6.400000000 -0.077857039900
924.590000000 6.400000000 -0.057667776900
936.590000000 7.400000000 0.012112098700
936.590000000 5.800000000 0.051974307700
921.340000000 8.400000000 0.037894461300
925.340000000 5.800000000 -0.062730670000
918.590000000 5.600000000 0.052928220500
923.340000000 9.400000000 0.029887281400
936.090000000 7.800000000 -0.027756229000
920.340000000 9.400000000 0.045464195300
919.340000000 7.600000000 0.052775353200
920.340000000 7.800000000 0.048625815700
920.840000000 9.400000000 0.065754570100
936.090000000 8.000000000 -0.030860558200
925.090000000 6.600000000 -0.052682209800
933.090000000 8.200000000 0.063454665200
930.090000000 7.800000000 0.057629942900
937.090000000 6.200000000 0.042677510500
922.090000000 9.600000000 0.064828373500
929.840000000 8.200000000 0.044258303900
936.840000000 9.400000000 0.012769683300
936.840000000 9.600000000 0.041818130800
927.590000000 6.400000000 -0.052312720600
929.840000000 7.800000000 0.038774285500
928.340000000 8.800000000 -0.033525567500
923.840000000 5.600000000 -0.032798793200
923.840000000 6.400000000 -0.052143372600
936.090000000 9.400000000 0.052153147800
918.840000000 5.600000000 0.059569157700
921.090000000 6.200000000 0.011018968200
935.340000000 9.400000000 -0.010087055200
924.840000000 6.400000000 -0.057989679300
926.590000000 6.400000000 -0.080024816100
932.840000000 8.000000000 0.062064521000
920.340000000 8.400000000 0.062428135400
936.590000000 8.400000000 0.017320614300
918.090000000 5.600000000 0.027166733500
933.090000000 8.000000000 0.061312254500
932.090000000 8.400000000 -0.038114517900
932.590000000 8.000000000 0.055035341500
925.590000000 6.600000000 -0.022848233600
920.090000000 9.200000000 0.025797164100
922.840000000 7.400000000 0.010687724700
933.340000000 8.200000000 0.057554017800
923.840000000 5.800000000 -0.036910753700
923.090000000 7.600000000 0.042083852000
928.590000000 7.600000000 -0.022422211200
928.840000000 8.600000000 -0.002568549200
920.340000000 5.800000000 0.029613779900
934.340000000 5.800000000 0.031023645800
917.340000000 7.400000000 -0.001601835000
928.590000000 7.800000000 -0.018375353900
919.590000000 8.000000000 0.034312233300
932.340000000 8.000000000 0.042243432300
920.090000000 7.600000000 0.057814195800
917.590000000 7.400000000 -0.022443601900
919.090000000 5.600000000 0.060660075400
925.090000000 6.200000000 -0.061856538100
929.590000000 8.200000000 0.030729733400
927.840000000 9.000000000 -0.052286509400
919.590000000 8.200000000 0.027296520800
920.590000000 9.000000000 0.050631817400
917.590000000 6.800000000 0.035114709300
921.340000000 9.600000000 0.043359529200
933.340000000 8.000000000 0.052678354100
924.590000000 9.000000000 -0.044016562400
917.840000000 7.600000000 0.030806629000
926.340000000 6.400000000 -0.073885664300
936.840000000 6.400000000 0.033617604500
929.090000000 8.400000000 0.034687567500
923.590000000 9.400000000 0.029675597300
928.590000000 8.800000000 -0.027611926200
919.590000000 7.600000000 0.046990349900
933.840000000 5.600000000 0.016491508100
934.590000000 5.800000000 0.034310631500
918.340000000 7.800000000 0.052586901900
919.340000000 5.600000000 0.056343920500
917.840000000 6.200000000 0.007096664000
936.340000000 9.400000000 0.060458026800
922.590000000 7.400000000 0.024945966900
925.590000000 5.600000000 -0.044502425900
920.090000000 8.400000000 0.052340772000
929.590000000 7.800000000 0.022060416600
920.340000000 9.000000000 0.039300717400
922.340000000 7.400000000 0.037510361500
937.090000000 7.200000000 0.033875864000
925.090000000 6.400000000 -0.056645788300
922.340000000 9.600000000 0.056061312600
920.840000000 8.800000000 0.031579956400
925.340000000 6.000000000 -0.063720576500
918.090000000 7.800000000 0.046272553500
936.840000000 5.800000000 0.040335882500
928.840000000 8.800000000 -0.011201739300
925.590000000 9.000000000 -0.047725517300
917.840000000 6.600000000 0.041507057800
933.590000000 8.200000000 0.044976767200
932.590000000 5.800000000 0.032110713400
936.590000000 9.400000000 0.059141196300
920.590000000 6.000000000 0.030667835800
919.590000000 5.600000000 0.048456437900
923.590000000 6.400000000 -0.046052623500
925.590000000 5.800000000 -0.054612707300
917.590000000 5.600000000 0.055462755300
928.590000000 6.800000000 -0.051818806700
934.340000000 6.000000000 0.024260155900
926.090000000 6.400000000 -0.060247428700
928.590000000 6.600000000 -0.044992178700
920.090000000 7.800000000 0.054991923300
917.840000000 5.600000000 0.063038490700
932.340000000 6.000000000 0.018453728400
929.090000000 8.600000000 0.017275279400
920.090000000 9.400000000 0.026725223300
930.590000000 8.400000000 0.063149757700
918.590000000 7.800000000 0.055884223400
936.840000000 6.600000000 0.033572036800
933.590000000 8.000000000 0.038343284300
928.590000000 7.000000000 -0.016451301100
931.590000000 8.600000000 -0.002332747700
921.090000000 8.600000000 0.032348990400
937.090000000 6.800000000 0.041354037800
928.840000000 8.000000000 0.002421425000
933.840000000 8.200000000 0.030881712200
923.840000000 6.200000000 -0.045794773800
917.590000000 7.200000000 -0.017903115600
923.840000000 6.000000000 -0.039748773000
929.090000000 8.200000000 0.024931596600
934.840000000 9.800000000 0.023426279400
919.840000000 8.400000000 0.038372006300
923.840000000 9.400000000 0.012005195000
917.590000000 7.000000000 0.032603126000
932.340000000 8.400000000 0.023324431900
929.340000000 8.000000000 0.012437331500
929.340000000 8.200000000 0.020120229600
917.340000000 7.200000000 0.004767368500
935.590000000 9.600000000 0.036029350000
932.590000000 8.400000000 0.041860926900
935.090000000 9.400000000 -0.026681680200
935.840000000 9.200000000 0.031828366200
922.340000000 6.400000000 0.011015561400
925.340000000 6.600000000 -0.044258654100
925.840000000 6.400000000 -0.041649729000
923.340000000 7.600000000 -0.024645311800
927.840000000 6.400000000 -0.069814302000
936.590000000 9.200000000 -0.006655809900
919.840000000 7.600000000 0.035316761600
929.090000000 8.800000000 0.011519305400
932.840000000 8.400000000 0.056146614300
919.840000000 5.600000000 0.039957784100
919.840000000 7.800000000 0.049010127800
917.340000000 5.600000000 0.038055077200
933.090000000 6.200000000 0.051933575400
931.340000000 8.600000000 0.011843308800
933.340000000 6.200000000 0.055025927700
925.590000000 6.000000000 -0.058237146600
921.590000000 6.200000000 0.052265841500
932.840000000 6.200000000 0.044951453800
933.590000000 6.200000000 0.050624106100
933.090000000 8.400000000 0.062274053700
933.590000000 5.600000000 0.053867753600
925.340000000 6.200000000 -0.061032597000
935.590000000 9.200000000 0.013826886200
918.840000000 7.800000000 0.055957887300
931.840000000 8.600000000 -0.016461646200
936.090000000 9.200000000 0.046382378800
920.090000000 9.000000000 0.029754661000
922.590000000 9.600000000 0.042087484200
925.340000000 6.400000000 -0.053067017300
923.340000000 6.400000000 -0.036632604900
929.340000000 8.400000000 0.029175506900
921.340000000 6.200000000 0.059795472800
929.340000000 8.600000000 0.027041830100
928.090000000 6.400000000 -0.061779491600
933.340000000 8.400000000 0.058895725800
921.840000000 6.200000000 0.039061695300
933.840000000 6.200000000 0.042728267600
929.590000000 8.400000000 0.040627434800
931.090000000 8.600000000 0.016992241100
934.590000000 10.000000000 0.003818779500
921.090000000 9.600000000 0.029090501400
917.840000000 7.800000000 0.037941884200
933.840000000 8.000000000 0.022290790500
936.590000000 9.000000000 -0.007258601000
937.090000000 5.800000000 0.030630732000
928.840000000 6.800000000 -0.038148161000
925.840000000 5.800000000 -0.044637847700
923.340000000 5.600000000 -0.011582907300
923.590000000 5.600000000 -0.016196284400
924.590000000 9.200000000 -0.045324664600
930.340000000 8.400000000 0.064814269500
929.090000000 8.000000000 0.016570925700
936.840000000 6.200000000 0.034941732900
932.090000000 7.800000000 -0.034130130000
923.090000000 6.400000000 -0.058357741700
937.090000000 7.000000000 0.040795702500
937.090000000 6.000000000 0.041272822800
924.090000000 9.400000000 -0.007013966300
919.340000000 10.000000000 -0.038003064700
917.590000000 6.600000000 0.031610164800
929.590000000 8.600000000 0.045153040400
929.840000000 8.400000000 0.051184553700
920.840000000 8.600000000 0.049686484000
928.340000000 6.400000000 -0.052088733800
917.340000000 6.800000000 0.019013440200
936.340000000 9.200000000 0.054745573600
919.090000000 10.000000000 -0.022675180800
933.590000000 8.400000000 0.047693878400
917.590000000 5.800000000 -0.008907029400
919.090000000 7.800000000 0.052897226100
931.340000000 7.600000000 0.027226105300
930.840000000 8.600000000 -0.062489755500
929.340000000 7.800000000 0.009924283300
935.340000000 9.200000000 -0.004159587000
930.590000000 8.600000000 -0.060154311400
930.090000000 8.400000000 0.060016725200
928.840000000 7.800000000 -0.002779078200
928.090000000 9.000000000 -0.038718793500
934.090000000 8.200000000 0.017517646800
933.340000000 5.600000000 0.048350218700
925.590000000 6.400000000 -0.021777836600
931.090000000 7.600000000 0.046180758600
923.090000000 5.600000000 0.004478351700
919.590000000 10.000000000 -0.050812345000
922.840000000 6.400000000 -0.053811576200
925.840000000 6.000000000 -0.046182025200
932.590000000 6.200000000 0.032310470900
919.590000000 8.400000000 0.024750407800
929.340000000 8.800000000 0.036186989400
935.340000000 9.600000000 -0.010304009500
930.340000000 8.600000000 -0.053238939500
935.590000000 6.000000000 0.030053710600
925.340000000 9.000000000 -0.048829007900
920.590000000 8.600000000 0.053454607700
919.590000000 7.800000000 0.039016157400
925.840000000 5.600000000 -0.039208505300
936.840000000 6.800000000 0.038670860200
917.840000000 6.400000000 0.028200103000
935.340000000 6.000000000 0.022616282100
936.590000000 6.400000000 0.024871554200
933.090000000 7.800000000 0.054493993500
919.340000000 8.000000000 0.020347988200
931.340000000 8.800000000 -0.051343958800
931.090000000 8.800000000 -0.062658876200
929.840000000 8.600000000 0.059469770600
925.590000000 6.200000000 -0.055661246200
928.840000000 7.000000000 -0.044565357300
922.090000000 6.200000000 0.023924425200
934.090000000 6.200000000 0.036955896800
932.840000000 7.800000000 0.057646192600
919.840000000 10.000000000 -0.049462478600
936.840000000 7.200000000 0.027507502600
920.590000000 8.800000000 0.035015512300
924.840000000 9.000000000 -0.051857300100
917.340000000 10.000000000 0.003072812200
928.840000000 7.600000000 -0.004910169600
931.590000000 7.600000000 0.006949940200
932.340000000 5.800000000 0.012940478500
926.090000000 9.600000000 0.016509473300
920.090000000 5.600000000 0.033473718900
928.840000000 6.600000000 -0.027224613400
920.090000000 10.000000000 -0.055374931500
920.840000000 6.000000000 0.025137284800
926.340000000 9.600000000 -0.005959154600
920.590000000 9.600000000 0.055472325500
930.840000000 8.800000000 -0.066816151100
927.590000000 6.200000000 -0.057669546500
932.340000000 7.800000000 0.043678041500
922.840000000 9.600000000 0.028332512800
928.840000000 7.400000000 -0.002744958300
930.840000000 7.600000000 0.060111790900
927.340000000 6.200000000 -0.063603416100
932.590000000 7.800000000 0.053668428200
917.590000000 6.000000000 -0.007390339900
929.090000000 7.800000000 0.012955631100
918.840000000 10.000000000 -0.007039586100
933.340000000 7.800000000 0.044624347200
919.340000000 8.200000000 0.014939700300
934.840000000 9.400000000 -0.036054503200
920.340000000 10.000000000 -0.057538170400
932.090000000 8.600000000 -0.030533125600
933.840000000 8.400000000 0.032175585600
930.590000000 8.800000000 -0.062176477200
922.590000000 6.400000000 -0.051836952600
935.840000000 6.000000000 0.041811488600
936.090000000 8.200000000 -0.025461446500
919.340000000 7.800000000 0.046622376900
917.590000000 7.600000000 0.019822096500
936.590000000 6.600000000 0.027598694000
920.590000000 10.000000000 -0.055335458400
936.090000000 7.600000000 -0.016718829100
936.590000000 8.800000000 -0.003237581600
919.840000000 9.200000000 0.018260827300
930.090000000 8.600000000 0.066549249000
930.340000000 8.800000000 -0.049908351200
931.590000000 8.800000000 -0.035857070200
928.590000000 6.400000000 -0.035667821800
936.340000000 7.400000000 0.004487711900
927.090000000 6.200000000 -0.067910805300
935.090000000 9.600000000 -0.025389773800
920.340000000 9.600000000 0.040756322400
927.840000000 6.200000000 -0.051904235000
936.340000000 8.400000000 0.000960979400
920.840000000 9.600000000 0.060803853000
934.590000000 6.000000000 0.015750309500
923.590000000 5.800000000 -0.025486396600
917.340000000 7.600000000 -0.011089158200
934.590000000 9.800000000 0.012219103100
924.340000000 9.400000000 -0.024825967800
920.340000000 8.600000000 0.053221613200
923.590000000 6.200000000 -0.038412846600
928.840000000 7.200000000 -0.000245920700
919.840000000 9.400000000 0.008405837200
933.090000000 5.600000000 0.040439181000
930.590000000 7.600000000 0.066226191800
920.340000000 5.600000000 -0.008613776400
920.840000000 10.000000000 -0.048297084900
929.840000000 7.600000000 0.040366146700
925.090000000 9.000000000 -0.051710505000
935.090000000 9.200000000 -0.019057877400
929.590000000 8.800000000 0.056100972000
923.090000000 6.200000000 -0.054338831500
930.090000000 7.600000000 0.053964521700
922.840000000 6.200000000 -0.052287880300
935.090000000 6.000000000 0.022833406900
917.340000000 6.600000000 0.017996331700
918.340000000 8.000000000 0.048114765400
931.340000000 5.800000000 -0.018335543600
934.090000000 8.400000000 0.027050701900
926.840000000 6.200000000 -0.071552030700
935.840000000 7.800000000 -0.040213566300
930.340000000 7.600000000 0.063648529400
926.090000000 6.000000000 -0.031853929200
936.590000000 8.600000000 0.022188238800
934.090000000 8.000000000 0.008568827100
920.590000000 5.800000000 0.028564259400
930.090000000 8.800000000 -0.033457562300
929.090000000 6.800000000 -0.022697871600
925.840000000 9.600000000 0.038009502000
926.090000000 5.800000000 -0.030537059500
932.090000000 6.000000000 -0.001951237200
926.340000000 6.200000000 -0.056411955500
926.090000000 6.200000000 -0.044181991400
933.590000000 7.800000000 0.030367966700
922.840000000 5.600000000 0.022423580300
926.090000000 9.200000000 -0.035957574800
929.590000000 7.600000000 0.025825923300
936.840000000 7.000000000 0.041632309600
918.090000000 8.000000000 0.046875011200
917.340000000 7.000000000 0.014118336100
919.840000000 9.000000000 0.022842789100
918.590000000 8.000000000 0.047349456700
921.090000000 6.000000000 0.008436509400
926.340000000 9.200000000 -0.035037864000
936.090000000 6.000000000 0.051397431600
922.590000000 6.200000000 -0.048660382600
928.090000000 6.200000000 -0.051382843400
923.340000000 6.200000000 -0.054114893100
917.590000000 10.000000000 0.020160375200
925.840000000 9.200000000 -0.045635450600
931.090000000 5.800000000 0.006872420200
926.590000000 6.200000000 -0.066806457900
920.340000000 8.800000000 0.043691743200
925.840000000 6.200000000 -0.045831415800
935.840000000 8.000000000 -0.041424267000
934.840000000 9.600000000 -0.034036282400
923.590000000 6.000000000 -0.030530095100
932.340000000 6.200000000 0.021391751200
933.590000000 8.600000000 -0.027742059900
920.090000000 8.600000000 0.047622431100
931.840000000 7.600000000 -0.010963684900
917.590000000 7.800000000 0.028946682800
934.340000000 6.200000000 0.025311255800
929.090000000 7.600000000 0.012702838500
929.090000000 7.000000000 -0.030953925100
926.590000000 9.600000000 -0.025542927900
934.590000000 9.400000000 -0.038959600000
922.340000000 6.200000000 -0.047793630500
921.090000000 10.000000000 -0.037107121200
929.840000000 8.800000000 0.065838910600
923.090000000 9.600000000 0.019401585700
926.090000000 9.800000000 0.014739825400
931.840000000 8.800000000 -0.034285444800
920.090000000 9.600000000 0.020406587000
933.340000000 8.600000000 -0.044501420100
931.590000000 5.800000000 -0.037836387800
936.840000000 6.000000000 0.040177721500
932.340000000 8.600000000 -0.043765589600
936.340000000 9.000000000 0.030037269000
928.340000000 9.000000000 -0.023328980400
936.590000000 6.200000000 0.030556296900
933.590000000 9.400000000 -0.040796186800
918.840000000 8.000000000 0.044966217100
918.590000000 10.000000000 0.007729280700
933.590000000 9.600000000 -0.042168356500
924.840000000 9.200000000 -0.054139945700
924.590000000 9.400000000 -0.039994984900
926.340000000 9.800000000 -0.006159278100
933.840000000 8.600000000 -0.009996317300
936.590000000 6.800000000 0.034770648900
926.590000000 9.200000000 -0.038916848600
917.840000000 8.000000000 0.042368922400
920.090000000 8.800000000 0.036323934800
936.090000000 9.000000000 0.035760425000
932.840000000 5.600000000 0.036973342300
925.590000000 9.200000000 -0.051362372900
929.340000000 7.600000000 0.012167942700
936.340000000 6.000000000 0.054087746900
921.340000000 6.000000000 -0.006283178900
934.340000000 9.400000000 -0.038079667800
934.090000000 9.400000000 -0.036823142300
933.840000000 9.400000000 -0.037509400400
928.840000000 6.400000000 -0.018953936200
933.840000000 9.600000000 -0.046473328000
928.590000000 9.000000000 -0.030285596800
934.590000000 9.600000000 -0.036833994100
934.340000000 8.200000000 0.005645191800
928.840000000 9.000000000 -0.012864979000
920.090000000 9.800000000 -0.046537846300
933.340000000 9.400000000 -0.035091184100
934.840000000 9.200000000 -0.029356205800
931.340000000 6.000000000 -0.006616663700
919.340000000 8.400000000 0.013817581300
920.340000000 9.800000000 -0.050426285700
934.090000000 9.600000000 -0.037411034100
933.090000000 8.600000000 -0.055589888200
928.340000000 6.200000000 -0.039145246100
920.590000000 5.600000000 0.003011008700
925.840000000 9.800000000 0.034322310200
934.340000000 10.000000000 -0.003951693000
936.590000000 7.200000000 0.027353895800
935.840000000 9.000000000 0.023809561500
929.090000000 6.600000000 -0.016239002300
919.840000000 8.600000000 0.037369955300
926.090000000 5.600000000 -0.030962269800
923.340000000 5.800000000 -0.021923113600
934.340000000 9.600000000 -0.036785211400
933.340000000 9.600000000 -0.035890005500
934.340000000 8.400000000 0.023629343100
925.590000000 9.600000000 0.053315509100
930.840000000 5.800000000 0.030462181200
933.840000000 7.800000000 0.015701163600
927.590000000 6.000000000 -0.056017831000
919.840000000 9.800000000 -0.041048672100
927.840000000 6.000000000 -0.044397309400
932.590000000 8.600000000 0.033757235900
932.090000000 8.800000000 -0.022192085200
920.590000000 9.800000000 -0.050830300900
936.590000000 6.000000000 0.049832046000
934.340000000 9.800000000 0.002614159400
927.340000000 6.000000000 -0.066216252700
934.840000000 6.000000000 0.028476366800
931.590000000 6.000000000 -0.027502210800
917.590000000 6.400000000 0.019215632200
917.340000000 5.800000000 0.043596245300
932.840000000 8.600000000 -0.058716949100
936.340000000 8.800000000 0.030420642300
922.590000000 5.600000000 0.039276924000
921.590000000 6.000000000 -0.018430426700
929.090000000 9.000000000 0.009529733100
936.340000000 6.400000000 0.019869141300
919.090000000 8.000000000 0.041383240400
931.090000000 6.000000000 0.015315420000
932.090000000 5.800000000 -0.006050204400
918.840000000 8.800000000 0.030939066800
927.090000000 6.000000000 -0.070168979500
936.590000000 7.000000000 0.036522530000
928.090000000 6.000000000 -0.034401554600
917.840000000 10.000000000 0.033468712100
925.340000000 9.200000000 -0.055706895900
929.090000000 7.400000000 0.014083026000
918.590000000 8.800000000 0.033653706300
926.340000000 6.000000000 -0.018894234700
935.590000000 9.000000000 0.011206232900
921.340000000 10.000000000 -0.023954706300
926.840000000 9.200000000 -0.045839123400
923.340000000 9.600000000 0.016088666400
919.090000000 8.800000000 0.032685209100
917.590000000 6.200000000 0.002043333600
918.590000000 8.200000000 0.038823798300
919.840000000 8.800000000 0.029594371100
925.090000000 9.200000000 -0.057099215700
924.840000000 9.400000000 -0.051608767400
918.340000000 8.200000000 0.045299481600
919.590000000 9.800000000 -0.034957956500
936.340000000 6.600000000 0.024305325000
919.090000000 8.600000000 0.038498301100
917.590000000 8.000000000 0.036259498400
920.840000000 9.800000000 -0.045962646600
919.340000000 8.600000000 0.042285643500
923.340000000 6.000000000 -0.026327867100
926.590000000 9.800000000 -0.025341885200
926.840000000 6.000000000 -0.065010935100
918.340000000 8.800000000 0.038019940300
931.840000000 5.800000000 -0.047453578600
921.840000000 6.000000000 -0.028519382700
922.840000000 6.000000000 -0.052526325000
923.090000000 6.000000000 -0.051257506000
918.840000000 8.600000000 0.034623835200
922.590000000 6.000000000 -0.050441768000
926.340000000 5.800000000 -0.018944397600
934.590000000 9.200000000 -0.035537272700
929.340000000 7.000000000 -0.018185751500
922.340000000 6.000000000 -0.045145887900
921.590000000 9.800000000 0.047707799800
922.090000000 6.000000000 -0.037476800400
921.840000000 9.800000000 0.055129077300
919.590000000 8.600000000 0.024924244700
929.340000000 6.800000000 -0.009833386200
936.340000000 8.600000000 0.007117091700
934.340000000 8.600000000 0.030477404600
934.090000000 8.600000000 0.003536909800
925.590000000 9.800000000 0.048876434600
919.840000000 9.600000000 0.001190777100
926.590000000 6.000000000 -0.052192881700
933.090000000 9.400000000 -0.029291138100
926.090000000 9.400000000 0.016020858700
932.590000000 5.600000000 0.024130594000
918.090000000 8.200000000 0.049629658500
932.340000000 8.800000000 -0.022638935600
932.090000000 7.600000000 -0.024084907000
918.840000000 8.200000000 0.033338513200
936.090000000 8.400000000 -0.016097590300
925.340000000 9.600000000 0.058314707100
934.590000000 6.200000000 0.014535310700
932.090000000 6.200000000 0.003236483500
934.590000000 8.400000000 0.006046204400
921.340000000 9.800000000 0.035729277900
936.090000000 8.800000000 0.013331282000
919.340000000 8.800000000 0.036135740600
933.090000000 9.600000000 -0.029496444400
918.590000000 8.600000000 0.030555423300
934.590000000 8.600000000 0.014981340600
935.590000000 7.800000000 -0.042745262400
927.090000000 9.200000000 -0.056658387200
931.340000000 9.000000000 -0.046155996600
922.090000000 9.800000000 0.054509703100
931.090000000 9.000000000 -0.054781455500
935.340000000 9.000000000 -0.000786031100
931.840000000 6.000000000 -0.042963493600
934.340000000 8.000000000 -0.000923559200
928.590000000 6.200000000 -0.023529423400
932.590000000 7.600000000 0.048604775200
932.840000000 7.600000000 0.046628490100
932.340000000 7.600000000 0.045874867600
930.840000000 9.000000000 -0.057926703200
929.340000000 9.000000000 0.032064657700
929.090000000 7.200000000 -0.037142384800
919.090000000 8.200000000 0.006817054500
932.340000000 5.600000000 0.046887189100
925.840000000 9.400000000 -0.047035187500
931.590000000 9.000000000 -0.035065855800
925.090000000 9.400000000 -0.058726914200
935.590000000 8.000000000 -0.044429685900
918.090000000 8.800000000 0.037962466500
936.340000000 6.800000000 -0.030040072300
926.840000000 9.600000000 -0.039943169800
928.340000000 6.000000000 -0.025604268500
925.590000000 9.400000000 -0.056340526800
933.090000000 7.600000000 0.040456879900
919.590000000 8.800000000 0.039610683900
919.590000000 9.200000000 0.005191766200
930.590000000 9.000000000 -0.053365543500
917.340000000 7.800000000 0.020256748400
921.090000000 9.800000000 0.028845671600
917.840000000 8.200000000 0.048701476300
919.590000000 9.400000000 -0.005289575600
936.340000000 7.200000000 0.020645398600
927.340000000 9.200000000 -0.054339841000
933.590000000 9.800000000 -0.041631467600
923.090000000 5.800000000 -0.008873106000
926.340000000 9.400000000 -0.001892537100
934.340000000 9.200000000 -0.038777440800
936.340000000 7.000000000 -0.022496160100
924.840000000 9.800000000 0.044831205200
919.340000000 9.800000000 -0.011953585800
933.340000000 9.800000000 -0.035616368100
925.340000000 9.400000000 -0.060462594000
919.090000000 9.800000000 0.007650006100
934.090000000 9.800000000 -0.005657187200
922.340000000 5.600000000 0.051230058100
925.090000000 9.800000000 0.046403538400
925.340000000 9.800000000 0.044567327900
917.590000000 8.800000000 0.023991443200
918.340000000 10.000000000 0.020935529800
922.340000000 9.800000000 0.045512206900
933.840000000 9.800000000 -0.042872313400
933.840000000 9.200000000 -0.039828609700
918.340000000 8.600000000 0.025020524900
934.090000000 9.200000000 -0.039917070400
932.090000000 5.600000000 0.032747212800
935.840000000 8.200000000 -0.035409476600
930.590000000 5.800000000 0.045801930100
925.090000000 9.600000000 0.052733685800
936.340000000 6.200000000 0.023274548400
917.840000000 8.800000000 0.036461800300
923.590000000 9.600000000 0.014710534400
917.840000000 9.000000000 0.035177592200
933.340000000 9.200000000 -0.034628957500
919.590000000 9.000000000 0.018088113500
927.590000000 9.200000000 -0.047448981600
924.590000000 9.800000000 0.041577193900
933.590000000 6.400000000 0.041757404800
918.090000000 9.000000000 0.040128082000
929.090000000 6.400000000 -0.004398573700
934.090000000 7.800000000 0.004486534700
933.340000000 7.600000000 0.035821933300
933.590000000 9.200000000 -0.039114151100
920.840000000 5.800000000 0.023688605100
936.090000000 7.400000000 -0.001859027300
930.340000000 9.000000000 -0.041388738900
931.840000000 9.000000000 -0.031622737600
917.590000000 8.200000000 0.041675817200
924.840000000 9.600000000 0.040404912100
917.590000000 9.000000000 0.024185322200
919.090000000 8.400000000 0.040594980100
935.840000000 6.200000000 -0.030384147500
918.840000000 8.400000000 0.035203572400
918.340000000 9.000000000 0.040332716000
934.840000000 8.600000000 -0.000528909400
929.340000000 7.400000000 0.016230877500
933.340000000 6.400000000 0.045420698800
917.340000000 8.800000000 0.006899723300
930.840000000 6.000000000 0.033198379000
918.590000000 9.000000000 0.038256358400
918.090000000 10.000000000 0.041115220600
933.840000000 6.400000000 0.035030495400
929.590000000 7.400000000 0.028270119800
935.090000000 9.000000000 -0.011162308000
918.840000000 9.000000000 0.032658606800
931.090000000 5.600000000 0.000652507900
919.090000000 9.000000000 0.031939312800
929.840000000 7.400000000 0.038939550500
935.840000000 7.600000000 -0.028113804800
932.590000000 8.800000000 -0.008897956500
917.340000000 8.000000000 0.026530422300
936.090000000 6.200000000 -0.029736930500
933.090000000 9.200000000 -0.033790081700
924.590000000 9.600000000 0.027189070400
935.590000000 6.200000000 0.016015429000
925.590000000 10.000000000 0.032808594400
918.590000000 8.400000000 0.028344819300
927.840000000 9.200000000 -0.037545539400
934.090000000 10.000000000 -0.010360824900
930.090000000 7.400000000 0.047454044200
933.090000000 9.800000000 -0.028848482300
918.840000000 9.800000000 0.017153488500
917.340000000 8.200000000 0.029811630000
931.340000000 5.600000000 -0.019336387500
920.840000000 5.600000000 0.015072424000
925.840000000 10.000000000 0.018432380600
922.590000000 9.800000000 0.031295869500
931.090000000 7.400000000 0.038918133800
925.340000000 10.000000000 0.043946668500
936.090000000 6.400000000 -0.031141931200
931.340000000 7.400000000 0.024461988400
933.090000000 6.400000000 0.044433642200
932.340000000 7.000000000 0.001651920100
921.090000000 5.800000000 0.013854594900
917.340000000 6.400000000 0.010583197700
917.340000000 9.000000000 0.008634918400
924.340000000 9.800000000 0.038005877300
930.090000000 9.000000000 -0.025429831800
926.340000000 5.600000000 -0.023276468700
935.840000000 8.800000000 -0.001924011600
918.090000000 8.600000000 0.016547029800
925.090000000 10.000000000 0.049662139300
931.840000000 5.600000000 0.018590763200
929.590000000 9.000000000 0.048979964100
930.840000000 7.400000000 0.049151953300
921.590000000 10.000000000 -0.011704118000
932.090000000 9.000000000 -0.026702752300
929.340000000 6.600000000 -0.004079643600
924.840000000 10.000000000 0.048916474000
930.840000000 5.600000000 0.012248963100
932.590000000 7.000000000 -0.014224490200
930.340000000 7.400000000 0.052809979800
919.340000000 9.000000000 0.032939583100
933.590000000 7.600000000 0.024782991000
922.090000000 5.600000000 0.055103946500
921.340000000 5.800000000 0.002073902900
935.340000000 6.200000000 0.013680559600
930.590000000 7.400000000 0.053737729800
935.090000000 8.800000000 0.012371205700
919.090000000 9.600000000 -0.004156146700
936.090000000 8.600000000 0.006298848900
934.090000000 6.400000000 0.031038554400
934.840000000 8.800000000 0.007435845700
934.590000000 8.200000000 -0.002632513200
927.590000000 5.800000000 -0.057011496300
934.590000000 8.800000000 0.019953826400
923.840000000 9.600000000 0.009911892900
935.340000000 7.800000000 -0.038579791800
928.840000000 6.200000000 -0.015200062700
932.840000000 9.200000000 -0.043741703000
924.590000000 10.000000000 0.042868532200
927.840000000 5.800000000 -0.047477733300
931.590000000 7.400000000 0.008492924300
927.340000000 5.800000000 -0.061153005800
929.340000000 7.200000000 -0.027047323100
936.090000000 6.600000000 -0.030301237500
918.840000000 9.600000000 0.014249966500
932.840000000 9.600000000 -0.037747729600
934.840000000 8.400000000 -0.010562861300
926.840000000 9.800000000 -0.039883811000
928.090000000 5.800000000 -0.035140495700
927.090000000 9.600000000 -0.016179705000
924.340000000 9.600000000 -0.017747098600
921.590000000 5.800000000 -0.010301159700
932.840000000 6.400000000 0.038813702800
934.840000000 9.000000000 -0.019729953300
935.340000000 8.800000000 0.025359671600
935.340000000 8.000000000 -0.039735999000
936.090000000 6.800000000 -0.025196420000
927.090000000 5.800000000 -0.058896020100
935.840000000 6.400000000 -0.028032532000
927.340000000 9.600000000 -0.029078919400
923.590000000 9.800000000 0.035531133400
924.090000000 9.600000000 -0.002630686600
923.340000000 9.800000000 0.022224357400
921.840000000 5.600000000 0.049920607400
921.340000000 5.600000000 0.022397384000
932.340000000 6.400000000 0.030047839500
921.590000000 5.600000000 0.037671584600
917.340000000 9.800000000 0.005033206200
918.340000000 8.400000000 0.019836273000
933.340000000 8.800000000 -0.035417668500
926.090000000 10.000000000 0.002957033500
932.090000000 7.000000000 0.019236818000
924.340000000 10.000000000 0.041537631300
929.590000000 7.000000000 -0.007216914100
932.840000000 9.400000000 -0.025794901000
932.590000000 9.200000000 -0.045046050100
929.590000000 9.600000000 -0.014760858400
932.590000000 9.600000000 -0.042613748500
932.840000000 9.000000000 -0.038994271300
924.090000000 9.800000000 0.034144993900
926.840000000 5.800000000 -0.051267001800
933.090000000 9.000000000 -0.034346368200
933.090000000 8.800000000 -0.045505717400
928.590000000 6.000000000 -0.020949449400
934.340000000 8.800000000 0.032872080800
933.590000000 8.800000000 -0.022443190200
932.090000000 6.400000000 0.036266129500
924.090000000 10.000000000 0.039296690400
918.590000000 9.800000000 0.031921178100
928.090000000 9.200000000 -0.026416150900
930.840000000 6.400000000 0.023015150800
929.840000000 9.600000000 0.001595662200
930.590000000 6.400000000 0.007954709200
923.840000000 9.800000000 0.042623471500
932.590000000 9.000000000 -0.041825372700
928.340000000 5.800000000 -0.027397839400
932.340000000 9.000000000 -0.028108198200
929.340000000 9.400000000 -0.015840873100
926.590000000 9.400000000 -0.017689017600
932.840000000 8.800000000 -0.049958180600
930.840000000 10.000000000 -0.029443310600
931.590000000 5.600000000 -0.034628119300
927.090000000 9.800000000 -0.014120964300
919.340000000 9.600000000 -0.013268787400
926.590000000 5.800000000 -0.040472354700
935.090000000 7.800000000 -0.029687492200
922.840000000 9.800000000 0.017044875800
923.840000000 10.000000000 0.035415142800
932.590000000 6.400000000 0.025408815600
927.590000000 9.600000000 -0.039008867000
927.340000000 9.800000000 -0.028670713300
936.090000000 7.200000000 0.035598862900
936.090000000 7.000000000 -0.017605220900
931.090000000 10.000000000 -0.015288360400
931.840000000 6.400000000 0.043063346300
929.840000000 9.000000000 0.056019675000
918.090000000 8.400000000 -0.041206348700
927.340000000 9.400000000 -0.026020655400
935.090000000 8.600000000 -0.013608017900
935.090000000 8.000000000 -0.029281653500
921.840000000 5.800000000 -0.023513447500
923.090000000 9.800000000 0.005105810700
931.090000000 6.400000000 0.032993804700
929.090000000 9.400000000 -0.029421642400
930.590000000 6.600000000 0.018940892100
921.090000000 5.600000000 0.008069147400
929.340000000 9.600000000 -0.027095217300
917.840000000 8.400000000 -0.046128913800
932.840000000 7.000000000 -0.027115747300
918.590000000 9.600000000 0.031363304700
932.340000000 7.200000000 0.000265151200
932.340000000 9.600000000 -0.044449299600
917.340000000 8.400000000 -0.043042823700
917.840000000 8.600000000 0.004544823400
927.590000000 9.400000000 -0.036104731300
932.340000000 9.200000000 -0.042092680900
931.590000000 6.400000000 0.046757135500
931.340000000 6.400000000 0.043659802500
929.840000000 9.800000000 -0.007389382900
917.590000000 8.400000000 -0.046672616200
931.840000000 6.200000000 -0.012125556400
929.090000000 9.200000000 -0.017255146100
933.340000000 9.000000000 -0.029161764300
928.840000000 9.400000000 -0.031315371400
930.840000000 6.600000000 0.027474233900
935.590000000 8.800000000 0.033948037800
931.840000000 7.400000000 -0.006213787900
930.590000000 5.600000000 0.027313210100
934.090000000 8.800000000 0.043048802800
919.590000000 9.600000000 -0.010861897800
934.340000000 6.400000000 0.023921938600
932.590000000 9.400000000 -0.038779228900
934.840000000 6.200000000 0.007825329900
922.840000000 5.800000000 -0.001144725800
934.590000000 9.000000000 -0.027171809200
932.590000000 7.200000000 -0.017250463400
923.590000000 10.000000000 0.028953906100
917.590000000 9.800000000 -0.008905890400
927.590000000 9.800000000 -0.038817264100
927.090000000 9.400000000 -0.014375531100
928.590000000 9.400000000 -0.039975378700
929.590000000 9.400000000 -0.000371070500
930.590000000 10.000000000 -0.039677754000
935.840000000 8.400000000 -0.029676942200
928.840000000 9.200000000 -0.033683028100
934.840000000 8.000000000 -0.016870500500
934.840000000 7.800000000 -0.019156942100
927.840000000 9.600000000 -0.044403363000
922.590000000 5.800000000 0.007426726200
933.840000000 8.800000000 -0.010110043000
930.090000000 9.800000000 0.009172551300
927.840000000 9.400000000 -0.043169330800
929.590000000 6.800000000 -0.000197535300
930.090000000 9.600000000 0.018801577400
935.090000000 6.200000000 0.016674192600
932.340000000 6.600000000 0.026658099100
932.840000000 9.800000000 -0.022222930600
929.590000000 10.000000000 -0.033679530000
935.840000000 6.600000000 -0.025484150300
928.840000000 9.600000000 -0.028595237100
933.840000000 7.600000000 0.013554163300
922.340000000 5.800000000 0.019628729700
928.590000000 9.600000000 -0.035746891100
930.340000000 6.600000000 0.001336547800
929.090000000 9.600000000 -0.020576583200
930.340000000 6.400000000 -0.007441392600
928.340000000 9.600000000 -0.041591137600
929.590000000 9.800000000 -0.020601844400
932.340000000 9.400000000 -0.043391030300
928.090000000 9.600000000 -0.044945098500
928.340000000 9.400000000 -0.045075826300
930.340000000 5.800000000 0.049987506100
917.340000000 6.000000000 0.043273601700
928.090000000 9.400000000 -0.046221151900
918.090000000 9.200000000 0.030461430500
917.840000000 9.200000000 0.023716792500
929.840000000 10.000000000 -0.041403196800
933.840000000 10.000000000 -0.017626637600
932.090000000 6.600000000 0.031076403300
931.840000000 9.200000000 -0.036551773500
928.590000000 9.800000000 -0.032367557300
932.090000000 9.600000000 -0.042962417000
931.840000000 7.000000000 0.035811133700
931.090000000 6.600000000 0.039797022900
918.840000000 9.200000000 0.041079234300
922.090000000 5.800000000 -0.035989467100
918.340000000 9.200000000 0.037046272300
929.590000000 7.200000000 -0.016004845500
929.340000000 9.200000000 -0.000682718900
918.590000000 9.200000000 0.041267477000
932.090000000 7.200000000 0.018783016100
928.590000000 5.800000000 -0.017347116000
933.340000000 10.000000000 -0.029766839000
932.090000000 9.400000000 -0.044526025700
919.090000000 9.200000000 0.036586448600
928.840000000 9.800000000 -0.022235209100
933.590000000 10.000000000 -0.034847542600
932.090000000 9.200000000 -0.036796588500
932.590000000 6.600000000 0.019136698900
935.590000000 6.400000000 -0.025850154500
930.340000000 10.000000000 -0.044814884700
927.840000000 9.800000000 -0.043302360900
928.590000000 9.200000000 -0.045602589800
918.340000000 9.800000000 0.041642814900
918.340000000 9.600000000 0.043205171800
926.340000000 10.000000000 -0.011755797100
931.590000000 9.200000000 -0.036963138700
930.590000000 6.000000000 0.042928945300
930.090000000 10.000000000 -0.045138154200
929.340000000 10.000000000 -0.021888282200
929.090000000 6.200000000 -0.010985244100
935.840000000 8.600000000 -0.008777998400
917.590000000 9.200000000 0.017282014700
932.590000000 9.800000000 -0.042573947500
934.340000000 9.000000000 -0.033860120900
917.840000000 9.800000000 -0.016597209500
930.340000000 9.800000000 0.026620710300
928.840000000 10.000000000 -0.021159002600
932.090000000 7.400000000 0.034507375200
931.340000000 10.000000000 0.000191089300
917.340000000 9.600000000 0.025254821400
932.340000000 7.400000000 0.039811894300
928.340000000 9.200000000 -0.020812425800
928.340000000 9.800000000 -0.039113868000
923.340000000 10.000000000 0.019368771500
931.840000000 6.600000000 0.039116852000
931.840000000 9.400000000 -0.042245119800
934.340000000 7.800000000 -0.001932718700
931.590000000 10.000000000 -0.025571176800
931.090000000 9.200000000 -0.036233309700
935.590000000 8.200000000 -0.038230259000
929.340000000 6.400000000 -0.000426112100
931.340000000 6.600000000 0.045773018200
935.840000000 7.000000000 0.028330395000
928.090000000 9.800000000 -0.042652148800
928.590000000 10.000000000 -0.033669404700
931.840000000 9.600000000 -0.038884222500
932.590000000 7.400000000 0.041477661600
935.840000000 7.200000000 0.032839607400
931.590000000 6.200000000 -0.012510448700
929.090000000 10.000000000 -0.006600459100
934.590000000 7.800000000 -0.010092780900
917.590000000 9.600000000 0.035976350300
934.590000000 8.000000000 -0.006397200300
931.340000000 6.200000000 0.004779551600
933.590000000 9.000000000 -0.024349937200
919.340000000 9.200000000 0.030081326100
935.590000000 7.600000000 -0.032601147900
930.840000000 9.200000000 -0.031324017800
934.090000000 9.000000000 -0.039241954700
927.090000000 10.000000000 -0.014126069800
928.340000000 5.600000000 -0.029872680100
932.840000000 7.400000000 0.039792764900
918.090000000 9.600000000 0.047556478500
931.590000000 6.600000000 0.044957708600
930.340000000 9.600000000 0.033290237200
917.590000000 8.600000000 0.008371911900
926.840000000 9.400000000 -0.002401707700
932.340000000 9.800000000 -0.039062913500
932.840000000 7.200000000 -0.030653893900
929.090000000 9.800000000 -0.009452238700
928.590000000 5.600000000 -0.014595481600
931.340000000 9.200000000 -0.037956785400
935.090000000 8.400000000 -0.022107435400
933.840000000 9.000000000 -0.042002607100
917.340000000 9.400000000 0.034963063900
921.840000000 10.000000000 0.028938086700
917.840000000 9.600000000 0.044498041300
927.340000000 10.000000000 -0.025693155800
933.090000000 10.000000000 -0.024305807400
931.590000000 9.600000000 -0.028885928900
929.840000000 9.400000000 0.014145907900
933.090000000 7.000000000 -0.036545403300
928.090000000 5.600000000 -0.043528385500
933.090000000 7.400000000 0.034614533200
930.090000000 6.400000000 -0.017910754300
927.090000000 5.600000000 -0.040599998100
929.340000000 9.800000000 -0.029361650300
917.340000000 6.200000000 0.000286235900
931.340000000 9.600000000 -0.038795173200
931.590000000 9.400000000 -0.037122085700
926.840000000 10.000000000 -0.001079676800
930.090000000 6.600000000 -0.015731152100
927.340000000 5.600000000 -0.049340859100
930.590000000 9.800000000 0.041093055200
934.840000000 8.200000000 -0.016096606900
926.590000000 5.600000000 -0.019522737700
929.840000000 7.000000000 0.001784527800
927.590000000 5.600000000 -0.055311624000
926.840000000 5.600000000 -0.032192319600
927.840000000 5.600000000 -0.054715126800
928.340000000 10.000000000 -0.041719686200
931.340000000 9.400000000 -0.036500696100
934.590000000 6.400000000 0.016818553200
931.590000000 7.000000000 0.047573417400
917.340000000 9.200000000 0.009938153400
918.090000000 9.800000000 0.045179348400
931.840000000 7.200000000 0.034783553300
930.340000000 5.600000000 0.038606409000
931.090000000 9.400000000 -0.035314966000
935.840000000 6.800000000 -0.020495832000
927.590000000 10.000000000 -0.033655636000
930.590000000 9.200000000 -0.028017994000
929.840000000 7.200000000 -0.004372694500
931.090000000 9.600000000 -0.037441674600
932.090000000 9.800000000 -0.033441614400
935.840000000 7.400000000 -0.008398666000
928.840000000 6.000000000 -0.007086908900
919.340000000 9.400000000 -0.012383906200
931.840000000 10.000000000 -0.015701469000
917.590000000 9.400000000 0.037818394600
917.340000000 8.600000000 0.006129304900
935.340000000 8.600000000 -0.022985898000
931.090000000 6.200000000 0.023692714100
933.340000000 7.400000000 0.026182377700
932.590000000 6.800000000 -0.007106498800
930.840000000 6.200000000 0.011539918400
932.340000000 6.800000000 0.004327934200
928.090000000 10.000000000 -0.044169578700
935.590000000 6.600000000 -0.019251599900
927.840000000 10.000000000 -0.041505068500
930.840000000 9.400000000 -0.022150317200
930.590000000 6.200000000 -0.003842229000
929.590000000 9.200000000 0.012199394400
923.090000000 10.000000000 0.007277319200
928.840000000 5.600000000 -0.000573592100
922.090000000 10.000000000 0.028481081100
932.840000000 6.600000000 0.012295793700
930.590000000 9.600000000 0.042267981900
930.840000000 9.800000000 0.048280946900
917.840000000 9.400000000 0.038468536000
930.090000000 7.200000000 0.040766395600
935.340000000 8.200000000 -0.037422109400
929.590000000 6.600000000 0.004585486800
931.340000000 7.000000000 0.051401108500
926.590000000 10.000000000 0.011679329000
930.340000000 6.200000000 -0.014921284300
930.340000000 7.200000000 0.044927965800
928.840000000 5.800000000 -0.005379812300
932.090000000 6.800000000 0.017298558700
918.840000000 9.400000000 0.011615164600
935.590000000 8.400000000 -0.036118879900
935.590000000 7.000000000 0.022116823100
934.090000000 7.600000000 0.004033955300
918.590000000 9.400000000 0.025244083300
935.340000000 7.600000000 -0.033040791700
930.590000000 7.200000000 0.045188617000
932.840000000 6.800000000 -0.017065130200
930.840000000 9.600000000 -0.033194474900
918.090000000 9.400000000 0.035508163300
930.840000000 7.200000000 0.040123771900
930.090000000 5.800000000 0.044403981400
931.090000000 7.200000000 0.030199879800
929.340000000 6.200000000 -0.004180817400
931.840000000 9.800000000 -0.027392717100
935.590000000 7.200000000 0.025777576500
935.090000000 8.200000000 -0.028712391900
932.840000000 10.000000000 -0.022485006600
935.340000000 6.400000000 -0.023660181100
918.340000000 9.400000000 0.035546738700
933.340000000 7.000000000 -0.042011268400
931.340000000 7.200000000 0.017619110600
934.840000000 7.600000000 -0.025025796100
931.090000000 7.000000000 0.046850416800
919.090000000 9.400000000 0.037679195400
933.090000000 7.200000000 -0.037990260900
935.090000000 7.600000000 -0.030154086600
931.590000000 7.200000000 0.045014053600
929.840000000 6.400000000 -0.033373385700
929.090000000 6.000000000 -0.008078173700
922.590000000 10.000000000 -0.005479450300
931.090000000 9.800000000 0.045425880700
935.590000000 8.600000000 0.032098919200
933.590000000 7.400000000 0.015958068900
934.590000000 7.600000000 -0.018565712500
934.340000000 7.600000000 -0.013585388700
931.590000000 9.800000000 -0.034164648500
930.840000000 7.000000000 0.036596026300
922.840000000 10.000000000 0.013283328200
930.340000000 9.200000000 -0.026533460200
932.590000000 10.000000000 -0.036630038200
930.590000000 9.400000000 -0.012435346800
930.090000000 6.200000000 -0.023555073900
930.090000000 9.400000000 0.024856725700
931.840000000 6.800000000 0.029967542700
930.590000000 7.000000000 0.028606841300
931.340000000 9.800000000 0.033335451000
929.840000000 6.600000000 -0.029778385500
932.340000000 10.000000000 -0.028827033900
922.340000000 10.000000000 0.028010267800
930.090000000 5.600000000 0.044453892900
930.340000000 6.000000000 0.043248996100
935.590000000 7.400000000 0.026164466500
933.590000000 7.000000000 -0.042447757000
930.090000000 6.800000000 -0.011193730900
932.090000000 10.000000000 -0.005375741500
930.340000000 6.800000000 0.006742642300
930.090000000 7.000000000 0.013012454800
933.840000000 7.000000000 -0.036926649500
933.090000000 6.800000000 -0.026285706100
929.840000000 6.800000000 0.006038858100
934.840000000 6.400000000 0.010207973400
934.090000000 7.000000000 -0.026425922300
930.340000000 7.000000000 0.018890475900
935.590000000 6.800000000 0.020205624400
935.340000000 8.400000000 -0.027193728800
930.590000000 6.800000000 0.017528718300
931.590000000 6.800000000 0.039542533500
929.840000000 6.200000000 -0.029930645600
929.840000000 5.800000000 0.033056020700
929.840000000 5.600000000 0.006352173200
930.840000000 6.800000000 0.042549964000
934.340000000 7.000000000 -0.014512435500
929.590000000 6.400000000 0.003402259000
935.340000000 7.000000000 0.014871024500
933.840000000 7.400000000 0.010314014700
929.090000000 5.600000000 0.011329224300
933.340000000 7.200000000 -0.039016202100
934.340000000 7.400000000 -0.018138187000
931.090000000 6.800000000 0.044101972100
935.340000000 7.200000000 0.015050528600
931.340000000 6.800000000 0.041714042400
929.590000000 5.800000000 0.020354207600
929.340000000 6.000000000 -0.002243081600
934.090000000 7.400000000 -0.009628392800
929.590000000 6.200000000 -0.034706283400
935.340000000 6.600000000 -0.019932726400
933.340000000 6.800000000 -0.034469127700
929.590000000 5.600000000 0.036196816700
929.340000000 5.600000000 0.024340303600
935.340000000 7.400000000 0.021275298700
935.090000000 6.400000000 -0.026614671600
929.340000000 5.800000000 0.009834961000
929.840000000 9.200000000 0.019202237900
934.590000000 7.400000000 -0.027585452400
933.840000000 7.200000000 -0.028964754200
933.590000000 7.200000000 -0.035209246000
930.090000000 9.200000000 -0.016776640000
933.590000000 6.600000000 0.030677327900
934.090000000 7.200000000 -0.022424273200
933.840000000 6.600000000 0.025992181200
933.340000000 6.600000000 0.032918401100
930.090000000 6.000000000 -0.019270664100
930.340000000 9.400000000 -0.007525236800
934.590000000 7.000000000 -0.005419709300
929.090000000 5.800000000 0.003369032600
933.090000000 6.600000000 0.009274250800
935.340000000 6.800000000 0.016155207500
934.590000000 6.600000000 0.024637086300
929.840000000 6.000000000 -0.027844503500
934.090000000 6.600000000 0.020769529000
933.590000000 6.800000000 -0.039551422000
934.340000000 6.600000000 0.031384978400
934.840000000 6.600000000 0.016414940400
934.090000000 6.800000000 -0.030983837300
934.340000000 6.800000000 -0.018769495200
933.840000000 6.800000000 -0.038743242600
929.590000000 6.000000000 -0.035160712900
934.840000000 7.400000000 -0.029737256500
934.340000000 7.200000000 -0.016640823300
934.590000000 6.800000000 -0.007206940600
935.090000000 7.400000000 0.008038526400
935.090000000 7.000000000 0.006526482800
935.090000000 7.200000000 0.003452775100
935.090000000 6.600000000 0.007842661800
934.840000000 6.800000000 -0.000552838200
935.090000000 6.800000000 0.010134608500
934.840000000 7.000000000 -0.001119391200
934.590000000 7.200000000 -0.011646938500
934.840000000 7.200000000 -0.027605658400
