917.170000000 8.000000000 -0.082204483400
916.920000000 8.000000000 -0.089490398800
916.670000000 8.000000000 -0.098057791600
917.170000000 8.200000000 -0.082429304700
916.920000000 8.200000000 -0.089979365500
916.420000000 8.000000000 -0.102263934900
917.420000000 8.000000000 -0.073758080600
916.670000000 8.200000000 -0.098409332300
916.170000000 8.000000000 -0.099621243800
916.420000000 8.200000000 -0.101097062200
917.420000000 8.200000000 -0.072584003200
916.170000000 8.200000000 -0.097416527600
916.920000000 7.800000000 -0.086663663400
915.920000000 8.000000000 -0.088841259500
917.170000000 7.800000000 -0.080181688100
915.920000000 8.200000000 -0.086954586200
915.670000000 8.200000000 -0.069974698100
916.670000000 7.800000000 -0.093304634100
915.670000000 8.000000000 -0.070467822300
917.420000000 7.800000000 -0.073607534200
917.670000000 8.000000000 -0.064374826800
917.170000000 8.400000000 -0.079019561400
915.420000000 8.200000000 -0.047122083600
916.920000000 8.400000000 -0.085663944500
915.420000000 8.000000000 -0.046564925500
916.420000000 7.800000000 -0.096293374900
917.670000000 8.200000000 -0.061393816000
917.420000000 8.400000000 -0.069959603300
916.670000000 8.400000000 -0.089763581800
917.670000000 7.800000000 -0.065867021700
915.170000000 8.200000000 -0.019937546900
915.170000000 8.000000000 -0.019777895900
916.170000000 7.800000000 -0.093176625700
916.420000000 8.400000000 -0.093362018500
915.920000000 7.800000000 -0.082454137500
917.920000000 8.000000000 -0.056701391900
916.170000000 8.400000000 -0.088839374500
916.920000000 7.600000000 -0.082955576500
917.170000000 7.600000000 -0.076730072500
917.670000000 8.400000000 -0.059320427500
917.920000000 8.200000000 -0.053114149700
915.920000000 8.400000000 -0.078660018700
914.920000000 8.200000000 0.008601971000
921.920000000 8.000000000 0.029358269600
921.670000000 8.000000000 0.048922624400
915.670000000 7.800000000 -0.064631871900
914.920000000 8.000000000 0.007072444500
916.670000000 7.600000000 -0.085957177000
915.670000000 8.400000000 -0.062681257700
920.420000000 8.200000000 0.071820795500
920.170000000 8.200000000 0.062380336200
921.420000000 8.000000000 0.064152471700
920.670000000 8.200000000 0.076938346000
917.420000000 7.600000000 -0.068100519500
917.920000000 7.800000000 -0.056085463600
920.920000000 8.200000000 0.077277280400
922.170000000 8.000000000 0.007298129100
917.170000000 8.600000000 -0.071846984300
921.170000000 8.200000000 0.072544388500
921.420000000 8.200000000 0.062871582800
921.670000000 8.200000000 0.048752874100
921.170000000 8.000000000 0.073804110300
919.920000000 8.200000000 0.049353946000
920.920000000 8.000000000 0.077054657000
920.670000000 8.000000000 0.074317827800
920.420000000 8.000000000 0.067517101800
915.420000000 8.400000000 -0.041639749000
917.420000000 8.600000000 -0.065621592100
916.920000000 8.600000000 -0.076980844100
915.420000000 7.800000000 -0.042241945900
921.920000000 8.200000000 0.030743312100
918.170000000 8.000000000 -0.044888716200
920.170000000 8.000000000 0.058684233600
916.420000000 7.600000000 -0.085102431500
918.170000000 8.200000000 -0.041560616300
920.170000000 8.400000000 0.063155293500
917.670000000 7.600000000 -0.063966363700
917.920000000 8.400000000 -0.052442967900
920.420000000 8.400000000 0.071942180400
919.920000000 8.400000000 0.048427995300
922.420000000 8.000000000 -0.014553806700
919.670000000 8.200000000 0.033871099400
919.920000000 8.000000000 0.048561289900
920.670000000 8.400000000 0.074392147400
916.670000000 8.600000000 -0.080863773800
914.670000000 8.200000000 0.034323506100
915.170000000 8.400000000 -0.017294615500
922.170000000 8.200000000 0.009812463100
921.920000000 7.800000000 0.027416776900
917.670000000 8.600000000 -0.058143954700
914.670000000 8.000000000 0.031033633300
920.920000000 8.400000000 0.071765616500
915.170000000 7.800000000 -0.018798386700
916.170000000 7.600000000 -0.079660609400
922.170000000 7.800000000 0.007061471700
919.670000000 8.400000000 0.030268210900
921.670000000 7.800000000 0.045696117000
921.170000000 8.400000000 0.065652996300
918.170000000 7.800000000 -0.049681183000
921.420000000 7.800000000 0.059467334300
917.920000000 7.600000000 -0.055489271900
916.420000000 8.600000000 -0.082316122900
918.420000000 8.000000000 -0.033120688100
918.420000000 8.200000000 -0.031961351600
921.420000000 8.400000000 0.056931264700
919.670000000 8.000000000 0.036926850700
918.170000000 8.400000000 -0.042312558700
921.170000000 7.800000000 0.067440792900
922.420000000 7.800000000 -0.012811500600
915.920000000 7.600000000 -0.069106295700
919.420000000 8.200000000 0.017365166900
920.920000000 7.800000000 0.074261315200
920.670000000 7.800000000 0.072273001100
920.420000000 7.800000000 0.061498146500
919.420000000 8.400000000 0.012118838700
916.920000000 7.400000000 -0.075830623500
917.170000000 7.400000000 -0.071121305200
922.670000000 8.000000000 -0.033266834900
916.170000000 8.600000000 -0.079369843000
914.920000000 8.400000000 0.004616036100
921.670000000 8.400000000 0.046492859700
922.420000000 8.200000000 -0.011826549700
920.170000000 7.800000000 0.054395861900
914.920000000 7.800000000 0.002928571800
917.920000000 8.600000000 -0.053388282700
917.420000000 7.400000000 -0.063340857600
915.920000000 8.600000000 -0.070378467400
916.670000000 7.400000000 -0.076189234900
917.170000000 8.800000000 -0.062933787700
917.420000000 8.800000000 -0.059822343300
914.420000000 8.200000000 0.052970260400
918.670000000 8.200000000 -0.022847259400
915.670000000 7.600000000 -0.054005540900
918.420000000 7.800000000 -0.035212680700
919.420000000 8.000000000 0.023584431000
921.920000000 8.400000000 0.029199253800
915.670000000 8.600000000 -0.055318106000
918.670000000 8.000000000 -0.020440831800
919.170000000 8.200000000 0.001538650000
918.420000000 8.400000000 -0.033258400900
919.920000000 7.800000000 0.041685786100
920.170000000 8.600000000 0.057913269800
914.420000000 8.000000000 0.049326472000
919.920000000 8.600000000 0.044319279500
918.170000000 7.600000000 -0.044728789500
919.170000000 8.400000000 -0.003379074600
922.670000000 7.800000000 -0.030157776500
916.920000000 8.800000000 -0.066429935400
917.670000000 7.400000000 -0.054097686000
920.420000000 8.600000000 0.065609715900
916.420000000 7.400000000 -0.071991294600
919.670000000 8.600000000 0.027446545700
918.920000000 8.200000000 -0.012046807400
920.670000000 8.600000000 0.066887542600
917.670000000 8.800000000 -0.056454204000
915.420000000 8.600000000 -0.036165352900
922.670000000 8.200000000 -0.027377022400
914.670000000 8.400000000 0.024602584500
919.170000000 8.000000000 0.008859228300
920.920000000 8.600000000 0.066051781200
918.920000000 8.000000000 -0.006248169100
922.920000000 8.000000000 -0.035599466400
922.170000000 8.400000000 0.009351895200
918.670000000 8.400000000 -0.024759331700
919.420000000 8.600000000 0.010555672500
918.920000000 8.400000000 -0.015365156300
918.170000000 8.600000000 -0.046024832900
919.670000000 7.800000000 0.030971089400
921.170000000 8.600000000 0.062175676200
918.670000000 7.800000000 -0.018102582500
915.420000000 7.600000000 -0.036313645500
916.670000000 8.800000000 -0.069589272100
914.670000000 7.800000000 0.021664619400
916.170000000 7.400000000 -0.064057312900
923.920000000 7.800000000 -0.062560170900
924.170000000 7.800000000 -0.061970364300
921.420000000 8.600000000 0.054276704800
921.920000000 7.600000000 0.025131087800
923.670000000 7.800000000 -0.056148231000
921.670000000 7.600000000 0.040609773200
923.920000000 8.000000000 -0.059273649000
924.170000000 8.000000000 -0.059076573700
913.170000000 8.200000000 0.046776153100
917.920000000 7.400000000 -0.044648435000
914.170000000 8.200000000 0.062008172300
924.420000000 7.800000000 -0.054716143800
923.670000000 8.000000000 -0.054246246800
923.420000000 7.800000000 -0.044867012600
921.420000000 7.600000000 0.052019994700
919.170000000 8.600000000 -0.004166211900
920.670000000 7.600000000 0.061547868000
922.920000000 7.800000000 -0.043437555400
923.420000000 8.000000000 -0.045422360300
915.170000000 8.600000000 -0.016253151000
920.920000000 7.600000000 0.061937227800
919.420000000 7.800000000 0.028508268300
921.170000000 7.600000000 0.058941125900
923.170000000 8.000000000 -0.044986814300
914.170000000 8.000000000 0.059817813300
924.420000000 8.000000000 -0.053422652200
918.920000000 7.800000000 -0.000419452600
922.170000000 7.600000000 0.007502081800
913.170000000 8.000000000 0.046803340300
920.420000000 7.600000000 0.057909883600
918.420000000 7.600000000 -0.031140321900
921.670000000 8.600000000 0.042644862100
922.920000000 8.200000000 -0.037938091900
913.420000000 8.200000000 0.048227705100
913.420000000 8.000000000 0.049573004200
924.670000000 7.800000000 -0.043256968300
917.920000000 8.800000000 -0.051848180600
919.170000000 7.800000000 0.015540215200
923.170000000 7.800000000 -0.031882844900
912.920000000 8.200000000 0.042556889400
922.420000000 8.400000000 -0.009989606200
913.170000000 8.400000000 0.048041917400
912.920000000 8.000000000 0.045082960300
916.420000000 8.800000000 -0.070240855200
913.670000000 8.200000000 0.055970631500
918.420000000 8.600000000 -0.037336662400
924.170000000 7.600000000 -0.058564741200
913.920000000 8.200000000 0.061945963700
924.420000000 7.600000000 -0.053033601500
912.420000000 8.000000000 0.059504110400
913.670000000 8.000000000 0.057251054800
915.920000000 7.400000000 -0.053595695600
914.420000000 8.400000000 0.039084930000
923.920000000 7.600000000 -0.058840066200
920.170000000 7.600000000 0.051318872700
912.920000000 8.400000000 0.048542674600
912.420000000 8.200000000 0.053154759100
918.920000000 8.600000000 -0.016542153400
912.170000000 8.000000000 0.060258105400
913.920000000 8.000000000 0.061888366900
924.670000000 7.600000000 -0.044162597500
912.420000000 7.800000000 0.064234420700
912.170000000 7.800000000 0.064880311500
912.670000000 7.800000000 0.058306068200
912.670000000 8.000000000 0.052331272500
922.420000000 7.600000000 -0.007710059200
923.670000000 7.600000000 -0.053379394100
924.670000000 8.000000000 -0.043425168800
912.920000000 7.800000000 0.050858628000
913.420000000 8.400000000 0.051875345400
912.670000000 8.200000000 0.047580365100
915.170000000 7.600000000 -0.018715294100
918.670000000 8.600000000 -0.027450993700
912.670000000 8.400000000 0.045748781400
913.170000000 7.800000000 0.049286574100
924.170000000 8.200000000 -0.050688315200
921.920000000 8.600000000 0.027864798900
912.420000000 8.400000000 0.047228280500
923.920000000 8.200000000 -0.050688471600
912.170000000 8.200000000 0.052745401900
912.670000000 7.600000000 0.062531262600
912.920000000 8.600000000 0.049956500500
924.920000000 7.800000000 -0.030973253800
917.170000000 9.000000000 -0.054587841000
917.420000000 9.000000000 -0.054034613100
914.420000000 7.800000000 0.036939222400
916.170000000 8.800000000 -0.066018141800
923.420000000 7.600000000 -0.043172102400
919.920000000 7.600000000 0.042858272800
914.920000000 8.600000000 0.001397430100
918.670000000 7.600000000 -0.017570447200
923.670000000 8.200000000 -0.048824492800
911.920000000 7.800000000 0.058472085700
924.920000000 7.600000000 -0.034314375400
923.170000000 8.200000000 -0.044773269400
917.170000000 7.200000000 -0.060828585200
924.420000000 8.200000000 -0.048527848000
916.920000000 7.200000000 -0.063513226800
912.670000000 8.600000000 0.046546470400
912.420000000 7.600000000 0.065537788000
918.170000000 7.400000000 -0.035608161200
912.920000000 7.600000000 0.057795759300
923.420000000 8.200000000 -0.044478971500
913.420000000 7.800000000 0.051884327100
916.670000000 7.200000000 -0.062824875100
913.170000000 8.600000000 0.052032288200
911.920000000 8.000000000 0.055759199000
922.670000000 7.600000000 -0.023435331900
912.420000000 8.600000000 0.042874816800
917.420000000 7.200000000 -0.055670499800
918.170000000 8.800000000 -0.049539379800
912.170000000 7.600000000 0.064785301700
922.670000000 8.400000000 -0.025877142300
924.420000000 7.400000000 -0.050544358800
924.670000000 7.400000000 -0.045661605900
912.170000000 8.400000000 0.044735521100
923.170000000 7.600000000 -0.037659864900
916.920000000 9.000000000 -0.055966779600
913.670000000 8.400000000 0.053481742700
917.670000000 9.000000000 -0.053913250600
924.170000000 7.400000000 -0.051908027400
914.170000000 8.400000000 0.048044521400
915.670000000 7.400000000 -0.041785206600
913.170000000 7.600000000 0.052870634900
924.920000000 8.000000000 -0.031234845500
915.920000000 8.800000000 -0.056116376100
916.420000000 7.200000000 -0.058353882300
920.420000000 8.800000000 0.050643585600
919.670000000 7.600000000 0.033727426100
918.920000000 7.600000000 0.002297723200
920.670000000 8.800000000 0.055288072700
911.920000000 7.600000000 0.057414263500
924.920000000 7.400000000 -0.037926219400
920.170000000 8.800000000 0.044300183700
911.670000000 7.800000000 0.046614456900
923.920000000 7.400000000 -0.050208374900
913.670000000 7.800000000 0.054653249700
912.670000000 8.800000000 0.048992659900
924.670000000 8.200000000 -0.045918129400
912.920000000 8.800000000 0.051627587500
922.920000000 7.600000000 -0.025939879900
920.920000000 8.800000000 0.057093665000
912.670000000 7.400000000 0.064249180300
922.170000000 8.600000000 0.011141068300
919.420000000 8.800000000 0.011159780400
919.670000000 8.800000000 0.024523586000
913.420000000 8.600000000 0.052028924200
911.920000000 8.200000000 0.049818381700
917.670000000 7.200000000 -0.048968184700
913.920000000 8.400000000 0.052457623200
912.920000000 7.400000000 0.062218111000
919.920000000 8.800000000 0.036499701400
912.170000000 8.600000000 0.038655906900
912.420000000 7.400000000 0.059350445900
914.170000000 7.800000000 0.048037733900
914.920000000 7.600000000 -0.003334505700
919.170000000 7.600000000 0.019229579700
912.420000000 8.800000000 0.041067317100
919.170000000 8.800000000 -0.002699110900
925.170000000 7.600000000 -0.025046946500
923.670000000 7.400000000 -0.046237003100
921.170000000 8.800000000 0.054918889000
925.170000000 7.800000000 -0.020655047100
919.420000000 7.600000000 0.031379506000
911.670000000 7.600000000 0.044792439800
916.670000000 9.000000000 -0.050353921900
918.420000000 8.800000000 -0.041504256400
914.670000000 8.600000000 0.015663916200
913.420000000 7.600000000 0.053753372300
913.920000000 7.800000000 0.053947586600
911.670000000 8.000000000 0.046638514800
916.170000000 7.200000000 -0.050727665400
913.170000000 8.800000000 0.051960963800
912.170000000 7.400000000 0.048149272800
915.670000000 8.800000000 -0.041944589500
913.170000000 7.400000000 0.061728205500
911.920000000 8.400000000 0.044143658100
918.920000000 8.800000000 -0.016779828800
918.420000000 7.400000000 -0.031682647800
917.920000000 9.000000000 -0.052371054900
925.170000000 7.400000000 -0.028755890200
918.670000000 8.800000000 -0.030199013700
913.670000000 8.600000000 0.049084607500
922.920000000 8.400000000 -0.036401003600
921.420000000 8.800000000 0.048455353800
911.420000000 7.800000000 0.032323274800
923.420000000 7.400000000 -0.039989467700
924.670000000 7.200000000 -0.045525554600
924.170000000 8.400000000 -0.040495902300
924.920000000 8.200000000 -0.034872062500
912.170000000 7.200000000 0.037405222700
924.920000000 7.200000000 -0.039240472000
923.920000000 8.400000000 -0.040438063400
912.170000000 8.800000000 0.036324512200
924.420000000 7.200000000 -0.048521220700
911.420000000 7.600000000 0.030304484100
912.420000000 7.200000000 0.052838325500
911.920000000 7.400000000 0.033332921600
924.420000000 8.400000000 -0.041149314500
911.920000000 7.200000000 0.021363163400
913.420000000 7.400000000 0.052760910200
925.170000000 8.000000000 -0.019612215500
913.420000000 8.800000000 0.049464914900
912.670000000 9.000000000 0.050990432500
911.670000000 8.200000000 0.047629669300
923.670000000 8.400000000 -0.041184697300
917.920000000 7.200000000 -0.041684150700
924.170000000 7.200000000 -0.048944268400
911.920000000 8.600000000 0.037936415500
912.670000000 7.200000000 0.063849590700
913.670000000 7.600000000 0.048507764900
915.420000000 7.400000000 -0.029871938800
913.920000000 8.600000000 0.042338505400
925.170000000 7.200000000 -0.030597358900
916.420000000 9.000000000 -0.049074802500
922.420000000 8.600000000 -0.005550423200
915.420000000 8.800000000 -0.026553874800
914.670000000 7.600000000 0.009347842100
921.670000000 8.800000000 0.038362514200
911.420000000 8.000000000 0.034952167400
912.420000000 9.000000000 0.046797994500
912.920000000 9.000000000 0.051265575000
912.920000000 7.200000000 0.067178137600
923.920000000 7.200000000 -0.045293431700
920.670000000 7.400000000 0.046711817400
920.920000000 7.400000000 0.046299688500
915.920000000 7.200000000 -0.041493967200
914.420000000 8.600000000 0.027201594800
923.170000000 7.400000000 -0.031012229600
911.670000000 7.400000000 0.031127970700
921.670000000 7.400000000 0.035876184700
923.420000000 8.400000000 -0.040927562900
921.420000000 7.400000000 0.042063724200
921.170000000 7.400000000 0.045102223800
921.920000000 7.400000000 0.025890879300
923.170000000 8.400000000 -0.041256871100
913.170000000 7.200000000 0.061398163400
914.170000000 8.600000000 0.031613171100
920.420000000 7.400000000 0.046481825400
924.670000000 8.400000000 -0.040291238600
911.670000000 8.400000000 0.044253930400
913.670000000 8.800000000 0.043765019600
918.170000000 9.000000000 -0.050125405200
918.670000000 7.400000000 -0.017222231300
911.170000000 7.800000000 0.018844967700
923.670000000 7.200000000 -0.039139170200
912.170000000 9.000000000 0.036925327000
913.670000000 7.400000000 0.039915725600
922.170000000 7.400000000 0.012675206200
913.170000000 9.000000000 0.048356875800
911.170000000 7.600000000 0.017029944800
925.420000000 7.600000000 -0.016917333000
925.170000000 8.200000000 -0.023222345900
913.920000000 7.600000000 0.040388595300
913.420000000 7.200000000 0.048063490500
911.920000000 8.800000000 0.033268939700
911.670000000 7.200000000 0.008331426400
911.420000000 7.400000000 0.017405111300
925.420000000 7.400000000 -0.019494833400
920.170000000 7.400000000 0.044875692600
914.420000000 7.600000000 0.020284934000
917.170000000 9.200000000 -0.048161078200
917.420000000 9.200000000 -0.049776881900
925.420000000 7.800000000 -0.013405363100
911.420000000 8.200000000 0.042209941900
921.920000000 8.800000000 0.025916321200
925.420000000 7.200000000 -0.020974215100
924.670000000 7.000000000 -0.040479589300
922.920000000 7.400000000 -0.026709353600
924.920000000 7.000000000 -0.035018570700
913.920000000 8.800000000 0.035081915600
918.420000000 9.000000000 -0.042224034700
922.420000000 7.400000000 -0.002168292900
916.170000000 9.000000000 -0.045487567800
924.920000000 8.400000000 -0.035907618700
914.170000000 7.600000000 0.030597800400
918.920000000 7.400000000 0.001840696700
911.170000000 8.000000000 0.022991128300
915.170000000 8.800000000 -0.013005898300
911.670000000 8.600000000 0.039752405100
916.920000000 9.200000000 -0.038222182500
923.420000000 7.200000000 -0.032030839500
924.420000000 7.000000000 -0.044005338100
918.170000000 7.200000000 -0.034504134200
911.920000000 7.000000000 0.021867079700
917.670000000 9.200000000 -0.050575457500
913.420000000 9.000000000 0.042868413000
918.670000000 9.000000000 -0.030455810900
922.670000000 7.400000000 -0.015312885900
913.670000000 7.200000000 0.031064076300
919.920000000 7.400000000 0.041049800800
912.170000000 7.000000000 0.036770854100
925.170000000 7.000000000 -0.028455438100
922.670000000 8.600000000 -0.019851181700
924.170000000 8.600000000 -0.031184338000
918.920000000 9.000000000 -0.016583040400
924.420000000 8.600000000 -0.032706771000
913.920000000 7.400000000 0.026089835900
925.420000000 8.000000000 -0.011073564200
912.420000000 9.200000000 0.046269096400
915.670000000 7.200000000 -0.032395318200
924.170000000 7.000000000 -0.044680960500
916.920000000 7.000000000 -0.047871317700
919.170000000 7.400000000 0.018894773000
916.670000000 7.000000000 -0.046658720800
912.670000000 9.200000000 0.049037847700
915.170000000 7.400000000 -0.019128793900
917.170000000 7.000000000 -0.050290711200
914.170000000 8.800000000 0.024007530900
919.170000000 9.000000000 -0.002806911200
911.420000000 8.400000000 0.042273026000
911.170000000 7.400000000 0.017953343700
911.920000000 9.000000000 0.032456915800
912.420000000 7.000000000 0.050763022200
916.670000000 9.200000000 -0.035037428100
919.670000000 7.400000000 0.034595251100
916.420000000 7.000000000 -0.044379785700
914.920000000 8.800000000 -0.014969220400
923.920000000 8.600000000 -0.031383745400
917.420000000 7.000000000 -0.048086874200
911.670000000 7.000000000 0.009293595300
919.420000000 7.400000000 0.025280701000
917.920000000 9.200000000 -0.049102991800
923.170000000 7.200000000 -0.024755474200
911.170000000 8.200000000 0.034243881700
924.670000000 8.600000000 -0.034511532600
922.170000000 8.800000000 0.012579779100
912.170000000 9.200000000 0.037505175900
913.670000000 9.000000000 0.035131443300
915.920000000 9.000000000 -0.044849075400
923.920000000 7.000000000 -0.041733749200
920.670000000 9.000000000 0.042008988600
910.920000000 7.800000000 0.008381877100
920.920000000 9.000000000 0.044069651500
912.920000000 9.200000000 0.047132987500
925.170000000 8.400000000 -0.027349947000
914.420000000 8.800000000 0.011224877100
912.670000000 7.000000000 0.060070600400
919.420000000 9.000000000 0.009290529400
914.670000000 8.800000000 -0.002226753600
911.670000000 8.800000000 0.034571122400
910.920000000 7.600000000 0.006875632800
923.670000000 8.600000000 0.005665574700
925.420000000 8.200000000 -0.013685911000
925.420000000 7.000000000 -0.021426325700
920.420000000 9.000000000 0.038961570700
923.420000000 8.600000000 0.016351379500
912.920000000 7.000000000 0.061605557800
916.170000000 7.000000000 -0.040635902400
913.920000000 7.200000000 0.014635393400
921.170000000 9.000000000 0.044209618100
911.420000000 7.200000000 0.005716467300
917.670000000 7.000000000 -0.043984897400
925.670000000 7.200000000 -0.011528153900
913.170000000 7.000000000 0.054532855700
914.170000000 7.400000000 0.013834378700
920.170000000 9.000000000 0.035186652100
910.920000000 8.000000000 0.012338094400
923.670000000 7.000000000 -0.035135287800
916.420000000 9.200000000 -0.033204257500
924.920000000 8.600000000 -0.033918377000
911.420000000 8.600000000 0.040044128900
926.920000000 6.400000000 0.041363984300
918.420000000 7.200000000 -0.027249001000
926.670000000 6.400000000 0.042274650200
918.170000000 9.200000000 -0.043768715100
913.170000000 9.200000000 0.041493240700
926.920000000 6.200000000 0.040799912100
919.670000000 9.000000000 0.021991970000
919.920000000 9.000000000 0.029955538000
913.420000000 7.000000000 0.040617249900
922.920000000 8.600000000 -0.029724409800
926.670000000 6.200000000 0.041531238700
913.920000000 9.000000000 0.027126418400
925.670000000 7.400000000 -0.010316679300
923.170000000 8.600000000 0.027080642100
921.670000000 5.800000000 -0.036406882100
926.420000000 6.400000000 0.040837612000
911.920000000 9.200000000 0.029996847700
921.420000000 5.800000000 -0.036138221600
926.420000000 6.200000000 0.039824042500
915.670000000 9.000000000 -0.043220631800
911.170000000 8.400000000 0.037112906600
926.920000000 6.600000000 0.041584499200
926.920000000 6.000000000 0.039136201100
921.420000000 9.000000000 0.041302558000
922.920000000 7.200000000 -0.020283022900
926.670000000 6.600000000 0.042805381100
924.670000000 6.800000000 -0.034093920100
914.920000000 7.400000000 -0.010354549600
926.670000000 6.000000000 0.040569029700
924.420000000 8.800000000 -0.024511778700
924.670000000 8.800000000 -0.027671029800
926.420000000 6.000000000 0.039782259600
925.670000000 7.600000000 -0.009862537500
925.170000000 9.200000000 -0.031105751200
924.920000000 6.800000000 -0.032126080200
910.920000000 8.200000000 0.024314722000
911.420000000 9.000000000 0.023035170500
921.670000000 6.000000000 -0.040170054900
921.920000000 5.800000000 -0.036922756600
926.170000000 6.200000000 0.036320436700
926.170000000 6.000000000 0.036790922300
921.420000000 6.000000000 -0.039724845400
921.920000000 6.000000000 -0.038828026500
910.920000000 7.400000000 0.007736372800
921.170000000 5.800000000 -0.038315743200
926.420000000 6.600000000 0.041500587000
924.420000000 6.800000000 -0.035048760500
923.420000000 7.000000000 -0.029866797800
925.420000000 9.200000000 -0.036730323000
914.170000000 9.000000000 0.015077602100
918.420000000 9.200000000 -0.038687251500
926.170000000 6.400000000 0.040022928300
917.920000000 7.000000000 -0.041560068700
911.170000000 9.000000000 0.032593578100
915.420000000 7.200000000 -0.024657569800
926.170000000 5.800000000 0.038326270900
926.420000000 5.800000000 0.040475245600
922.170000000 6.000000000 -0.034057032300
914.420000000 7.400000000 0.004313264500
913.670000000 7.000000000 0.023503167600
915.920000000 7.000000000 -0.035173926500
925.670000000 8.600000000 -0.018045889200
911.670000000 9.000000000 0.019205555300
911.420000000 8.800000000 0.035401865800
921.170000000 6.000000000 -0.037967529100
923.420000000 8.800000000 0.020946206500
925.920000000 5.800000000 0.031688813100
922.420000000 8.800000000 -0.000305810600
924.920000000 9.000000000 -0.028093949000
925.170000000 9.000000000 -0.033948782800
926.670000000 5.800000000 0.039354838400
925.920000000 6.000000000 0.032225802500
926.920000000 5.800000000 0.036135412800
925.170000000 8.600000000 -0.030621338600
924.920000000 9.200000000 -0.024761475600
924.920000000 8.800000000 -0.031600590800
925.420000000 8.400000000 -0.018876809600
911.170000000 9.200000000 0.032075878200
925.670000000 8.400000000 -0.020763939200
925.920000000 8.600000000 -0.022723777200
913.420000000 9.200000000 0.033765919500
925.420000000 9.000000000 -0.037466291300
925.420000000 8.600000000 -0.015741469300
911.420000000 9.200000000 0.021590367000
925.920000000 6.200000000 0.035293791400
923.670000000 8.800000000 0.010562942400
925.670000000 9.200000000 -0.039756942500
922.670000000 7.200000000 -0.005882434500
925.170000000 6.800000000 -0.028355717700
916.170000000 9.200000000 -0.034739792300
915.420000000 9.000000000 -0.039231557400
925.670000000 7.000000000 -0.014311311800
924.170000000 8.800000000 -0.023494975600
921.170000000 7.200000000 0.032842300800
920.920000000 5.800000000 -0.036592613900
922.170000000 5.800000000 -0.034659422900
925.920000000 8.400000000 -0.021287605200
914.420000000 9.000000000 0.002544822200
911.420000000 7.000000000 0.001235925400
910.670000000 9.200000000 0.040888585200
914.670000000 7.400000000 -0.003124316700
925.920000000 6.400000000 0.034902434800
918.670000000 9.200000000 -0.028044624300
926.170000000 6.600000000 0.039381131500
923.170000000 8.800000000 0.030822729700
924.670000000 9.000000000 -0.022267244800
920.920000000 7.200000000 0.033580046100
910.920000000 9.200000000 0.034573257000
925.670000000 7.800000000 -0.008769896800
921.920000000 6.200000000 -0.038411688100
922.170000000 6.200000000 -0.032928541300
911.170000000 8.800000000 0.035654176000
918.670000000 7.200000000 -0.016802549400
926.920000000 6.800000000 0.041353095300
921.420000000 7.200000000 0.032641228300
925.420000000 8.800000000 -0.016153087800
924.170000000 6.800000000 -0.035418070900
925.670000000 8.800000000 -0.018824987100
925.670000000 9.000000000 -0.037359178100
914.170000000 7.200000000 0.001660658300
921.420000000 6.200000000 -0.035585101700
920.920000000 6.000000000 -0.034777466200
911.170000000 7.200000000 0.007850970100
922.420000000 7.200000000 0.008755699700
921.670000000 9.000000000 0.034838929800
910.670000000 9.000000000 0.041723579200
910.920000000 9.000000000 0.042450860100
921.670000000 6.200000000 -0.040390726200
925.670000000 5.800000000 0.028371768100
921.170000000 6.200000000 -0.033051773900
926.920000000 8.600000000 -0.034329023200
922.420000000 6.000000000 -0.028694221700
912.420000000 9.400000000 0.036801897000
925.170000000 9.400000000 -0.027654357300
910.670000000 9.400000000 0.037871360800
926.670000000 6.800000000 0.042161803700
926.170000000 8.600000000 -0.028828635800
925.170000000 8.800000000 -0.034221321300
921.670000000 7.200000000 0.031798608600
922.170000000 7.200000000 0.020807065100
914.670000000 9.000000000 -0.009885319500
921.920000000 7.200000000 0.028418237300
923.170000000 7.000000000 -0.021724514700
915.170000000 9.000000000 -0.031967259900
925.920000000 9.200000000 -0.039070040000
925.420000000 9.400000000 -0.033653292800
912.170000000 9.400000000 0.037044279300
925.920000000 8.800000000 -0.024154448900
910.420000000 9.200000000 0.043016031400
925.670000000 6.000000000 0.027371713900
914.920000000 9.000000000 -0.021757522600
910.920000000 9.400000000 0.033137571100
926.170000000 8.400000000 -0.028504017700
910.670000000 9.600000000 0.034445915400
920.670000000 7.200000000 0.034961007500
911.170000000 8.600000000 0.041563697200
925.670000000 8.000000000 -0.006714907000
922.420000000 6.200000000 -0.027190165600
911.670000000 9.200000000 0.020551556700
910.920000000 8.400000000 0.028573921000
910.420000000 9.000000000 0.043326251200
910.420000000 9.400000000 0.040177244700
926.420000000 6.800000000 0.040036354200
925.670000000 8.200000000 -0.024565395000
915.920000000 6.000000000 0.033872682600
920.670000000 5.800000000 -0.026982495600
925.920000000 6.600000000 0.033189658100
925.920000000 9.000000000 -0.034088932000
920.420000000 5.800000000 -0.028591522900
925.670000000 6.200000000 0.030097944700
910.420000000 9.600000000 0.037346039000
915.670000000 5.800000000 0.027977960200
922.920000000 8.800000000 0.038961824000
920.920000000 6.200000000 -0.031322874100
912.670000000 9.400000000 0.041527193000
926.420000000 8.600000000 -0.034580696400
915.670000000 6.000000000 0.032012846300
918.170000000 7.000000000 -0.035230260300
915.920000000 6.200000000 0.038205385200
911.170000000 9.400000000 0.033148970500
926.670000000 8.600000000 -0.037825390700
925.670000000 6.400000000 0.029297003500
918.920000000 9.200000000 -0.016523141400
925.920000000 8.200000000 -0.025507671800
917.170000000 9.400000000 -0.043049585100
920.670000000 6.000000000 -0.029365761200
920.170000000 5.800000000 -0.032618522600
925.670000000 9.400000000 -0.038411606100
910.670000000 9.800000000 0.032014928800
910.670000000 8.000000000 0.010217376100
925.420000000 6.800000000 -0.023873776200
910.420000000 9.800000000 0.035867936900
917.420000000 9.400000000 -0.045936595600
926.420000000 8.400000000 -0.033220116000
922.420000000 5.800000000 -0.031272497000
910.920000000 8.800000000 0.041464258000
910.670000000 7.800000000 0.008507859900
913.670000000 9.200000000 0.031555343400
926.920000000 8.400000000 -0.034144341900
924.920000000 9.400000000 -0.022387065000
915.920000000 9.200000000 -0.034449268100
926.170000000 9.200000000 -0.034774109700
915.920000000 5.800000000 0.028335239700
913.920000000 7.000000000 0.007396839600
910.670000000 8.800000000 0.040536504200
919.920000000 5.800000000 -0.036251928700
910.920000000 9.600000000 0.030756535000
916.170000000 6.200000000 0.039520099800
926.920000000 8.800000000 -0.033057350700
926.170000000 8.800000000 -0.030017774600
923.920000000 6.800000000 -0.034562416400
924.670000000 9.200000000 -0.019457096200
916.920000000 9.400000000 -0.028394779200
923.920000000 8.800000000 0.000377747500
924.420000000 9.000000000 -0.018652288200
910.170000000 9.200000000 0.039578914600
926.170000000 6.800000000 0.034947272400
926.670000000 8.400000000 -0.035617120600
921.170000000 6.400000000 -0.032507758600
917.670000000 9.400000000 -0.045403268200
916.170000000 6.000000000 0.036155343100
911.920000000 9.400000000 0.033560007800
915.670000000 6.200000000 0.035444706700
915.420000000 5.800000000 0.030461916700
920.670000000 6.800000000 -0.038478031800
925.920000000 9.400000000 -0.039576884400
922.670000000 8.800000000 0.043954514000
921.420000000 6.400000000 -0.033693984200
910.170000000 9.400000000 0.038829926400
910.420000000 8.800000000 0.040722247200
910.170000000 9.000000000 0.038805916900
910.670000000 8.200000000 0.013544159900
920.920000000 6.400000000 -0.032676864400
925.420000000 5.800000000 0.026203949000
922.920000000 7.000000000 -0.015359242400
920.420000000 7.200000000 0.036162205000
925.920000000 7.200000000 -0.002853030300
911.420000000 9.400000000 0.023453403300
922.670000000 6.000000000 -0.023698644700
918.920000000 7.200000000 -0.002875606100
911.920000000 6.800000000 0.021975707300
910.420000000 10.000000000 0.035317931300
910.170000000 9.600000000 0.038229897600
910.920000000 9.800000000 0.032679680700
919.670000000 5.800000000 -0.034608352900
920.920000000 6.800000000 -0.037957888100
910.170000000 9.800000000 0.038337171100
921.920000000 9.000000000 0.025587011100
921.670000000 6.400000000 -0.035911861800
910.670000000 10.000000000 0.031220264700
921.920000000 6.400000000 -0.034322947300
925.670000000 6.600000000 0.026625925700
915.420000000 6.000000000 0.030464926700
912.920000000 9.400000000 0.038431271900
926.170000000 9.000000000 -0.029276117700
917.920000000 9.400000000 -0.041568115400
910.670000000 7.600000000 0.000390715200
913.920000000 9.200000000 0.023269988600
926.170000000 8.200000000 -0.027294600400
916.670000000 9.400000000 -0.021388029700
915.670000000 7.000000000 -0.028510399200
926.170000000 9.400000000 -0.035986125500
926.420000000 8.800000000 -0.034023739400
920.670000000 6.600000000 -0.035040680300
920.920000000 6.600000000 -0.035293836100
910.920000000 10.000000000 0.029883142600
920.420000000 6.800000000 -0.037733499000
910.920000000 8.600000000 0.040188137400
920.670000000 7.000000000 -0.040946174400
922.670000000 6.200000000 -0.022277511700
916.420000000 6.200000000 0.038797240700
911.170000000 9.600000000 0.032272487900
920.670000000 6.200000000 -0.027410361900
909.920000000 9.200000000 0.021967694200
910.920000000 7.200000000 0.009610726500
909.920000000 9.000000000 0.019929101700
920.420000000 6.000000000 -0.023048097300
926.420000000 9.200000000 -0.027912076600
911.670000000 6.800000000 0.011244159200
910.170000000 10.000000000 0.037987843200
920.920000000 7.000000000 -0.039380319400
926.670000000 8.800000000 -0.034964632200
912.170000000 6.800000000 0.033822994700
922.170000000 6.400000000 -0.030535185700
921.170000000 6.600000000 -0.034346364400
920.420000000 7.000000000 -0.040037527700
915.920000000 6.400000000 0.038704041400
916.170000000 6.400000000 0.038711305700
925.420000000 6.000000000 0.023677062200
922.670000000 7.000000000 -0.000972715500
925.670000000 6.800000000 -0.017695840400
925.920000000 6.800000000 0.030066115800
920.670000000 6.400000000 -0.033384781300
910.170000000 8.800000000 0.035801973200
916.170000000 5.800000000 0.031121389900
919.170000000 9.200000000 -0.005817608000
921.170000000 6.800000000 -0.035967409600
926.920000000 7.000000000 0.039479862900
925.920000000 7.400000000 -0.001847547500
918.170000000 9.400000000 -0.035172220300
914.170000000 9.200000000 0.012786366000
923.670000000 6.800000000 -0.031205192200
926.420000000 9.400000000 -0.028238805000
925.920000000 7.000000000 -0.004272801800
926.420000000 8.200000000 -0.028245912900
919.420000000 5.800000000 -0.038411185100
920.170000000 6.000000000 -0.031841386100
909.920000000 9.400000000 0.033522732600
922.670000000 5.800000000 -0.026646778000
925.420000000 6.200000000 0.024263929600
909.920000000 9.800000000 0.037848860000
915.420000000 6.200000000 0.028781892700
911.170000000 9.800000000 0.028666164700
925.420000000 6.400000000 0.023124983500
909.920000000 9.600000000 0.035872384900
920.420000000 6.600000000 -0.033982381200
916.420000000 6.000000000 0.037516996300
910.670000000 8.600000000 0.039326630500
915.170000000 7.200000000 -0.018900590000
922.420000000 6.400000000 -0.026596125200
925.920000000 8.000000000 -0.029064206400
926.670000000 7.000000000 0.038921136400
920.170000000 7.200000000 0.035861998800
910.670000000 8.400000000 0.017550986300
921.170000000 7.000000000 -0.035542510400
921.420000000 6.600000000 -0.032643880700
915.670000000 6.400000000 0.036578062900
909.420000000 9.800000000 0.031410850600
915.170000000 5.800000000 0.035492993900
918.420000000 7.000000000 -0.027867281800
916.420000000 6.400000000 0.036920517700
920.170000000 7.000000000 -0.036240577700
919.420000000 9.200000000 -0.026742547800
909.670000000 9.200000000 0.008539436400
915.670000000 9.200000000 -0.034998055500
914.420000000 7.200000000 -0.006870263300
909.920000000 10.000000000 0.037947971400
909.420000000 9.600000000 0.029168153200
911.670000000 9.400000000 0.015331633400
909.670000000 9.600000000 0.030295446500
916.670000000 6.200000000 0.035387326000
909.670000000 9.800000000 0.033484466400
912.420000000 6.800000000 0.044026639300
914.420000000 9.200000000 0.000781626000
917.170000000 6.800000000 -0.039396472300
916.920000000 6.800000000 -0.033603280800
909.670000000 9.000000000 0.005265567900
911.170000000 10.000000000 0.025082739100
917.420000000 6.800000000 -0.045788560100
919.170000000 7.200000000 0.010813147800
910.420000000 8.600000000 0.037576727600
919.920000000 6.000000000 -0.033266626300
926.420000000 7.000000000 0.035394806400
920.170000000 6.800000000 -0.035135600700
916.670000000 6.800000000 -0.032025173300
922.420000000 7.000000000 0.012525455100
920.420000000 6.200000000 -0.018548108600
909.170000000 9.800000000 0.028493816000
921.420000000 6.800000000 -0.031870506700
921.670000000 6.600000000 -0.028653496900
926.420000000 9.000000000 -0.026391370200
926.670000000 8.200000000 -0.028457365900
925.420000000 6.600000000 0.023541932900
926.670000000 9.400000000 -0.018135137900
909.920000000 8.800000000 0.017960559600
913.170000000 9.400000000 0.032193493100
926.670000000 9.200000000 -0.019721416800
917.670000000 6.800000000 -0.048073045900
924.920000000 6.600000000 -0.029292674700
916.420000000 9.400000000 -0.024169035300
910.670000000 7.400000000 -0.000042168900
919.170000000 5.800000000 -0.034981224700
918.420000000 9.400000000 -0.027362477000
916.420000000 6.800000000 -0.030264684900
915.170000000 6.000000000 0.028840789600
911.420000000 9.600000000 0.024706540600
924.670000000 6.600000000 -0.029876094300
924.670000000 9.400000000 -0.018355596800
923.170000000 9.000000000 0.031778305800
914.670000000 9.200000000 -0.011885852600
909.420000000 10.000000000 0.032798878800
909.670000000 9.400000000 0.027537317900
926.920000000 8.200000000 -0.027166232500
916.670000000 6.400000000 0.033172532900
921.420000000 7.000000000 -0.029985485600
926.170000000 8.000000000 -0.028511004500
920.420000000 6.400000000 -0.033157933500
909.170000000 9.600000000 0.027486693100
923.420000000 9.000000000 0.023032683900
909.420000000 9.400000000 0.026668017700
912.670000000 6.800000000 0.049818415200
907.670000000 9.200000000 -0.000628966500
922.170000000 9.000000000 0.015164409800
919.920000000 7.200000000 0.032823853200
917.920000000 6.800000000 -0.045249849600
925.170000000 6.600000000 -0.027215374600
909.170000000 10.000000000 0.028903432200
910.170000000 8.600000000 0.031845200800
925.170000000 5.800000000 0.025702275300
919.670000000 9.200000000 -0.020517068000
922.920000000 6.000000000 -0.019569004000
909.670000000 10.000000000 0.034155983500
914.170000000 7.000000000 -0.004479944700
916.670000000 6.000000000 0.036037299800
916.920000000 6.200000000 0.029027393100
922.920000000 9.000000000 0.038169764000
925.420000000 9.600000000 -0.029956869800
926.170000000 7.000000000 0.029358143000
923.420000000 6.800000000 -0.024535872000
919.670000000 6.000000000 -0.036963328700
907.670000000 9.400000000 0.000055868800
921.920000000 6.600000000 -0.027181504300
912.920000000 6.800000000 0.049480680400
925.170000000 9.600000000 -0.025465453000
922.670000000 6.400000000 -0.023043921200
918.920000000 5.800000000 -0.029302170500
915.420000000 6.400000000 0.032095965000
907.920000000 9.200000000 -0.017518937600
919.920000000 7.000000000 -0.029188508200
924.170000000 9.000000000 -0.018007880100
914.920000000 9.200000000 -0.023979768200
920.170000000 6.600000000 -0.031779788400
922.170000000 7.000000000 0.023185461800
916.420000000 5.800000000 0.034055221800
916.170000000 9.400000000 -0.025290980900
925.670000000 9.600000000 -0.033654209200
913.170000000 6.800000000 0.042897179700
921.670000000 6.800000000 -0.023012209700
908.670000000 10.000000000 0.018548622700
915.420000000 9.200000000 -0.039554514000
914.920000000 5.800000000 0.036456238500
922.670000000 9.000000000 0.040694266600
924.420000000 9.200000000 -0.016141867300
908.920000000 9.800000000 0.025188580200
916.170000000 6.800000000 -0.034403346500
924.420000000 6.600000000 -0.029554635300
922.920000000 6.200000000 -0.018565412600
911.420000000 6.800000000 0.003430768800
926.920000000 9.400000000 -0.007583121800
919.420000000 7.200000000 0.022343680300
918.170000000 6.800000000 -0.038088381300
922.920000000 5.800000000 -0.022446209600
907.420000000 9.400000000 0.017157618000
908.920000000 10.000000000 0.027527833400
919.670000000 7.200000000 0.026299528800
915.170000000 9.200000000 -0.033765107400
909.170000000 9.400000000 0.025753701100
922.420000000 9.000000000 0.038969572600
926.670000000 9.000000000 -0.024925261700
915.170000000 6.200000000 0.025313045800
923.670000000 9.000000000 0.013901168500
926.920000000 9.200000000 -0.011183071000
907.920000000 9.400000000 -0.016343144700
909.920000000 8.600000000 0.022775143400
925.920000000 9.600000000 -0.034830931600
916.920000000 6.000000000 0.030421521500
926.920000000 9.000000000 -0.028632072700
920.920000000 9.200000000 0.030351972200
907.420000000 9.200000000 0.016970500300
913.420000000 6.800000000 0.031459681700
908.420000000 10.000000000 0.011976166600
911.420000000 9.800000000 0.023398656400
920.170000000 6.200000000 -0.014463072600
925.920000000 7.600000000 -0.003699270800
917.170000000 6.200000000 0.019929146400
912.170000000 9.600000000 0.035757001500
922.170000000 6.600000000 -0.026277173300
916.920000000 6.400000000 0.027031024900
909.670000000 8.800000000 0.004792028600
909.420000000 9.200000000 0.024851912600
919.920000000 6.800000000 -0.029636949300
910.420000000 8.400000000 0.015311755200
921.670000000 7.000000000 -0.022476557600
912.420000000 9.600000000 0.033186044500
926.420000000 8.000000000 -0.026046840500
921.170000000 9.200000000 0.031800959300
908.670000000 9.800000000 0.021612990600
926.170000000 9.600000000 -0.032101403900
910.420000000 8.200000000 0.003382134900
910.420000000 8.000000000 0.002581907400
918.670000000 9.400000000 -0.024923844300
911.170000000 7.000000000 0.000345523400
925.170000000 6.000000000 0.025975305600
918.670000000 5.800000000 -0.021314291300
919.420000000 6.000000000 -0.038787290500
924.920000000 9.600000000 -0.021177899100
918.670000000 7.000000000 -0.019595980600
908.920000000 9.600000000 0.024850748500
913.420000000 9.400000000 0.023976534600
915.420000000 7.000000000 -0.026737282100
921.920000000 6.800000000 -0.019012719400
917.170000000 6.000000000 0.022633291800
920.670000000 9.200000000 0.028913281900
923.170000000 10.000000000 0.014400520400
925.920000000 7.800000000 -0.027927361400
914.920000000 7.200000000 -0.015009087500
922.920000000 10.000000000 0.003048762000
914.670000000 7.200000000 -0.011733789000
915.920000000 6.600000000 0.035324323900
920.170000000 6.400000000 -0.028307873800
918.420000000 6.800000000 -0.028654376000
926.420000000 9.600000000 -0.025376718500
911.920000000 9.600000000 0.036045778500
924.170000000 6.600000000 -0.028524640900
916.170000000 6.600000000 0.033989574800
914.920000000 6.000000000 0.028727656200
921.920000000 7.000000000 0.029180781900
925.170000000 6.400000000 0.017039297100
909.420000000 9.000000000 -0.005444172800
910.170000000 8.400000000 0.029880465900
909.170000000 9.200000000 0.024769676800
914.670000000 5.800000000 0.034717690200
911.420000000 10.000000000 0.020090684300
910.670000000 7.200000000 0.002429957000
923.170000000 6.800000000 -0.015044767400
924.920000000 5.800000000 0.025233604000
910.420000000 7.800000000 0.002616599900
926.170000000 7.200000000 0.007163384900
925.170000000 6.200000000 0.018304303300
915.670000000 6.600000000 0.034775875500
926.920000000 7.200000000 0.031177390400
911.670000000 9.600000000 0.016809904900
916.420000000 6.600000000 0.031908605200
917.420000000 6.000000000 0.010503741900
919.920000000 9.200000000 -0.015702912600
908.420000000 9.800000000 0.015373019500
908.170000000 9.200000000 -0.029451830300
909.920000000 8.400000000 0.020962426400
912.670000000 9.600000000 0.029022129300
915.920000000 9.400000000 -0.028846589800
926.670000000 9.600000000 -0.015868753200
913.670000000 6.800000000 0.017729405300
915.920000000 6.800000000 -0.036358829600
923.170000000 5.800000000 -0.016780028100
923.420000000 10.000000000 0.026161104400
919.170000000 6.000000000 -0.033550415200
909.670000000 8.600000000 0.011943413900
916.670000000 5.800000000 0.033985871800
915.170000000 6.400000000 0.025585440900
919.670000000 7.000000000 -0.019312053900
908.170000000 9.400000000 -0.027498498600
914.420000000 5.800000000 0.030670289000
921.420000000 9.200000000 0.032415788600
907.170000000 9.400000000 0.029791571200
919.420000000 9.400000000 -0.030713824600
917.420000000 6.200000000 0.010805084400
922.420000000 6.600000000 -0.026082664700
908.920000000 9.400000000 0.024236595300
919.920000000 6.600000000 -0.027841068800
923.170000000 6.000000000 -0.015756720700
923.920000000 9.000000000 0.005832252600
926.670000000 8.000000000 -0.022302031500
926.670000000 7.200000000 0.033013772200
922.920000000 6.400000000 -0.019894825300
916.670000000 6.600000000 0.029163159400
920.420000000 9.200000000 0.027395049100
907.420000000 9.600000000 0.011651741300
919.670000000 9.400000000 -0.025698732600
917.170000000 6.400000000 0.018534347400
910.920000000 7.000000000 0.010620133000
919.170000000 9.400000000 -0.035552412300
910.420000000 7.600000000 0.001077438500
914.170000000 5.800000000 0.020462246600
915.420000000 6.600000000 0.031185127800
918.920000000 9.400000000 -0.034074209600
907.670000000 9.600000000 -0.000685570300
926.170000000 7.800000000 -0.026071026900
917.670000000 6.000000000 -0.001892880200
917.420000000 6.600000000 -0.041374713200
926.920000000 9.600000000 -0.005344488200
917.670000000 6.600000000 -0.046560175700
909.170000000 9.000000000 0.025887742600
922.920000000 6.800000000 -0.008141699200
918.670000000 6.800000000 -0.019209826400
917.920000000 6.600000000 -0.045059308400
922.670000000 10.000000000 -0.006070694000
923.920000000 6.600000000 -0.026472752900
924.670000000 5.800000000 0.018181560600
907.170000000 6.600000000 0.002269462400
918.170000000 6.600000000 -0.038584630900
907.170000000 9.200000000 0.030375573800
914.920000000 6.200000000 0.023667844000
918.920000000 6.000000000 -0.024850839700
917.170000000 6.600000000 -0.030282342800
914.170000000 10.000000000 0.031891178300
909.670000000 8.400000000 0.010595439000
918.170000000 9.600000000 -0.024849809700
913.670000000 9.400000000 0.023314645500
918.420000000 6.600000000 -0.030075756800
914.420000000 10.000000000 0.029286997400
923.670000000 10.000000000 0.035290602600
908.170000000 10.000000000 0.008539823800
918.420000000 5.800000000 -0.011306319400
926.420000000 7.200000000 0.028595915100
907.670000000 9.000000000 -0.000788442000
910.170000000 8.200000000 0.019782681000
919.920000000 6.200000000 -0.013999199500
916.920000000 5.800000000 0.030958363800
908.920000000 9.200000000 0.024668574300
918.420000000 9.600000000 -0.019550761200
914.670000000 6.000000000 0.028856812000
919.670000000 6.800000000 -0.021184660500
909.420000000 8.800000000 0.027257977100
922.170000000 6.800000000 -0.017282329500
908.670000000 9.600000000 0.023235365700
923.170000000 9.800000000 0.018971573600
907.170000000 6.800000000 0.002704147000
914.670000000 10.000000000 0.025955991800
913.920000000 10.000000000 0.031874939800
917.420000000 5.800000000 0.010492940400
926.920000000 8.000000000 -0.018916029500
917.170000000 5.800000000 0.021584466100
920.170000000 9.200000000 0.025052812000
914.420000000 7.000000000 -0.011104235400
917.920000000 9.600000000 -0.031769525300
909.420000000 8.600000000 0.028121141700
909.920000000 8.200000000 0.021795680700
909.170000000 8.800000000 0.028877897200
919.920000000 6.400000000 -0.025774730400
923.170000000 6.200000000 -0.015226357600
909.170000000 8.600000000 0.032017715300
918.670000000 6.600000000 -0.022100577100
912.920000000 9.600000000 0.024930764000
907.920000000 9.000000000 -0.015351401600
919.920000000 9.400000000 -0.020781967800
916.920000000 6.600000000 -0.016598815100
923.420000000 9.800000000 0.027681347000
922.670000000 6.600000000 -0.024496052400
913.920000000 5.800000000 0.007339827300
926.170000000 7.400000000 0.005535357200
907.420000000 6.600000000 -0.013623025300
923.420000000 5.800000000 -0.011006869400
917.670000000 6.200000000 -0.001801551300
910.420000000 7.400000000 -0.003232023200
908.920000000 8.600000000 0.031964261100
908.920000000 9.000000000 0.026245506500
917.670000000 5.800000000 -0.000409009400
923.920000000 10.000000000 0.039013322400
924.920000000 6.000000000 0.025379343000
913.920000000 9.400000000 0.017082745200
921.670000000 9.200000000 0.030815415100
924.670000000 9.600000000 -0.017117418300
924.420000000 9.400000000 -0.015025118400
922.920000000 9.800000000 0.009892388200
915.170000000 7.000000000 -0.019093664400
907.170000000 9.600000000 0.022431498400
917.670000000 9.600000000 -0.037799011900
922.670000000 6.800000000 0.003482946000
915.670000000 9.400000000 -0.033002421300
908.920000000 8.800000000 0.028797490500
924.420000000 10.000000000 0.028735388100
914.920000000 10.000000000 0.023187713700
926.420000000 7.800000000 -0.022128325000
911.670000000 9.800000000 0.017140317700
917.170000000 9.600000000 -0.036876488500
907.420000000 6.800000000 -0.013503489100
924.170000000 10.000000000 0.036361996100
918.920000000 7.000000000 -0.010834248700
913.920000000 6.800000000 0.004931165400
917.420000000 9.600000000 -0.040061969300
907.420000000 9.000000000 0.013725594600
909.670000000 8.200000000 0.009804637200
910.170000000 8.000000000 0.019848242400
908.170000000 9.800000000 0.010850297300
919.170000000 9.800000000 -0.025794636500
915.670000000 6.800000000 -0.033376786900
924.670000000 10.000000000 0.019354824000
924.420000000 9.800000000 0.028616339000
924.670000000 9.800000000 0.019634708800
923.670000000 9.800000000 0.034299559900
907.920000000 9.600000000 -0.012088343500
908.670000000 8.600000000 0.028123004400
918.670000000 6.000000000 -0.014338553900
914.170000000 9.400000000 0.009042908400
916.920000000 9.600000000 -0.028854291900
909.170000000 8.400000000 0.032345790400
915.170000000 6.600000000 0.024254243800
919.670000000 6.200000000 -0.038259632900
917.920000000 6.000000000 -0.012553245800
910.670000000 7.000000000 -0.000716354100
917.420000000 6.400000000 0.010589581000
918.670000000 9.600000000 -0.017055023500
914.420000000 6.000000000 0.026592921500
924.170000000 9.800000000 0.035159640000
924.420000000 5.800000000 0.010966944500
919.420000000 9.800000000 -0.016547013100
909.420000000 8.400000000 0.026269570000
908.920000000 8.400000000 0.032968670100
913.670000000 10.000000000 0.027575483500
908.420000000 9.200000000 -0.034160744400
923.920000000 9.800000000 0.037157669700
918.920000000 9.800000000 -0.033099502300
910.420000000 7.200000000 -0.008959499200
908.420000000 9.600000000 0.017743246600
919.170000000 10.000000000 -0.022951038600
908.420000000 9.400000000 -0.031759582500
923.670000000 6.600000000 -0.021381719000
914.420000000 9.400000000 -0.002216289300
918.920000000 6.800000000 -0.015185364500
907.670000000 6.600000000 -0.027846626900
914.170000000 9.800000000 0.027214935000
914.920000000 6.400000000 0.017935697000
922.920000000 9.200000000 0.034163150900
908.670000000 8.800000000 0.026367932600
923.170000000 9.200000000 0.030712761000
924.920000000 9.800000000 0.011080956100
922.420000000 6.800000000 0.011840947900
908.670000000 9.400000000 0.021792832800
907.670000000 6.800000000 -0.028424371000
914.420000000 9.800000000 0.026656827000
919.670000000 6.600000000 -0.022032858800
926.920000000 7.400000000 0.023176992300
918.920000000 10.000000000 -0.031418703500
922.670000000 9.200000000 0.033529967100
919.420000000 7.000000000 -0.008081496700
908.670000000 8.400000000 0.028393274200
907.170000000 7.000000000 0.023427031900
908.420000000 8.600000000 0.021806614500
919.420000000 10.000000000 -0.013504947500
907.170000000 6.400000000 0.020216334600
923.420000000 6.000000000 -0.011324684100
918.920000000 6.600000000 -0.015729744000
907.920000000 10.000000000 0.001262773300
913.920000000 9.800000000 0.027233248600
909.920000000 8.000000000 0.009797060900
922.420000000 9.200000000 0.029484467600
917.920000000 5.800000000 -0.010015253900
924.170000000 9.200000000 -0.014659013600
922.170000000 9.200000000 0.023977227500
924.920000000 10.000000000 0.011602602900
918.670000000 9.800000000 -0.037342127400
926.670000000 7.800000000 -0.017485782500
907.170000000 6.200000000 0.023066537500
923.420000000 9.200000000 0.024405455200
908.670000000 9.000000000 0.024630432900
919.420000000 6.200000000 -0.036481875900
919.170000000 9.600000000 -0.025361815500
908.170000000 9.600000000 -0.017535829900
914.670000000 6.200000000 0.022871226100
914.670000000 9.400000000 -0.015313995100
913.670000000 5.800000000 -0.005900127300
918.670000000 10.000000000 -0.037427790500
911.670000000 10.000000000 0.014773437800
907.170000000 6.000000000 0.024654714400
908.170000000 9.000000000 -0.026703203100
908.670000000 9.200000000 0.023101041100
922.920000000 6.600000000 -0.022711956900
915.170000000 10.000000000 0.021327097000
907.420000000 6.200000000 0.018348984400
921.920000000 9.200000000 0.018560618200
914.670000000 9.800000000 0.026107300100
916.670000000 9.600000000 -0.018412059200
911.170000000 6.800000000 -0.000748715100
907.420000000 6.000000000 0.019316054900
918.920000000 9.600000000 -0.032093942200
910.170000000 7.800000000 0.006023539700
917.920000000 6.200000000 -0.012395939800
923.170000000 6.400000000 -0.017185106900
920.170000000 9.400000000 -0.015960855400
918.170000000 10.000000000 -0.036305934200
918.420000000 9.800000000 -0.037860330200
923.670000000 5.800000000 -0.004159348600
917.670000000 6.400000000 -0.040127493400
908.420000000 8.400000000 0.021267516500
924.670000000 6.000000000 0.015574608900
924.920000000 6.400000000 0.009677668100
918.420000000 10.000000000 -0.039392691100
918.170000000 9.800000000 -0.034587580700
907.920000000 6.800000000 -0.036617271600
907.920000000 6.600000000 -0.035515796400
907.170000000 5.800000000 0.028445724400
915.420000000 9.400000000 -0.035194668900
917.920000000 10.000000000 -0.028459202500
917.920000000 9.800000000 -0.028202252500
909.420000000 8.200000000 -0.002789360000
907.420000000 9.800000000 0.003165905100
907.170000000 7.200000000 0.022149659700
918.420000000 6.400000000 -0.027731599300
908.420000000 8.800000000 0.021453889100
918.170000000 5.800000000 -0.000597228900
916.420000000 9.600000000 -0.013623164000
917.920000000 6.400000000 -0.040612142500
914.920000000 7.000000000 -0.013080810200
907.420000000 5.800000000 0.022333083700
914.170000000 6.000000000 0.019727902500
924.920000000 6.200000000 0.013135881200
919.670000000 6.400000000 -0.020145949000
907.420000000 6.400000000 0.019450740900
919.420000000 9.600000000 -0.016773339400
922.670000000 9.800000000 0.001773778100
918.170000000 6.400000000 -0.036883305800
918.670000000 6.400000000 -0.022048648400
913.170000000 9.600000000 0.021393688400
919.670000000 9.800000000 -0.006911194400
919.670000000 9.600000000 -0.030930781700
919.420000000 6.800000000 -0.011456859300
909.670000000 8.000000000 0.008707595100
908.170000000 8.600000000 0.014987457500
907.670000000 6.400000000 -0.005976019900
914.920000000 9.400000000 -0.026368385200
907.420000000 7.000000000 0.021782426200
919.170000000 6.200000000 -0.029667576800
923.670000000 9.200000000 0.017617519900
925.170000000 9.800000000 0.004853279300
910.420000000 7.000000000 -0.013574801400
919.920000000 9.600000000 -0.027479048800
922.420000000 10.000000000 -0.012656110300
913.420000000 10.000000000 0.018953256300
907.670000000 9.800000000 -0.003921820800
926.920000000 7.800000000 -0.013165789700
917.670000000 9.800000000 -0.019817063600
907.670000000 10.000000000 -0.011646518500
925.670000000 9.800000000 -0.026920314900
915.170000000 9.400000000 -0.033266700800
914.670000000 7.000000000 -0.008843450800
917.670000000 10.000000000 -0.017556639400
924.170000000 5.800000000 0.020226288600
907.170000000 9.000000000 0.025034997600
913.670000000 9.800000000 0.025565229400
925.420000000 9.800000000 -0.025590827700
911.920000000 9.800000000 0.032715708000
908.170000000 8.400000000 0.014502343700
914.920000000 9.800000000 0.025414299200
912.170000000 9.800000000 0.032389525300
908.670000000 6.800000000 -0.011443500400
915.420000000 6.800000000 -0.025951985300
907.420000000 7.200000000 0.017860876400
908.170000000 6.800000000 -0.035165142300
908.920000000 6.800000000 0.000472677400
925.920000000 9.800000000 -0.026978254300
907.670000000 6.000000000 0.014164383500
907.920000000 6.400000000 -0.020112333800
913.920000000 9.600000000 0.026118539300
908.170000000 6.600000000 -0.034389447400
907.170000000 7.400000000 0.017713708800
924.670000000 6.400000000 -0.029152423100
914.420000000 6.200000000 0.036705333700
916.170000000 9.600000000 -0.012265907600
926.170000000 9.800000000 -0.025079675000
909.920000000 7.800000000 0.006847286600
912.920000000 6.600000000 -0.003415333100
912.670000000 6.600000000 -0.015475548800
907.670000000 5.800000000 0.015005365900
924.420000000 9.600000000 0.024371251500
918.420000000 6.000000000 -0.003503418300
907.170000000 9.800000000 0.013573098900
926.170000000 7.600000000 -0.020934153300
914.920000000 6.600000000 0.014778886000
926.420000000 9.800000000 -0.020484883300
926.670000000 7.400000000 0.025388537000
919.670000000 10.000000000 -0.004446911600
913.670000000 9.600000000 0.029804641400
909.420000000 8.000000000 -0.006632376500
914.170000000 9.600000000 0.021784197500
908.420000000 6.800000000 -0.025230530600
914.170000000 6.200000000 0.032173380300
923.420000000 6.600000000 -0.016101893000
923.420000000 6.200000000 -0.010976769000
908.670000000 6.600000000 -0.013293148900
918.170000000 6.000000000 -0.020192133300
914.170000000 6.800000000 -0.004136610800
920.170000000 9.600000000 -0.022464914200
907.670000000 6.200000000 0.013840058800
924.170000000 9.600000000 0.028524640900
913.920000000 6.200000000 0.023864524400
908.420000000 6.000000000 -0.000465521700
908.420000000 6.600000000 -0.025677789000
923.420000000 9.600000000 0.027506750100
924.420000000 6.000000000 0.025039101000
923.920000000 5.800000000 0.000909102600
912.420000000 9.800000000 0.028258139300
910.170000000 7.600000000 0.003413870700
908.420000000 9.000000000 0.020282030100
926.670000000 9.800000000 -0.013132659700
919.170000000 7.000000000 -0.002358339300
913.420000000 9.600000000 0.030680844600
923.670000000 9.600000000 0.029746925500
923.170000000 9.600000000 0.023666607200
923.920000000 9.600000000 0.030220361400
908.170000000 6.400000000 -0.030592273900
907.420000000 7.400000000 0.010617773000
918.920000000 6.200000000 -0.019209867300
913.170000000 6.600000000 0.009006905400
924.420000000 6.400000000 -0.027669008800
908.170000000 6.000000000 0.013725757600
912.420000000 6.600000000 -0.024777475700
918.920000000 6.400000000 -0.017605654900
915.420000000 10.000000000 0.022712588300
908.920000000 6.600000000 -0.002007799200
913.670000000 6.200000000 0.014187354600
908.170000000 8.800000000 0.015027928200
915.170000000 9.800000000 0.023917306200
913.920000000 6.000000000 0.026469718700
925.170000000 10.000000000 0.007136237800
923.920000000 9.200000000 0.012312979400
919.170000000 6.800000000 -0.009332919500
909.170000000 8.200000000 0.027892703200
907.670000000 7.000000000 0.019115887600
911.920000000 6.600000000 0.020330006300
926.920000000 7.600000000 0.020655561200
926.420000000 7.400000000 0.012118683200
908.920000000 8.200000000 0.029121516300
923.670000000 6.000000000 -0.006576110100
911.670000000 6.600000000 0.012163952000
909.170000000 6.600000000 -0.009623220200
913.670000000 6.000000000 0.014978867000
914.670000000 6.400000000 0.010219737900
908.670000000 6.000000000 -0.013169354800
923.170000000 6.600000000 -0.019755786300
924.170000000 6.400000000 -0.023548441000
926.920000000 9.800000000 -0.003910545700
907.920000000 6.000000000 0.025628631900
924.170000000 6.000000000 0.018911542400
918.170000000 6.200000000 -0.019517479500
908.420000000 6.400000000 -0.033982537700
913.420000000 9.800000000 0.025948338200
910.920000000 6.800000000 0.003152026300
914.420000000 9.600000000 0.024258881800
907.920000000 8.400000000 0.009646453900
913.420000000 6.200000000 0.006748339200
922.920000000 9.600000000 0.018249083300
919.420000000 6.600000000 -0.015177032900
908.670000000 8.200000000 0.025977542600
907.920000000 8.600000000 0.009515409400
913.420000000 5.800000000 -0.016431534700
920.420000000 9.600000000 -0.016257546800
919.170000000 6.600000000 -0.010656182700
912.170000000 6.600000000 -0.029898474000
917.420000000 9.800000000 -0.010816548000
913.420000000 6.600000000 0.019340664100
917.420000000 10.000000000 -0.006182389800
915.420000000 9.800000000 0.023163275800
909.170000000 8.000000000 -0.018203044300
920.420000000 9.400000000 -0.011248432100
926.420000000 7.600000000 -0.018474133700
909.670000000 7.800000000 -0.005981395000
912.670000000 9.800000000 0.021879902100
907.420000000 10.000000000 -0.022209825000
913.170000000 10.000000000 0.008096509600
923.170000000 9.400000000 0.027856990700
907.670000000 7.200000000 0.013214672900
907.420000000 7.600000000 0.006829282700
915.170000000 6.800000000 -0.017207618800
923.420000000 9.400000000 0.026179807300
907.920000000 5.800000000 0.008782668000
913.420000000 6.000000000 0.004134056200
907.170000000 7.600000000 0.011987512000
913.170000000 6.400000000 0.004643784400
915.920000000 9.600000000 -0.014696995700
913.170000000 9.800000000 0.021266933500
908.420000000 5.800000000 -0.000078744100
913.420000000 6.400000000 0.012914598900
908.670000000 6.400000000 -0.029831435500
908.170000000 5.800000000 0.012912450400
909.170000000 6.800000000 0.006327912700
915.670000000 10.000000000 0.020827593300
907.920000000 9.800000000 0.007643997200
908.420000000 8.200000000 0.020201763100
923.920000000 6.400000000 -0.017913974800
915.670000000 9.800000000 0.019182836600
920.420000000 9.800000000 -0.022771084700
920.170000000 9.800000000 -0.028456581800
923.670000000 9.400000000 0.023346198700
919.920000000 10.000000000 -0.027991952400
922.920000000 9.400000000 0.026953248300
909.420000000 6.600000000 0.000268439300
914.420000000 6.400000000 0.032476674800
919.420000000 6.400000000 -0.015384177700
924.170000000 9.400000000 -0.014659160700
918.670000000 6.200000000 -0.007517615300
909.170000000 6.400000000 -0.008664763500
919.920000000 9.800000000 -0.003362735500
908.920000000 6.400000000 -0.020233761500
920.170000000 10.000000000 -0.021740282000
912.920000000 6.400000000 -0.003489324100
914.670000000 9.600000000 0.026416068900
913.670000000 6.400000000 0.020758403500
918.420000000 6.200000000 -0.026459839200
914.170000000 6.400000000 0.029876295500
913.920000000 6.400000000 0.024175383200
924.670000000 6.200000000 0.015249194600
923.420000000 6.400000000 -0.011939888800
910.920000000 6.600000000 0.001375637900
911.170000000 6.600000000 0.012275048500
911.420000000 6.600000000 -0.023737112100
913.170000000 6.200000000 -0.000555521300
907.670000000 7.400000000 0.005830150100
907.920000000 6.200000000 0.022623136600
908.170000000 6.200000000 0.010404474100
923.920000000 9.400000000 0.020777873700
912.920000000 9.800000000 0.014005921800
907.920000000 8.800000000 0.016169773400
920.420000000 10.000000000 -0.015640962900
920.670000000 9.800000000 -0.015054886200
923.920000000 6.000000000 -0.003744453200
926.670000000 7.600000000 -0.014459346400
908.420000000 6.200000000 0.001199015900
915.670000000 9.600000000 0.016720270700
913.670000000 6.600000000 0.025864385100
908.670000000 5.800000000 -0.012323711100
915.920000000 9.800000000 0.012461966800
908.170000000 8.200000000 0.014163347000
907.670000000 8.800000000 0.000347430200
912.420000000 6.400000000 -0.008156639500
915.920000000 10.000000000 0.016412783400
922.670000000 9.400000000 0.023117253600
910.170000000 7.200000000 -0.014682531400
914.920000000 9.600000000 0.027097074300
912.670000000 6.400000000 -0.011404925000
914.420000000 6.800000000 -0.002597479600
914.920000000 6.800000000 -0.010217813800
920.670000000 9.600000000 -0.009550156100
919.170000000 6.400000000 -0.012729152100
914.670000000 6.600000000 0.004533649400
922.420000000 9.800000000 -0.004727921000
915.420000000 9.600000000 0.023836679800
910.170000000 7.400000000 -0.008759347700
909.420000000 6.400000000 0.001149881400
922.670000000 9.600000000 0.011806679000
909.920000000 7.600000000 0.001552369800
912.170000000 6.400000000 0.005296700600
920.670000000 10.000000000 -0.013965422300
908.920000000 7.000000000 -0.000096255400
909.420000000 6.800000000 -0.000972283100
923.670000000 6.200000000 -0.007398963900
910.670000000 6.600000000 -0.006985633600
915.170000000 9.600000000 0.024865808000
908.670000000 6.200000000 -0.009773671600
910.170000000 7.000000000 -0.018576925600
908.920000000 6.000000000 -0.021530482900
907.670000000 7.600000000 0.004269990100
907.920000000 7.000000000 -0.031628336800
914.670000000 6.800000000 -0.005860964800
907.170000000 10.000000000 0.008462294000
913.170000000 6.000000000 -0.003369020800
910.670000000 6.800000000 -0.002840668200
907.420000000 8.800000000 0.010686812900
914.420000000 6.600000000 0.023003716000
907.170000000 8.800000000 0.027888182600
911.920000000 10.000000000 0.009169836500
923.670000000 6.400000000 -0.011712344400
908.670000000 7.000000000 -0.010785318900
913.920000000 6.600000000 0.027943987400
909.920000000 7.200000000 0.027599835800
924.420000000 6.200000000 0.020290467900
909.670000000 7.200000000 0.021462597000
925.420000000 10.000000000 0.025499789000
916.170000000 10.000000000 0.008949828300
921.420000000 9.400000000 0.022821527000
920.920000000 9.800000000 -0.006892460400
916.170000000 9.800000000 -0.001108405900
921.170000000 9.400000000 0.021189851700
909.420000000 7.800000000 -0.017363697300
914.170000000 6.600000000 0.026339996600
922.420000000 9.400000000 0.017617428700
920.920000000 10.000000000 -0.010025324300
912.920000000 10.000000000 -0.001757377900
909.420000000 7.200000000 0.013042451800
925.670000000 10.000000000 0.022678509400
907.670000000 8.600000000 0.003305437300
911.420000000 6.400000000 -0.026395730700
925.920000000 10.000000000 0.019249687000
911.670000000 6.400000000 -0.027018737000
912.920000000 6.200000000 -0.005358134400
908.920000000 8.000000000 -0.022331554400
908.170000000 7.000000000 -0.030782317700
910.420000000 6.800000000 -0.014963326000
907.670000000 8.400000000 0.003345378400
920.920000000 9.400000000 0.018809022400
911.920000000 6.400000000 -0.026635328300
907.920000000 8.200000000 0.009268428200
926.920000000 10.000000000 -0.025294220100
911.170000000 6.400000000 -0.024521179500
921.670000000 9.400000000 0.021938109800
908.420000000 7.000000000 -0.022700212900
920.670000000 9.400000000 -0.006494080600
916.920000000 10.000000000 0.003490838700
926.170000000 10.000000000 0.016707908400
913.170000000 5.800000000 -0.022634912300
917.170000000 9.800000000 -0.002586538700
917.170000000 10.000000000 0.003106965200
909.670000000 7.600000000 -0.010167834300
909.670000000 7.000000000 0.020735457500
922.170000000 10.000000000 -0.016937274500
908.920000000 5.800000000 -0.021066008100
909.170000000 6.200000000 -0.008856693300
909.920000000 7.000000000 0.025379551600
916.670000000 10.000000000 -0.008856812500
923.920000000 6.200000000 -0.007624467400
909.170000000 7.200000000 0.005483822400
916.420000000 10.000000000 -0.002682823900
924.170000000 6.200000000 -0.001210972100
909.170000000 7.800000000 -0.018906487200
909.170000000 7.000000000 0.004826857200
907.920000000 7.200000000 0.008609856500
922.170000000 9.400000000 0.012472429300
909.420000000 7.000000000 0.013993297700
909.420000000 6.200000000 0.001275648600
908.920000000 6.200000000 -0.020450765300
910.920000000 6.400000000 -0.020952738800
909.670000000 5.800000000 0.002713117500
921.920000000 9.400000000 0.021607341200
909.920000000 5.800000000 -0.006398094400
920.920000000 9.600000000 -0.003079328200
926.420000000 10.000000000 0.010752971300
926.670000000 10.000000000 -0.027192248000
909.920000000 7.400000000 0.026053490100
916.420000000 9.800000000 -0.011437757900
907.420000000 7.800000000 0.006842400900
909.670000000 7.400000000 0.019991917500
909.670000000 6.600000000 0.006431693200
907.920000000 7.400000000 0.004173260600
908.670000000 8.000000000 0.021007895500
912.170000000 10.000000000 0.025945341200
909.420000000 5.800000000 0.011310742200
909.420000000 7.400000000 0.011992891300
922.420000000 9.600000000 0.005610936300
910.170000000 5.800000000 -0.014375052400
921.170000000 10.000000000 -0.006064003800
910.420000000 6.600000000 -0.011558112700
907.170000000 7.800000000 0.011011158100
916.920000000 9.800000000 -0.008893742200
907.670000000 7.800000000 0.005044659600
909.670000000 6.800000000 0.006078288400
912.670000000 6.200000000 -0.011510996100
908.920000000 7.200000000 0.007428213500
907.170000000 8.600000000 0.023540990400
909.670000000 6.400000000 0.006348749600
907.420000000 8.600000000 0.024961456700
912.920000000 6.000000000 -0.007271016000
921.170000000 9.800000000 -0.000000835200
907.920000000 7.600000000 0.004067114100
912.420000000 6.200000000 -0.011097214200
912.420000000 10.000000000 0.020549466800
909.170000000 7.400000000 0.005408959500
911.670000000 6.200000000 -0.022136358500
909.170000000 6.000000000 -0.024601465100
910.670000000 6.400000000 -0.015756106000
912.670000000 10.000000000 -0.007982540900
910.170000000 6.800000000 -0.018514325800
907.670000000 8.200000000 0.005499017900
908.420000000 8.000000000 0.017814647400
909.170000000 5.800000000 0.017424114000
908.920000000 7.800000000 -0.020949777200
911.920000000 6.200000000 -0.019385468200
911.420000000 6.200000000 -0.024476651100
912.170000000 6.200000000 -0.000942946400
909.420000000 7.600000000 -0.018947556600
911.420000000 5.800000000 -0.014704182700
916.670000000 9.800000000 -0.009829715800
910.420000000 5.800000000 -0.019936677100
909.670000000 6.200000000 0.006219914600
910.420000000 6.400000000 -0.009659435600
909.420000000 6.000000000 -0.000524015200
907.420000000 8.400000000 -0.003274170400
911.170000000 6.200000000 -0.024600243200
912.920000000 5.800000000 -0.024387760100
908.170000000 7.200000000 0.010048716300
909.920000000 6.800000000 0.021175278400
911.170000000 5.800000000 -0.018428353600
911.670000000 5.800000000 -0.012413744800
910.920000000 6.200000000 -0.021011667300
907.920000000 7.800000000 0.006343250200
909.670000000 6.000000000 0.004835631700
922.170000000 9.800000000 -0.009542344100
910.670000000 5.800000000 -0.012861263000
910.170000000 6.600000000 0.008383534800
908.170000000 8.000000000 0.012625162500
910.920000000 5.800000000 -0.021554535300
908.920000000 7.400000000 0.002177895500
921.420000000 10.000000000 -0.000210884300
910.170000000 6.200000000 -0.010755591100
912.170000000 5.800000000 -0.015452631700
911.920000000 5.800000000 -0.013780185000
910.670000000 6.200000000 -0.015698533500
921.170000000 9.600000000 0.002539577200
909.920000000 6.000000000 -0.016855845200
912.670000000 6.000000000 -0.021931892300
908.670000000 7.200000000 0.004710198800
909.920000000 6.200000000 -0.016729727400
912.670000000 5.800000000 -0.022558936800
911.420000000 6.000000000 -0.023213395800
912.420000000 6.000000000 -0.016385136200
910.420000000 6.200000000 -0.005565087300
912.420000000 5.800000000 -0.018862856600
908.170000000 7.400000000 0.004242344800
922.170000000 9.600000000 0.000819344400
911.670000000 6.000000000 -0.021856984100
911.170000000 6.000000000 -0.022669786600
910.170000000 6.000000000 -0.011025014300
921.920000000 10.000000000 -0.018954930800
910.920000000 6.000000000 -0.020352866500
910.420000000 6.000000000 -0.013014476700
921.420000000 9.600000000 0.018477430600
910.670000000 6.000000000 -0.016566708700
912.170000000 6.000000000 -0.011215707300
910.170000000 6.400000000 -0.012867745900
921.670000000 9.600000000 0.018985055400
907.920000000 8.000000000 0.009548254300
907.670000000 8.000000000 0.008566558400
907.170000000 8.400000000 0.018092973200
911.920000000 6.000000000 -0.018908543500
907.420000000 8.200000000 -0.003885552300
907.420000000 8.000000000 0.009952022700
921.920000000 9.600000000 0.019073747100
909.170000000 7.600000000 -0.022015068700
908.170000000 7.600000000 0.009123647600
908.170000000 7.800000000 0.010218455500
909.920000000 6.600000000 0.012065965700
908.670000000 7.800000000 -0.015257193700
921.420000000 9.800000000 0.004473581400
908.420000000 7.200000000 0.007479020900
907.170000000 8.000000000 0.012101816000
908.420000000 7.400000000 0.000993987700
908.670000000 7.400000000 0.005411101000
908.420000000 7.800000000 -0.005769687700
909.920000000 6.400000000 0.005980204300
921.670000000 10.000000000 -0.018675100100
908.420000000 7.600000000 0.001560722500
907.170000000 8.200000000 0.015812357900
921.670000000 9.800000000 0.018632894400
908.920000000 7.600000000 0.009097001500
921.920000000 9.800000000 0.022279026000
908.670000000 7.600000000 0.005335269000
