1022.350000000 7.800000000 -0.831111788700
1022.600000000 7.800000000 -0.773204624700
1022.100000000 7.800000000 -0.859604537500
1022.350000000 8.000000000 -0.832877159100
1022.600000000 8.000000000 -0.780860662500
1022.100000000 8.000000000 -0.851402580700
1022.850000000 7.800000000 -0.693607628300
1021.850000000 7.800000000 -0.851381003900
1022.850000000 8.000000000 -0.698412656800
1022.350000000 7.600000000 -0.806754291100
1021.850000000 8.000000000 -0.835438847500
1022.100000000 7.600000000 -0.835070371600
1022.600000000 7.600000000 -0.753897488100
1023.100000000 7.800000000 -0.596836149700
1021.600000000 7.800000000 -0.804509818600
1023.100000000 8.000000000 -0.590791642700
1021.850000000 7.600000000 -0.830878615400
1022.850000000 7.600000000 -0.683479726300
1022.350000000 8.200000000 -0.812742173700
1021.600000000 8.000000000 -0.787052214100
1022.600000000 8.200000000 -0.771829903100
1022.100000000 8.200000000 -0.815510273000
1022.850000000 8.200000000 -0.690868675700
1021.600000000 7.600000000 -0.790617942800
1021.350000000 7.800000000 -0.724661707900
1021.850000000 8.200000000 -0.788636088400
1023.100000000 7.600000000 -0.598050296300
1023.350000000 7.800000000 -0.484221309400
1023.350000000 8.000000000 -0.465657323600
1021.350000000 8.000000000 -0.712097585200
1022.350000000 7.400000000 -0.762146830600
1023.100000000 8.200000000 -0.577579617500
1022.100000000 7.400000000 -0.784622132800
1022.600000000 7.400000000 -0.721336007100
1021.350000000 7.600000000 -0.717710971800
1021.600000000 8.200000000 -0.741321086900
1021.850000000 7.400000000 -0.783483684100
1021.100000000 7.800000000 -0.622019469700
1022.850000000 7.400000000 -0.665007948900
1023.350000000 7.600000000 -0.496616154900
1022.350000000 8.400000000 -0.766754329200
1021.100000000 8.000000000 -0.618193328400
1023.350000000 8.200000000 -0.446646690400
1022.600000000 8.400000000 -0.735551893700
1023.600000000 7.800000000 -0.358065277300
1021.600000000 7.400000000 -0.754241466500
1022.100000000 8.400000000 -0.760697841600
1023.600000000 8.000000000 -0.333182722300
1021.100000000 7.600000000 -0.619702041100
1021.350000000 8.200000000 -0.679501771900
1017.600000000 7.800000000 0.545742154100
1017.350000000 7.800000000 0.475427299700
1022.850000000 8.400000000 -0.663376987000
1023.100000000 7.400000000 -0.592340230900
1017.850000000 7.800000000 0.596943080400
1021.850000000 8.400000000 -0.729354322000
1017.100000000 7.800000000 0.397541254800
1017.350000000 7.600000000 0.465540260100
1017.350000000 8.000000000 0.477226197700
1017.600000000 7.600000000 0.537517428400
1017.600000000 8.000000000 0.539969027000
1020.850000000 7.800000000 -0.505487799600
1021.350000000 7.400000000 -0.695306479900
1017.100000000 7.600000000 0.384953588200
1018.100000000 7.800000000 0.619364976900
1023.100000000 8.400000000 -0.557494759600
1017.850000000 7.600000000 0.586581766600
1022.350000000 7.200000000 -0.705272436100
1017.100000000 8.000000000 0.407732188700
1023.600000000 7.600000000 -0.378598034400
1017.850000000 8.000000000 0.586520731400
1022.100000000 7.200000000 -0.722079098200
1022.600000000 7.200000000 -0.676071465000
1021.600000000 8.400000000 -0.685318708400
1020.850000000 8.000000000 -0.510859429800
1023.600000000 8.200000000 -0.314418196700
1016.850000000 7.800000000 0.322852730800
1021.100000000 8.200000000 -0.604673087600
1020.850000000 7.600000000 -0.503216266600
1016.850000000 7.600000000 0.309647917700
1023.850000000 7.800000000 -0.226196497700
1018.100000000 7.600000000 0.603786468500
1018.100000000 8.000000000 0.607742607600
1023.350000000 7.400000000 -0.500831842400
1018.350000000 7.800000000 0.608509898200
1021.850000000 7.200000000 -0.723261833200
1017.350000000 7.400000000 0.444484382900
1023.850000000 8.000000000 -0.205415204200
1022.850000000 7.200000000 -0.633574485800
1017.100000000 7.400000000 0.370816290400
1016.850000000 8.000000000 0.339628934900
1017.600000000 7.400000000 0.510886132700
1021.100000000 7.400000000 -0.607459604700
1023.350000000 8.400000000 -0.432990878800
1017.350000000 8.200000000 0.472471773600
1020.600000000 7.800000000 -0.379367351500
1018.350000000 8.000000000 0.597599029500
1022.350000000 8.600000000 -0.695875644700
1017.600000000 8.200000000 0.521723270400
1021.350000000 8.400000000 -0.635073900200
1018.350000000 7.600000000 0.588827550400
1016.850000000 7.400000000 0.303645312800
1017.100000000 8.200000000 0.425800174500
1022.100000000 8.600000000 -0.692007124400
1022.600000000 8.600000000 -0.672245562100
1021.600000000 7.200000000 -0.702844321700
1018.600000000 7.800000000 0.566177070100
1017.850000000 7.400000000 0.555547118200
1016.600000000 7.600000000 0.249105587600
1017.850000000 8.200000000 0.554640233500
1016.600000000 7.800000000 0.259736210100
1023.850000000 7.600000000 -0.248605653600
1016.850000000 8.200000000 0.409386605000
1023.100000000 7.200000000 -0.573897600200
1020.850000000 8.200000000 -0.514605343300
1020.600000000 8.000000000 -0.391469836200
1020.600000000 7.600000000 -0.372023254600
1022.850000000 8.600000000 -0.615957915800
1021.850000000 8.600000000 -0.669173479100
1018.600000000 8.000000000 0.555561006100
1016.600000000 8.000000000 0.343381345300
1023.600000000 7.400000000 -0.390136867800
1018.100000000 8.200000000 0.566299736500
1023.850000000 8.200000000 -0.194477483600
1016.600000000 8.200000000 0.346717357600
1017.350000000 7.200000000 0.413717597700
1018.100000000 7.400000000 0.569323539700
1017.100000000 7.200000000 0.355176508400
1020.850000000 7.400000000 -0.492799609900
1016.600000000 7.400000000 0.251192390900
1018.600000000 7.600000000 0.547844231100
1024.100000000 7.800000000 -0.101105794300
1018.850000000 7.800000000 0.497956126900
1021.350000000 7.200000000 -0.654440879800
1023.600000000 8.400000000 -0.307347923500
1021.100000000 8.400000000 -0.576802492100
1023.100000000 8.600000000 -0.529120087600
1020.350000000 7.800000000 -0.244744360400
1024.100000000 8.000000000 -0.092976361500
1017.600000000 7.200000000 0.468633770900
1021.600000000 8.600000000 -0.634348273300
1018.350000000 8.200000000 0.554498374500
1022.350000000 7.000000000 -0.644314467900
1016.850000000 7.200000000 0.302960991900
1016.350000000 8.000000000 0.283561199900
1016.850000000 8.400000000 0.409192562100
1018.850000000 8.000000000 0.485997885500
1016.350000000 7.800000000 0.287895053600
1022.600000000 7.000000000 -0.622938871400
1023.350000000 7.200000000 -0.493415385500
1022.100000000 7.000000000 -0.655695617200
1017.100000000 8.400000000 0.438212126500
1016.600000000 8.400000000 0.353051066400
1016.350000000 8.200000000 0.287426054500
1017.350000000 8.400000000 0.464341074200
1016.350000000 7.600000000 0.207278296400
1017.600000000 8.400000000 0.499448061000
1018.350000000 7.400000000 0.552204430100
1020.350000000 7.600000000 -0.229212626800
1022.850000000 7.000000000 -0.590501189200
1020.350000000 8.000000000 -0.259914070400
1020.600000000 8.200000000 -0.405892640400
1024.100000000 7.600000000 -0.118039637800
1018.850000000 7.600000000 0.487742662400
1017.850000000 8.400000000 0.505688250100
1019.100000000 7.800000000 0.409095883400
1017.850000000 7.200000000 0.507582843300
1016.600000000 7.200000000 0.307071298400
1016.350000000 7.400000000 0.300729453600
1018.600000000 8.200000000 0.519024431700
1021.850000000 7.000000000 -0.654085397700
1016.100000000 7.800000000 0.273109614800
1023.850000000 7.400000000 -0.265645772200
1023.350000000 8.600000000 -0.421613812400
1021.100000000 7.200000000 -0.573331475300
1016.350000000 8.400000000 0.298132032200
1016.100000000 8.000000000 0.232755303400
1016.100000000 7.600000000 0.278371602300
1020.600000000 7.400000000 -0.355388909600
1019.100000000 8.000000000 0.394708275800
1021.350000000 8.600000000 -0.590568721300
1022.350000000 8.800000000 -0.614156305800
1020.100000000 7.800000000 -0.103195466100
1016.350000000 7.200000000 0.300408273900
1022.600000000 8.800000000 -0.594496369400
1018.100000000 8.400000000 0.507862806300
1017.100000000 7.000000000 0.337469935400
1016.100000000 7.400000000 0.283759623800
1022.100000000 8.800000000 -0.617042243500
1020.850000000 8.400000000 -0.503263294700
1024.100000000 8.200000000 -0.094340592600
1016.100000000 8.200000000 0.236294418600
1023.100000000 7.000000000 -0.542352616800
1023.850000000 8.400000000 -0.195167571300
1017.350000000 7.000000000 0.378558635700
1024.350000000 7.800000000 0.006222636900
1018.600000000 7.400000000 0.511719524900
1016.850000000 7.000000000 0.322763502600
1019.350000000 7.800000000 0.301977545000
1016.600000000 7.000000000 0.306529194100
1023.600000000 7.200000000 -0.392464280100
1016.100000000 7.200000000 0.289973050400
1022.850000000 8.800000000 -0.553355991800
1019.100000000 7.600000000 0.411458551900
1021.600000000 7.000000000 -0.633910179100
1018.850000000 8.200000000 0.460472494400
1016.350000000 7.000000000 0.300566285800
1018.100000000 7.200000000 0.520911157100
1016.850000000 8.600000000 0.399825722000
1015.850000000 7.800000000 0.226957202000
1020.100000000 8.000000000 -0.119044728600
1021.850000000 8.800000000 -0.606652200200
1016.600000000 8.600000000 0.356524378100
1015.850000000 7.600000000 0.231420084800
1020.100000000 7.600000000 -0.080006204500
1019.350000000 8.000000000 0.285699069500
1019.850000000 7.800000000 0.040327172700
1016.100000000 8.400000000 0.360727250600
1024.350000000 8.000000000 -0.000038568500
1015.850000000 8.000000000 0.224974170300
1017.100000000 8.600000000 0.413307994600
1019.600000000 7.800000000 0.177816420800
1015.850000000 7.400000000 0.240205109100
1018.350000000 8.400000000 0.496467441300
1020.350000000 8.200000000 -0.277801185800
1017.600000000 7.000000000 0.419357746800
1017.350000000 8.600000000 0.428766191000
1016.100000000 7.000000000 0.298282951100
1017.600000000 8.600000000 0.456669032600
1023.600000000 8.600000000 -0.308885157100
1016.350000000 8.600000000 0.310237020300
1020.850000000 7.200000000 -0.459309339500
1024.350000000 7.600000000 -0.001267049600
1015.850000000 7.200000000 0.253871083300
1016.350000000 6.800000000 0.305887728900
1019.600000000 8.000000000 0.161121055500
1019.850000000 8.000000000 0.024111142400
1021.100000000 8.600000000 -0.536938488500
1016.600000000 6.800000000 0.328807354000
1020.350000000 7.400000000 -0.203257322300
1023.100000000 8.800000000 -0.488605707900
1015.850000000 8.400000000 0.299939304600
1024.100000000 7.400000000 -0.139018267400
1015.850000000 8.200000000 0.279755920200
1019.350000000 7.600000000 0.317160636200
1016.100000000 8.600000000 0.378927975900
1016.100000000 6.800000000 0.285351991700
1021.600000000 8.800000000 -0.583541572100
1023.350000000 7.000000000 -0.474176257800
1017.850000000 8.600000000 0.471525192300
1015.850000000 7.000000000 0.270025074500
1018.850000000 7.400000000 0.456818670000
1019.100000000 8.200000000 0.379308074700
1019.850000000 7.600000000 0.067076563800
1021.350000000 7.000000000 -0.588305532900
1016.850000000 6.800000000 0.335351020100
1020.600000000 8.400000000 -0.407719224700
1022.600000000 6.800000000 -0.559360384900
1019.600000000 7.600000000 0.201922059100
1018.350000000 7.200000000 0.505964517600
1015.850000000 8.600000000 0.320078373000
1015.600000000 7.600000000 0.190778896200
1022.350000000 6.800000000 -0.577865004500
1015.600000000 7.800000000 0.185883104800
1015.600000000 7.400000000 0.202904924800
1017.100000000 6.800000000 0.343402832700
1015.850000000 6.800000000 0.282871574200
1017.850000000 7.000000000 0.450288623600
1022.850000000 6.800000000 -0.526841342400
1020.100000000 8.200000000 -0.136296302100
1018.600000000 8.400000000 0.471142470800
1023.850000000 7.200000000 -0.277794867800
1016.350000000 6.600000000 0.311859607700
1015.600000000 8.400000000 0.242315694700
1015.600000000 8.200000000 0.228006422500
1015.600000000 7.200000000 0.249683439700
1024.600000000 7.800000000 0.092045344400
1016.100000000 6.600000000 0.296737194100
1015.600000000 8.000000000 0.185116216500
1022.100000000 6.800000000 -0.579619348000
1015.600000000 7.000000000 0.243666783000
1018.100000000 8.600000000 0.470519900300
1016.600000000 6.600000000 0.324144601800
1019.350000000 8.200000000 0.275920182500
1024.100000000 8.400000000 -0.103953428600
1023.350000000 8.800000000 -0.404859989900
1024.350000000 8.200000000 -0.013397302500
1015.850000000 6.600000000 0.279736936100
1017.350000000 6.800000000 0.365114033200
1017.100000000 8.800000000 0.382654786100
1016.850000000 8.800000000 0.377599626800
1015.600000000 8.600000000 0.259050160600
1020.100000000 7.400000000 -0.048656638700
1016.600000000 8.800000000 0.349286228400
1022.350000000 9.000000000 -0.535659492000
1022.600000000 9.000000000 -0.516975760500
1019.100000000 7.400000000 0.391844183200
1019.850000000 8.200000000 0.016859879700
1020.600000000 7.200000000 -0.319405227900
1015.600000000 6.800000000 0.257723599700
1021.350000000 8.800000000 -0.545793831300
1016.350000000 8.800000000 0.411759227500
1023.100000000 6.800000000 -0.489416658900
1024.600000000 7.600000000 0.091550275700
1016.100000000 8.800000000 0.377621620900
1017.350000000 8.800000000 0.402973502900
1020.850000000 8.600000000 -0.495306134200
1024.600000000 8.000000000 0.077271476400
1020.350000000 8.400000000 -0.291873097400
1023.850000000 8.600000000 -0.206746593100
1019.600000000 8.200000000 0.155555293000
1015.350000000 8.200000000 0.212464481600
1023.600000000 7.000000000 -0.386668384100
1022.100000000 9.000000000 -0.542735636200
1016.850000000 6.600000000 0.322392165700
1024.350000000 7.400000000 -0.024145195300
1021.100000000 7.000000000 -0.511525809800
1021.850000000 6.800000000 -0.570015072800
1022.850000000 9.000000000 -0.485133320100
1016.100000000 6.400000000 0.297520756700
1015.350000000 8.400000000 0.217082098100
1018.600000000 7.200000000 0.467524439100
1015.850000000 8.800000000 0.330732435000
1017.600000000 8.800000000 0.409240961100
1015.350000000 7.400000000 0.198490962400
1015.600000000 6.600000000 0.259916126700
1015.350000000 7.600000000 0.183061316600
1016.350000000 6.400000000 0.300265044000
1015.350000000 7.200000000 0.218942403800
1015.850000000 6.400000000 0.281591773000
1018.850000000 8.400000000 0.427436798800
1018.100000000 7.000000000 0.461897939400
1015.350000000 7.800000000 0.174346670500
1015.350000000 7.000000000 0.236204281400
1015.350000000 8.000000000 0.206624299300
1019.350000000 7.400000000 0.314071148600
1019.850000000 7.400000000 0.094725452400
1017.600000000 6.800000000 0.380312085200
1021.850000000 9.000000000 -0.538627445700
1015.350000000 6.800000000 0.232717052100
1024.850000000 7.800000000 0.159960985200
1018.350000000 8.600000000 0.452828884100
1016.600000000 6.400000000 0.306574016800
1015.350000000 8.600000000 0.202388122700
1024.100000000 7.200000000 -0.161803230600
1015.600000000 6.400000000 0.261684209100
1015.600000000 8.800000000 0.276119351400
1023.100000000 9.000000000 -0.439193129500
1019.600000000 7.400000000 0.216558888600
1017.100000000 6.600000000 0.333805263000
1023.600000000 8.800000000 -0.313674956600
1020.100000000 8.400000000 -0.145168498200
1023.350000000 6.800000000 -0.448391050100
1021.600000000 6.800000000 -0.545841991900
1017.850000000 8.800000000 0.422167986600
1025.850000000 7.800000000 0.296350568500
1026.100000000 7.800000000 0.283060222900
1015.100000000 8.200000000 0.159351766100
1015.350000000 6.600000000 0.235624507100
1020.600000000 8.600000000 -0.399437457300
1021.100000000 8.800000000 -0.506522536300
1016.100000000 6.200000000 0.286929100800
1020.350000000 7.200000000 -0.167671784800
1024.850000000 7.600000000 0.159272536600
1025.600000000 7.800000000 0.288464516400
1015.850000000 6.200000000 0.273602962500
1015.100000000 8.400000000 0.162065088700
1019.100000000 8.400000000 0.358904689600
1026.100000000 8.000000000 0.277149051400
1016.850000000 9.000000000 0.341831088100
1026.350000000 7.800000000 0.255576103900
1017.100000000 9.000000000 0.357262045100
1018.850000000 7.200000000 0.414369493700
1025.100000000 7.800000000 0.215396478800
1016.350000000 6.200000000 0.294458180700
1024.850000000 8.000000000 0.145835652900
1026.100000000 7.600000000 0.285273343300
1025.850000000 8.000000000 0.296217829000
1021.600000000 9.000000000 -0.521926939500
1016.850000000 6.400000000 0.309656173000
1020.850000000 7.000000000 -0.403410106900
1025.350000000 7.800000000 0.259645193800
1023.850000000 7.000000000 -0.286919385200
1015.100000000 7.200000000 0.191558241800
1015.350000000 6.400000000 0.229906439800
1025.850000000 7.600000000 0.286017030500
1016.600000000 9.000000000 0.329959809800
1026.350000000 8.000000000 0.243215858900
1026.350000000 7.600000000 0.269320100500
1015.100000000 8.000000000 0.155372276900
1024.600000000 7.400000000 0.068770527800
1015.100000000 7.400000000 0.172069162100
1015.100000000 7.000000000 0.206342995200
1015.600000000 6.200000000 0.254256814700
1018.350000000 7.000000000 0.449279248700
1024.600000000 8.200000000 0.055842980700
1015.100000000 6.800000000 0.206895425900
1019.850000000 8.400000000 0.000896482800
1022.600000000 6.600000000 -0.502565681900
1022.850000000 6.600000000 -0.488373577600
1016.350000000 9.000000000 0.371639758300
1015.100000000 7.600000000 0.183004155800
1016.100000000 9.000000000 0.351795613800
1025.600000000 8.000000000 0.290876150100
1024.350000000 8.400000000 -0.032129678900
1015.350000000 8.800000000 0.219731569300
1017.350000000 9.000000000 0.369324833200
1017.850000000 6.800000000 0.385904163100
1025.600000000 7.600000000 0.271326810100
1017.350000000 6.600000000 0.330224871600
1023.350000000 9.000000000 -0.381009966100
1026.600000000 7.800000000 0.223805591500
1024.100000000 8.600000000 -0.124330163000
1019.350000000 8.400000000 0.261412769600
1026.600000000 7.600000000 0.242801278800
1025.100000000 7.600000000 0.207966566100
1018.600000000 8.600000000 0.418577820100
1015.100000000 7.800000000 0.169508621100
1022.350000000 6.600000000 -0.505951345000
1021.350000000 6.800000000 -0.502067446700
1015.100000000 8.600000000 0.153729274900
1015.100000000 6.600000000 0.206379488100
1018.100000000 8.800000000 0.422574728700
1016.600000000 6.200000000 0.296806126800
1015.850000000 9.000000000 0.321697175500
1026.600000000 8.000000000 0.206779703500
1023.600000000 6.800000000 -0.400390595200
1025.350000000 7.600000000 0.244497567400
1023.100000000 6.600000000 -0.465121895100
1025.350000000 8.000000000 0.259441226700
1019.600000000 8.400000000 0.137073397600
1025.100000000 8.000000000 0.208154156800
1022.600000000 9.200000000 -0.448925823000
1026.350000000 8.200000000 0.232472151500
1020.350000000 8.600000000 -0.285265505300
1026.350000000 7.400000000 0.278093427400
1024.350000000 7.200000000 -0.057389605800
1015.350000000 6.200000000 0.230376541600
1026.100000000 7.400000000 0.290397763300
1020.850000000 8.800000000 -0.437431871900
1022.350000000 9.200000000 -0.463994383800
1026.100000000 8.200000000 0.266928166200
1026.600000000 7.400000000 0.255343794800
1015.850000000 6.000000000 0.260370761200
1020.100000000 7.200000000 -0.021157652100
1022.850000000 9.200000000 -0.424697279900
1023.850000000 8.800000000 -0.228276848800
1016.100000000 6.000000000 0.276858270200
1015.100000000 6.400000000 0.201538115700
1019.100000000 7.200000000 0.353948205700
1021.350000000 9.000000000 -0.496291995000
1026.600000000 8.200000000 0.194236517000
1014.850000000 8.200000000 0.112751737200
1017.600000000 9.000000000 0.365048557500
1017.100000000 6.400000000 0.308563083400
1022.100000000 6.600000000 -0.487690419000
1026.850000000 7.600000000 0.211609631800
1025.850000000 7.400000000 0.274292826700
1015.600000000 9.000000000 0.282330334200
1015.600000000 6.000000000 0.242104828400
1022.100000000 9.200000000 -0.469184607300
1014.850000000 8.400000000 0.116546042300
1026.850000000 7.800000000 0.194788858300
1025.850000000 8.200000000 0.284033268700
1024.850000000 7.400000000 0.136964008200
1014.850000000 7.000000000 0.176776856200
1014.850000000 7.200000000 0.166987985400
1026.850000000 7.400000000 0.219845205500
1023.350000000 6.600000000 -0.433945536600
1023.600000000 9.000000000 -0.357276111800
1020.600000000 7.000000000 -0.272791415500
1016.350000000 6.000000000 0.281348228500
1014.850000000 6.800000000 0.178474694500
1024.100000000 7.000000000 -0.186019584500
1018.600000000 7.000000000 0.414566665900
1023.100000000 9.200000000 -0.392407387500
1014.850000000 8.000000000 0.110770814100
1026.850000000 8.000000000 0.176785141200
1015.100000000 8.800000000 0.166900113200
1016.850000000 9.200000000 0.331000536700
1014.850000000 7.400000000 0.172531202400
1017.600000000 6.600000000 0.333077013500
1015.100000000 6.200000000 0.204758808000
1016.600000000 9.200000000 0.313349813200
1016.850000000 6.200000000 0.293897748000
1025.600000000 7.400000000 0.250173896600
1014.850000000 6.600000000 0.173390194800
1026.600000000 8.400000000 0.187085717900
1018.100000000 6.800000000 0.394161939600
1019.850000000 7.200000000 0.105934046200
1020.100000000 8.600000000 -0.158944159700
1024.850000000 8.200000000 0.121406011300
1019.350000000 7.200000000 0.287221849000
1021.850000000 6.600000000 -0.472290247700
1018.850000000 8.600000000 0.367072641800
1021.100000000 6.800000000 -0.433902770300
1026.850000000 8.200000000 0.164051532700
1026.350000000 8.400000000 0.219928592400
1014.850000000 7.600000000 0.157582894000
1017.100000000 9.200000000 0.338857919000
1018.350000000 8.800000000 0.406761884700
1026.600000000 7.200000000 0.252905815800
1015.350000000 6.000000000 0.222628861700
1023.850000000 6.800000000 -0.340183794500
1021.850000000 9.200000000 -0.464137554200
1025.600000000 8.200000000 0.274973511700
1015.350000000 9.000000000 0.235613435500
1026.350000000 7.200000000 0.281708508700
1025.100000000 7.400000000 0.184019357000
1021.100000000 9.000000000 -0.443271666800
1016.350000000 9.200000000 0.287606746000
1026.850000000 7.200000000 0.214221581800
1019.600000000 7.200000000 0.207544297000
1014.850000000 8.600000000 0.125022843500
1020.600000000 8.800000000 -0.358495235400
1016.100000000 9.200000000 0.298358321200
1025.350000000 7.400000000 0.221630647800
1017.850000000 9.000000000 0.369984775800
1024.600000000 7.200000000 -0.003124567400
1014.850000000 6.400000000 0.172427058200
1026.850000000 8.400000000 0.162760928300
1014.850000000 7.800000000 0.168266072900
1027.100000000 7.400000000 0.178951501800
1027.100000000 7.600000000 0.178906768600
1015.850000000 9.200000000 0.277173578700
1023.350000000 9.200000000 -0.406618863300
1026.100000000 7.200000000 0.280995875600
1023.600000000 6.600000000 -0.393194377400
1016.600000000 6.000000000 0.279292076800
1015.850000000 5.800000000 0.253923803600
1026.100000000 8.400000000 0.249087601900
1024.600000000 8.400000000 0.028842728600
1025.350000000 8.200000000 0.239429697400
1023.850000000 9.000000000 -0.290971607000
1017.350000000 6.400000000 0.302177369600
1017.350000000 9.200000000 0.338810741900
1025.100000000 8.200000000 0.184801593400
1027.100000000 7.800000000 0.169475913000
1024.350000000 8.600000000 -0.060163669300
1024.100000000 8.800000000 -0.192436456700
1027.100000000 7.200000000 0.170217439500
1026.850000000 8.600000000 0.171633303200
1015.600000000 5.800000000 0.237627580800
1019.850000000 8.600000000 -0.028956187900
1026.600000000 8.600000000 0.185427814700
1014.600000000 7.000000000 0.145399078700
1021.600000000 6.600000000 -0.449355095600
1016.100000000 5.800000000 0.266195595300
1014.600000000 7.200000000 0.141442209500
1019.100000000 8.600000000 0.320970207500
1021.600000000 9.200000000 -0.448552906500
1024.350000000 7.000000000 -0.152570098600
1018.850000000 7.000000000 0.364971786700
1027.100000000 8.000000000 0.151873230900
1014.600000000 8.200000000 0.108017757500
1015.100000000 6.000000000 0.202271327400
1014.850000000 6.200000000 0.178986653700
1020.350000000 7.000000000 -0.135792821600
1014.600000000 6.800000000 0.135424017900
1015.600000000 9.200000000 0.253597229700
1025.850000000 7.200000000 0.262430459300
1014.600000000 8.400000000 0.178049415300
1015.100000000 9.000000000 0.185244232400
1024.850000000 7.200000000 0.087863400600
1023.600000000 9.200000000 -0.369062900500
1022.850000000 6.400000000 -0.442132741200
1027.100000000 8.200000000 0.152332380400
1027.100000000 8.600000000 0.167962640500
1014.600000000 6.600000000 0.139102250300
1027.100000000 8.800000000 0.184511631700
1014.600000000 8.000000000 0.101446539200
1018.350000000 6.800000000 0.381295502200
1027.100000000 8.400000000 0.152120664700
1014.850000000 8.800000000 0.121300317300
1017.100000000 6.200000000 0.284566193800
1014.600000000 7.400000000 0.143697291600
1022.600000000 6.400000000 -0.435645043800
1017.850000000 6.600000000 0.327563077200
1023.100000000 6.400000000 -0.435734897900
1026.850000000 8.800000000 0.181732013800
1022.600000000 9.400000000 -0.391976922800
1022.850000000 9.400000000 -0.377497166400
1024.100000000 6.800000000 -0.265234261800
1019.350000000 8.600000000 0.228141784700
1019.600000000 8.600000000 0.095267839700
1018.600000000 8.800000000 0.372438848000
1015.350000000 5.800000000 0.219386637200
1020.850000000 9.000000000 -0.383802563000
1020.850000000 6.800000000 -0.341066837300
1026.350000000 8.600000000 0.206090763200
1025.850000000 8.400000000 0.260445028500
1018.100000000 9.000000000 0.365625798700
1020.350000000 8.800000000 -0.269824266400
1016.600000000 9.400000000 0.307955682300
1027.350000000 7.400000000 0.138648435500
1014.600000000 8.600000000 0.184853360100
1022.350000000 9.400000000 -0.397386699900
1026.850000000 7.000000000 0.197622194900
1027.350000000 9.000000000 0.197950124700
1023.850000000 6.600000000 -0.339531272600
1025.600000000 7.200000000 0.234232664100
1016.350000000 9.400000000 0.281846791500
1027.350000000 8.800000000 0.188327372100
1022.350000000 6.400000000 -0.419378459500
1027.100000000 9.000000000 0.193553403000
1023.100000000 9.400000000 -0.354794323400
1014.600000000 7.600000000 0.157224103800
1017.600000000 9.200000000 0.333242178000
1027.100000000 7.000000000 0.156204953800
1016.350000000 5.800000000 0.264467299000
1014.600000000 6.400000000 0.143465876600
1025.100000000 7.200000000 0.154101163100
1026.600000000 7.000000000 0.239524215500
1023.350000000 6.400000000 -0.415707528600
1021.350000000 9.200000000 -0.422129958900
1027.350000000 7.200000000 0.130047023300
1016.850000000 9.400000000 0.320186287200
1027.350000000 7.600000000 0.144440770100
1015.350000000 9.200000000 0.225089430800
1025.350000000 7.200000000 0.199822187400
1016.100000000 9.400000000 0.248806223300
1024.100000000 9.000000000 -0.222268745300
1026.600000000 8.800000000 0.184185326100
1016.850000000 6.000000000 0.270161151900
1023.850000000 9.200000000 -0.314507603600
1014.600000000 7.800000000 0.160824075300
1021.350000000 6.600000000 -0.413538903000
1014.350000000 8.400000000 0.167397454400
1024.600000000 7.000000000 -0.052321415400
1014.600000000 8.800000000 0.232788980000
1014.350000000 8.200000000 0.118054933800
1022.100000000 9.400000000 -0.394739657600
1027.350000000 8.600000000 0.171199098200
1027.600000000 9.000000000 0.193583950400
1023.350000000 9.400000000 -0.382079720500
1014.350000000 8.600000000 0.172524109500
1014.850000000 6.000000000 0.180455550600
1019.100000000 7.000000000 0.308061748700
1027.350000000 9.200000000 0.197326555800
1027.600000000 9.200000000 0.192805394500
1020.100000000 7.000000000 -0.009276649900
1027.350000000 7.800000000 0.129382625200
1026.350000000 7.000000000 0.259653627900
1023.600000000 6.400000000 -0.379448741700
1024.850000000 8.400000000 0.088010430300
1026.850000000 9.000000000 0.184648662800
1017.100000000 9.400000000 0.316781193000
1022.100000000 6.400000000 -0.397850662500
1015.100000000 5.800000000 0.198591649500
1027.350000000 8.000000000 0.102464020300
1015.850000000 9.400000000 0.239484325100
1012.850000000 7.600000000 -0.065782524600
1017.600000000 6.400000000 0.289728641500
1014.350000000 7.000000000 0.109094858200
1027.350000000 7.000000000 0.121280163500
1025.600000000 8.400000000 0.245162829800
1014.350000000 7.200000000 0.110145457100
1014.600000000 6.200000000 0.151823937900
1014.350000000 8.000000000 0.106900908100
1024.350000000 8.800000000 -0.127878934100
1026.100000000 8.600000000 0.223920360200
1027.350000000 8.200000000 0.123483806800
1014.850000000 9.000000000 0.136839032200
1027.600000000 8.800000000 0.187550246700
1014.350000000 8.800000000 0.181981802000
1014.350000000 6.800000000 0.101077772700
1027.350000000 8.400000000 0.152384519600
1012.850000000 7.400000000 -0.058863025200
1018.600000000 6.800000000 0.351452261200
1023.600000000 9.400000000 -0.363267481300
1024.350000000 6.800000000 -0.179279252900
1018.850000000 8.800000000 0.318391412500
1027.850000000 9.200000000 0.180585339700
1027.850000000 9.400000000 0.185367524600
1027.600000000 9.400000000 0.189765498000
1012.850000000 7.800000000 -0.072793215500
1020.100000000 8.800000000 -0.170985072900
1027.100000000 9.200000000 0.191231712700
1021.100000000 9.200000000 -0.385388046500
1021.850000000 9.400000000 -0.385801255700
1015.600000000 9.400000000 0.221061006200
1014.350000000 6.600000000 0.105763077700
1020.600000000 9.000000000 -0.320230037000
1024.100000000 6.600000000 -0.272212564900
1014.100000000 8.400000000 0.118406623600
1014.100000000 8.600000000 0.123682715000
1015.100000000 9.200000000 0.190944656700
1024.600000000 8.600000000 -0.005135905900
1018.350000000 9.000000000 0.348424077000
1014.350000000 7.400000000 0.110222555700
1014.600000000 9.000000000 0.237276762700
1024.100000000 9.200000000 -0.249755427200
1018.100000000 6.600000000 0.319641262300
1015.600000000 5.600000000 0.227449685300
1016.600000000 5.800000000 0.254672497500
1023.850000000 6.400000000 -0.336245060000
1020.600000000 6.800000000 -0.230864718600
1027.850000000 9.000000000 0.192043378900
1017.850000000 9.200000000 0.314021199900
1015.850000000 5.600000000 0.242950007300
1024.850000000 7.000000000 0.037646036600
1026.350000000 8.800000000 0.191012278200
1017.350000000 6.200000000 0.267396211600
1026.100000000 7.000000000 0.259161800100
1019.350000000 7.000000000 0.247223287800
1025.350000000 8.400000000 0.204523474000
1027.600000000 7.400000000 0.058226190500
1028.100000000 9.400000000 0.176936909600
1017.350000000 9.400000000 0.301833242200
1021.850000000 6.400000000 -0.375543475200
1019.850000000 7.000000000 0.096043020500
1025.100000000 8.400000000 0.148397475500
1014.100000000 8.200000000 0.108527854100
1027.850000000 9.600000000 0.193204537000
1014.350000000 7.800000000 0.108202710700
1027.600000000 7.200000000 0.097886994500
1014.100000000 8.800000000 0.132868111100
1027.350000000 9.400000000 0.187372311900
1012.850000000 8.000000000 -0.088015481800
1012.850000000 8.200000000 -0.091592907900
1028.100000000 9.600000000 0.188271522500
1024.350000000 9.000000000 -0.156571105100
1027.600000000 8.600000000 0.174422815400
1014.350000000 7.600000000 0.121515393300
1014.350000000 9.000000000 0.193572670200
1023.850000000 9.400000000 -0.323620080900
1014.350000000 6.400000000 0.113896384800
1012.850000000 7.200000000 -0.049918964500
1015.350000000 5.600000000 0.207953229500
1021.100000000 6.600000000 -0.359556108700
1022.850000000 9.600000000 -0.323267757900
1026.600000000 9.000000000 0.176353603600
1027.100000000 6.800000000 0.141533792000
1027.600000000 7.600000000 0.059799213000
1019.600000000 7.000000000 0.179247364400
1013.100000000 8.200000000 -0.064559482000
1028.100000000 9.200000000 0.165700346200
1016.100000000 9.600000000 0.246944591400
1014.850000000 5.800000000 0.173853114200
1016.350000000 9.600000000 0.278609186400
1023.100000000 9.600000000 -0.336602658000
1014.600000000 6.000000000 0.153398677700
1015.350000000 9.400000000 0.203239411100
1016.100000000 5.600000000 0.250243753200
1022.600000000 9.600000000 -0.313066601800
1027.600000000 8.000000000 0.072611555500
1027.350000000 6.800000000 0.114862494200
1027.850000000 8.800000000 0.174709245600
1013.350000000 8.200000000 -0.031114380800
1012.850000000 8.400000000 -0.087745137500
1027.600000000 7.800000000 0.075998939600
1015.850000000 9.600000000 0.211176708300
1026.850000000 6.800000000 0.188033372200
1013.100000000 7.600000000 -0.022718533900
1013.850000000 8.200000000 0.052371658400
1021.600000000 9.400000000 -0.371333003000
1013.600000000 8.200000000 0.008851137900
1027.600000000 7.000000000 0.097849868200
1019.100000000 8.800000000 0.244416073000
1027.600000000 9.600000000 0.188753366500
1014.100000000 8.000000000 0.096841804700
1016.600000000 9.600000000 0.296887069900
1028.100000000 9.000000000 0.167702123500
1013.100000000 8.000000000 -0.060794286400
1019.850000000 8.800000000 -0.063498370300
1025.100000000 7.000000000 0.110144242600
1013.100000000 8.400000000 -0.056552127000
1017.100000000 6.000000000 0.252433300000
1028.350000000 9.600000000 0.175426721600
1025.850000000 8.600000000 0.226574212300
1014.850000000 9.200000000 0.162949279000
1023.350000000 9.600000000 -0.344937175500
1013.350000000 8.400000000 -0.023680390800
1013.100000000 7.800000000 -0.034983705700
1025.850000000 7.000000000 0.240536630200
1015.100000000 9.400000000 0.196331203000
1024.600000000 6.800000000 -0.091472640600
1024.100000000 6.400000000 -0.287302285400
1026.850000000 9.200000000 0.176584646100
1013.600000000 8.400000000 0.010498624300
1027.600000000 8.200000000 0.088685214500
1013.850000000 8.400000000 0.046555489300
1029.600000000 7.400000000 0.137029036900
1027.600000000 8.400000000 0.130158975700
1023.350000000 6.200000000 -0.376546472300
1028.350000000 9.400000000 0.165605142700
1022.350000000 9.600000000 -0.309212714400
1015.600000000 9.600000000 0.198614403600
1013.350000000 8.000000000 -0.026208711800
1014.100000000 9.000000000 0.149072885500
1029.350000000 7.400000000 0.139178857200
1023.600000000 6.200000000 -0.354904294000
1024.350000000 9.200000000 -0.182706534900
1013.100000000 7.400000000 -0.016148807500
1013.850000000 8.000000000 0.057582847800
1023.100000000 6.200000000 -0.388979792600
1014.350000000 6.200000000 0.120611861300
1029.600000000 7.600000000 0.152622968000
1013.850000000 8.600000000 0.081483960200
1022.850000000 6.200000000 -0.382479816700
1018.850000000 6.800000000 0.309121310700
1028.100000000 9.800000000 0.188121676400
1024.600000000 8.800000000 -0.067138761300
1029.350000000 7.200000000 0.134221032300
1016.850000000 9.600000000 0.297357857200
1020.850000000 9.200000000 -0.343717694300
1024.350000000 6.600000000 -0.219124555600
1014.100000000 7.000000000 0.067306242900
1028.350000000 9.800000000 0.173053517900
1013.600000000 8.000000000 0.014673426700
1024.100000000 9.400000000 -0.266271919000
1015.100000000 5.600000000 0.185699224500
1025.350000000 7.000000000 0.165707886200
1023.850000000 6.200000000 -0.328132331400
1020.350000000 9.000000000 -0.338805675500
1014.100000000 7.200000000 0.071483619500
1014.100000000 6.800000000 0.067722760100
1017.600000000 9.400000000 0.281765908000
1021.600000000 6.400000000 -0.360324472200
1012.850000000 8.600000000 -0.076244093500
1017.850000000 6.400000000 0.262974917900
1025.600000000 7.000000000 0.208533451000
1014.850000000 9.400000000 0.198403388300
1019.350000000 8.800000000 0.152351304900
1018.600000000 9.000000000 0.314772486700
1019.600000000 8.800000000 0.047094423300
1015.350000000 9.600000000 0.209839433400
1029.350000000 7.600000000 0.149423152200
1022.600000000 6.200000000 -0.364009738000
1014.100000000 7.800000000 0.095145739600
1029.850000000 7.600000000 0.155556559600
1023.600000000 9.600000000 -0.338291436400
1026.600000000 6.800000000 0.214646577800
1015.100000000 9.600000000 0.213973119900
1014.850000000 9.600000000 0.212557390300
1018.100000000 9.200000000 0.300508350100
1027.100000000 9.400000000 0.175994768700
1027.600000000 6.800000000 0.101885996800
1028.350000000 9.200000000 0.145174846100
1029.600000000 7.200000000 0.127062127000
1014.600000000 9.200000000 0.232191473200
1029.850000000 7.400000000 0.138380900000
1014.600000000 9.600000000 0.211284190400
1013.850000000 8.800000000 0.090753413700
1029.100000000 7.200000000 0.143654555100
1014.600000000 9.800000000 0.222565785100
1012.850000000 7.000000000 -0.053630571800
1026.100000000 8.800000000 0.195370554900
1014.850000000 9.800000000 0.222071915900
1027.850000000 9.800000000 0.192694366000
1018.350000000 6.600000000 0.305899977700
1024.850000000 8.600000000 0.029364503900
1020.350000000 6.800000000 -0.116572350300
1028.100000000 8.800000000 0.154462367300
1029.350000000 7.000000000 0.128848716600
1014.100000000 6.600000000 0.073490195000
1021.350000000 9.400000000 -0.348562061800
1027.850000000 8.600000000 0.170905023800
1016.350000000 5.600000000 0.243616536300
1014.350000000 9.800000000 0.214420229200
1014.600000000 9.400000000 0.188665151600
1014.350000000 9.600000000 0.203743383300
1014.100000000 7.400000000 0.080748446300
1014.350000000 9.200000000 0.200221031900
1013.100000000 8.600000000 -0.042197797400
1028.600000000 9.800000000 0.151008233400
1029.850000000 7.800000000 0.163692295600
1016.850000000 5.800000000 0.234596028900
1029.100000000 7.000000000 0.136983931100
1028.600000000 9.600000000 0.155386269100
1024.100000000 6.200000000 -0.324429124600
1029.100000000 7.400000000 0.145673885900
1024.600000000 9.000000000 -0.095674447700
1015.100000000 9.800000000 0.217283308500
1027.350000000 9.600000000 0.174648061400
1029.600000000 7.800000000 0.167175769800
1013.850000000 7.800000000 0.064298234900
1017.100000000 9.600000000 0.281745761600
1028.350000000 9.000000000 0.134245663900
1022.100000000 9.600000000 -0.309463977800
1013.350000000 7.800000000 0.003512449300
1022.350000000 6.200000000 -0.337988287200
1030.100000000 7.800000000 0.152196764900
1014.850000000 10.000000000 0.219451159200
1014.600000000 10.000000000 0.222778290500
1014.100000000 9.800000000 0.202695921100
1025.600000000 8.600000000 0.208349779200
1015.350000000 9.800000000 0.214184820700
1028.350000000 10.000000000 0.147401884200
1013.350000000 8.600000000 -0.011772284300
1026.350000000 9.000000000 0.170524522700
1027.850000000 7.400000000 0.026447629600
1030.100000000 7.600000000 0.152495488500
1013.850000000 9.000000000 0.158095628000
1013.350000000 7.600000000 0.018062377300
1013.600000000 7.800000000 0.027589887400
1014.600000000 5.800000000 0.144378557800
1014.100000000 9.600000000 0.191198319200
1015.600000000 9.800000000 0.195311605900
1015.850000000 9.800000000 0.222530946100
1014.100000000 7.600000000 0.080296345100
1020.850000000 6.600000000 -0.286018610000
1013.600000000 8.600000000 0.015127529400
1024.850000000 6.800000000 -0.010859724100
1023.850000000 9.600000000 -0.310091912700
1014.350000000 9.400000000 0.179880216700
1013.100000000 7.200000000 -0.014673972500
1014.100000000 6.400000000 0.081666350400
1014.100000000 9.200000000 0.201463788700
1030.100000000 8.000000000 0.143450975400
1015.100000000 10.000000000 0.214713469100
1014.350000000 10.000000000 0.216554135100
1024.100000000 6.000000000 -0.339028835300
1017.600000000 6.200000000 0.242086708500
1024.350000000 6.400000000 -0.234941780600
1029.100000000 7.600000000 0.148836359400
1020.600000000 9.200000000 -0.402852177600
1029.350000000 7.800000000 0.163951396900
1014.350000000 6.000000000 0.121398791700
1020.100000000 9.000000000 -0.299192100800
1023.850000000 6.000000000 -0.336316704800
1024.350000000 9.400000000 -0.199466019900
1030.100000000 7.400000000 0.140048891300
1028.100000000 10.000000000 0.156500488500
1027.850000000 7.600000000 0.024771936200
1027.850000000 7.200000000 0.096379265200
1028.600000000 9.400000000 0.149684280200
1029.600000000 7.000000000 0.121943570700
1030.350000000 8.000000000 0.126812115300
1029.850000000 8.000000000 0.159651100600
1029.850000000 7.200000000 0.135653585200
1024.350000000 6.200000000 -0.303688854000
1016.100000000 9.800000000 0.249227359900
1030.350000000 7.800000000 0.132980749000
1024.350000000 6.000000000 -0.335751503700
1013.850000000 9.800000000 0.181689545500
1028.600000000 10.000000000 0.143432080700
1014.850000000 5.600000000 0.160596102500
1025.100000000 8.600000000 0.094960331900
1024.600000000 9.200000000 -0.118682138600
1027.350000000 6.600000000 0.135920599100
1027.600000000 9.800000000 0.184281185300
1025.350000000 8.600000000 0.157799288600
1027.850000000 7.000000000 0.100452154900
1013.350000000 7.400000000 0.022508665900
1014.100000000 10.000000000 0.204419419200
1026.350000000 6.800000000 0.227889418600
1015.350000000 10.000000000 0.222105756400
1013.850000000 9.600000000 0.171314299100
1023.600000000 6.000000000 -0.325937718200
1026.600000000 9.200000000 0.158668801200
1014.100000000 9.400000000 0.170459508900
1027.850000000 8.000000000 0.063558854200
1028.850000000 7.200000000 0.152154371100
1024.850000000 8.800000000 -0.007279842200
1027.850000000 8.400000000 0.123770535000
1027.600000000 6.600000000 0.110438630000
1019.100000000 6.800000000 0.259587138900
1029.100000000 6.800000000 0.126426294400
1013.850000000 9.200000000 0.169666498900
1013.850000000 7.600000000 0.070716440700
1024.600000000 6.600000000 -0.118939317800
1022.100000000 6.200000000 -0.304574519400
1028.850000000 7.000000000 0.144849091800
1021.850000000 9.600000000 -0.312397360800
1027.850000000 7.800000000 0.068721868100
1028.600000000 9.200000000 0.109493307800
1024.600000000 6.000000000 -0.303195715000
1028.850000000 9.800000000 0.125477582200
1029.600000000 8.000000000 0.170894503600
1012.850000000 8.800000000 -0.063658341800
1027.100000000 6.600000000 0.155591890200
1018.850000000 9.000000000 0.261870980300
1029.350000000 6.800000000 0.120383381800
1016.350000000 9.800000000 0.268095970200
1021.350000000 6.400000000 -0.336434364300
1017.350000000 9.600000000 0.256094634500
1030.350000000 7.600000000 0.137656629100
1022.850000000 9.800000000 -0.274927288300
1023.100000000 9.800000000 -0.288399279100
1017.850000000 9.400000000 0.259937316200
1021.100000000 9.400000000 -0.331964224600
1014.100000000 6.200000000 0.083720326400
1013.850000000 10.000000000 0.188416183000
1013.600000000 7.600000000 0.039848949800
1027.850000000 6.800000000 0.102107979400
1024.350000000 5.800000000 -0.340710669800
1027.850000000 8.200000000 0.077155865700
1028.350000000 8.800000000 0.126973331000
1024.600000000 6.200000000 -0.281072408000
1013.600000000 8.800000000 0.111168116300
1028.100000000 8.600000000 0.157298460600
1030.100000000 8.200000000 0.142180457700
1024.100000000 5.800000000 -0.329907208700
1028.850000000 9.600000000 0.128074184100
1024.100000000 9.600000000 -0.261209279300
1017.350000000 6.000000000 0.224830895700
1012.850000000 6.800000000 -0.065654791900
1030.350000000 8.200000000 0.130291491700
1029.100000000 7.800000000 0.155371516900
1024.600000000 5.800000000 -0.335896760200
1030.600000000 8.000000000 0.110738888400
1020.350000000 9.200000000 -0.357073426200
1028.850000000 7.400000000 0.153223305900
1013.600000000 9.000000000 0.165092662000
1013.850000000 7.000000000 0.028170522300
1018.350000000 9.200000000 0.279429256900
1025.850000000 8.800000000 0.207696020600
1020.100000000 6.800000000 -0.011725139800
1031.850000000 9.600000000 0.179653406100
1030.600000000 7.800000000 0.097831793100
1032.100000000 9.600000000 0.165332898500
1023.350000000 6.000000000 -0.318919152000
1013.600000000 9.800000000 0.153022244600
1022.600000000 9.800000000 -0.267394751300
1023.350000000 9.800000000 -0.298701852600
1013.850000000 9.400000000 0.156980812500
1015.600000000 10.000000000 0.224548414300
1028.100000000 6.400000000 0.089154295600
1027.850000000 6.400000000 0.107970535800
1023.850000000 5.800000000 -0.312022477400
1016.600000000 5.600000000 0.219553023600
1026.850000000 9.400000000 0.156164050100
1025.100000000 6.800000000 0.058423232300
1013.850000000 6.800000000 0.036517575400
1030.100000000 7.200000000 0.142238333800
1028.850000000 6.800000000 0.133682370200
1016.600000000 9.800000000 0.271654367400
1024.850000000 6.000000000 -0.262447714800
1024.850000000 9.000000000 -0.037615444500
1029.850000000 8.200000000 0.155131116500
1013.600000000 9.600000000 0.143593192100
1019.850000000 9.000000000 -0.208585038800
1028.600000000 9.000000000 0.095524907100
1027.850000000 6.600000000 0.093211062300
1018.600000000 6.600000000 0.282482326000
1028.850000000 10.000000000 0.129132017500
1027.850000000 10.000000000 0.165166258800
1015.600000000 5.400000000 0.207707956400
1029.850000000 7.000000000 0.128415033200
1031.850000000 9.400000000 0.168663829600
1013.100000000 7.000000000 -0.019731342800
1031.600000000 9.600000000 0.185304656600
1024.850000000 5.800000000 -0.307499676900
1029.350000000 8.000000000 0.171366140200
1030.350000000 7.400000000 0.116776302500
1031.600000000 9.400000000 0.141460701800
1018.100000000 6.400000000 0.240296065800
1013.600000000 9.200000000 0.175212919700
1013.100000000 8.800000000 -0.031065208800
1024.600000000 6.400000000 -0.266590863500
1015.350000000 5.400000000 0.190657287800
1013.600000000 10.000000000 0.164081126500
1032.350000000 9.600000000 0.164444655200
1031.850000000 9.800000000 0.157739162400
1031.600000000 9.200000000 0.125389888900
1027.100000000 9.600000000 0.152549535000
1032.100000000 9.400000000 0.164386808900
1028.100000000 6.200000000 0.104057349300
1013.850000000 7.200000000 0.030912153400
1013.850000000 7.400000000 0.037224393300
1031.350000000 9.200000000 0.135428771400
1013.350000000 7.200000000 0.018865333900
1032.100000000 9.800000000 0.157971456600
1013.600000000 7.400000000 0.053502030700
1013.850000000 6.600000000 0.040715780100
1024.600000000 9.400000000 -0.132493481000
1029.600000000 6.800000000 0.116050966100
1031.350000000 9.400000000 0.134721711300
1028.100000000 6.600000000 0.053959995500
1028.850000000 7.600000000 0.148742452300
1024.850000000 6.200000000 -0.241514176100
1030.600000000 8.200000000 0.118828393500
1031.850000000 9.000000000 0.114137448400
1031.850000000 9.200000000 0.137684270700
1015.850000000 10.000000000 0.227642759700
1021.600000000 9.600000000 -0.300951331900
1026.850000000 6.600000000 0.175318047400
1030.600000000 7.600000000 0.104763224700
1020.850000000 9.400000000 -0.362270981100
1027.600000000 6.400000000 0.137625649600
1025.100000000 8.800000000 0.054227069000
1015.850000000 5.400000000 0.217981681200
1031.600000000 9.800000000 0.159318476900
1031.600000000 9.000000000 0.130985334500
1023.600000000 9.800000000 -0.295549094700
1014.350000000 5.800000000 0.110194452100
1022.350000000 9.800000000 -0.268177807300
1028.350000000 6.200000000 0.097683750100
1023.100000000 6.000000000 -0.323415577400
1016.850000000 9.800000000 0.260884136000
1021.850000000 6.200000000 -0.295168429600
1028.850000000 9.400000000 0.129870206100
1026.100000000 6.800000000 0.223574832100
1019.100000000 9.000000000 0.148457303600
1023.600000000 5.800000000 -0.291740715500
1028.850000000 6.600000000 0.114638134800
1031.350000000 9.600000000 0.150517135900
1032.350000000 9.400000000 0.155378490700
1024.350000000 5.600000000 -0.323342233900
1030.600000000 8.600000000 0.099598854800
1026.100000000 9.000000000 0.163969084600
1031.350000000 9.000000000 0.152272105200
1027.350000000 9.800000000 0.162547051900
1019.350000000 6.800000000 0.205985397100
1024.600000000 5.600000000 -0.332467287800
1013.850000000 6.400000000 0.044895030600
1020.600000000 6.600000000 -0.235172033300
1017.100000000 5.800000000 0.204669982200
1028.350000000 6.400000000 0.083339303700
1029.100000000 6.600000000 0.110211670400
1030.850000000 8.600000000 0.093439102200
1013.600000000 9.400000000 0.136014163500
1029.600000000 8.200000000 0.164173856400
1013.350000000 8.800000000 -0.003193943100
1031.850000000 8.800000000 0.111391380400
1013.350000000 9.000000000 0.134022086900
1031.100000000 9.200000000 0.147765517200
1025.600000000 8.800000000 0.170278951500
1032.100000000 9.200000000 0.136524990200
1025.100000000 5.800000000 -0.254068762100
1032.350000000 9.800000000 0.158057600300
1014.600000000 5.600000000 0.132799878700
1015.100000000 5.400000000 0.169912666100
1014.100000000 6.000000000 0.083335027100
1013.350000000 10.000000000 0.163393497500
1032.100000000 9.000000000 0.100613348200
1024.850000000 9.200000000 -0.058845546100
1024.100000000 5.600000000 -0.302774101500
1030.350000000 7.200000000 0.104986093900
1020.100000000 9.200000000 -0.288083225500
1024.850000000 5.600000000 -0.318716257800
1019.600000000 9.000000000 -0.084737472200
1032.600000000 9.600000000 0.153633445500
1024.350000000 9.600000000 -0.206284135600
1027.850000000 6.200000000 0.118494823600
1028.350000000 8.600000000 0.134681716600
1032.100000000 8.800000000 0.083548188200
1013.350000000 9.200000000 0.144871875600
1030.600000000 8.400000000 0.110845096400
1019.850000000 6.800000000 0.075951337800
1028.100000000 7.000000000 0.114363029600
1013.350000000 9.800000000 0.118207685600
1025.100000000 6.000000000 -0.220683172300
1031.100000000 9.400000000 0.131051376500
1030.350000000 8.400000000 0.133628770700
1017.600000000 9.600000000 0.227221518800
1025.350000000 8.800000000 0.115820147100
1028.100000000 6.800000000 0.104846358300
1028.100000000 7.200000000 0.111434385200
1024.850000000 6.600000000 -0.049580458600
1025.350000000 6.800000000 0.116718009100
1029.100000000 8.000000000 0.158019945000
1028.100000000 8.400000000 0.143818244300
1030.100000000 7.000000000 0.129834771200
1013.600000000 7.200000000 0.045100353700
1031.600000000 8.800000000 0.143197387500
1028.350000000 6.600000000 0.047630168500
1028.850000000 6.400000000 0.102288529300
1031.100000000 9.000000000 0.167432189000
1029.100000000 9.800000000 0.099239446200
1028.600000000 7.000000000 0.150911897400
1030.600000000 8.800000000 0.102143779400
1013.350000000 9.600000000 0.109883427600
1028.850000000 7.800000000 0.142113670700
1013.100000000 10.000000000 0.163995787500
1024.850000000 6.400000000 -0.227984592300
1031.350000000 9.800000000 0.158400625000
1016.100000000 10.000000000 0.238141417500
1022.850000000 6.000000000 -0.316065162400
1028.600000000 8.800000000 0.109781779300
1019.350000000 9.000000000 0.055413700600
1030.850000000 8.400000000 0.091677650800
1030.850000000 8.800000000 0.112927757200
1028.600000000 7.200000000 0.156753331400
1030.100000000 8.400000000 0.151291534300
1028.850000000 9.200000000 0.073618754700
1020.600000000 9.400000000 -0.362987399100
1019.600000000 6.800000000 0.146688059000
1021.100000000 6.400000000 -0.339027673000
1030.350000000 8.600000000 0.117975249900
1032.600000000 9.400000000 0.146526813500
1028.600000000 6.600000000 0.122386969600
1025.100000000 5.600000000 -0.275265276400
1028.100000000 7.400000000 0.015630334600
1023.850000000 5.600000000 -0.280090659900
1013.850000000 6.200000000 0.041755445300
1030.850000000 7.800000000 0.076299309700
1027.350000000 6.400000000 0.169423028800
1029.100000000 9.600000000 0.108287885800
1028.600000000 6.400000000 0.116046264800
1016.100000000 5.400000000 0.216986477400
1030.600000000 7.400000000 0.083852730700
1028.600000000 6.200000000 0.106248527800
1012.850000000 6.600000000 -0.082811795200
1028.100000000 7.600000000 0.011795209700
1028.600000000 6.800000000 0.131713911900
1032.350000000 9.200000000 0.156209141000
1023.850000000 9.800000000 -0.273475170100
1029.350000000 6.600000000 0.109862290300
1030.850000000 8.000000000 0.094015151300
1031.100000000 8.800000000 0.164400205000
1026.350000000 9.200000000 0.142161563000
1031.100000000 9.600000000 0.135590493700
1017.100000000 9.800000000 0.237603321700
1025.100000000 6.200000000 -0.202881082900
1017.850000000 6.200000000 0.209975257500
1018.100000000 9.400000000 0.236327245800
1028.850000000 6.200000000 0.086968705100
1031.100000000 8.600000000 0.101728841700
1031.350000000 8.800000000 0.161338955200
1013.350000000 7.000000000 0.007514462300
1022.100000000 9.800000000 -0.272122979200
1025.850000000 6.800000000 0.201626360400
1025.100000000 9.000000000 0.020648114400
1013.100000000 6.800000000 -0.033931650200
1029.350000000 8.200000000 0.162200048600
1030.850000000 9.000000000 0.167603552300
1029.100000000 10.000000000 0.111175946900
1029.850000000 8.400000000 0.160240471400
1023.350000000 5.800000000 -0.269509255900
1012.850000000 10.000000000 0.141204595600
1013.600000000 7.000000000 0.028944406700
1030.850000000 8.200000000 0.103919670000
1018.600000000 9.200000000 0.247341588100
1022.600000000 6.000000000 -0.298647224900
1025.600000000 6.800000000 0.164911121100
1025.350000000 5.800000000 -0.183164686000
1032.600000000 9.800000000 0.151352033000
1013.350000000 9.400000000 0.148381382200
1030.850000000 9.200000000 0.153403386500
1029.100000000 6.400000000 0.093190178300
1030.850000000 7.600000000 0.072896085700
1030.350000000 8.800000000 0.103254720600
1029.850000000 6.800000000 0.118576690600
1032.600000000 9.200000000 0.164142847100
1028.600000000 7.400000000 0.155725568500
1028.600000000 6.000000000 0.106741085600
1013.600000000 6.800000000 0.008557818800
1028.350000000 6.000000000 0.105393327800
1016.350000000 10.000000000 0.246862843600
1021.350000000 9.600000000 -0.286209583300
1032.350000000 9.000000000 0.098585493900
1032.350000000 8.800000000 0.067929521200
1029.100000000 9.400000000 0.095884755300
1026.600000000 6.600000000 0.195681542200
1014.850000000 5.400000000 0.147158265100
1031.850000000 10.000000000 0.139871299300
1028.850000000 6.000000000 0.078977033500
1027.600000000 10.000000000 0.165049627400
1025.350000000 5.600000000 -0.206103697400
1013.100000000 9.000000000 0.102965191000
1031.100000000 8.400000000 0.083226367800
1030.850000000 9.400000000 0.127579420800
1031.600000000 10.000000000 0.139622002800
1018.850000000 6.600000000 0.250472724400
1013.100000000 9.200000000 0.113328158900
1012.850000000 9.000000000 -0.054980848000
1028.350000000 6.800000000 0.031631760300
1013.600000000 6.600000000 0.006954905600
1030.600000000 9.000000000 0.149892494100
1016.850000000 5.600000000 0.179860711100
1028.850000000 9.000000000 0.058013390700
1025.350000000 6.000000000 -0.164339304000
1028.100000000 6.000000000 0.111078850900
1019.850000000 9.200000000 -0.206029251200
1031.100000000 9.800000000 0.148361682900
1013.100000000 9.800000000 0.119237341000
1030.350000000 7.000000000 0.110835112600
1028.600000000 8.600000000 0.107381835600
1024.850000000 9.400000000 -0.071865096700
1023.600000000 5.600000000 -0.258986413500
1029.600000000 8.400000000 0.158087819800
1032.100000000 10.000000000 0.145000845200
1021.600000000 6.200000000 -0.286687225100
1024.350000000 5.400000000 -0.294318646200
1031.350000000 8.600000000 0.145212382100
1030.600000000 7.200000000 0.065482974100
1024.600000000 5.400000000 -0.307439506100
1025.100000000 6.400000000 -0.185361936700
1024.600000000 9.600000000 -0.142200976600
1027.600000000 6.200000000 0.140549510700
1020.350000000 9.400000000 -0.327907621900
1013.600000000 6.400000000 0.004320544200
1028.850000000 8.000000000 0.133063748500
1027.100000000 6.400000000 0.191724374900
1025.850000000 9.000000000 0.173832431400
1020.350000000 6.600000000 -0.133523702600
1030.100000000 8.600000000 0.138656839700
1028.100000000 8.200000000 0.101164139800
1031.850000000 8.600000000 0.113996870800
1028.100000000 7.800000000 0.031682092700
1024.100000000 9.800000000 -0.234484180800
1026.600000000 9.400000000 0.131749466100
1024.850000000 5.400000000 -0.302448153500
1017.600000000 6.000000000 0.188493117700
1032.100000000 8.600000000 0.085832580900
1024.100000000 5.400000000 -0.274083018300
1028.350000000 8.400000000 0.125618711100
1013.350000000 6.800000000 -0.005510421900
1022.350000000 6.000000000 -0.258471012100
1028.600000000 7.600000000 0.143923968100
1029.600000000 6.600000000 0.105465292900
1018.350000000 6.400000000 0.231130108200
1014.100000000 5.800000000 0.072050102100
1031.600000000 8.600000000 0.140350207700
1029.100000000 6.200000000 0.075045086400
1030.100000000 6.800000000 0.127861827600
1029.100000000 8.200000000 0.145374536500
1016.600000000 10.000000000 0.243501097000
1028.350000000 7.000000000 0.115416184100
1016.350000000 5.400000000 0.200354948600
1013.100000000 9.600000000 0.074164323500
1013.850000000 6.000000000 0.040595073300
1013.100000000 6.600000000 -0.053743597100
1013.100000000 9.400000000 0.121825464100
1021.100000000 9.600000000 -0.316964089900
1025.350000000 9.000000000 0.079243950500
1028.100000000 8.000000000 0.069610014600
1031.350000000 10.000000000 0.143535256400
1030.850000000 9.600000000 0.116828836500
1021.850000000 9.800000000 -0.253485351800
1026.850000000 9.600000000 0.125301122700
1025.100000000 9.200000000 -0.002324200500
1017.350000000 9.800000000 0.207950308900
1025.100000000 5.400000000 -0.270873040000
1029.100000000 9.200000000 0.087677314900
1027.100000000 9.800000000 0.130280137100
1014.350000000 5.600000000 0.102734498700
1025.350000000 6.200000000 -0.163421794800
1028.850000000 8.800000000 0.082792207600
1025.100000000 6.600000000 0.009349239100
1032.600000000 9.000000000 0.155490651700
1030.850000000 7.400000000 0.072998687600
1013.600000000 6.200000000 -0.002366193800
1032.350000000 10.000000000 0.148069903300
1022.850000000 10.000000000 -0.225271999800
1023.100000000 10.000000000 -0.234726309800
1030.350000000 9.000000000 0.119418583800
1029.100000000 6.000000000 0.061640631400
1025.600000000 5.800000000 -0.108978472700
1031.350000000 8.400000000 0.113439999500
1020.850000000 6.400000000 -0.283669471700
1029.350000000 8.400000000 0.143320247500
1025.600000000 9.000000000 0.133086621800
1032.350000000 8.600000000 0.063575372100
1030.350000000 6.800000000 0.103392496700
1012.850000000 6.400000000 -0.097474858200
1013.350000000 6.600000000 -0.021203180800
1030.600000000 9.200000000 0.145899787500
1017.850000000 9.600000000 0.199070408900
1025.600000000 5.600000000 -0.126801505700
1023.850000000 5.400000000 -0.253798812600
1028.350000000 7.200000000 0.113917738200
1030.100000000 8.800000000 0.113925732700
1028.600000000 7.800000000 0.124146312500
1023.100000000 5.800000000 -0.243947684800
1029.350000000 6.400000000 0.089676871900
1031.100000000 8.200000000 0.123712338500
1012.850000000 9.800000000 0.135389626000
1022.600000000 10.000000000 -0.222463145900
1023.350000000 10.000000000 -0.242684662300
1029.350000000 9.600000000 0.085979141300
1029.850000000 6.600000000 0.129919603500
1013.350000000 6.400000000 -0.036030538400
1030.600000000 7.000000000 0.083392687100
1025.350000000 5.400000000 -0.213689178200
1026.350000000 6.600000000 0.173765376200
1031.350000000 8.200000000 0.098504126100
1018.850000000 9.200000000 0.167849749300
1027.850000000 6.000000000 0.122057683800
1029.350000000 9.800000000 0.074573658400
1025.600000000 6.000000000 -0.099065996700
1026.850000000 6.400000000 0.195118665700
1017.350000000 5.800000000 0.167384207200
1032.600000000 8.800000000 0.067128509300
1029.850000000 8.600000000 0.165774330500
1014.600000000 5.400000000 0.123144872500
1020.850000000 9.600000000 -0.314712733000
1032.600000000 10.000000000 0.138664394600
1022.100000000 6.000000000 -0.245144709900
1020.100000000 9.400000000 -0.268904089900
1013.100000000 6.400000000 -0.071078904000
1028.850000000 5.800000000 0.080554679000
1019.600000000 9.200000000 -0.122645720800
1029.350000000 10.000000000 0.123912841100
1029.350000000 9.400000000 0.064554162300
1016.850000000 10.000000000 0.225516885500
1028.600000000 5.800000000 0.100871719400
1025.350000000 6.400000000 -0.138766452700
1030.600000000 6.800000000 0.074124559800
1023.350000000 5.600000000 -0.237998530300
1024.350000000 9.800000000 -0.192055016800
1013.850000000 5.800000000 0.149605989500
1031.600000000 8.400000000 0.113371506300
1031.100000000 7.800000000 0.065744742800
1030.850000000 9.800000000 0.125921770900
1018.350000000 9.400000000 0.210904330000
1013.600000000 5.200000000 0.148232609000
1031.100000000 7.600000000 0.051044933500
1030.100000000 6.600000000 0.130699038500
1030.600000000 9.400000000 0.120395779600
1028.850000000 8.600000000 0.080100193600
1012.850000000 9.200000000 0.082663416900
1013.850000000 5.600000000 0.151480317100
1013.350000000 5.200000000 0.152127325500
1026.100000000 9.200000000 0.128110870700
1013.600000000 5.400000000 0.146703749900
1028.600000000 8.400000000 0.103666901600
1031.100000000 8.000000000 0.125474393400
1029.100000000 9.000000000 0.076002180600
1030.100000000 6.200000000 0.006099169600
1031.100000000 10.000000000 0.143831834200
1013.850000000 5.400000000 0.148291498400
1027.350000000 10.000000000 0.143965750900
1029.850000000 6.200000000 0.028023397500
1022.350000000 10.000000000 -0.228431031100
1027.350000000 6.200000000 0.163848891900
1020.100000000 6.600000000 -0.037593148600
1031.600000000 8.200000000 0.077219680000
1013.600000000 5.600000000 0.140577405700
1014.100000000 5.600000000 0.158018767800
1021.600000000 9.800000000 -0.246923342300
1023.600000000 10.000000000 -0.240700453500
1030.850000000 7.200000000 0.070223592200
1028.850000000 8.200000000 0.116066813500
1025.600000000 6.200000000 -0.086768761300
1013.850000000 5.200000000 0.143096730100
1021.350000000 6.200000000 -0.303057104300
1029.600000000 6.200000000 0.078172914700
1019.100000000 6.600000000 0.211614072300
1030.350000000 6.600000000 0.106139332100
1029.100000000 8.400000000 0.118212223100
1029.350000000 6.200000000 0.121977366500
1029.600000000 8.600000000 0.157179787800
1013.600000000 5.800000000 0.131373569400
1013.350000000 5.400000000 0.143823772700
1013.350000000 6.200000000 -0.044215243300
1028.600000000 8.000000000 0.102574050400
1031.350000000 8.000000000 0.092117473500
1013.100000000 5.200000000 0.152092874100
1023.600000000 5.400000000 -0.234839573500
1014.100000000 5.400000000 0.149021133800
1030.350000000 6.200000000 -0.041351124600
1024.350000000 5.200000000 -0.269032210100
1028.350000000 7.400000000 0.147702768400
1030.600000000 6.600000000 0.074881978300
1013.600000000 6.000000000 0.123539567000
1032.600000000 8.600000000 0.052459403900
1025.600000000 5.400000000 -0.143361404500
1012.850000000 9.400000000 0.095847807800
1024.600000000 5.200000000 -0.277338773000
1024.850000000 9.600000000 -0.083632066800
1028.350000000 7.600000000 0.022448860100
1018.100000000 6.200000000 0.167711064200
1028.350000000 5.800000000 0.126879692100
1028.350000000 8.200000000 0.103597760200
1020.600000000 9.600000000 -0.313085168600
1030.850000000 6.600000000 0.046595692600
1030.100000000 9.000000000 0.099116139100
1019.100000000 9.200000000 0.098701693100
1019.350000000 9.200000000 -0.019955566200
1016.600000000 5.400000000 0.167285308200
1030.850000000 6.800000000 0.050730161400
1029.350000000 9.200000000 0.051593989100
1031.850000000 8.400000000 0.099146105300
1031.100000000 7.400000000 0.048800066100
1025.100000000 9.400000000 -0.020154854300
1024.100000000 5.200000000 -0.253328025300
1024.850000000 5.200000000 -0.270151585300
1030.350000000 9.200000000 0.124313555700
1029.100000000 8.800000000 0.059648063000
1029.100000000 5.800000000 0.069543413800
1013.350000000 5.600000000 0.130149230400
1029.350000000 8.600000000 0.129551157400
1020.600000000 6.400000000 -0.255140513200
1025.600000000 6.400000000 -0.060088444500
1025.350000000 9.200000000 0.050351504200
1025.850000000 5.800000000 -0.045880217100
1025.350000000 6.600000000 0.060144253100
1025.850000000 5.600000000 -0.057663660500
1030.600000000 9.600000000 0.096329346300
1014.100000000 5.200000000 0.142415925900
1031.600000000 8.000000000 0.060795206600
1017.600000000 9.800000000 0.176841184500
1026.600000000 6.400000000 0.176893040500
1013.100000000 5.400000000 0.142515376200
1022.850000000 5.800000000 -0.252919286500
1012.850000000 9.600000000 0.041590068500
1030.850000000 7.000000000 0.060081224900
1017.100000000 5.600000000 0.143552452300
1026.100000000 6.600000000 0.144623979900
1012.850000000 5.200000000 0.147191330800
1025.100000000 5.200000000 -0.254350811200
1015.100000000 5.200000000 0.150527715700
1023.850000000 10.000000000 -0.225203722700
1022.100000000 10.000000000 -0.237828031200
1014.350000000 5.400000000 0.150571540000
1013.350000000 5.800000000 0.120784364600
1013.100000000 6.200000000 -0.079326152800
1029.600000000 6.400000000 0.086947053700
1015.350000000 5.200000000 0.166249170900
1031.100000000 6.600000000 0.031049221800
1029.850000000 8.800000000 0.125387430200
1017.100000000 10.000000000 0.193282410500
1024.600000000 9.800000000 -0.141137704300
1025.850000000 6.000000000 -0.038316454700
1019.850000000 9.400000000 -0.197121337100
1029.600000000 6.000000000 0.070378549400
1026.350000000 6.400000000 0.140190571500
1030.100000000 6.000000000 -0.000592014600
1029.850000000 6.000000000 0.045527957400
1029.350000000 6.000000000 0.057042047400
1018.600000000 6.400000000 0.216249436100
1029.100000000 8.600000000 0.046919353300
1020.350000000 6.400000000 -0.282208442700
1021.850000000 6.000000000 -0.236016497000
1028.350000000 7.800000000 0.040131222500
1012.850000000 6.200000000 -0.104489155100
1032.100000000 8.400000000 0.100075595100
1031.850000000 8.200000000 0.066981889300
1026.100000000 6.400000000 0.091894350900
1023.850000000 5.200000000 -0.235528186000
1025.850000000 6.200000000 -0.020767726000
1025.850000000 5.400000000 -0.160561949000
1026.350000000 9.400000000 0.108194448100
1013.350000000 6.000000000 0.116238869700
1029.850000000 6.400000000 0.026764147000
1027.600000000 6.000000000 0.136537373100
1030.100000000 6.400000000 0.122519530400
1013.100000000 5.600000000 0.126946568500
1025.850000000 6.400000000 0.035658776800
1019.850000000 6.600000000 0.040625385900
1014.850000000 5.200000000 0.134812355000
1028.850000000 8.400000000 0.081685304600
1025.350000000 5.200000000 -0.224368616900
1030.850000000 6.400000000 0.049455419200
1021.100000000 6.200000000 -0.299133002800
1030.350000000 6.400000000 0.103140063600
1015.600000000 5.200000000 0.176061019300
1018.100000000 9.600000000 0.182690158500
1012.850000000 5.400000000 0.138933524500
1030.600000000 6.400000000 0.071335300800
1025.850000000 6.600000000 0.078278534100
1027.100000000 6.200000000 0.178031235900
1032.350000000 8.400000000 0.087993539900
1021.350000000 9.800000000 -0.239438220900
1020.350000000 9.600000000 -0.288975834800
1031.100000000 6.800000000 0.039506055400
1017.850000000 6.000000000 0.147587493100
1030.600000000 6.200000000 -0.074428491300
1028.350000000 8.000000000 0.069660469900
1030.850000000 10.000000000 0.131351769000
1031.100000000 7.200000000 0.049102958300
1019.350000000 6.600000000 0.167399749200
1029.600000000 10.000000000 0.092547647700
1025.600000000 6.600000000 -0.019499154800
1023.100000000 5.600000000 -0.213475570100
1026.850000000 9.800000000 0.093208029900
1031.850000000 8.000000000 0.043794076900
1028.100000000 5.800000000 0.149113342200
1020.600000000 6.200000000 -0.239911511500
1029.350000000 9.000000000 0.042038328900
1025.850000000 9.200000000 0.132944479600
1020.850000000 6.200000000 -0.217134743900
1014.350000000 5.200000000 0.144756540700
1031.350000000 7.800000000 0.113250486600
1025.600000000 9.200000000 0.096548944700
1020.100000000 6.400000000 -0.281161785100
1031.100000000 6.400000000 0.038489274700
1022.600000000 5.800000000 -0.245255529900
1030.600000000 9.800000000 0.093380555500
1023.350000000 5.400000000 -0.214952006900
1024.100000000 10.000000000 -0.198563292600
1026.600000000 9.600000000 0.096493497500
1013.100000000 5.800000000 0.113531306400
1026.100000000 6.200000000 0.057941258000
1025.600000000 5.200000000 -0.207884728900
1029.600000000 9.800000000 0.083359681100
1030.350000000 6.000000000 -0.042320270100
1028.600000000 8.200000000 0.091389343100
1030.350000000 9.400000000 0.106233179600
1031.600000000 7.800000000 0.082530297300
1032.600000000 8.400000000 0.080283425700
1020.350000000 6.200000000 -0.256818801200
1021.850000000 10.000000000 -0.241448998500
1015.850000000 5.200000000 0.175097614500
1027.100000000 10.000000000 0.110134176900
1029.600000000 9.600000000 0.062629208000
1018.600000000 9.400000000 0.180560827300
1031.350000000 6.600000000 0.033895105100
1019.600000000 6.600000000 0.098526485300
1026.100000000 5.600000000 -0.110913015900
1029.600000000 9.400000000 0.039971064800
1031.100000000 7.000000000 0.056285295600
1012.850000000 5.600000000 0.126438379300
1031.850000000 7.800000000 0.050928659700
1029.850000000 9.000000000 0.096059046700
1023.600000000 5.200000000 -0.217163384000
1030.100000000 9.200000000 0.092720575600
1029.600000000 8.800000000 0.148931741700
1029.350000000 8.800000000 0.021519899400
1014.600000000 5.200000000 0.120593681900
1021.100000000 9.800000000 -0.259926319100
1019.850000000 6.400000000 -0.243691608300
1026.100000000 5.800000000 -0.112029969700
1013.100000000 6.000000000 0.117328248900
1030.850000000 6.200000000 0.053665589500
1026.100000000 5.400000000 -0.100479371800
1029.350000000 5.800000000 0.051400084000
1031.350000000 7.600000000 0.057145826500
1019.600000000 9.400000000 -0.125496894100
1031.350000000 7.400000000 0.040328342500
1031.350000000 6.400000000 0.039854418500
1026.350000000 6.200000000 0.107450865200
1026.100000000 6.000000000 0.034832160900
1020.100000000 6.200000000 -0.259019792100
1026.850000000 6.200000000 0.173748299500
1017.600000000 5.800000000 0.127249762400
1029.600000000 9.200000000 0.023968277500
1032.100000000 7.800000000 0.030877314500
1032.100000000 8.000000000 0.049819063400
1032.100000000 8.200000000 0.081441357700
1017.350000000 10.000000000 0.165402084600
1016.850000000 5.400000000 0.123351670800
1022.350000000 5.800000000 -0.220497071700
1020.100000000 9.600000000 -0.244095310600
1025.850000000 5.200000000 -0.165013358000
1024.850000000 9.800000000 -0.097921676900
1012.850000000 5.800000000 0.120705820600
1025.100000000 9.600000000 -0.041502952600
1028.850000000 5.600000000 0.072053261100
1024.350000000 10.000000000 -0.176855161800
1031.350000000 6.800000000 0.042219944300
1021.600000000 6.000000000 -0.244983077000
1025.350000000 9.400000000 0.022496139600
1027.850000000 5.800000000 0.117291748500
1031.100000000 6.200000000 0.048904188000
1019.600000000 6.400000000 -0.220590800000
1026.600000000 6.200000000 0.147178426400
1016.100000000 5.200000000 0.163470983500
1030.350000000 9.600000000 0.075329572000
1012.850000000 6.000000000 0.118738174400
1027.350000000 6.000000000 0.148904874900
1017.850000000 9.800000000 0.174480006100
1020.600000000 6.000000000 -0.220918327600
1028.600000000 5.600000000 0.086216963800
1018.850000000 6.400000000 0.058893498000
1020.850000000 9.800000000 -0.266751289400
1031.600000000 7.600000000 0.092372901700
1019.850000000 6.200000000 -0.245712041900
1021.600000000 10.000000000 -0.232480049100
1029.600000000 9.000000000 0.012975059400
1020.350000000 6.000000000 -0.231602892300
1031.350000000 7.200000000 0.038654822900
1020.850000000 6.000000000 -0.198708832300
1032.600000000 5.200000000 0.130177781000
1029.100000000 5.600000000 0.066743202500
1019.350000000 6.400000000 -0.155498966600
1031.350000000 7.000000000 0.053356204200
1029.600000000 5.800000000 0.022883852900
1018.350000000 6.200000000 0.146776527200
1030.600000000 10.000000000 0.101930059500
1032.350000000 5.200000000 0.123784542100
1019.100000000 6.400000000 -0.024731215100
1023.350000000 5.200000000 -0.197265595200
1029.850000000 10.000000000 0.052795190400
1031.850000000 7.600000000 0.063827596600
1026.100000000 9.400000000 0.088929891600
1032.600000000 6.200000000 -0.061715547000
1032.100000000 7.600000000 0.031033556900
1032.350000000 7.800000000 0.029125891600
1032.350000000 8.200000000 0.082299552900
1032.600000000 6.400000000 -0.074462547900
1017.350000000 5.600000000 0.102370820900
1030.600000000 6.000000000 0.066250145400
1032.350000000 7.600000000 0.009094845500
1026.350000000 5.600000000 -0.038909036700
1031.600000000 6.600000000 0.053665090400
1023.100000000 5.400000000 -0.191137000900
1018.350000000 9.600000000 0.154801115400
1030.850000000 6.000000000 0.059002999200
1022.850000000 5.600000000 -0.197076499500
1024.600000000 10.000000000 -0.143892526600
1020.100000000 6.000000000 -0.241008296600
1032.100000000 5.200000000 0.101328283500
1026.350000000 5.800000000 -0.059503629800
1018.850000000 9.400000000 0.109471261500
1022.100000000 5.800000000 -0.208642169800
1026.100000000 5.200000000 -0.114441245800
1031.600000000 6.400000000 0.056037399900
1031.350000000 6.200000000 0.056741625100
1019.350000000 9.400000000 -0.043230142400
1021.350000000 6.000000000 -0.246652200800
1021.100000000 6.000000000 -0.210077166600
1019.600000000 6.200000000 -0.217932626600
1026.350000000 6.000000000 -0.059977237100
1020.600000000 9.800000000 -0.255515247600
1026.350000000 5.400000000 -0.045074280400
1019.850000000 9.600000000 -0.187258198900
1028.350000000 5.600000000 0.110011175300
1030.350000000 9.800000000 0.056860555000
1032.350000000 5.400000000 0.122355327000
1032.350000000 8.000000000 0.057470273200
1032.100000000 5.400000000 0.104275681100
1031.600000000 7.400000000 0.086010441200
1032.600000000 5.400000000 0.125252738600
1029.850000000 9.200000000 0.081651806800
1032.600000000 8.200000000 0.074378900200
1026.850000000 10.000000000 0.068522766200
1031.100000000 6.000000000 0.060157708800
1016.350000000 5.200000000 0.140249848400
1030.100000000 9.400000000 0.083865650000
1029.850000000 5.800000000 0.024275498500
1031.600000000 6.800000000 0.055975679300
1021.350000000 10.000000000 -0.210996955600
1027.600000000 5.800000000 0.147905170900
1032.600000000 7.200000000 -0.122533306500
1031.850000000 5.200000000 0.069946728600
1026.600000000 9.800000000 0.057792097300
1029.850000000 9.800000000 0.049366220800
1019.850000000 6.000000000 -0.239417016500
1031.850000000 5.400000000 0.077466540000
1019.100000000 9.400000000 0.017396127800
1032.350000000 6.200000000 -0.091816604100
1019.350000000 6.200000000 -0.156785994800
1031.600000000 7.200000000 0.071740619800
1018.100000000 6.000000000 0.107863046200
1027.100000000 6.000000000 0.151778727800
1032.600000000 7.600000000 0.008308652800
1026.600000000 6.000000000 0.026759428900
1025.600000000 9.400000000 0.057171732200
1017.600000000 10.000000000 0.135597795200
1026.350000000 9.600000000 0.070160113300
1031.600000000 7.000000000 0.055595833800
1019.100000000 6.200000000 -0.076401710500
1032.600000000 7.000000000 -0.115821592500
1018.600000000 6.200000000 0.093511402600
1032.350000000 6.400000000 -0.095047816600
1026.850000000 6.000000000 0.075215518500
1020.350000000 9.800000000 -0.241508707400
1031.600000000 6.200000000 0.065676175100
1030.100000000 5.800000000 -0.008685033800
1031.850000000 7.400000000 0.069064982200
1025.100000000 9.800000000 -0.068903751700
1029.350000000 5.600000000 0.038459599000
1026.600000000 5.800000000 0.016240794200
1032.600000000 5.600000000 0.099692210600
1031.850000000 7.200000000 -0.034661829500
1032.100000000 7.200000000 -0.072689652400
1024.850000000 10.000000000 -0.117090553000
1020.600000000 5.800000000 -0.185951858800
1032.350000000 7.200000000 -0.105065606500
1025.850000000 9.400000000 0.072122313100
1023.100000000 5.200000000 -0.179280936700
1032.100000000 5.600000000 0.103933446100
1018.850000000 6.200000000 0.001935557000
1032.350000000 5.600000000 0.112118944500
1031.350000000 6.000000000 0.072734445300
1020.350000000 5.800000000 -0.196903631100
1022.600000000 5.600000000 -0.202600881500
1029.600000000 5.600000000 0.026319725400
1028.100000000 5.600000000 0.134574160000
1018.100000000 9.800000000 0.145554766100
1031.850000000 6.200000000 -0.062523216000
1021.850000000 5.800000000 -0.193419054200
1019.600000000 6.000000000 -0.217256337400
1032.100000000 6.200000000 -0.061966799200
1029.850000000 9.600000000 0.038955897100
1017.100000000 5.400000000 0.078965351000
1026.350000000 5.200000000 -0.082447968400
1031.850000000 5.600000000 0.087224826200
1029.850000000 9.400000000 0.023631712400
1025.350000000 9.600000000 -0.010084339400
1032.100000000 6.400000000 -0.092764757600
1030.350000000 5.800000000 -0.001336582200
1031.600000000 5.400000000 0.051031298900
1031.850000000 6.600000000 0.081281624700
1032.600000000 7.800000000 0.043195925700
1031.850000000 6.400000000 -0.072865851200
1026.600000000 5.600000000 0.007663996000
1020.850000000 5.800000000 -0.183722406600
1032.100000000 7.400000000 0.042460478800
1030.350000000 10.000000000 0.059719860600
1031.600000000 5.200000000 0.039804533100
1019.600000000 9.600000000 -0.129345640500
1030.600000000 5.800000000 0.064206413900
1030.850000000 5.800000000 0.062345109900
1032.600000000 5.800000000 0.065859973400
1032.350000000 7.400000000 0.020544081900
1021.100000000 10.000000000 -0.183692023200
1020.100000000 5.800000000 -0.210508152800
1027.350000000 5.800000000 0.122378990100
1031.600000000 6.000000000 0.074893325600
1017.850000000 5.800000000 0.089497327800
1026.600000000 5.400000000 -0.143084451600
1026.850000000 5.800000000 0.058011326900
1031.850000000 7.000000000 0.059976875800
1032.600000000 6.600000000 -0.074779748900
1029.850000000 5.600000000 0.026847124100
1031.100000000 5.800000000 0.065873466400
1030.100000000 10.000000000 0.017216842600
1032.600000000 8.000000000 0.072000987800
1030.100000000 9.600000000 0.053948912800
1032.350000000 5.800000000 0.098004780700
1019.350000000 6.000000000 -0.171096503700
1022.850000000 5.400000000 -0.161054596300
1032.350000000 7.000000000 -0.101320855300
1032.600000000 6.000000000 -0.036791533200
1020.100000000 9.800000000 -0.213757395700
1031.850000000 6.800000000 0.074581846600
1031.350000000 5.800000000 0.080799050600
1031.600000000 5.600000000 0.066653952000
1018.600000000 9.600000000 0.126074045900
1031.850000000 6.000000000 0.057137217400
1032.600000000 7.400000000 -0.113118715600
1031.600000000 5.800000000 0.069033496100
1026.600000000 5.200000000 -0.160165756900
1016.600000000 5.200000000 0.107267290400
1032.100000000 7.000000000 -0.074803203300
1032.100000000 5.800000000 0.097716584800
1022.350000000 5.600000000 -0.193728148900
1031.850000000 5.800000000 0.059141356500
1027.100000000 5.800000000 0.091970689600
1026.850000000 5.400000000 -0.099803485000
1021.100000000 5.800000000 -0.187001735000
1032.600000000 6.800000000 -0.097887918400
1019.850000000 5.800000000 -0.214344203500
1026.850000000 5.200000000 -0.128398448200
1027.850000000 5.600000000 0.146018356100
1019.100000000 6.000000000 -0.106381125700
1032.100000000 6.000000000 0.054813195000
1017.850000000 10.000000000 0.175986900900
1025.100000000 10.000000000 -0.100815378100
1030.100000000 9.800000000 -0.010053862800
1026.600000000 10.000000000 0.025906110200
1032.100000000 6.600000000 0.103773102200
1030.100000000 5.600000000 0.034119475600
1021.600000000 5.800000000 -0.194224759900
1020.850000000 10.000000000 -0.195666864500
1030.600000000 5.600000000 -0.096662193500
1030.850000000 5.600000000 -0.067691050500
1032.350000000 6.600000000 -0.082787409400
1026.850000000 5.600000000 -0.071585521100
1032.350000000 6.000000000 -0.053301446100
1031.350000000 5.400000000 0.032329630100
1018.850000000 6.000000000 -0.007836767500
1030.600000000 5.400000000 -0.088190525800
1017.600000000 5.600000000 0.067886710200
1031.350000000 5.600000000 0.048144254800
1030.350000000 5.400000000 -0.116238825000
1021.350000000 5.800000000 -0.189444944300
1022.850000000 5.200000000 -0.157729074400
1032.100000000 6.800000000 0.090567320600
1030.350000000 5.600000000 0.000470600800
1018.350000000 9.800000000 0.145405814100
1019.850000000 9.800000000 -0.176617950200
1031.350000000 5.200000000 0.019596388600
1019.350000000 9.600000000 -0.078059919200
1027.100000000 5.200000000 -0.093008935500
1019.600000000 5.800000000 -0.197130471500
1026.100000000 9.600000000 0.048685122300
1022.100000000 5.600000000 -0.182301878900
1018.350000000 6.000000000 0.099530026300
1018.600000000 6.000000000 0.054564960300
1027.100000000 5.400000000 -0.061015795900
1026.350000000 9.800000000 0.028427241400
1028.850000000 5.400000000 0.056081406800
1031.100000000 5.600000000 0.080294646300
1032.350000000 6.800000000 -0.088585577900
1030.850000000 5.400000000 -0.055996257800
1030.100000000 5.400000000 -0.129536181700
1025.350000000 9.800000000 -0.052744668000
1020.600000000 10.000000000 -0.215848684300
1018.850000000 9.600000000 0.094043217600
1022.600000000 5.400000000 -0.170503631200
1029.100000000 5.400000000 0.054521709700
1028.600000000 5.400000000 0.066048324100
1027.600000000 5.600000000 0.134939432100
1025.600000000 9.600000000 0.014232613100
1020.600000000 5.600000000 -0.166188672200
1020.350000000 5.600000000 -0.170454129600
1019.350000000 5.800000000 -0.155601903800
1029.850000000 5.400000000 -0.136357381900
1018.100000000 10.000000000 0.157982677200
1027.100000000 5.600000000 -0.033097859500
1029.600000000 5.400000000 0.038218561600
1019.100000000 9.600000000 0.012630028700
1020.350000000 10.000000000 -0.202513799100
1020.850000000 5.600000000 -0.167162895200
1030.350000000 5.200000000 -0.106323167700
1020.100000000 5.600000000 -0.174902975600
1025.350000000 10.000000000 -0.092667773400
1029.350000000 5.400000000 0.042828109100
1016.850000000 5.200000000 0.069938063600
1030.100000000 5.200000000 -0.119424589000
1030.600000000 5.200000000 -0.080080971100
1027.350000000 5.200000000 -0.055860400200
1017.350000000 5.400000000 0.045025758400
1019.600000000 9.800000000 -0.136052832000
1021.850000000 5.600000000 -0.158430382600
1025.850000000 9.600000000 0.030350232500
1031.100000000 5.400000000 -0.030493428900
1022.350000000 5.400000000 -0.165561750500
1019.100000000 5.800000000 -0.096055015900
1028.350000000 5.400000000 0.086168400900
1018.600000000 9.800000000 0.120810687500
1029.850000000 5.200000000 -0.127000942800
1027.350000000 5.600000000 0.100842706900
1027.350000000 5.400000000 -0.029079692400
1026.350000000 10.000000000 -0.008115336300
1022.600000000 5.200000000 -0.142752379200
1020.100000000 10.000000000 -0.181408256300
1021.100000000 5.600000000 -0.170159265400
1019.850000000 5.600000000 -0.170646995300
1018.100000000 5.800000000 0.064075179400
1030.850000000 5.200000000 -0.052844721800
1018.350000000 10.000000000 0.129245102400
1029.600000000 5.200000000 -0.124327674500
1031.100000000 5.200000000 0.013008819000
1018.850000000 5.800000000 -0.030674625200
1028.100000000 5.400000000 0.109391279500
1022.100000000 5.400000000 -0.141503572500
1026.100000000 9.800000000 0.032517194700
1025.600000000 9.800000000 -0.041337516200
1019.850000000 10.000000000 -0.157094523300
1025.600000000 10.000000000 -0.084292769400
1021.350000000 5.600000000 -0.160180628300
1018.850000000 9.800000000 0.088144727100
1019.350000000 9.800000000 -0.085776776100
1021.600000000 5.600000000 -0.143258109700
1022.350000000 5.200000000 -0.133620992300
1018.350000000 5.800000000 0.116337560100
1019.600000000 5.600000000 -0.154582038500
1029.350000000 5.200000000 -0.109829783400
1026.100000000 10.000000000 -0.042607955600
1027.600000000 5.200000000 -0.019720550600
1018.600000000 10.000000000 0.091307200500
1018.600000000 5.800000000 0.028064772500
1019.100000000 9.800000000 0.046070035500
1025.850000000 10.000000000 -0.066403448600
1025.850000000 9.800000000 0.006362234700
1017.850000000 5.600000000 0.043019942900
1027.850000000 5.400000000 0.122725352600
1019.600000000 10.000000000 -0.132063537800
1021.850000000 5.400000000 -0.128828674600
1019.350000000 5.600000000 -0.127563476600
1022.100000000 5.200000000 -0.118752442300
1027.600000000 5.400000000 0.011818100700
1020.350000000 5.400000000 -0.136618346000
1029.100000000 5.200000000 -0.084759183200
1018.850000000 10.000000000 0.047879610200
1017.100000000 5.200000000 0.026416642600
1020.600000000 5.400000000 -0.148772671800
1020.100000000 5.400000000 -0.125966474400
1018.100000000 5.600000000 0.117343112800
1018.350000000 5.600000000 0.092663973600
1020.850000000 5.400000000 -0.156101718500
1019.100000000 10.000000000 0.003957570500
1027.850000000 5.200000000 0.028257632600
1021.100000000 5.400000000 -0.149396494000
1019.350000000 10.000000000 -0.106989242100
1018.600000000 5.600000000 0.075426712600
1019.100000000 5.600000000 -0.073232434700
1019.850000000 5.400000000 -0.116343401400
1017.600000000 5.400000000 0.022839099200
1028.850000000 5.200000000 0.032133169500
1021.600000000 5.400000000 -0.092381887100
1021.850000000 5.200000000 -0.106346510400
1021.350000000 5.400000000 -0.113454945400
1018.850000000 5.600000000 -0.152788564600
1028.600000000 5.200000000 0.044347334700
1018.100000000 5.400000000 0.075638607100
1019.600000000 5.400000000 -0.091680869500
1017.850000000 5.400000000 0.110073655800
1028.100000000 5.200000000 0.051753986600
1018.350000000 5.400000000 0.066607005900
1021.600000000 5.200000000 -0.067715637400
1028.350000000 5.200000000 0.064698539700
1018.600000000 5.400000000 -0.128657057900
1017.850000000 5.200000000 0.065891310600
1017.350000000 5.200000000 0.080129616000
1018.850000000 5.400000000 -0.134805470700
1018.100000000 5.200000000 0.051138900200
1020.350000000 5.200000000 -0.112791262600
1017.600000000 5.200000000 0.044950638000
1020.600000000 5.200000000 -0.134467795500
1020.100000000 5.200000000 -0.088569439900
1019.350000000 5.400000000 -0.063180089000
1020.850000000 5.200000000 -0.146006509700
1019.100000000 5.400000000 -0.122193925100
1021.350000000 5.200000000 -0.022968962800
1021.100000000 5.200000000 -0.119245462100
1018.350000000 5.200000000 0.049237188000
1019.850000000 5.200000000 -0.067302689000
1018.600000000 5.200000000 -0.100765988200
1019.600000000 5.200000000 -0.037600599200
1018.850000000 5.200000000 -0.104165539100
1019.100000000 5.200000000 -0.096378177400
1019.350000000 5.200000000 -0.077526919500
