1071.920000000 7.500000000 0.251892924300
1073.670000000 7.500000000 0.273556232500
1072.170000000 7.500000000 0.484475493400
1071.670000000 7.500000000 0.050121489900
1073.920000000 7.500000000 -0.004068262400
1073.420000000 7.500000000 0.554909050500
1071.920000000 7.000000000 0.264503240600
1072.420000000 7.500000000 0.701628506200
1071.670000000 7.000000000 0.045987211200
1073.170000000 7.500000000 0.774470329300
1073.670000000 7.000000000 0.286556601500
1074.170000000 7.500000000 -0.224043503400
1073.920000000 7.000000000 0.033611003300
1072.920000000 7.500000000 0.878962576400
1072.170000000 7.000000000 0.500719487700
1072.670000000 7.500000000 0.848442971700
1073.420000000 7.000000000 0.535070419300
1071.420000000 7.500000000 -0.093458674800
1073.170000000 7.000000000 0.732476592100
1072.420000000 7.000000000 0.704034745700
1071.420000000 7.000000000 -0.117726728300
1074.170000000 7.000000000 -0.183485359000
1072.920000000 7.000000000 0.837179780000
1072.670000000 7.000000000 0.826321005800
1074.420000000 7.500000000 -0.358082085800
1074.420000000 7.000000000 -0.336752384900
1071.170000000 7.500000000 -0.173221707300
1071.170000000 7.000000000 -0.211495101500
1074.670000000 7.500000000 -0.405711680700
1079.170000000 7.500000000 0.292198061900
1078.920000000 7.500000000 0.141207367200
1079.420000000 7.500000000 0.395564168700
1074.670000000 7.000000000 -0.413155376900
1078.670000000 7.500000000 -0.024602472800
1079.670000000 7.500000000 0.431971043300
1080.670000000 7.500000000 0.128563329600
1080.420000000 7.500000000 0.224167168100
1079.920000000 7.500000000 0.401765465700
1080.170000000 7.500000000 0.323493272100
1078.920000000 7.000000000 0.108429484100
1079.170000000 7.000000000 0.258401900500
1080.920000000 7.500000000 0.052514925600
1075.670000000 7.000000000 -0.189913511300
1078.420000000 7.500000000 -0.170261099900
1078.670000000 7.000000000 -0.049553975500
1080.670000000 7.000000000 0.130541145800
1079.420000000 7.000000000 0.369251549200
1075.920000000 7.000000000 -0.111005060400
1070.920000000 7.500000000 -0.202831938900
1080.420000000 7.000000000 0.234411656900
1075.670000000 7.500000000 -0.190177351200
1075.420000000 7.000000000 -0.280717819900
1070.920000000 7.000000000 -0.241259440800
1079.670000000 7.000000000 0.420083910200
1080.920000000 7.000000000 0.047761138500
1075.920000000 7.500000000 -0.123185917700
1080.170000000 7.000000000 0.335622102000
1074.920000000 7.000000000 -0.416382610800
1074.920000000 7.500000000 -0.387506663800
1079.920000000 7.000000000 0.405361264900
1078.420000000 7.000000000 -0.183352857800
1075.420000000 7.500000000 -0.261776238700
1076.170000000 7.000000000 -0.056755267100
1075.170000000 7.000000000 -0.364110678400
1078.170000000 7.500000000 -0.270062297600
1081.170000000 7.500000000 0.001061210500
1076.170000000 7.500000000 -0.069385699900
1075.170000000 7.500000000 -0.331724703300
1076.420000000 7.000000000 -0.033784080300
1081.170000000 7.000000000 -0.003214248200
1078.170000000 7.000000000 -0.269128024600
1076.420000000 7.500000000 -0.040850177400
1077.920000000 7.500000000 -0.311979442800
1076.670000000 7.000000000 -0.043368861100
1070.670000000 7.500000000 -0.205761581700
1069.670000000 7.500000000 -0.197391897400
1076.670000000 7.500000000 -0.048071254000
1069.920000000 7.500000000 -0.198872372500
1069.420000000 7.500000000 -0.162351995700
1070.670000000 7.000000000 -0.226249605400
1076.920000000 7.000000000 -0.082354627500
1076.920000000 7.500000000 -0.092869617000
1070.170000000 7.500000000 -0.202166125200
1069.670000000 7.000000000 -0.117140531500
1077.670000000 7.500000000 -0.297767907400
1069.920000000 7.000000000 -0.124815985600
1077.920000000 7.000000000 -0.296733319800
1070.420000000 7.500000000 -0.202947005600
1069.170000000 7.500000000 -0.122596785400
1077.170000000 7.500000000 -0.164250955000
1077.420000000 7.500000000 -0.241012945800
1081.420000000 7.500000000 -0.028365992000
1077.170000000 7.000000000 -0.143547430600
1069.420000000 7.000000000 -0.121739506700
1076.420000000 8.000000000 -0.150758713500
1070.170000000 7.000000000 -0.150316610900
1068.920000000 7.500000000 -0.125442951900
1076.170000000 8.000000000 -0.166192665700
1081.420000000 7.000000000 -0.024142561500
1070.420000000 7.000000000 -0.188992515200
1069.170000000 7.000000000 -0.130190849300
1077.670000000 7.000000000 -0.271946996500
1071.670000000 8.000000000 0.199892371900
1077.420000000 7.000000000 -0.213329881400
1071.920000000 8.000000000 0.300434708600
1071.420000000 8.000000000 0.100748390000
1076.670000000 8.000000000 -0.147840440300
1068.920000000 7.000000000 -0.140613019500
1076.420000000 6.500000000 -0.152308642900
1068.670000000 7.500000000 -0.120136529200
1072.170000000 8.000000000 0.386188030200
1075.920000000 8.000000000 -0.192101374300
1076.670000000 6.500000000 -0.130884125800
1069.170000000 8.000000000 -0.131871491700
1068.670000000 7.000000000 -0.142386347100
1076.170000000 6.500000000 -0.178834363800
1072.420000000 8.000000000 0.440912812900
1071.170000000 8.000000000 0.013141151500
1068.920000000 8.000000000 -0.095313139300
1069.420000000 8.000000000 -0.169377818700
1072.670000000 8.000000000 0.455655455600
1073.670000000 8.000000000 0.253999322700
1073.420000000 8.000000000 0.312841057800
1072.920000000 8.000000000 0.432398498100
1073.170000000 8.000000000 0.381094902800
1071.670000000 6.500000000 0.198740065100
1076.920000000 8.000000000 -0.174060344700
1071.920000000 6.500000000 0.292923897500
1073.920000000 8.000000000 0.160511001900
1068.420000000 7.000000000 -0.142843663700
1072.170000000 6.500000000 0.359960168600
1071.420000000 6.500000000 0.088978037200
1068.420000000 7.500000000 -0.115897782100
1075.920000000 6.500000000 -0.217217490100
1076.920000000 6.500000000 -0.125760182700
1070.920000000 8.000000000 -0.059160042600
1074.170000000 8.000000000 0.058726880700
1072.420000000 6.500000000 0.398446768500
1068.670000000 8.000000000 -0.068260185400
1068.920000000 6.500000000 -0.114658877300
1080.670000000 8.000000000 0.156743332700
1075.670000000 8.000000000 -0.221437841700
1069.170000000 6.500000000 -0.089944288100
1080.420000000 8.000000000 0.180700123300
1073.420000000 6.500000000 0.305308044000
1072.670000000 6.500000000 0.410489916800
1069.670000000 8.000000000 -0.197281986500
1073.170000000 6.500000000 0.361485749500
1073.670000000 6.500000000 0.233924433600
1072.920000000 6.500000000 0.397605925800
1068.670000000 6.500000000 -0.133211180600
1068.420000000 6.500000000 -0.135006383100
1080.920000000 8.000000000 0.122721575200
1077.170000000 8.000000000 -0.190782681100
1068.170000000 6.500000000 -0.128841996200
1073.920000000 6.500000000 0.152059584900
1068.170000000 7.000000000 -0.135872468400
1080.170000000 8.000000000 0.196834519500
1067.920000000 6.500000000 -0.121141813700
1071.170000000 6.500000000 -0.015106793500
1069.420000000 6.500000000 -0.078350968700
1074.420000000 8.000000000 -0.045071862600
1078.920000000 8.000000000 0.147688671900
1079.920000000 8.000000000 0.208991289100
1075.670000000 6.500000000 -0.246530354000
1074.170000000 6.500000000 0.063383914500
1078.670000000 8.000000000 0.074652791000
1067.670000000 6.500000000 -0.108040094400
1079.170000000 8.000000000 0.194219812800
1068.420000000 8.000000000 -0.073950730300
1081.170000000 8.000000000 0.082423739100
1070.670000000 8.000000000 -0.115219637800
1078.420000000 8.000000000 -0.014472976300
1079.420000000 8.000000000 0.214494228400
1079.670000000 8.000000000 0.216616764700
1077.420000000 8.000000000 -0.202837377800
1080.920000000 6.500000000 0.134800836400
1074.420000000 6.500000000 -0.007015246400
1078.170000000 8.000000000 -0.101014711000
1069.920000000 8.000000000 -0.188245639200
1067.920000000 7.000000000 -0.120935633800
1080.670000000 6.500000000 0.169505342800
1068.170000000 7.500000000 -0.108906596900
1081.170000000 6.500000000 0.099620170900
1077.920000000 8.000000000 -0.165724366900
1077.670000000 8.000000000 -0.198508918300
1074.670000000 6.500000000 -0.097772605700
1077.170000000 6.500000000 -0.150049120200
1075.420000000 8.000000000 -0.243005976100
1067.420000000 6.500000000 -0.094377867900
1068.170000000 6.000000000 -0.117843531100
1067.920000000 6.000000000 -0.117680639000
1075.420000000 6.500000000 -0.269319623700
1074.670000000 8.000000000 -0.139103040100
1074.920000000 6.500000000 -0.178568184400
1080.420000000 6.500000000 0.197733983400
1076.920000000 8.500000000 -0.210819199700
1070.420000000 8.000000000 -0.154755294300
1067.670000000 6.000000000 -0.109195619800
1068.420000000 6.000000000 -0.114871554100
1070.920000000 6.500000000 -0.092047207100
1075.170000000 6.500000000 -0.239422887600
1070.170000000 8.000000000 -0.178466990600
1076.670000000 8.500000000 -0.228720054000
1066.920000000 9.000000000 -0.104172654400
1077.170000000 8.500000000 -0.179322108600
1067.670000000 7.000000000 -0.082968920500
1081.420000000 8.000000000 0.043911356500
1081.420000000 6.500000000 0.068802192800
1066.670000000 9.000000000 -0.100830696500
1067.420000000 6.000000000 -0.093532301500
1066.420000000 9.000000000 -0.105012208200
1068.170000000 8.000000000 -0.057832192600
1077.420000000 6.500000000 -0.106390841300
1067.170000000 9.000000000 -0.107707686700
1069.670000000 6.500000000 -0.081449121200
1075.170000000 8.000000000 -0.242722511300
1074.920000000 8.000000000 -0.208527699100
1080.170000000 6.500000000 0.213540375200
1076.420000000 8.500000000 -0.230581849800
1066.170000000 9.000000000 -0.085950449100
1067.170000000 6.500000000 -0.080518193500
1077.420000000 8.500000000 -0.137288972700
1068.670000000 6.000000000 -0.112237550300
1067.420000000 7.000000000 -0.079855367500
1067.170000000 6.000000000 -0.082063704700
1066.420000000 9.500000000 -0.084519125500
1066.670000000 9.500000000 -0.094715692100
1079.920000000 6.500000000 0.211994156200
1067.920000000 7.500000000 -0.095079995700
1076.170000000 8.500000000 -0.214478731200
1076.920000000 6.000000000 -0.141680613200
1065.920000000 9.000000000 -0.065596632700
1067.420000000 9.000000000 -0.113527938700
1076.670000000 6.000000000 -0.189657881900
1079.670000000 6.500000000 0.189674079400
1077.670000000 8.500000000 -0.089189901900
1077.670000000 6.500000000 -0.059844568400
1077.170000000 6.000000000 -0.085141867400
1065.670000000 9.000000000 -0.055667374300
1066.920000000 6.500000000 -0.066753514100
1061.670000000 5.500000000 -0.083658583500
1070.670000000 6.500000000 -0.131747499100
1066.170000000 9.500000000 -0.077866293500
1066.920000000 9.500000000 -0.109381325500
1079.420000000 6.500000000 0.148908123400
1075.920000000 8.500000000 -0.179364785600
1076.420000000 6.000000000 -0.219192415500
1066.420000000 8.500000000 -0.070445887700
1079.170000000 6.500000000 0.118127517400
1067.170000000 7.500000000 -0.097349405300
1067.170000000 7.000000000 -0.077772609900
1067.420000000 7.500000000 -0.106960818200
1066.920000000 8.000000000 -0.095167852900
1066.670000000 8.000000000 -0.066305704400
1066.670000000 8.500000000 -0.082280635800
1066.920000000 6.000000000 -0.075587585600
1067.920000000 8.000000000 -0.043998137100
1078.920000000 6.500000000 0.062944822000
1068.920000000 6.000000000 -0.110741302400
1066.670000000 7.500000000 -0.074416451200
1061.920000000 5.500000000 -0.109307669100
1062.920000000 5.500000000 -0.068817444100
1067.170000000 8.000000000 -0.120838515500
1066.920000000 7.500000000 -0.085115633900
1067.670000000 9.000000000 -0.120631672400
1063.170000000 5.500000000 -0.047140136400
1066.170000000 8.500000000 -0.066638588900
1067.670000000 7.500000000 -0.113486364500
1077.420000000 6.000000000 -0.064461134400
1066.420000000 7.500000000 -0.046602666400
1066.420000000 8.000000000 -0.042919091900
1066.920000000 8.500000000 -0.098217338300
1076.170000000 6.000000000 -0.224955454500
1065.170000000 7.000000000 -0.101800650400
1062.670000000 5.500000000 -0.089805759500
1065.920000000 9.500000000 -0.069237664300
1065.920000000 5.000000000 -0.114329032600
1065.420000000 9.000000000 -0.036687836100
1068.170000000 8.500000000 -0.049423597800
1064.920000000 7.000000000 -0.083795726300
1062.170000000 5.500000000 -0.116721704600
1078.670000000 6.500000000 0.007288910000
1075.670000000 8.500000000 -0.127597376700
1077.670000000 6.000000000 -0.100564785300
1065.670000000 5.000000000 -0.107579104600
1065.420000000 7.000000000 -0.119166538100
1077.920000000 8.500000000 -0.041125889900
1069.920000000 6.500000000 -0.098639108200
1066.170000000 5.000000000 -0.110312275600
1065.170000000 7.500000000 -0.087241254700
1062.420000000 5.500000000 -0.107834890500
1068.420000000 8.500000000 -0.069507449900
1067.420000000 8.000000000 -0.134394198700
1067.170000000 9.500000000 -0.124447949200
1065.670000000 7.000000000 -0.116665117400
1066.920000000 7.000000000 -0.067731812600
1065.420000000 7.500000000 -0.099936410800
1064.920000000 7.500000000 -0.077441304900
1063.420000000 5.500000000 -0.023946583300
1066.670000000 6.500000000 -0.052774176000
1077.920000000 6.000000000 -0.085141256500
1066.420000000 5.000000000 -0.106839031000
1067.170000000 8.500000000 -0.083011165300
1064.670000000 7.000000000 -0.066316545000
1075.920000000 6.000000000 -0.207275494900
1066.670000000 6.000000000 -0.069934397900
1065.420000000 5.000000000 -0.098796397400
1067.920000000 8.500000000 -0.041300889100
1065.920000000 7.000000000 -0.119059734000
1067.920000000 9.000000000 -0.123492986000
1065.670000000 7.500000000 -0.094740241800
1065.920000000 8.500000000 -0.069448217700
1078.170000000 6.000000000 -0.027132803600
1077.920000000 6.500000000 -0.014975038400
1069.170000000 6.000000000 -0.100976795000
1066.670000000 5.000000000 -0.100166365500
1078.420000000 6.500000000 -0.043332733200
1075.670000000 6.000000000 -0.170422554000
1070.420000000 6.500000000 -0.137738257600
1065.170000000 5.000000000 -0.084940448400
1066.170000000 7.500000000 -0.019480051500
1068.670000000 8.500000000 -0.097108461000
1067.670000000 8.000000000 -0.130893826500
1065.670000000 9.500000000 -0.055134560900
1075.420000000 8.500000000 -0.066551961000
1064.670000000 7.500000000 -0.070057101500
1067.420000000 8.500000000 -0.084831796600
1066.420000000 6.000000000 -0.053822897400
1066.170000000 8.000000000 -0.029653118900
1075.420000000 6.000000000 -0.120632454800
1065.920000000 7.500000000 -0.092580385500
1067.670000000 8.500000000 -0.035522416200
1066.920000000 5.000000000 -0.091057062100
1064.920000000 5.000000000 -0.064833074800
1068.170000000 9.000000000 -0.114287525400
1066.170000000 7.000000000 -0.110650092400
1067.420000000 9.500000000 -0.133005872400
1066.170000000 6.000000000 -0.042048182300
1064.420000000 7.000000000 -0.047171726800
1078.420000000 6.000000000 0.015531579000
1065.170000000 9.000000000 -0.021345185100
1070.170000000 6.500000000 -0.121833212700
1062.920000000 7.500000000 0.037612237000
1081.420000000 6.000000000 0.139588490100
1078.170000000 8.500000000 0.001992099700
1075.170000000 6.000000000 -0.063990950600
1062.670000000 7.500000000 0.062639437600
1078.170000000 6.500000000 -0.085189275400
1063.170000000 7.500000000 0.016385085900
1066.670000000 7.000000000 -0.048376146700
1068.420000000 9.000000000 -0.087894178900
1062.420000000 7.500000000 0.081162013100
1061.670000000 7.500000000 0.090326063300
1064.670000000 5.000000000 -0.040568523100
1065.670000000 8.500000000 -0.077916294300
1063.420000000 7.500000000 -0.009864755900
1065.420000000 8.000000000 -0.081861235200
1067.170000000 5.000000000 -0.079704985000
1062.170000000 7.500000000 0.091430157400
1061.920000000 7.500000000 0.094062916900
1067.670000000 9.500000000 -0.128312259900
1068.170000000 9.500000000 -0.067577645200
1069.420000000 6.000000000 -0.071437567500
1065.170000000 8.000000000 -0.075857371100
1067.920000000 9.500000000 -0.106115430600
1068.920000000 8.500000000 -0.123238891400
1068.670000000 9.000000000 -0.045851722400
1063.670000000 5.500000000 0.001904596700
1065.920000000 6.000000000 -0.032026507000
1075.170000000 8.500000000 -0.037976741800
1066.420000000 6.500000000 -0.037221815400
1068.420000000 9.500000000 -0.018707541700
1063.670000000 7.500000000 -0.032788053200
1067.170000000 5.500000000 -0.097176335800
1081.170000000 6.000000000 0.136029288200
1080.920000000 8.500000000 0.100983694200
1064.420000000 7.500000000 -0.069353789100
1065.670000000 8.000000000 -0.083580680200
1065.920000000 6.500000000 -0.074697516900
1065.420000000 9.500000000 -0.041910350300
1081.170000000 8.500000000 0.100835673500
1067.420000000 5.500000000 -0.083919875300
1065.670000000 6.500000000 -0.069656059100
1066.920000000 5.500000000 -0.106132909700
1066.420000000 7.000000000 -0.092525273600
1064.920000000 8.000000000 -0.070099331400
1074.670000000 9.000000000 0.031950168300
1080.670000000 8.500000000 0.101066738400
1078.670000000 6.000000000 0.065352387700
1074.920000000 6.000000000 -0.005511413800
1066.170000000 6.500000000 -0.098699450500
1066.670000000 5.500000000 -0.089394092600
1068.920000000 9.000000000 0.003706143200
1063.920000000 7.500000000 -0.050684046000
1065.420000000 6.500000000 -0.044965818500
1074.420000000 9.000000000 -0.025620820000
1081.420000000 8.500000000 0.096160985500
1067.420000000 5.000000000 -0.063551388700
1064.420000000 5.000000000 -0.018502118100
1067.670000000 5.500000000 -0.055914748500
1080.920000000 6.000000000 0.132401600500
1064.170000000 7.000000000 -0.018325328800
1065.170000000 9.500000000 -0.014446857400
1064.170000000 7.500000000 -0.064432025000
1065.420000000 8.500000000 -0.073162369400
1068.670000000 9.500000000 0.033810030700
1074.920000000 9.000000000 0.082359150100
1069.170000000 8.500000000 -0.137145504400
1066.420000000 5.500000000 -0.064659990400
1064.670000000 8.000000000 -0.067660383900
1065.670000000 6.000000000 -0.004927987200
1080.420000000 8.500000000 0.103760883200
1063.920000000 5.000000000 -0.040956325800
1063.670000000 5.000000000 -0.014080849500
1065.920000000 8.000000000 -0.080028489200
1069.670000000 6.000000000 -0.029911886900
1074.920000000 8.500000000 0.018206948400
1069.170000000 9.000000000 0.050458170500
1078.420000000 8.500000000 0.037662655100
1080.670000000 6.000000000 0.119782000800
1074.170000000 9.000000000 -0.080587379600
1067.670000000 5.000000000 -0.045345079200
1080.170000000 8.500000000 0.101988680700
1069.420000000 8.500000000 -0.130713760900
1063.420000000 5.000000000 0.000146748000
1062.920000000 5.000000000 -0.063043437900
1064.420000000 8.000000000 -0.067313015500
1064.170000000 5.000000000 -0.065134733900
1066.170000000 5.500000000 -0.038912471400
1073.670000000 9.500000000 -0.003870449300
1074.670000000 6.000000000 0.049581132800
1073.420000000 9.500000000 -0.057305809100
1064.920000000 9.500000000 0.008948757300
1071.920000000 9.500000000 -0.018822381300
1062.670000000 5.000000000 -0.079744570000
1071.670000000 9.500000000 0.037630822500
1064.920000000 9.000000000 -0.004776513700
1065.170000000 6.500000000 -0.027334040000
1064.170000000 8.000000000 -0.053364809600
1063.170000000 5.000000000 -0.045628473200
1061.920000000 5.000000000 -0.077291570600
1062.170000000 5.000000000 -0.088596738900
1062.420000000 5.000000000 -0.089390941000
1078.920000000 5.500000000 0.072472892700
1061.670000000 5.000000000 -0.056792996800
1075.170000000 9.000000000 0.117259405600
1078.670000000 5.500000000 0.035350170000
1073.170000000 9.500000000 -0.110922284400
1067.920000000 5.500000000 -0.056460991500
1072.170000000 9.500000000 -0.082868076900
1068.920000000 9.500000000 0.083011046100
1072.670000000 8.500000000 0.140189930800
1063.920000000 8.000000000 -0.023270322000
1065.170000000 8.500000000 -0.059399690500
1078.420000000 5.500000000 -0.025147505100
1080.420000000 6.000000000 0.100418858200
1072.920000000 9.500000000 -0.149901777500
1072.920000000 8.500000000 0.133173286900
1072.420000000 9.500000000 -0.135426253100
1069.670000000 8.500000000 -0.102361649300
1072.420000000 8.500000000 0.156596496700
1072.670000000 9.500000000 -0.159956201900
1063.170000000 9.000000000 -0.072769835600
1062.170000000 6.500000000 -0.018490737300
1065.420000000 6.000000000 0.017869116700
1061.920000000 6.500000000 0.012534591400
1062.920000000 9.000000000 -0.075074695100
1062.670000000 9.000000000 -0.083970792600
1073.920000000 9.500000000 0.039704624600
1078.920000000 6.000000000 0.102435395100
1062.420000000 9.000000000 -0.068578526400
1079.920000000 8.500000000 0.104731395800
1074.670000000 8.500000000 0.070615112800
1063.420000000 9.000000000 -0.079247899400
1072.170000000 8.500000000 0.176658734700
1069.420000000 9.000000000 0.088933661600
1079.170000000 5.500000000 0.110029093900
1061.920000000 9.000000000 -0.040408995000
1062.170000000 9.000000000 -0.056695260100
1073.920000000 9.000000000 -0.121411323500
1069.920000000 6.000000000 0.018034892200
1067.920000000 5.000000000 -0.008942466200
1071.420000000 9.500000000 0.072625510400
1069.920000000 8.500000000 -0.058007881000
1063.920000000 7.000000000 0.006940207900
1079.420000000 9.500000000 -0.002284270000
1063.670000000 8.000000000 0.010439558900
1063.920000000 5.500000000 0.041424974800
1073.170000000 8.500000000 0.134880542800
1070.670000000 8.500000000 0.034595653400
1070.420000000 8.500000000 -0.000738907300
1071.920000000 8.500000000 0.188276916700
1070.920000000 8.500000000 0.073367767000
1079.170000000 9.500000000 -0.050863679500
1061.670000000 9.000000000 -0.017585109900
1063.670000000 9.000000000 -0.065300725400
1065.920000000 5.500000000 -0.034245993900
1078.170000000 5.500000000 -0.083675012000
1070.170000000 8.500000000 -0.034735862200
1063.420000000 8.500000000 -0.074734695300
1063.170000000 8.500000000 -0.084112770900
1072.670000000 6.000000000 0.140690103200
1062.920000000 8.500000000 -0.085297375900
1072.920000000 9.000000000 0.024136131600
1071.170000000 8.500000000 0.115264557300
1071.670000000 8.500000000 0.181280151000
1063.670000000 8.500000000 -0.063463009900
1061.670000000 6.500000000 0.043239627000
1062.670000000 8.500000000 -0.074245803100
1071.420000000 8.500000000 0.154471144100
1064.920000000 6.500000000 -0.035924557600
1072.920000000 6.000000000 0.149296179400
1072.420000000 6.000000000 0.133249744800
1061.670000000 6.000000000 -0.045565281100
1062.420000000 6.500000000 -0.042963221700
1064.920000000 8.500000000 -0.074900634600
1078.670000000 8.500000000 0.065461367400
1062.420000000 8.500000000 -0.052503142500
1074.420000000 6.000000000 0.095871739100
1063.170000000 9.500000000 -0.062019035200
1072.670000000 9.000000000 -0.032043781100
1079.670000000 9.500000000 0.047146990900
1063.420000000 9.500000000 -0.073587887000
1080.170000000 6.000000000 0.076377153400
1075.420000000 9.000000000 0.130662903200
1062.920000000 9.500000000 -0.051762629300
1073.170000000 9.000000000 0.069775946400
1064.670000000 9.500000000 0.025560615600
1062.170000000 8.500000000 -0.025847047600
1079.670000000 8.500000000 0.104671523000
1073.170000000 6.000000000 0.159306645400
1063.670000000 9.500000000 -0.081423036800
1063.420000000 6.000000000 -0.028861772300
1074.420000000 8.500000000 0.105952762100
1061.920000000 8.000000000 0.036588225500
1064.670000000 8.500000000 -0.066700182900
1073.420000000 8.500000000 0.141258582500
1063.920000000 8.500000000 -0.054262459300
1063.420000000 8.000000000 0.039578389400
1079.420000000 8.500000000 -0.039635155300
1069.170000000 9.500000000 0.121498197300
1078.920000000 9.500000000 -0.089083768400
1063.920000000 9.000000000 -0.049551285800
1072.170000000 6.000000000 0.129068121300
1063.170000000 6.000000000 -0.045094829100
1073.670000000 9.000000000 -0.137549459900
1064.670000000 6.500000000 -0.037331439600
1061.670000000 8.000000000 0.047124683900
1063.170000000 8.000000000 0.001520114100
1064.420000000 9.000000000 -0.000892856500
1064.670000000 9.000000000 -0.048840299200
1063.670000000 6.000000000 0.000073499600
1079.420000000 5.500000000 0.124377317700
1061.920000000 8.500000000 -0.000555311400
1068.170000000 5.500000000 -0.062683120400
1070.170000000 6.000000000 0.028414003600
1069.670000000 9.000000000 0.100547432900
1062.670000000 8.000000000 0.060014274000
1062.670000000 9.500000000 -0.021348299500
1072.420000000 9.000000000 -0.086700253200
1062.920000000 8.000000000 0.021319594200
1063.920000000 9.500000000 -0.079170785800
1074.170000000 9.500000000 0.069410197400
1079.170000000 8.500000000 -0.060575220700
1077.920000000 5.500000000 -0.126499787000
1065.670000000 5.500000000 -0.030577205100
1062.170000000 8.000000000 0.034150339700
1064.170000000 5.500000000 -0.040831513700
1068.170000000 5.000000000 0.032301031100
1064.420000000 8.500000000 -0.058193925800
1062.920000000 6.000000000 -0.060983117700
1062.420000000 9.500000000 -0.040626782900
1073.420000000 6.000000000 0.157479643800
1064.420000000 5.500000000 -0.057645376800
1061.920000000 6.000000000 -0.056742105600
1073.670000000 8.500000000 0.176716998200
1062.420000000 8.000000000 0.096026442900
1074.170000000 8.500000000 0.142804086200
1075.670000000 9.000000000 0.121222712100
1081.420000000 5.500000000 0.110916659200
1074.170000000 6.000000000 0.129699885800
1064.170000000 9.000000000 0.043320164100
1073.420000000 9.000000000 -0.124251015500
1065.170000000 6.000000000 0.035716474100
1079.920000000 9.500000000 0.087358444900
1078.920000000 8.500000000 -0.081472419200
1071.920000000 6.000000000 0.128832548900
1064.670000000 5.500000000 -0.070841997900
1062.670000000 7.000000000 0.054167173800
1072.170000000 9.000000000 -0.124183252500
1073.920000000 8.500000000 0.169722780600
1075.920000000 9.000000000 0.093416757900
1062.920000000 7.000000000 0.037285648300
1076.170000000 9.000000000 0.055430758700
1062.420000000 7.000000000 0.064666427700
1064.170000000 9.500000000 -0.064826227700
1061.670000000 8.500000000 0.019271342100
1061.670000000 7.000000000 0.061167772900
1063.670000000 7.000000000 0.015614808500
1063.920000000 6.000000000 0.026438755900
1062.170000000 7.000000000 0.068542867900
1073.670000000 6.000000000 0.159325227100
1071.170000000 9.000000000 -0.006025355800
1061.920000000 7.000000000 0.067185081500
1062.670000000 6.500000000 -0.057030085500
1062.670000000 6.000000000 -0.068129226600
1064.420000000 6.500000000 -0.015673199700
1079.170000000 6.000000000 0.121549725500
1071.170000000 9.500000000 0.082020968200
1062.170000000 9.500000000 -0.053960029000
1064.170000000 8.500000000 -0.054153800000
1071.420000000 9.000000000 -0.059288833300
1073.920000000 6.000000000 0.150173172400
1063.170000000 7.000000000 0.015664763700
1064.920000000 5.500000000 -0.077828057100
1081.170000000 5.500000000 0.094751983900
1070.420000000 6.000000000 0.040394760700
1078.670000000 9.500000000 -0.109608084000
1076.420000000 9.000000000 0.015286463300
1071.920000000 9.000000000 -0.131568968300
1062.170000000 6.000000000 -0.064632274200
1071.670000000 9.000000000 -0.106603741600
1079.920000000 6.000000000 0.052027437800
1069.420000000 9.500000000 0.141711816200
1081.420000000 9.000000000 0.075349040300
1074.420000000 9.500000000 0.072594955600
1079.670000000 5.500000000 0.117359727600
1071.670000000 6.000000000 0.130729973300
1070.920000000 9.000000000 0.038694683500
1063.420000000 7.000000000 -0.007117526100
1064.420000000 9.500000000 -0.049899097500
1065.420000000 5.500000000 -0.034889962500
1062.420000000 6.000000000 -0.068341851200
1065.170000000 5.500000000 -0.077142477000
1069.920000000 9.000000000 0.136185884500
1081.420000000 9.500000000 0.033719655100
1077.920000000 9.000000000 -0.057341292500
1077.670000000 5.500000000 -0.143420428000
1070.920000000 9.500000000 0.035501614200
1079.670000000 9.000000000 0.013612863600
1080.920000000 5.500000000 0.069769404800
1070.670000000 6.000000000 0.085526019300
1077.670000000 9.000000000 -0.086055852500
1068.420000000 5.500000000 -0.039481215200
1063.920000000 6.500000000 -0.027810078100
1069.670000000 9.500000000 0.098220832600
1075.670000000 9.500000000 0.051844801800
1064.170000000 6.000000000 0.042996738100
1079.420000000 9.000000000 -0.026936851400
1068.420000000 5.000000000 0.069037482100
1061.920000000 9.500000000 -0.062101233800
1079.920000000 9.000000000 0.051943518200
1078.170000000 9.000000000 -0.027360403900
1075.420000000 9.500000000 0.083147890900
1071.420000000 6.000000000 0.130950868100
1081.170000000 9.000000000 0.081232242300
1080.170000000 9.500000000 0.110529869800
1076.670000000 9.000000000 -0.021133825200
1081.170000000 9.500000000 -0.013001224000
1063.670000000 6.500000000 -0.045149628100
1077.420000000 9.000000000 -0.105579689100
1079.920000000 5.500000000 0.095555305500
1069.920000000 9.500000000 0.119497969700
1078.420000000 9.500000000 -0.109076030600
1080.170000000 5.500000000 0.066135384100
1070.920000000 6.000000000 0.102183111000
1080.420000000 9.500000000 -0.044431746000
1071.170000000 6.000000000 0.123353764400
1075.920000000 9.500000000 0.013996758500
1079.170000000 9.000000000 -0.060706909700
1080.420000000 5.500000000 0.036081250800
1077.170000000 9.000000000 -0.128833830400
1070.670000000 9.500000000 0.067618921400
1080.920000000 9.500000000 0.041060484900
1070.170000000 9.500000000 0.133736774300
1080.920000000 5.000000000 0.030495287900
1074.670000000 9.500000000 0.096488401300
1061.670000000 9.500000000 -0.064943321000
1075.170000000 9.500000000 0.102921344300
1080.670000000 5.000000000 0.043653886800
1064.170000000 6.500000000 -0.003490728100
1080.170000000 9.000000000 0.080970950400
1070.420000000 9.500000000 0.134030655000
1077.920000000 9.500000000 -0.058265171900
1078.170000000 9.500000000 -0.089590549500
1070.170000000 9.000000000 0.139530405400
1062.920000000 6.500000000 -0.061805669200
1081.170000000 5.000000000 0.006614715300
1080.920000000 9.000000000 0.085441716000
1080.420000000 5.000000000 0.071598991800
1080.670000000 5.500000000 0.041071925300
1079.420000000 6.000000000 0.120066568300
1076.920000000 9.000000000 -0.137415424000
1080.670000000 9.500000000 -0.078243799500
1077.420000000 5.500000000 -0.132390752400
1071.170000000 5.000000000 0.078044578400
1079.670000000 6.000000000 0.006836670500
1074.920000000 9.500000000 0.107565254000
1063.420000000 6.500000000 -0.055305805100
1077.670000000 9.500000000 -0.025383941800
1070.670000000 9.000000000 0.066634841300
1070.920000000 5.000000000 0.105698056500
1078.420000000 9.000000000 0.001516244500
1064.420000000 6.000000000 0.058841966100
1080.170000000 5.000000000 0.095371872200
1071.420000000 5.000000000 0.034126639400
1078.920000000 9.000000000 -0.080500714500
1076.170000000 9.500000000 -0.024505168200
1080.670000000 9.000000000 0.086769469100
1068.670000000 5.500000000 -0.049649313100
1070.670000000 5.000000000 0.118816494900
1064.920000000 6.000000000 0.045209541900
1070.420000000 9.000000000 0.125397890800
1069.170000000 5.500000000 -0.020093506200
1079.920000000 5.000000000 0.030137354500
1069.420000000 5.500000000 0.015137449800
1077.170000000 5.500000000 -0.099622704100
1063.170000000 6.500000000 -0.060572467700
1068.670000000 5.000000000 0.093427427100
1070.420000000 5.000000000 0.098449632500
1068.920000000 5.500000000 -0.049703452700
1076.920000000 5.500000000 -0.056738242500
1079.670000000 5.000000000 0.104195334000
1080.420000000 9.000000000 0.096708342400
1081.420000000 5.000000000 -0.017548613300
1071.670000000 5.000000000 0.003316171500
1079.420000000 5.000000000 0.085313588400
1070.170000000 5.000000000 0.065428040900
1077.670000000 5.000000000 -0.014963135100
1069.920000000 5.000000000 0.029816251200
1076.670000000 5.500000000 -0.015823306500
1064.670000000 6.000000000 -0.071705475400
1079.170000000 5.000000000 0.054376829400
1069.670000000 5.500000000 0.049186419700
1077.420000000 9.500000000 -0.000204857600
1071.920000000 5.000000000 0.035179577800
1078.670000000 9.000000000 -0.084562487900
1077.920000000 5.000000000 0.010788792700
1072.170000000 5.000000000 -0.003462907200
1078.920000000 5.000000000 0.016792619600
1069.670000000 5.000000000 0.019614186100
1077.420000000 5.000000000 -0.039933741100
1075.920000000 5.000000000 -0.010328300300
1076.170000000 5.000000000 -0.051280066400
1076.420000000 9.500000000 -0.056605503000
1068.920000000 5.000000000 0.102560393500
1076.420000000 5.500000000 0.015844676600
1072.420000000 5.000000000 -0.032251313300
1075.670000000 5.000000000 0.031868588200
1076.420000000 5.000000000 -0.080177418900
1069.920000000 5.500000000 0.076880142100
1077.170000000 5.000000000 0.051523078200
1076.670000000 9.500000000 0.023751674200
1069.420000000 5.000000000 -0.006714319800
1078.170000000 5.000000000 -0.059450842400
1076.920000000 9.500000000 -0.008790530300
1078.420000000 5.000000000 -0.090552598200
1078.670000000 5.000000000 -0.020846301700
1076.670000000 5.000000000 -0.091104716100
1076.920000000 5.000000000 0.016831256400
1077.170000000 9.500000000 -0.076759472500
1069.170000000 5.000000000 0.097550012200
1075.420000000 5.000000000 0.063183851500
1071.920000000 5.500000000 0.037915937600
1071.670000000 5.500000000 0.079302281100
1070.170000000 5.500000000 0.093135066300
1072.170000000 5.500000000 -0.007585457100
1072.670000000 5.000000000 -0.049173500400
1074.170000000 5.000000000 -0.023161886300
1071.420000000 5.500000000 0.108056075900
1073.920000000 5.000000000 -0.059439644200
1074.420000000 5.000000000 0.020730221600
1070.420000000 5.500000000 0.054456986500
1076.170000000 5.500000000 0.036760557400
1071.170000000 5.500000000 0.118858806800
1073.670000000 5.000000000 -0.079632021500
1072.420000000 5.500000000 0.051863335100
1070.670000000 5.500000000 0.086653702000
1070.920000000 5.500000000 0.110727720000
1074.670000000 5.000000000 0.057967957100
1072.670000000 5.500000000 0.070670545100
1075.170000000 5.000000000 0.075081758200
1073.920000000 5.500000000 0.065969891800
1073.670000000 5.500000000 0.091446541200
1072.920000000 5.500000000 0.091903999400
1074.170000000 5.500000000 0.030129136500
1073.420000000 5.000000000 -0.082297176100
1073.170000000 5.500000000 0.108137346800
1073.420000000 5.500000000 0.112876467400
1074.420000000 5.500000000 0.001681984900
1073.170000000 5.000000000 -0.068886824000
1074.920000000 5.000000000 0.074971288400
1072.920000000 5.000000000 -0.056678928400
1075.920000000 5.500000000 -0.038523908700
1074.670000000 5.500000000 -0.027245553200
1075.670000000 5.500000000 -0.018642164800
1074.920000000 5.500000000 0.057364061500
1075.170000000 5.500000000 0.040290813900
1075.420000000 5.500000000 -0.005151322100
