959.290000000 7.600000000 -0.346937418000
959.040000000 7.600000000 -0.374802887400
959.290000000 7.800000000 -0.349024355400
959.540000000 7.800000000 -0.312319546900
959.540000000 7.600000000 -0.310726672400
958.790000000 7.600000000 -0.386021941900
959.040000000 7.800000000 -0.374299466600
959.790000000 7.800000000 -0.267705053100
958.790000000 7.800000000 -0.382698446500
958.540000000 7.600000000 -0.372036814700
959.790000000 7.600000000 -0.269812524300
959.040000000 7.400000000 -0.363547653000
958.790000000 7.400000000 -0.371762186300
959.290000000 7.400000000 -0.338158220100
959.540000000 8.000000000 -0.305346667800
959.290000000 8.000000000 -0.343374192700
959.540000000 7.400000000 -0.303783118700
958.540000000 7.400000000 -0.355087310100
958.540000000 7.800000000 -0.368549436300
958.290000000 7.600000000 -0.328201174700
959.040000000 8.000000000 -0.367614656700
959.790000000 8.000000000 -0.258360087900
960.040000000 7.800000000 -0.215183615700
958.290000000 7.800000000 -0.322971224800
958.290000000 7.400000000 -0.310705691600
958.790000000 8.000000000 -0.372599601700
960.040000000 7.600000000 -0.222369819900
959.790000000 7.400000000 -0.264603227400
958.040000000 7.600000000 -0.257221400700
958.040000000 7.800000000 -0.260263800600
960.040000000 8.000000000 -0.205015331500
958.540000000 8.000000000 -0.355027973700
958.040000000 7.400000000 -0.242172822400
958.290000000 8.000000000 -0.316092670000
957.790000000 7.600000000 -0.170416712800
959.540000000 8.200000000 -0.293297529200
957.790000000 7.800000000 -0.180314958100
959.290000000 8.200000000 -0.328979104800
958.790000000 7.200000000 -0.340796470600
960.290000000 7.800000000 -0.154503107100
959.040000000 7.200000000 -0.341731935700
958.540000000 7.200000000 -0.320275366300
959.790000000 8.200000000 -0.245151087600
959.290000000 7.200000000 -0.321716398000
958.040000000 8.000000000 -0.259913295500
959.040000000 8.200000000 -0.349127978100
960.040000000 7.400000000 -0.220947474200
959.540000000 7.200000000 -0.292535871300
958.290000000 7.200000000 -0.279559314300
960.290000000 7.600000000 -0.166909590400
957.790000000 7.400000000 -0.159238979200
960.290000000 8.000000000 -0.146212905600
958.790000000 8.200000000 -0.351131349800
959.790000000 7.200000000 -0.255438715200
960.040000000 8.200000000 -0.188283562700
957.540000000 7.600000000 -0.082530863600
957.790000000 8.000000000 -0.190334796900
957.540000000 7.800000000 -0.092269361000
958.540000000 8.200000000 -0.334678560500
958.040000000 7.200000000 -0.221683695900
958.290000000 8.200000000 -0.302552670200
960.540000000 7.800000000 -0.089181505100
948.040000000 5.800000000 -0.122878953800
957.540000000 7.400000000 -0.075717456600
948.040000000 5.600000000 -0.110412724300
948.040000000 6.000000000 -0.134419724300
960.290000000 7.400000000 -0.173006847500
960.290000000 8.200000000 -0.126826793000
960.040000000 7.200000000 -0.214883536100
958.540000000 7.000000000 -0.282647341500
958.790000000 7.000000000 -0.302382111500
958.040000000 8.200000000 -0.256844431200
960.540000000 7.600000000 -0.106028698400
960.540000000 8.000000000 -0.072319328800
959.040000000 7.000000000 -0.309703916300
958.290000000 7.000000000 -0.252819567900
957.790000000 7.200000000 -0.153319105500
957.540000000 8.000000000 -0.112243235100
952.040000000 5.200000000 0.168128982200
959.290000000 8.400000000 -0.303105056300
959.540000000 8.400000000 -0.269221484700
948.040000000 5.400000000 -0.101988285800
959.290000000 7.000000000 -0.302136838400
951.790000000 5.200000000 0.145127221900
957.290000000 7.600000000 -0.004558910600
959.040000000 8.400000000 -0.320350080700
959.540000000 7.000000000 -0.275071382500
952.290000000 5.200000000 0.195950567700
959.790000000 8.400000000 -0.221695959600
958.790000000 8.400000000 -0.320848614000
957.290000000 7.800000000 -0.007824096800
948.040000000 6.200000000 -0.145163476500
958.040000000 7.000000000 -0.214268475800
957.790000000 8.200000000 -0.198631569700
959.790000000 7.000000000 -0.243925288300
958.540000000 8.400000000 -0.308026224400
952.540000000 5.200000000 0.215614855300
960.790000000 7.800000000 -0.024451926400
948.040000000 5.200000000 -0.098106272500
952.040000000 5.400000000 0.172699168300
957.290000000 7.400000000 -0.003473215700
948.290000000 6.000000000 -0.071326233400
960.040000000 8.400000000 -0.165237262800
960.540000000 8.200000000 -0.064669415400
951.790000000 5.400000000 0.159096106900
948.290000000 5.800000000 -0.064570933600
951.540000000 5.200000000 0.125916391600
960.540000000 7.400000000 -0.121562078600
957.540000000 7.200000000 -0.083444789100
960.290000000 7.200000000 -0.174511060100
952.790000000 5.200000000 0.229807660000
958.290000000 8.400000000 -0.284917831400
960.790000000 8.000000000 -0.009893436000
952.290000000 5.400000000 0.184347242100
960.790000000 7.600000000 -0.044185541600
957.290000000 8.000000000 -0.032194446800
958.540000000 6.800000000 -0.257714122500
960.040000000 7.000000000 -0.208423331400
957.790000000 7.000000000 -0.167271301200
958.290000000 6.800000000 -0.241591408800
948.290000000 6.200000000 -0.083229996300
948.290000000 5.600000000 -0.062659911800
953.040000000 5.200000000 0.233475834100
957.540000000 8.200000000 -0.130658343400
958.790000000 6.800000000 -0.267941236500
958.040000000 8.400000000 -0.250244289600
952.040000000 5.600000000 0.172335833300
960.290000000 8.400000000 -0.105631649500
951.540000000 5.400000000 0.145174488400
959.040000000 6.800000000 -0.266765266700
958.040000000 6.800000000 -0.218526780600
951.790000000 5.600000000 0.166277319200
952.540000000 5.400000000 0.192915648200
957.040000000 7.600000000 0.056998651500
959.290000000 6.800000000 -0.265798866700
948.040000000 6.400000000 -0.154692873400
953.290000000 5.200000000 0.221338018800
961.040000000 7.800000000 0.036384921500
952.290000000 5.600000000 0.174520164700
960.790000000 8.200000000 -0.005387842200
959.540000000 6.800000000 -0.249231144800
957.040000000 7.800000000 0.045789290200
959.040000000 8.600000000 -0.283819913900
959.290000000 8.600000000 -0.266648322300
957.790000000 6.800000000 -0.199144929600
958.790000000 8.600000000 -0.287032604200
948.290000000 5.400000000 -0.064289264400
957.290000000 7.200000000 -0.038359940100
961.040000000 8.000000000 0.049110442400
951.290000000 5.200000000 0.115288525800
960.790000000 7.400000000 -0.068050198300
957.790000000 8.400000000 -0.202433630800
957.540000000 7.000000000 -0.134311661100
953.540000000 5.200000000 0.190441399800
959.540000000 8.600000000 -0.234340190900
951.540000000 5.600000000 0.157268911600
960.540000000 7.200000000 -0.134448841200
961.040000000 7.600000000 0.014498595100
952.790000000 5.400000000 0.198341041800
959.790000000 6.800000000 -0.228629067500
958.540000000 8.600000000 -0.280054718300
960.290000000 7.000000000 -0.174938350900
957.040000000 7.400000000 0.051295872800
948.290000000 6.400000000 -0.099615566400
948.540000000 6.000000000 -0.013830692500
957.290000000 8.200000000 -0.057798255200
960.540000000 8.400000000 -0.048346702000
959.790000000 8.600000000 -0.205137476300
952.040000000 5.800000000 0.170880779600
957.540000000 6.800000000 -0.153895527100
951.290000000 5.400000000 0.132918790000
957.040000000 8.000000000 0.041534792600
958.040000000 6.600000000 -0.214700534900
951.790000000 5.800000000 0.170001134300
952.540000000 5.600000000 0.172454953200
948.540000000 6.200000000 -0.024804875300
948.290000000 5.200000000 -0.071291483900
958.290000000 8.600000000 -0.264187783000
958.290000000 6.600000000 -0.230215907100
953.790000000 5.200000000 0.142011880900
957.790000000 6.600000000 -0.190908342600
958.540000000 6.600000000 -0.229439348000
953.040000000 5.400000000 0.199243739200
948.540000000 5.800000000 -0.013323435600
952.290000000 5.800000000 0.165489792800
961.290000000 7.800000000 0.091017380400
958.790000000 6.600000000 -0.235133081700
957.290000000 7.000000000 -0.075443819200
960.040000000 6.800000000 -0.202158197800
951.540000000 5.800000000 0.163354307400
951.290000000 5.600000000 0.146418303300
959.040000000 6.600000000 -0.245144009600
957.540000000 8.400000000 -0.143784225000
961.040000000 8.200000000 0.047871660400
960.040000000 8.600000000 -0.155751332600
948.040000000 6.600000000 -0.173914969000
961.290000000 8.000000000 0.103945024300
959.290000000 6.600000000 -0.227527990900
957.290000000 6.800000000 -0.096539653800
957.540000000 6.600000000 -0.155430376500
953.290000000 5.400000000 0.191205993300
958.040000000 8.600000000 -0.237195685500
961.290000000 7.600000000 0.067018270500
951.040000000 5.200000000 0.148937746900
957.040000000 7.200000000 -0.003444899600
961.040000000 7.400000000 -0.015109531600
948.540000000 6.400000000 -0.043928820600
951.290000000 5.800000000 0.151538878700
960.790000000 7.200000000 -0.092740729500
952.790000000 5.600000000 0.167451798900
957.040000000 7.000000000 -0.016932407400
960.790000000 8.400000000 0.003836798700
960.540000000 7.000000000 -0.144753843500
948.290000000 6.600000000 -0.126960381900
952.540000000 5.800000000 0.154639229200
954.040000000 5.200000000 0.082087852100
948.540000000 5.600000000 -0.021724406600
956.790000000 7.800000000 0.097544722300
952.040000000 6.000000000 0.161876589100
956.790000000 7.600000000 0.099707208600
951.790000000 6.000000000 0.164023116200
961.540000000 7.800000000 0.136403173200
959.540000000 6.600000000 -0.215347573200
952.290000000 6.000000000 0.141486764000
963.040000000 8.200000000 0.161551967300
957.040000000 8.200000000 0.012951677700
961.540000000 8.000000000 0.130610659700
960.290000000 6.800000000 -0.176491588400
951.040000000 5.400000000 0.126206681100
953.540000000 5.400000000 0.170729622200
960.290000000 8.600000000 -0.100868888200
962.790000000 8.200000000 0.187239050900
951.540000000 6.000000000 0.158442080000
962.790000000 8.000000000 0.189235895900
963.040000000 8.000000000 0.168444797400
961.290000000 8.200000000 0.094281137000
951.040000000 5.600000000 0.133287966300
958.040000000 6.400000000 -0.196732133600
957.790000000 8.600000000 -0.198262542500
957.040000000 6.800000000 -0.032138735100
957.790000000 6.400000000 -0.179146125900
963.290000000 8.200000000 0.128358930300
962.540000000 8.000000000 0.201812535500
959.040000000 8.800000000 -0.250106036700
950.790000000 5.200000000 0.156672075400
957.290000000 8.400000000 -0.079530552000
959.290000000 8.800000000 -0.236532211300
962.540000000 8.200000000 0.203679353000
963.040000000 8.400000000 0.151124015500
958.290000000 6.400000000 -0.207880646000
963.290000000 8.000000000 0.140649542200
957.290000000 6.600000000 -0.108327515400
958.790000000 8.800000000 -0.251961708100
961.540000000 7.600000000 0.111914202600
962.790000000 7.800000000 0.188759386500
959.790000000 6.600000000 -0.207235917400
961.790000000 7.800000000 0.155747398700
963.040000000 7.800000000 0.172545343600
962.540000000 7.800000000 0.197755664600
951.040000000 5.800000000 0.134559750600
962.790000000 8.400000000 0.180974319600
962.290000000 8.000000000 0.206016376600
951.290000000 6.000000000 0.146582797200
963.290000000 8.400000000 0.114659115700
956.790000000 8.000000000 0.081126473800
961.790000000 8.000000000 0.166994169400
958.540000000 6.400000000 -0.204577654600
953.040000000 5.600000000 0.165057316400
959.540000000 8.800000000 -0.211454033900
948.540000000 6.600000000 -0.071116782700
962.290000000 7.800000000 0.198667988200
956.790000000 7.200000000 0.046224661200
958.790000000 6.400000000 -0.203734412800
962.040000000 8.000000000 0.200711816500
956.790000000 7.000000000 0.036500133600
962.040000000 7.800000000 0.185182899200
963.290000000 7.800000000 0.150025680700
961.290000000 7.400000000 0.034898363100
958.540000000 8.800000000 -0.251346051700
962.290000000 8.200000000 0.210603758700
952.540000000 6.000000000 0.135783046500
961.790000000 7.600000000 0.137335300400
959.040000000 6.400000000 -0.218789741400
950.790000000 5.400000000 0.154594868400
956.790000000 7.400000000 0.088061437000
957.540000000 6.400000000 -0.152709499000
961.540000000 8.200000000 0.135217785800
962.540000000 8.400000000 0.201298326300
962.790000000 7.600000000 0.187240809200
963.040000000 7.600000000 0.175016075400
948.540000000 5.400000000 -0.035252694000
952.790000000 5.800000000 0.143650725500
962.040000000 7.600000000 0.173309162300
948.790000000 6.200000000 0.024514775700
962.540000000 7.600000000 0.192266210900
961.040000000 8.400000000 0.050362657800
953.790000000 5.400000000 0.137205690100
963.540000000 8.200000000 0.092365868400
962.290000000 7.600000000 0.193971574300
963.290000000 7.600000000 0.156419292100
950.540000000 5.200000000 0.151643812700
960.040000000 6.600000000 -0.193119525900
952.290000000 6.200000000 0.127333894400
963.540000000 8.000000000 0.109218172700
959.290000000 6.400000000 -0.197912216200
959.790000000 8.800000000 -0.175837904200
952.040000000 6.200000000 0.141533419500
962.040000000 8.200000000 0.205974414900
961.040000000 7.200000000 -0.048045303700
958.290000000 8.800000000 -0.234253048900
951.040000000 6.000000000 0.126931041500
961.790000000 8.200000000 0.170567438000
951.790000000 6.200000000 0.146139189600
957.540000000 8.600000000 -0.149729460500
948.790000000 6.000000000 0.030900603200
960.790000000 7.000000000 -0.114088431000
948.790000000 6.400000000 0.008623960400
963.540000000 8.400000000 0.076509825900
963.540000000 7.800000000 0.123942010100
961.540000000 7.400000000 0.058617144800
963.290000000 7.400000000 0.159936666500
948.040000000 6.800000000 -0.173341870300
963.040000000 8.600000000 0.138099581000
960.540000000 6.800000000 -0.153540700700
955.040000000 7.600000000 0.134296566200
951.540000000 6.200000000 0.150462567800
963.040000000 7.400000000 0.175955757500
960.540000000 8.600000000 -0.046707112300
954.290000000 5.200000000 0.018950277900
956.790000000 6.800000000 0.029965948300
953.290000000 5.600000000 0.157154202500
963.540000000 7.600000000 0.134166151300
950.790000000 5.600000000 0.118849657500
961.790000000 7.400000000 0.112661778900
963.290000000 8.600000000 0.101238988300
955.290000000 7.600000000 0.148734137400
963.540000000 7.400000000 0.140327930500
955.040000000 7.400000000 0.140272721600
962.790000000 7.400000000 0.184693545100
962.290000000 8.400000000 0.209982395200
962.040000000 7.400000000 0.156471341800
963.540000000 7.200000000 0.143792286500
962.790000000 8.600000000 0.169555932300
950.540000000 5.400000000 0.143670365200
963.290000000 7.200000000 0.160898804700
957.040000000 6.600000000 -0.052710123400
955.040000000 7.800000000 0.134562745700
955.290000000 7.800000000 0.146128669400
948.290000000 6.800000000 -0.137784436300
962.290000000 7.400000000 0.183449789900
962.540000000 7.400000000 0.184849172800
952.540000000 6.200000000 0.124144695700
950.790000000 5.800000000 0.114091105800
951.290000000 6.200000000 0.138142675200
954.790000000 7.400000000 0.117835886800
948.540000000 5.200000000 -0.050553202600
948.790000000 6.600000000 -0.014089720300
963.790000000 7.200000000 0.134811073500
963.790000000 7.000000000 0.142461821400
956.790000000 8.200000000 0.052537508300
963.540000000 7.000000000 0.163902312500
956.540000000 7.000000000 0.082588993000
958.040000000 8.800000000 -0.208270937200
959.540000000 6.400000000 -0.168740421500
954.790000000 7.600000000 0.124571263800
955.290000000 7.400000000 0.153839781900
954.790000000 7.200000000 0.113344796000
963.040000000 7.200000000 0.174338445100
963.790000000 7.400000000 0.126095622800
956.540000000 7.200000000 0.088443219700
957.040000000 8.400000000 -0.017209392000
961.290000000 8.400000000 0.092012941800
950.290000000 5.200000000 0.129223391400
955.040000000 7.200000000 0.139436692000
957.290000000 6.400000000 -0.117131732400
961.290000000 7.200000000 -0.031639929900
960.290000000 6.600000000 -0.186470255300
960.040000000 8.800000000 -0.132632032000
952.790000000 6.000000000 0.124224558500
958.040000000 6.200000000 -0.180079579400
963.290000000 7.000000000 0.159425526900
955.290000000 8.000000000 0.122815564300
956.540000000 7.800000000 0.131560608700
963.790000000 6.800000000 0.148715779200
962.040000000 8.400000000 0.194313362200
962.540000000 8.600000000 0.200779721100
954.790000000 7.800000000 0.121236905500
963.790000000 7.600000000 0.114419035600
948.540000000 6.800000000 -0.087733842400
964.040000000 7.000000000 0.121951215000
958.290000000 6.200000000 -0.188230603900
955.540000000 7.800000000 0.130574569100
955.540000000 7.600000000 0.157508522300
953.040000000 5.800000000 0.133887246300
950.790000000 6.000000000 0.107251510000
951.040000000 6.200000000 0.114335618900
964.040000000 6.800000000 0.130394399200
952.040000000 6.400000000 0.137757659000
957.790000000 6.200000000 -0.166747495500
963.540000000 8.600000000 0.063780643000
963.540000000 6.800000000 0.165005430600
955.040000000 8.000000000 0.137018159000
962.790000000 7.200000000 0.179368287300
963.790000000 7.800000000 0.098201647400
956.540000000 8.000000000 0.123320266600
948.790000000 5.800000000 0.024829329900
964.040000000 7.200000000 0.111542880500
952.290000000 6.400000000 0.130435347600
961.540000000 7.200000000 0.024876231300
954.040000000 5.400000000 0.092275410900
958.540000000 6.200000000 -0.183677628600
955.540000000 8.000000000 0.136002048900
961.540000000 8.400000000 0.130548864600
956.540000000 6.800000000 0.067553453100
961.790000000 8.400000000 0.166215941300
951.790000000 6.400000000 0.142155781400
953.540000000 5.600000000 0.145840898200
954.790000000 8.000000000 0.124823033800
959.790000000 6.400000000 -0.173557043100
963.790000000 8.000000000 0.078767061200
956.540000000 7.600000000 0.126117289100
961.040000000 7.000000000 -0.103715993500
955.290000000 7.200000000 0.160051152100
961.790000000 7.200000000 0.083682484900
955.540000000 7.400000000 0.162925392400
958.790000000 6.200000000 -0.176191136200
957.290000000 8.600000000 -0.096699267600
964.040000000 6.600000000 0.135830283200
964.290000000 6.600000000 0.122253812800
954.790000000 7.000000000 0.112664043900
963.040000000 7.000000000 0.168699279400
962.540000000 7.200000000 0.173431277300
950.540000000 5.600000000 0.131119623800
962.040000000 7.200000000 0.133930861900
963.790000000 8.200000000 0.059344131500
951.540000000 6.400000000 0.137414738500
957.790000000 8.800000000 -0.184823051100
956.540000000 7.400000000 0.099011890600
950.290000000 5.400000000 0.119054213200
964.290000000 6.800000000 0.116571776600
963.290000000 6.800000000 0.172107502800
954.540000000 7.200000000 0.089597389100
954.540000000 7.400000000 0.097386620900
964.040000000 7.400000000 0.098122701000
956.790000000 6.600000000 -0.007923423300
962.290000000 7.200000000 0.167393356600
962.290000000 8.600000000 0.202412992700
960.790000000 6.800000000 -0.150948643700
952.540000000 6.400000000 0.122377291300
955.040000000 7.000000000 0.139428630500
963.040000000 8.800000000 0.141196683000
963.790000000 6.600000000 0.150878608200
964.290000000 6.400000000 0.123973988000
948.790000000 6.800000000 -0.031211769200
959.040000000 6.200000000 -0.191859260200
954.540000000 7.600000000 0.108156859900
954.540000000 7.000000000 0.097600996500
957.540000000 6.200000000 -0.147704988700
956.290000000 7.000000000 0.121105566600
964.540000000 6.400000000 0.117526613200
963.290000000 8.800000000 0.104360230300
955.540000000 7.200000000 0.167144179300
960.790000000 8.600000000 0.007165091100
954.790000000 8.200000000 0.127382606300
955.040000000 8.200000000 0.119517348700
964.540000000 6.600000000 0.115007340900
954.540000000 8.000000000 0.109990835200
951.290000000 6.400000000 0.132857024700
964.290000000 7.000000000 0.107061892700
956.290000000 7.200000000 0.124301031200
954.540000000 7.800000000 0.107797116000
960.040000000 6.400000000 -0.176912039500
950.790000000 6.200000000 0.101096309700
955.290000000 8.200000000 0.132665410600
963.790000000 8.400000000 0.042681515200
952.040000000 6.600000000 0.149995550500
954.540000000 8.200000000 0.109777592100
960.540000000 6.600000000 -0.177199557400
950.540000000 5.800000000 0.100738793600
950.040000000 5.200000000 0.091685183300
952.790000000 6.200000000 0.119324311600
962.790000000 8.800000000 0.172238275400
949.040000000 6.600000000 0.038177833000
956.540000000 8.200000000 0.099959984400
955.790000000 7.600000000 0.158248588400
952.290000000 6.600000000 0.141793251000
961.290000000 7.000000000 -0.061270929900
963.540000000 6.600000000 0.160876706200
964.040000000 6.400000000 0.135230183600
955.290000000 7.000000000 0.165316298600
955.790000000 8.000000000 0.146640777600
955.790000000 7.400000000 0.160257265000
955.790000000 7.800000000 0.155532777300
955.790000000 7.000000000 0.160038098700
955.540000000 7.000000000 0.169017076500
962.790000000 7.000000000 0.168541386700
955.790000000 7.200000000 0.161283537700
964.040000000 7.600000000 0.081168435500
963.040000000 6.800000000 0.166147604600
956.040000000 7.000000000 0.139802143000
956.290000000 6.800000000 0.095846548700
959.290000000 6.200000000 -0.186252847300
960.290000000 8.800000000 -0.085200354500
954.540000000 6.800000000 0.098933190100
951.790000000 6.600000000 0.149217009500
959.040000000 9.000000000 -0.214490026200
956.040000000 6.800000000 0.131041541700
964.540000000 6.800000000 0.109723269900
964.540000000 6.200000000 0.118593581000
957.040000000 6.400000000 -0.079724937700
951.040000000 6.400000000 0.114191629000
955.540000000 8.200000000 0.142909124500
955.790000000 6.800000000 0.155009791300
956.790000000 8.400000000 0.015365643400
950.540000000 6.000000000 0.089377507600
964.290000000 6.200000000 0.120967276400
964.290000000 7.200000000 0.093018867100
962.040000000 8.600000000 0.185224488400
958.790000000 9.000000000 -0.221842855200
959.290000000 9.000000000 -0.198641777000
956.040000000 7.200000000 0.144284293100
956.540000000 6.600000000 0.044200032900
959.540000000 6.200000000 -0.161714121700
954.790000000 8.400000000 0.114023231000
952.540000000 6.600000000 0.126454114900
954.790000000 6.800000000 0.128747478100
949.040000000 6.400000000 0.046846706400
954.290000000 6.800000000 0.070875495700
961.540000000 7.000000000 -0.006266244200
953.290000000 5.800000000 0.126408353400
951.540000000 6.600000000 0.133804440500
949.040000000 6.800000000 0.023707682300
954.290000000 7.000000000 0.073121488100
953.040000000 6.000000000 0.111256204500
955.540000000 6.800000000 0.167589962500
956.290000000 8.000000000 0.146308749900
963.290000000 6.600000000 0.161009639500
964.790000000 6.400000000 0.118701323900
954.540000000 8.400000000 0.107956811800
956.290000000 7.400000000 0.121590092800
953.290000000 6.000000000 0.133471712500
961.040000000 6.800000000 -0.123357184200
958.540000000 9.000000000 -0.219346135900
956.040000000 7.400000000 0.147306054800
963.540000000 8.800000000 0.068631507500
957.540000000 8.800000000 -0.148150295000
962.540000000 8.800000000 0.189809337300
956.290000000 6.600000000 0.076646216200
952.040000000 6.800000000 0.153286308100
948.790000000 5.600000000 0.007851857700
955.040000000 8.400000000 0.129485711500
955.040000000 6.800000000 0.153316751100
952.790000000 6.400000000 0.112467028200
963.790000000 6.400000000 0.146056070900
962.540000000 7.000000000 0.156647756700
964.790000000 6.600000000 0.109527222800
950.290000000 5.600000000 0.107515074300
953.790000000 5.600000000 0.127828910900
955.290000000 6.800000000 0.167157292400
960.290000000 6.400000000 -0.178260177400
964.040000000 7.800000000 0.061376892000
956.290000000 7.800000000 0.148647934200
958.290000000 6.000000000 -0.170358479000
956.040000000 7.600000000 0.149702534100
956.040000000 8.000000000 0.152040362400
954.290000000 8.000000000 0.108434885700
961.790000000 7.000000000 0.053450226800
959.540000000 9.000000000 -0.175419703100
954.540000000 5.200000000 -0.037733815600
958.040000000 6.000000000 -0.165507197400
951.290000000 6.600000000 0.115635588800
952.290000000 6.800000000 0.145771399100
954.290000000 8.200000000 0.092504136300
951.790000000 6.800000000 0.148929268100
957.290000000 6.200000000 -0.122037060600
953.290000000 6.200000000 0.126830861000
950.040000000 5.400000000 0.085359752200
958.290000000 9.000000000 -0.206367239400
956.040000000 6.600000000 0.116298839400
961.040000000 8.600000000 0.046533770900
954.290000000 7.800000000 0.103039376400
956.290000000 7.600000000 0.131182387500
953.540000000 9.000000000 0.051442157500
962.790000000 6.800000000 0.148367434700
955.790000000 8.200000000 0.147420972600
950.790000000 6.400000000 0.099000938200
954.290000000 7.200000000 0.080368585900
953.290000000 8.800000000 0.026434708400
953.040000000 6.200000000 0.129287660100
959.790000000 6.200000000 -0.135001033500
953.040000000 8.800000000 0.051341902500
960.790000000 6.600000000 -0.162284940500
963.790000000 8.600000000 0.031599890400
956.290000000 8.200000000 0.129848673900
964.790000000 6.200000000 0.121067099300
950.540000000 6.200000000 0.093472026300
957.040000000 8.600000000 -0.046286080000
961.790000000 8.600000000 0.154513359100
964.040000000 6.200000000 0.127163291000
956.040000000 7.800000000 0.148496717200
958.540000000 6.000000000 -0.167086079700
964.290000000 7.400000000 0.074065521400
954.290000000 6.600000000 0.076211035300
953.290000000 9.000000000 0.058637842500
962.040000000 7.000000000 0.106806151600
953.540000000 6.000000000 0.127742394800
964.540000000 7.000000000 0.098454877700
962.290000000 7.000000000 0.133677527300
949.040000000 6.200000000 0.060379862800
963.040000000 6.600000000 0.149816811100
955.790000000 6.600000000 0.144214287400
954.540000000 6.600000000 0.103464700300
956.790000000 6.400000000 -0.046906568100
954.290000000 7.600000000 0.093437828100
952.790000000 6.600000000 0.107998482900
953.540000000 9.200000000 0.070295892700
953.540000000 5.800000000 0.133164763500
954.290000000 5.400000000 0.040358126200
953.540000000 8.800000000 0.021250901700
957.790000000 6.000000000 -0.155930429700
954.290000000 8.400000000 0.089997246900
955.290000000 8.400000000 0.130899503800
954.290000000 7.400000000 0.088243298200
963.540000000 6.400000000 0.160367831600
952.540000000 6.800000000 0.127445548800
961.290000000 6.800000000 -0.083451502000
953.790000000 9.000000000 0.058728985500
954.540000000 8.600000000 0.099919766200
954.790000000 8.600000000 0.119605399700
949.790000000 5.200000000 0.047792673100
956.040000000 8.200000000 0.144181579400
964.040000000 8.000000000 0.040592737500
953.540000000 6.200000000 0.121860019900
953.040000000 8.600000000 0.043558262300
951.040000000 6.600000000 0.113412305700
951.540000000 6.800000000 0.124189212900
958.040000000 9.000000000 -0.183655753700
956.540000000 6.400000000 0.002171481500
953.290000000 8.600000000 0.025461070200
954.040000000 6.800000000 0.054152969300
955.540000000 6.600000000 0.160201162100
948.040000000 7.000000000 -0.162427380700
952.790000000 8.800000000 0.087614506500
964.790000000 6.800000000 0.101457364900
962.290000000 8.800000000 0.188532620700
958.790000000 6.000000000 -0.154526010200
948.290000000 7.000000000 -0.138477608600
956.540000000 8.400000000 0.064004719300
949.290000000 6.800000000 0.071203455300
961.290000000 8.600000000 0.083436206000
961.540000000 8.600000000 0.119219824700
954.790000000 6.600000000 0.130878835900
950.290000000 5.800000000 0.082405664000
953.790000000 8.800000000 0.050186619200
953.290000000 9.200000000 0.073785193300
949.290000000 6.600000000 0.080531574800
959.790000000 9.000000000 -0.159856677100
964.540000000 6.000000000 0.116318650500
948.540000000 7.000000000 -0.098420701900
960.540000000 6.400000000 -0.176512464900
953.790000000 9.200000000 0.076569125100
955.290000000 6.600000000 0.163108155100
954.040000000 6.600000000 0.058279033800
955.040000000 6.600000000 0.152336403700
953.040000000 9.000000000 0.063420184000
955.040000000 8.600000000 0.140144407700
963.290000000 6.400000000 0.149894028900
959.290000000 6.000000000 -0.175912007700
954.290000000 8.600000000 0.080429852000
953.540000000 8.600000000 0.026502991100
952.040000000 7.000000000 0.147243350700
953.040000000 6.400000000 0.127554029200
953.290000000 6.400000000 0.125312969100
964.290000000 6.000000000 0.113190934100
950.540000000 6.400000000 0.102395668600
953.540000000 9.400000000 0.095025956600
952.790000000 8.600000000 0.076436765500
956.290000000 6.400000000 0.052299071100
959.540000000 6.000000000 -0.157035648800
965.040000000 6.400000000 0.129401192100
960.540000000 8.800000000 -0.037739712700
951.290000000 6.800000000 0.114946104600
948.790000000 7.000000000 -0.048150338200
959.040000000 6.000000000 -0.173828989300
963.290000000 9.000000000 0.098187178400
953.790000000 5.800000000 0.119572162600
957.040000000 6.200000000 -0.091411218000
954.040000000 7.000000000 0.074265763200
952.790000000 6.800000000 0.105026401600
951.790000000 7.000000000 0.141843289100
961.040000000 6.600000000 -0.137101605500
957.540000000 6.000000000 -0.142178386400
948.790000000 5.400000000 -0.014470016600
963.040000000 9.000000000 0.132082000400
953.540000000 6.400000000 0.119566232000
960.040000000 6.200000000 -0.156435236300
961.540000000 6.800000000 -0.031340468700
950.290000000 6.000000000 0.084217682500
962.540000000 6.800000000 0.122400522200
950.790000000 6.600000000 0.097331814500
952.290000000 7.000000000 0.141171500100
962.790000000 6.600000000 0.128673002100
957.290000000 8.800000000 -0.109531633600
954.040000000 8.800000000 0.068725697700
964.290000000 7.600000000 0.093533590400
955.540000000 8.400000000 0.131026595800
965.040000000 6.600000000 0.123327285100
964.040000000 8.200000000 0.022125985500
954.040000000 7.400000000 0.127242609900
954.040000000 9.000000000 0.076971940700
953.790000000 9.400000000 0.118196904700
953.790000000 6.000000000 0.116338171100
964.790000000 6.000000000 0.124387733600
965.040000000 6.200000000 0.131855756000
949.040000000 7.000000000 0.003709864100
950.040000000 5.600000000 0.081462509900
954.040000000 8.000000000 0.086327813600
963.790000000 6.200000000 0.149762108900
964.540000000 7.200000000 0.080003984300
953.790000000 8.600000000 0.043568760200
954.040000000 7.600000000 0.128673419400
953.290000000 9.400000000 0.093835540100
953.790000000 6.200000000 0.112856604200
959.790000000 6.000000000 -0.139546126100
963.040000000 6.400000000 0.128575369700
952.540000000 8.800000000 0.123595349500
957.790000000 9.000000000 -0.164618879600
956.040000000 6.400000000 0.094909526400
953.540000000 9.600000000 0.119277194100
954.290000000 8.800000000 0.085236452500
954.040000000 5.600000000 0.102087371100
954.040000000 8.600000000 0.067968532400
949.040000000 6.000000000 0.058765135700
956.290000000 8.400000000 0.100240066600
954.040000000 8.200000000 0.088236466100
954.290000000 6.400000000 0.088382236700
950.540000000 6.600000000 0.112694636000
963.790000000 8.800000000 0.037881191800
951.040000000 6.800000000 0.105471961200
962.040000000 8.800000000 0.168583661300
954.040000000 7.800000000 0.083181157700
958.290000000 5.800000000 -0.153865903600
958.040000000 5.800000000 -0.152815163100
954.040000000 7.200000000 0.118523024000
956.790000000 8.600000000 -0.025151459500
952.540000000 7.000000000 0.123165980000
951.540000000 7.000000000 0.130200132700
954.540000000 8.800000000 0.115026876300
949.790000000 5.400000000 0.049932602800
954.040000000 8.400000000 0.077950350900
962.790000000 9.000000000 0.158245965800
960.040000000 9.000000000 -0.126508966100
948.790000000 5.200000000 -0.035851854800
953.790000000 6.400000000 0.110446646800
952.540000000 8.600000000 0.113624386500
954.540000000 6.400000000 0.111189797500
956.790000000 6.200000000 -0.063813097800
950.290000000 6.200000000 0.091481156600
953.040000000 6.600000000 0.127637192600
961.790000000 6.800000000 0.025446880600
954.790000000 8.800000000 0.134153172400
952.790000000 9.000000000 0.097112529000
949.290000000 7.000000000 0.051870945800
953.290000000 8.400000000 0.032897714500
960.790000000 6.400000000 -0.166823402000
963.540000000 9.000000000 0.063365459400
949.540000000 6.800000000 0.107012137800
955.290000000 8.600000000 0.142009645700
953.290000000 9.600000000 0.136401504300
954.040000000 6.400000000 0.080734230600
954.040000000 9.200000000 0.099484279800
953.790000000 9.600000000 0.131102055300
954.790000000 6.400000000 0.128327086600
953.040000000 9.200000000 0.085736207700
960.290000000 6.200000000 -0.165835470000
964.040000000 6.000000000 0.113736622000
957.290000000 6.000000000 -0.119006060100
953.290000000 6.600000000 0.127563357400
955.790000000 8.400000000 0.141086667800
964.290000000 7.800000000 0.111874714500
955.790000000 6.400000000 0.125803962300
953.540000000 8.400000000 0.039383992600
964.790000000 7.000000000 0.093884542600
949.540000000 5.200000000 0.007235874400
953.040000000 8.400000000 0.042252812500
958.540000000 5.800000000 -0.153663292500
965.040000000 6.800000000 0.117957010900
961.290000000 6.600000000 -0.098446473500
949.290000000 6.400000000 0.079885445500
956.040000000 8.400000000 0.125647097800
954.040000000 5.800000000 0.101551048500
963.540000000 6.200000000 0.147915124900
953.540000000 6.600000000 0.120325662200
962.290000000 6.800000000 0.108145244400
953.040000000 6.800000000 0.079585917300
955.040000000 6.400000000 0.138840526300
957.790000000 5.800000000 -0.146891027700
950.790000000 6.800000000 0.100346453500
953.790000000 7.400000000 0.121213249900
951.290000000 7.000000000 0.110169298900
965.040000000 6.000000000 0.130376428400
953.790000000 6.600000000 0.104065559800
953.540000000 9.800000000 0.136643603400
954.290000000 9.000000000 0.099261522300
950.290000000 6.400000000 0.108856603500
953.790000000 7.600000000 0.119494363700
954.040000000 6.200000000 0.101257182700
952.290000000 8.800000000 0.148275375400
955.540000000 6.400000000 0.144360408200
965.290000000 6.400000000 0.134463191000
955.040000000 8.800000000 0.145141869800
954.040000000 6.000000000 0.114098444600
962.040000000 6.800000000 0.077693492200
954.040000000 9.400000000 0.110748387900
965.290000000 6.600000000 0.129003107500
952.790000000 7.000000000 0.098066642900
964.040000000 8.400000000 0.008252370200
955.290000000 6.400000000 0.150910213600
953.790000000 8.400000000 0.057465128600
953.290000000 9.800000000 0.130050197200
962.790000000 6.400000000 0.099228248000
962.540000000 6.600000000 0.099890470500
953.790000000 6.800000000 0.054652005400
950.540000000 6.800000000 0.121578849900
956.540000000 6.200000000 -0.022000473000
949.540000000 7.000000000 0.092898495500
960.040000000 6.000000000 -0.118658363800
949.540000000 6.600000000 0.109236374500
952.040000000 7.200000000 0.132493346900
952.290000000 8.600000000 0.142429411400
950.040000000 5.800000000 0.079291828000
964.540000000 7.400000000 0.100959062600
954.290000000 6.200000000 0.112644307300
965.290000000 6.200000000 0.136999413400
959.540000000 5.800000000 -0.151481077100
957.540000000 9.000000000 -0.140385001900
953.040000000 9.400000000 0.115007720900
962.540000000 9.000000000 0.170356601500
950.290000000 6.600000000 0.125920012600
953.790000000 7.200000000 0.114117704300
954.290000000 6.000000000 0.126052007100
953.040000000 9.600000000 0.122658669900
963.290000000 6.200000000 0.135682463600
951.790000000 7.200000000 0.129366219000
954.540000000 6.200000000 0.125355482100
964.290000000 8.000000000 0.115788944100
961.790000000 8.800000000 0.137424081600
952.290000000 7.200000000 0.127747446300
959.290000000 5.800000000 -0.161553263700
951.540000000 8.800000000 0.098828554200
952.040000000 8.800000000 0.153581231800
952.790000000 8.400000000 0.066091992000
951.790000000 8.800000000 0.136127561300
958.790000000 5.800000000 -0.131971985100
960.790000000 8.800000000 0.005118351900
953.790000000 7.000000000 0.072709150600
957.040000000 6.000000000 -0.097097709800
953.790000000 9.800000000 0.131949424700
961.040000000 6.400000000 -0.143963992600
951.040000000 7.000000000 0.097334861800
954.790000000 6.200000000 0.133442953200
957.540000000 5.800000000 -0.136931642900
953.790000000 7.800000000 0.109132953000
952.540000000 9.000000000 0.126346483800
954.290000000 5.800000000 0.124123729800
954.540000000 6.000000000 0.132950484800
956.540000000 8.600000000 0.020573973700
957.040000000 8.800000000 -0.072950497300
949.790000000 6.800000000 0.128762856100
960.540000000 6.200000000 -0.169600844400
951.540000000 8.600000000 0.105482123800
952.040000000 8.600000000 0.152774214700
959.790000000 5.800000000 -0.136115476500
965.290000000 6.800000000 0.118787661200
961.540000000 6.600000000 -0.049548704200
958.040000000 5.600000000 -0.141814261700
951.790000000 8.600000000 0.140068382000
953.040000000 9.800000000 0.116581298400
950.290000000 6.800000000 0.138088077300
955.540000000 8.600000000 0.133527159700
954.040000000 9.600000000 0.114036619700
964.540000000 7.600000000 0.102783449000
954.540000000 9.000000000 0.119783870900
956.290000000 6.200000000 0.024597054300
964.540000000 5.800000000 0.108814075600
951.540000000 7.200000000 0.107801839700
960.290000000 9.000000000 -0.088701240700
959.040000000 5.800000000 -0.165168553600
951.290000000 8.800000000 0.049231372800
953.290000000 6.800000000 0.127365812700
959.290000000 9.200000000 -0.176906019400
953.540000000 8.200000000 0.056532241400
963.040000000 6.200000000 0.112880513100
953.790000000 8.200000000 0.068476252300
965.290000000 6.000000000 0.133742138700
949.790000000 5.600000000 0.057215925300
951.290000000 8.600000000 0.056266717600
954.290000000 5.600000000 0.061507169200
958.790000000 9.200000000 -0.189134210300
955.040000000 6.200000000 0.135305330200
959.040000000 9.200000000 -0.183378130200
958.290000000 5.600000000 -0.146829858400
953.540000000 6.800000000 0.119561910600
949.790000000 7.000000000 0.123252160800
964.790000000 5.800000000 0.120393931900
953.290000000 8.200000000 0.046345230200
957.790000000 5.600000000 -0.139283254700
954.540000000 5.400000000 -0.009563461900
950.790000000 7.000000000 0.115580402300
949.040000000 5.800000000 0.047247633300
958.540000000 9.200000000 -0.185190156100
965.040000000 7.000000000 0.109197512300
952.540000000 7.200000000 0.113539092200
953.040000000 7.000000000 0.072935149100
963.790000000 6.000000000 0.133693903700
953.790000000 8.000000000 0.064109914000
954.790000000 6.000000000 0.133835807400
950.040000000 6.000000000 0.077856041500
950.040000000 6.800000000 0.143150791500
954.540000000 5.800000000 0.135508015800
966.540000000 7.000000000 -0.000286277400
964.290000000 8.200000000 0.113266199800
959.540000000 9.200000000 -0.163363695100
954.290000000 9.200000000 0.106685422400
964.790000000 7.200000000 0.110612690400
958.290000000 9.200000000 -0.172607526200
949.290000000 5.200000000 -0.024906178900
965.540000000 6.400000000 0.131935581600
955.290000000 8.800000000 0.141926705800
953.540000000 7.600000000 0.103146337000
965.540000000 6.600000000 0.126999273900
953.540000000 7.400000000 0.107534930100
953.290000000 10.000000000 0.138981387000
950.040000000 6.600000000 0.131226718400
966.540000000 7.200000000 -0.012242551900
964.290000000 5.800000000 0.101746179200
966.790000000 7.200000000 -0.053587954500
963.790000000 9.000000000 0.030912274500
957.290000000 5.800000000 -0.114661291200
949.790000000 6.600000000 0.123599574000
961.540000000 8.800000000 0.104163162400
962.290000000 9.000000000 0.165307194000
949.540000000 5.400000000 0.018847493500
965.540000000 6.200000000 0.135340645900
951.290000000 7.200000000 0.093449778900
964.540000000 7.800000000 0.104873135700
952.790000000 9.200000000 0.101369679000
950.540000000 7.000000000 0.134300589600
965.040000000 5.800000000 0.124543435900
964.040000000 8.600000000 0.023443361700
954.790000000 5.200000000 -0.079029843200
952.540000000 8.400000000 0.097053185100
958.040000000 9.200000000 -0.154073700300
953.540000000 10.000000000 0.141716837900
966.790000000 7.000000000 -0.038292046600
952.290000000 9.000000000 0.142978549000
953.040000000 10.000000000 0.125595152400
953.540000000 7.800000000 0.091716021300
958.540000000 5.600000000 -0.142001852400
952.790000000 9.600000000 0.102893538800
956.790000000 6.000000000 -0.072768501900
955.290000000 6.200000000 0.131260797400
953.540000000 8.000000000 0.075108468500
954.790000000 9.000000000 0.134347453700
956.040000000 6.200000000 0.067130930700
966.540000000 6.800000000 0.009568843100
962.540000000 6.400000000 0.064856588800
950.040000000 7.000000000 0.139998257200
957.540000000 5.600000000 -0.132586017300
950.040000000 6.400000000 0.112497732000
961.790000000 6.600000000 0.002220082100
953.040000000 8.200000000 0.046801280200
956.290000000 8.600000000 0.061660073700
950.040000000 6.200000000 0.092624612200
957.790000000 5.400000000 -0.133303701900
966.290000000 7.000000000 0.040685948000
952.790000000 9.800000000 0.105025842800
966.290000000 6.800000000 0.042084503900
965.540000000 6.800000000 0.115237653300
961.290000000 6.400000000 -0.107191927700
962.290000000 6.600000000 0.064672157200
958.040000000 5.400000000 -0.132929921200
960.040000000 5.800000000 -0.117934912400
960.790000000 6.200000000 -0.163139492300
949.040000000 5.200000000 -0.047735109900
959.790000000 9.200000000 -0.161264032100
950.290000000 7.000000000 0.143097102600
962.790000000 6.200000000 0.081552788600
954.790000000 5.800000000 0.132027164100
953.540000000 7.200000000 0.104289948900
952.790000000 9.400000000 0.103710778100
951.040000000 7.200000000 0.099982447900
954.040000000 9.800000000 0.115477211800
957.290000000 9.000000000 -0.117239423100
965.540000000 6.000000000 0.131790220700
949.290000000 7.200000000 0.025705365500
953.540000000 7.000000000 0.115093901800
949.290000000 6.200000000 0.081637255800
952.040000000 9.000000000 0.141875758800
955.040000000 6.000000000 0.128442719600
952.040000000 7.400000000 0.112930938600
951.790000000 7.400000000 0.098729893600
955.790000000 8.600000000 0.117788612800
965.290000000 5.800000000 0.125529632000
965.290000000 7.000000000 0.105905063500
964.540000000 8.000000000 0.103028878600
949.040000000 7.200000000 -0.019908499000
966.290000000 7.200000000 0.026226230000
960.290000000 6.000000000 -0.096438355700
949.540000000 6.400000000 0.100220978300
951.790000000 9.000000000 0.121739529100
949.540000000 7.200000000 0.069651529200
952.790000000 7.200000000 0.093365587300
965.790000000 6.400000000 0.117902457700
955.540000000 6.200000000 0.121118389100
953.290000000 8.000000000 0.061658859300
961.290000000 8.800000000 0.071719907200
961.040000000 8.800000000 0.040824268000
951.040000000 8.600000000 0.004221193000
953.290000000 7.000000000 0.121859982600
953.790000000 10.000000000 0.129843622400
967.040000000 7.200000000 -0.092520155000
954.290000000 9.400000000 0.102022677700
955.790000000 6.200000000 0.099178306800
964.290000000 8.400000000 0.103101842100
957.790000000 5.200000000 -0.128713905800
952.790000000 10.000000000 0.105869345400
957.540000000 5.400000000 -0.129087433200
951.540000000 9.000000000 0.085989311300
963.540000000 6.000000000 0.131586402700
956.790000000 8.800000000 -0.061548143600
952.290000000 7.400000000 0.108870871400
959.540000000 9.400000000 -0.184071078900
957.790000000 9.200000000 -0.135532066200
957.040000000 5.800000000 -0.098901607100
951.040000000 8.800000000 -0.001147873400
959.540000000 5.600000000 -0.139728426900
959.790000000 9.400000000 -0.169013261800
958.290000000 5.400000000 -0.135950222600
963.290000000 9.200000000 0.091598302100
965.790000000 6.600000000 0.106024585700
964.790000000 7.400000000 0.105205155900
965.790000000 6.200000000 0.123000800600
948.790000000 7.200000000 -0.064102746500
953.290000000 7.800000000 0.078739263100
952.290000000 8.400000000 0.124829500900
956.040000000 8.600000000 0.096745945500
957.540000000 5.200000000 -0.140388429200
966.040000000 6.600000000 0.081744551700
955.040000000 9.000000000 0.138670891500
951.540000000 7.400000000 0.103294156500
959.290000000 9.400000000 -0.187948226900
966.290000000 6.600000000 0.051213167600
953.290000000 7.600000000 0.082442022900
958.790000000 5.600000000 -0.127240225700
965.790000000 6.800000000 0.102998301400
949.790000000 7.200000000 0.107445709400
958.040000000 5.200000000 -0.126713126900
957.290000000 5.600000000 -0.122469618900
949.790000000 5.800000000 0.068387597800
959.790000000 5.600000000 -0.132454380400
966.040000000 6.800000000 0.069268703500
962.040000000 9.000000000 0.144936069800
966.040000000 7.000000000 0.069888226700
962.040000000 6.600000000 0.040300279900
950.790000000 7.200000000 0.122231438800
965.040000000 7.200000000 0.111799687100
960.040000000 9.400000000 -0.143404364600
959.290000000 5.600000000 -0.141112998100
959.790000000 9.600000000 -0.163700103800
954.540000000 5.600000000 0.121101275100
955.040000000 5.800000000 0.121898621300
966.790000000 6.800000000 -0.028743503600
964.540000000 8.200000000 0.095273070000
964.040000000 5.800000000 0.098236352200
948.540000000 7.200000000 -0.102265551700
966.040000000 6.400000000 0.092427298400
960.040000000 9.200000000 -0.140222534500
964.040000000 8.800000000 0.013038522600
965.540000000 5.800000000 0.122384540700
963.040000000 9.200000000 0.121079839800
966.790000000 7.400000000 -0.069895289800
955.290000000 6.000000000 0.114569313800
965.540000000 7.000000000 0.100506670800
967.040000000 7.000000000 -0.080227330300
952.790000000 8.200000000 0.062298353800
966.540000000 7.400000000 -0.032277714500
960.540000000 9.000000000 -0.049510978200
960.040000000 9.600000000 -0.132576078200
955.540000000 8.800000000 0.123401008500
956.540000000 6.000000000 -0.041651461300
949.790000000 6.400000000 0.111828781700
949.040000000 5.600000000 0.027069978400
963.540000000 9.200000000 0.057234246300
963.290000000 6.000000000 0.120792791200
953.040000000 8.000000000 0.060301836600
957.290000000 5.200000000 -0.134858176100
959.040000000 9.400000000 -0.179534122300
957.290000000 5.400000000 -0.134381145200
959.540000000 9.600000000 -0.186132580000
954.540000000 9.200000000 0.119596853900
952.040000000 8.400000000 0.138525083700
953.290000000 7.400000000 0.089997433100
954.290000000 9.600000000 0.093802072100
960.040000000 9.800000000 -0.150004759400
951.290000000 7.400000000 0.096705682600
961.040000000 6.200000000 -0.142932429900
960.040000000 10.000000000 -0.156680017700
965.790000000 6.000000000 0.120546050400
964.790000000 7.600000000 0.100568488200
948.290000000 7.200000000 -0.128711134200
950.540000000 7.200000000 0.138780206400
950.040000000 7.200000000 0.133633628500
961.540000000 6.400000000 -0.062123458800
951.290000000 9.000000000 0.042112723000
960.290000000 10.000000000 -0.116620875900
952.540000000 9.200000000 0.122784458100
965.790000000 7.000000000 0.089596591900
952.540000000 7.400000000 0.101274736200
951.790000000 8.400000000 0.131811678400
948.040000000 7.200000000 -0.141816780000
949.540000000 5.600000000 0.035657879000
952.540000000 9.800000000 0.078295283000
949.040000000 5.400000000 -0.016166390900
953.040000000 7.800000000 0.060407415000
951.540000000 8.400000000 0.104806207100
949.290000000 5.400000000 -0.006076968300
966.540000000 6.600000000 0.015953840700
966.040000000 7.200000000 0.055957052900
959.790000000 9.800000000 -0.178620666300
958.540000000 5.400000000 -0.131531849500
950.290000000 7.200000000 0.144196122900
952.540000000 9.600000000 0.081642352000
962.540000000 6.200000000 0.044464115100
959.040000000 5.600000000 -0.098734565100
953.290000000 7.200000000 0.112453170100
952.040000000 7.600000000 0.085641682100
951.790000000 7.600000000 0.091158255900
958.290000000 5.200000000 -0.126670420200
960.290000000 9.800000000 -0.114590771500
967.040000000 7.400000000 -0.101109445100
957.040000000 5.600000000 -0.115371018600
959.290000000 9.600000000 -0.194502234500
954.040000000 10.000000000 0.103936836100
963.040000000 6.000000000 0.091897271600
953.040000000 7.200000000 0.071847312200
951.290000000 8.400000000 0.062997274100
960.040000000 5.600000000 -0.122292511200
966.040000000 6.200000000 0.098643086900
960.290000000 9.400000000 -0.110902600000
957.040000000 5.400000000 -0.119989983700
964.790000000 7.800000000 0.095479406400
955.540000000 6.000000000 0.096676185700
954.790000000 5.600000000 0.121041081800
960.290000000 5.800000000 -0.109755747000
966.290000000 7.400000000 0.005960334100
955.290000000 5.800000000 0.103564105900
956.790000000 5.800000000 -0.083266161400
951.040000000 7.400000000 0.105867959600
959.790000000 10.000000000 -0.185318782900
960.540000000 6.000000000 -0.156423911500
967.290000000 7.200000000 -0.123822018500
958.790000000 9.400000000 -0.157443270100
960.290000000 9.200000000 -0.122336067300
959.540000000 9.800000000 -0.192413687700
957.040000000 5.200000000 -0.121243722700
964.290000000 8.600000000 0.087734267100
966.290000000 6.400000000 0.058586288200
960.290000000 9.600000000 -0.098022431100
949.790000000 6.000000000 0.078453563200
953.040000000 7.600000000 0.064136616900
964.540000000 8.400000000 0.081946551800
955.290000000 9.000000000 0.127392724200
959.040000000 9.600000000 -0.169558584700
957.540000000 9.200000000 -0.129007533200
956.290000000 6.000000000 -0.003814611100
965.290000000 5.600000000 0.113706715400
962.290000000 6.400000000 0.037849411400
965.040000000 5.600000000 0.113672047900
956.540000000 8.800000000 -0.023595433700
964.790000000 8.000000000 0.085759222500
952.540000000 9.400000000 0.089896388400
965.290000000 7.200000000 0.107324361800
952.790000000 8.000000000 0.050295740400
962.790000000 9.200000000 0.139828100800
952.540000000 10.000000000 0.083543546500
959.290000000 9.800000000 -0.188696593000
955.790000000 6.000000000 0.071054145700
952.540000000 8.200000000 0.070810020000
957.040000000 9.000000000 -0.095208004100
958.790000000 9.600000000 -0.136583179200
960.540000000 10.000000000 -0.074526526000
954.290000000 9.800000000 0.091570094200
956.790000000 5.600000000 -0.093571402100
961.790000000 9.000000000 0.116897344600
956.040000000 6.000000000 0.036058474300
965.790000000 5.800000000 0.113400116600
951.540000000 7.600000000 0.086371369700
959.040000000 9.800000000 -0.167188748700
952.290000000 9.200000000 0.130070507500
964.790000000 5.600000000 0.104340173300
956.790000000 5.400000000 -0.100439079100
949.790000000 6.200000000 0.093249991500
949.290000000 6.000000000 0.071545168800
950.540000000 7.800000000 0.015179163800
959.540000000 10.000000000 -0.195607468500
955.540000000 5.800000000 0.076740667200
950.790000000 7.800000000 0.058477096300
958.790000000 5.400000000 -0.123054660900
965.790000000 7.200000000 0.075080141400
967.290000000 7.400000000 -0.123865202100
964.790000000 8.200000000 0.072464212800
952.290000000 7.600000000 0.091139957300
955.040000000 5.600000000 0.107612311800
965.540000000 5.600000000 0.110320799100
965.040000000 7.400000000 0.105829983900
955.790000000 8.800000000 0.094480961600
962.790000000 6.000000000 0.057320930100
950.790000000 7.400000000 0.125700071500
959.540000000 5.400000000 -0.126652151300
961.290000000 6.200000000 -0.110053010300
958.790000000 9.800000000 -0.127151146500
961.790000000 6.400000000 -0.015961414200
963.790000000 5.800000000 0.114788450300
958.540000000 5.200000000 -0.122370816800
952.790000000 7.800000000 0.045544177300
949.540000000 5.800000000 0.053072150800
956.540000000 5.800000000 -0.057182550400
954.790000000 9.200000000 0.124518342300
956.790000000 5.200000000 -0.098603062300
960.540000000 9.800000000 -0.079997047800
966.040000000 6.000000000 0.100205257500
952.790000000 7.400000000 0.090031199200
949.290000000 5.600000000 0.015706827900
965.540000000 7.200000000 0.086155302800
949.540000000 6.200000000 0.091069519500
959.290000000 10.000000000 -0.185666039600
951.290000000 7.600000000 0.102174066000
959.790000000 5.400000000 -0.122720852500
958.540000000 9.400000000 -0.124588221300
959.290000000 5.400000000 -0.122941143800
958.290000000 9.400000000 -0.143555969000
951.040000000 8.400000000 0.016152976100
963.790000000 9.200000000 0.021804854300
950.790000000 8.600000000 -0.039420831900
950.540000000 8.000000000 0.008217213700
956.540000000 5.600000000 -0.068008758100
966.040000000 7.400000000 0.037578683300
955.790000000 5.800000000 0.043747082400
964.040000000 9.000000000 0.001423478800
958.540000000 9.600000000 -0.087840274000
952.040000000 9.200000000 0.122083313800
964.540000000 5.600000000 0.095967978200
953.040000000 7.400000000 0.071387521900
967.540000000 7.400000000 -0.136206850400
967.290000000 7.000000000 -0.114484868900
952.040000000 7.800000000 0.078752957300
959.040000000 10.000000000 -0.155838206400
960.290000000 5.600000000 -0.111471392200
967.540000000 7.200000000 -0.142140403400
967.040000000 6.800000000 -0.069646485100
967.790000000 7.400000000 -0.134004473700
951.040000000 9.000000000 -0.000844149500
954.540000000 9.400000000 0.110521972200
949.290000000 5.800000000 0.035711046300
959.040000000 5.400000000 -0.099945016200
955.290000000 5.600000000 0.086699783800
954.790000000 5.400000000 -0.053086720400
956.540000000 5.400000000 -0.075989723200
956.290000000 8.800000000 0.024749251100
950.790000000 8.000000000 0.047722872300
950.540000000 7.400000000 0.136290743900
960.790000000 6.000000000 -0.151955351200
966.790000000 6.600000000 -0.020740931900
950.790000000 8.800000000 -0.043298516400
960.540000000 9.200000000 -0.089135594700
960.540000000 9.400000000 -0.076343938700
962.540000000 9.200000000 0.144023850600
952.540000000 8.000000000 0.049336433400
950.290000000 8.400000000 0.084568746400
951.790000000 7.800000000 0.087529189900
951.040000000 7.800000000 0.090765632700
956.290000000 5.800000000 -0.026510153000
956.040000000 8.800000000 0.060438424300
956.040000000 5.800000000 0.008180803600
964.790000000 8.400000000 0.057755827900
949.540000000 6.000000000 0.067534782000
966.290000000 6.200000000 0.066345721500
958.040000000 9.400000000 -0.132706448400
960.790000000 9.000000000 -0.010928773300
964.540000000 8.600000000 0.065688744200
949.790000000 7.400000000 0.083207309200
960.040000000 5.400000000 -0.119605705100
955.540000000 9.000000000 0.099902465900
960.540000000 9.600000000 -0.082212746100
954.290000000 10.000000000 0.070207625600
952.290000000 8.200000000 0.087186105500
958.790000000 10.000000000 -0.109604992000
958.540000000 9.800000000 -0.073660552500
965.790000000 5.600000000 0.104940548500
949.540000000 7.400000000 0.041610728900
952.540000000 7.600000000 0.090118877600
951.790000000 9.200000000 0.100587211500
966.540000000 6.400000000 0.022851835900
950.040000000 8.400000000 0.047228671600
952.790000000 7.600000000 0.047906409900
950.290000000 7.400000000 0.132156699900
950.290000000 7.800000000 -0.031195376100
962.290000000 6.200000000 0.005382607700
962.040000000 6.400000000 0.011104798900
958.790000000 5.200000000 -0.118483178300
950.040000000 7.400000000 0.116078965400
951.540000000 7.800000000 0.094014242300
950.290000000 8.600000000 0.080129005000
948.040000000 7.600000000 -0.133628681300
956.290000000 5.600000000 -0.038169745400
955.540000000 5.600000000 0.057305507400
963.540000000 5.800000000 0.124938279400
950.540000000 8.400000000 0.111597701900
957.290000000 9.200000000 -0.119405791200
965.040000000 7.600000000 0.095321036900
950.290000000 8.000000000 -0.037294227600
951.040000000 7.600000000 0.116474710400
967.790000000 7.200000000 -0.142074957500
950.040000000 8.200000000 0.059057552400
964.290000000 8.800000000 0.071389392000
965.040000000 8.000000000 0.065487228300
950.540000000 8.600000000 0.113454394000
965.290000000 7.400000000 0.098719120000
965.040000000 8.200000000 0.048122488000
948.040000000 7.400000000 -0.133942395400
952.290000000 9.800000000 0.055030476300
961.540000000 9.000000000 0.087756298500
962.540000000 6.000000000 0.024923743700
966.540000000 7.600000000 -0.052358675700
960.540000000 5.800000000 -0.091715514700
955.040000000 9.200000000 0.118696264900
965.040000000 7.800000000 0.082145117200
949.290000000 7.400000000 -0.002400885600
948.290000000 7.600000000 -0.137123465500
952.290000000 7.800000000 0.075312636800
956.540000000 5.200000000 -0.076795831300
952.290000000 9.600000000 0.062656000300
966.790000000 7.600000000 -0.082599706900
952.540000000 7.800000000 0.040709309300
961.540000000 6.200000000 -0.070171728700
966.040000000 5.800000000 0.099835351100
948.040000000 7.800000000 -0.129264503700
967.790000000 7.600000000 -0.115016773300
956.790000000 9.000000000 -0.087635412800
955.790000000 5.600000000 0.021785525600
964.290000000 5.600000000 0.087671235200
952.290000000 8.000000000 0.055729161900
950.040000000 8.600000000 0.035656638400
960.790000000 10.000000000 -0.035709284200
949.790000000 8.200000000 0.021495796700
957.790000000 9.400000000 -0.116313956700
950.790000000 7.600000000 0.062342923100
954.540000000 9.600000000 0.091388970600
951.540000000 9.200000000 0.069332093000
956.290000000 5.400000000 -0.047285437600
965.540000000 5.400000000 0.096112310900
965.290000000 5.400000000 0.095083601800
965.790000000 7.400000000 0.059762023400
959.040000000 5.200000000 -0.101290524000
950.290000000 8.200000000 0.087079905000
948.290000000 7.400000000 -0.132358104000
964.790000000 8.600000000 0.076568961100
951.040000000 8.000000000 0.080465063500
949.790000000 8.000000000 0.037984326500
960.290000000 5.400000000 -0.116366580100
956.040000000 5.600000000 -0.014619406300
962.290000000 9.200000000 0.124214358600
948.540000000 7.600000000 -0.127972886000
963.290000000 5.800000000 0.108793072400
950.540000000 7.600000000 0.025108026300
952.290000000 9.400000000 0.075596153700
948.290000000 7.800000000 -0.134295269800
966.290000000 7.600000000 -0.018092248600
951.290000000 7.800000000 0.107896521700
958.540000000 10.000000000 -0.057645060100
959.540000000 5.200000000 -0.110348917500
965.040000000 8.400000000 0.047711636900
965.540000000 7.400000000 0.081849850700
967.040000000 7.600000000 -0.104069888600
959.790000000 5.200000000 -0.113258972800
949.790000000 8.400000000 0.002598973900
950.790000000 8.400000000 0.128746748000
961.040000000 6.000000000 -0.134537309400
948.790000000 7.600000000 -0.101759932900
949.540000000 8.000000000 -0.003617636200
949.290000000 7.800000000 -0.033363781900
967.540000000 7.600000000 -0.118994422300
952.290000000 10.000000000 0.053133823000
948.540000000 7.800000000 -0.130136609100
955.790000000 9.000000000 0.074096478500
952.040000000 8.200000000 0.103679016200
949.540000000 7.800000000 0.010762836800
948.540000000 7.400000000 -0.116437614000
967.540000000 7.000000000 -0.141767501800
949.040000000 7.800000000 -0.077464923300
960.540000000 5.600000000 -0.106432385700
958.290000000 9.600000000 -0.033554934000
950.040000000 8.000000000 0.068521767900
948.790000000 7.800000000 -0.111639119700
963.040000000 5.800000000 0.081587076200
955.040000000 5.200000000 -0.101198807400
954.540000000 9.800000000 0.064979985400
949.040000000 7.600000000 -0.062120873500
967.290000000 7.600000000 -0.115614071500
965.040000000 8.600000000 0.041575837900
951.790000000 8.000000000 0.085855476600
960.040000000 5.200000000 -0.116331003600
966.290000000 6.000000000 0.075259029900
950.290000000 7.600000000 0.116465047000
960.790000000 9.800000000 -0.048141744000
955.290000000 9.200000000 0.099651150400
959.290000000 5.200000000 -0.104492858100
949.040000000 7.400000000 -0.043603580400
966.040000000 5.600000000 0.105109959800
965.790000000 5.400000000 0.100191310000
966.040000000 7.600000000 0.001245560800
965.040000000 5.400000000 0.093008600200
950.040000000 7.600000000 0.087332986300
952.040000000 8.000000000 0.081421770200
949.540000000 8.200000000 -0.022688860100
949.290000000 7.600000000 -0.019155895300
951.540000000 8.000000000 0.101030699900
949.290000000 8.000000000 -0.049577727900
949.790000000 7.800000000 0.046971410500
948.790000000 7.400000000 -0.085279472200
958.290000000 9.800000000 -0.020973535300
967.790000000 7.000000000 -0.139116615100
954.790000000 9.400000000 0.103001400800
962.790000000 5.800000000 0.045861266600
950.540000000 8.200000000 0.107284009500
962.290000000 6.000000000 -0.014866650100
949.790000000 8.600000000 -0.011596911600
960.540000000 5.400000000 -0.111806631100
967.290000000 6.800000000 -0.104533813900
956.040000000 5.400000000 -0.015225739200
948.040000000 8.000000000 -0.120888948400
960.290000000 5.200000000 -0.118759334100
965.290000000 8.200000000 0.023793699200
960.790000000 9.200000000 -0.053685452800
961.040000000 9.000000000 0.024419399000
957.540000000 9.400000000 -0.116127729400
951.790000000 8.200000000 0.110293522500
955.040000000 5.400000000 0.087295554600
964.540000000 8.800000000 0.049867365500
956.290000000 5.200000000 -0.049098428300
962.040000000 9.200000000 0.116238273700
956.540000000 9.000000000 -0.046784810700
965.790000000 7.600000000 0.033406894700
965.290000000 7.600000000 0.086222522000
949.790000000 7.600000000 0.046231944100
948.540000000 10.000000000 -0.123021885800
960.790000000 9.600000000 -0.055238906300
966.540000000 6.200000000 0.034145791100
951.290000000 9.200000000 0.034631829700
950.790000000 8.200000000 0.034930069000
961.290000000 9.000000000 0.059793762900
948.290000000 8.000000000 -0.126388147500
950.040000000 7.800000000 -0.065658539500
949.040000000 8.000000000 -0.088656589400
961.790000000 6.200000000 -0.029872180900
954.540000000 10.000000000 0.035206094400
960.790000000 9.400000000 -0.042972631800
962.040000000 6.200000000 -0.027933761500
965.290000000 8.000000000 0.042713336600
948.290000000 10.000000000 -0.126886472100
964.040000000 9.200000000 -0.012159122200
965.290000000 8.600000000 0.006129183300
967.040000000 6.600000000 -0.054558824700
956.040000000 9.000000000 0.022973498300
957.040000000 9.200000000 -0.110345520100
951.290000000 8.000000000 0.100740328400
964.790000000 8.800000000 0.068141199600
961.290000000 6.000000000 -0.106842540200
948.540000000 8.000000000 -0.124985888600
948.790000000 8.000000000 -0.113700419700
951.540000000 8.200000000 0.100601732700
966.790000000 6.400000000 -0.009513177000
949.540000000 7.600000000 0.018633037800
949.540000000 8.400000000 -0.041028820000
960.790000000 5.800000000 -0.077052354800
964.040000000 5.600000000 0.094505414400
955.540000000 9.200000000 0.088110312800
965.290000000 8.400000000 0.008349255700
965.540000000 7.600000000 0.064214423300
948.790000000 10.000000000 -0.104598574300
965.040000000 8.800000000 0.035145450400
952.040000000 9.400000000 0.100048363200
966.290000000 5.800000000 0.090520784300
951.290000000 8.200000000 0.074236497300
955.290000000 5.400000000 0.067390888900
965.290000000 7.800000000 0.063597895200
956.290000000 9.000000000 -0.014479306500
950.290000000 8.800000000 0.073035068800
950.790000000 9.000000000 -0.037872061100
960.540000000 5.200000000 -0.117220133500
966.040000000 5.400000000 0.105988927200
960.790000000 5.600000000 -0.092554830000
962.540000000 5.800000000 0.006675699300
949.290000000 8.200000000 -0.064304001600
955.790000000 5.400000000 0.018301991700
963.290000000 9.400000000 0.080990999900
958.040000000 9.600000000 -0.125501915800
955.540000000 5.400000000 0.039581969400
950.040000000 8.800000000 0.027093999100
955.790000000 9.200000000 0.055453680500
948.040000000 10.000000000 -0.118848316400
964.290000000 9.000000000 0.057353694000
964.790000000 5.400000000 0.086635723700
960.790000000 5.400000000 -0.103270210300
958.290000000 10.000000000 -0.013529260600
962.040000000 5.400000000 0.025579413400
963.540000000 9.400000000 0.046248912800
951.040000000 8.200000000 0.037269268200
950.540000000 8.800000000 0.109213449100
965.290000000 8.800000000 0.000387046700
962.290000000 5.400000000 0.060244403800
966.040000000 7.800000000 -0.022159291400
954.790000000 9.600000000 0.072557486600
966.290000000 5.600000000 0.101834870900
961.790000000 5.400000000 -0.008594607900
967.790000000 7.800000000 -0.090980574500
955.040000000 9.400000000 0.087420493400
962.540000000 5.400000000 0.088794522000
965.790000000 7.800000000 0.010361602500
960.790000000 5.200000000 -0.109297297900
965.540000000 5.200000000 0.080423362600
961.540000000 5.200000000 -0.034753799400
962.540000000 5.600000000 0.093023985600
949.540000000 8.600000000 -0.051396478000
962.040000000 6.000000000 -0.050392955500
961.790000000 5.200000000 -0.011283678900
962.040000000 5.600000000 0.033165644900
962.290000000 5.600000000 0.063526555900
966.290000000 7.800000000 -0.047962520300
949.040000000 10.000000000 -0.073643967500
961.290000000 5.200000000 -0.062987245600
967.540000000 6.800000000 -0.124714821600
962.790000000 5.600000000 0.116130463800
967.540000000 5.400000000 0.029321579300
961.790000000 9.200000000 0.094050876800
949.040000000 8.200000000 -0.093917787100
961.040000000 5.200000000 -0.087868154000
965.540000000 7.800000000 0.094508312600
962.790000000 5.400000000 0.111194722400
963.040000000 9.400000000 0.111676074600
965.790000000 5.200000000 0.094597928200
957.290000000 9.400000000 -0.118767388200
962.040000000 5.200000000 0.021608550100
961.540000000 6.000000000 -0.073490902800
967.790000000 5.400000000 -0.009279619900
963.040000000 5.400000000 0.120815537900
963.790000000 5.600000000 0.111560158400
961.540000000 5.400000000 -0.040632013200
961.040000000 10.000000000 -0.001371384400
961.040000000 5.400000000 -0.088842891200
951.790000000 9.400000000 0.077692389500
966.540000000 6.000000000 0.052263952800
949.790000000 8.800000000 -0.016684847000
963.040000000 5.600000000 0.126568511100
956.040000000 9.200000000 0.014651709200
957.790000000 9.600000000 -0.120408818100
954.790000000 9.800000000 0.037797920400
956.040000000 5.200000000 -0.019854223400
949.290000000 8.400000000 -0.074611537200
952.040000000 9.600000000 0.047590371200
961.040000000 5.600000000 -0.075793258800
965.290000000 5.200000000 0.067730359700
965.540000000 8.200000000 -0.001243437800
967.790000000 5.600000000 -0.026286970800
962.290000000 5.800000000 -0.030039040400
948.040000000 8.200000000 -0.109619483400
963.290000000 5.400000000 0.122369810900
964.540000000 10.000000000 0.029776414900
961.290000000 5.400000000 -0.067693688000
966.290000000 5.400000000 0.111190125300
966.540000000 7.800000000 0.099027372900
965.540000000 8.600000000 -0.024977358100
961.790000000 5.600000000 0.003090789100
963.290000000 5.600000000 0.123838998400
967.540000000 7.800000000 -0.096148729300
948.790000000 8.200000000 -0.109713584200
948.290000000 8.200000000 -0.115766294300
956.790000000 9.200000000 -0.097685396700
967.540000000 5.600000000 0.011628101600
963.790000000 9.400000000 0.008465571300
952.040000000 9.800000000 0.037786670000
948.290000000 9.800000000 -0.119022443900
962.290000000 5.200000000 0.053413681700
965.540000000 8.000000000 0.017254099200
955.290000000 9.400000000 0.063474580600
964.790000000 10.000000000 -0.016629690300
966.040000000 8.000000000 0.112522848000
948.540000000 9.800000000 -0.112309023700
948.540000000 8.200000000 -0.116014853100
966.290000000 8.000000000 0.109403893400
967.790000000 6.800000000 -0.125249952100
962.790000000 9.400000000 0.118047587600
963.540000000 5.600000000 0.120178408900
961.040000000 5.800000000 -0.057255562400
965.540000000 8.400000000 -0.016292536600
966.040000000 5.200000000 0.106605403100
948.040000000 8.800000000 -0.038298107700
961.040000000 9.200000000 -0.011732332400
966.790000000 7.800000000 -0.088431432800
967.290000000 5.400000000 0.057505127000
951.040000000 9.200000000 0.001971005500
966.540000000 5.800000000 0.073673553800
964.540000000 9.000000000 0.080888778000
948.040000000 9.800000000 -0.113966785400
965.790000000 8.000000000 0.108165308800
961.040000000 9.800000000 -0.018697235700
966.540000000 8.000000000 0.099966451500
964.790000000 9.000000000 0.057338938100
952.040000000 10.000000000 0.033407855800
961.790000000 6.000000000 -0.075879290700
948.040000000 8.600000000 -0.037878517100
965.040000000 9.000000000 0.028019210300
964.540000000 5.400000000 0.077979728600
965.540000000 8.800000000 -0.031369268900
954.790000000 10.000000000 0.002431551900
966.790000000 6.200000000 0.006801173600
948.790000000 9.800000000 -0.093294285200
956.290000000 9.200000000 -0.027797160700
962.540000000 5.200000000 0.081790596200
963.540000000 5.400000000 0.111940912900
967.040000000 7.800000000 -0.098953172600
967.290000000 7.800000000 -0.099964164200
961.290000000 5.600000000 -0.056211169800
958.040000000 9.800000000 0.016960946800
967.290000000 6.600000000 -0.081457696900
961.540000000 5.600000000 -0.024547312400
966.540000000 5.600000000 0.097710870200
955.540000000 9.400000000 0.030730888200
966.540000000 5.400000000 0.112598955600
967.290000000 5.600000000 0.045265764000
955.790000000 9.400000000 0.033857587700
957.040000000 9.400000000 -0.098187789300
967.040000000 5.400000000 0.085801608900
957.540000000 9.600000000 -0.126001283500
956.540000000 9.200000000 -0.062692582600
964.290000000 10.000000000 0.069500759200
962.540000000 9.400000000 0.114891693000
967.040000000 6.400000000 -0.036295343200
955.040000000 9.600000000 0.049877949100
962.040000000 5.800000000 -0.064887598200
966.290000000 5.200000000 0.114892989400
962.290000000 9.400000000 -0.089130595300
966.790000000 8.000000000 0.084614493000
966.040000000 8.200000000 0.089788414500
949.290000000 10.000000000 -0.037757843700
949.290000000 8.600000000 -0.078012697400
967.540000000 5.200000000 0.037219144400
961.040000000 9.600000000 -0.030804431100
949.040000000 8.400000000 -0.094397112700
948.290000000 8.800000000 -0.003340793100
962.790000000 5.200000000 0.104736223800
967.290000000 5.200000000 0.067795507600
949.540000000 8.800000000 -0.050327435100
965.290000000 9.000000000 -0.003557757900
965.040000000 5.200000000 0.073488213100
966.290000000 8.200000000 0.097940661000
951.540000000 9.400000000 0.051409374900
964.540000000 9.800000000 0.028982961600
966.790000000 5.600000000 0.087871074700
956.040000000 9.400000000 -0.006754551100
966.790000000 5.400000000 0.103523723800
962.040000000 9.400000000 -0.109897241000
963.040000000 5.200000000 0.114619836200
967.040000000 5.600000000 0.068035423800
961.040000000 9.400000000 -0.013231502800
965.790000000 8.200000000 0.081720374500
965.040000000 10.000000000 -0.059372041400
961.540000000 9.200000000 0.069483846400
966.540000000 8.200000000 0.100855164200
955.790000000 5.200000000 0.008831039100
966.790000000 6.000000000 0.030819898500
963.290000000 5.200000000 0.113933779300
956.790000000 9.400000000 -0.074508331700
964.790000000 9.800000000 -0.014602168500
949.040000000 9.800000000 -0.065928228200
957.790000000 9.800000000 -0.129758164300
966.540000000 5.200000000 0.122625321100
967.040000000 5.200000000 0.091183029100
964.290000000 9.200000000 -0.009752678700
967.790000000 5.200000000 0.006374844800
964.040000000 10.000000000 0.017254976600
955.290000000 5.200000000 -0.105304591400
966.790000000 5.200000000 0.111974023300
948.290000000 8.600000000 -0.006970784600
963.790000000 5.400000000 0.088592231300
966.790000000 8.200000000 0.092054955700
966.790000000 5.800000000 0.056036550600
957.290000000 9.600000000 -0.124722264700
961.290000000 5.800000000 -0.097898900500
961.790000000 5.800000000 0.014612545300
961.790000000 9.400000000 -0.124396704100
950.540000000 9.000000000 -0.043393161100
966.290000000 8.400000000 0.086759030800
966.040000000 8.400000000 0.076581619700
948.790000000 8.400000000 -0.103504903600
956.540000000 9.400000000 -0.041307494000
956.290000000 9.400000000 -0.049985397600
965.540000000 10.000000000 0.063926905400
965.790000000 10.000000000 0.041215945000
967.040000000 8.000000000 0.063733108300
967.790000000 5.800000000 -0.034531369800
966.790000000 8.400000000 0.107346154700
966.540000000 8.400000000 0.099024131900
967.040000000 8.400000000 0.103340819500
955.040000000 9.800000000 0.010812945700
964.290000000 9.800000000 0.066213838800
964.040000000 9.400000000 -0.026498200400
948.040000000 8.400000000 -0.096539199400
955.290000000 9.600000000 0.024037720600
963.540000000 5.200000000 0.102502271500
967.540000000 5.800000000 -0.008171010800
948.290000000 8.400000000 -0.104285635100
965.290000000 10.000000000 0.080522611700
958.040000000 10.000000000 0.013574576000
967.040000000 8.200000000 0.074874170100
967.040000000 5.800000000 0.046477027200
948.540000000 8.400000000 -0.106364823900
967.290000000 5.800000000 0.022015536200
967.540000000 6.600000000 -0.097481675400
948.040000000 9.600000000 -0.097053334100
967.290000000 8.400000000 0.081958107700
948.040000000 9.000000000 -0.043360080600
957.540000000 9.800000000 -0.124561496100
948.290000000 9.600000000 -0.085389860000
956.540000000 9.600000000 -0.051744181700
957.040000000 9.600000000 -0.111299134800
965.790000000 8.400000000 -0.041339706600
964.290000000 5.400000000 0.070005185900
956.290000000 9.600000000 -0.012080853800
956.790000000 9.600000000 -0.085810072700
961.540000000 5.800000000 -0.107880599800
965.540000000 9.000000000 -0.033383723300
965.790000000 8.600000000 -0.049889706100
951.790000000 9.600000000 0.057687360800
955.540000000 5.200000000 0.034476172200
963.790000000 10.000000000 -0.012474530400
949.040000000 8.600000000 -0.092311322700
967.040000000 6.200000000 -0.013833823600
966.040000000 10.000000000 0.016367470800
949.790000000 10.000000000 0.027454046500
961.290000000 9.200000000 0.019708387600
948.290000000 9.000000000 -0.010852986900
961.540000000 9.400000000 -0.126666128600
963.790000000 9.800000000 -0.033569458900
956.040000000 9.600000000 -0.026597617200
949.790000000 9.800000000 0.030708039200
957.790000000 10.000000000 -0.138837277900
955.540000000 9.600000000 -0.005625595300
957.290000000 9.800000000 -0.108052328200
967.040000000 8.600000000 0.104246966500
949.290000000 8.800000000 -0.073223054400
967.290000000 8.200000000 0.049695611000
967.040000000 6.000000000 0.013397151600
950.040000000 9.000000000 0.023783743400
965.790000000 8.800000000 -0.056441217700
956.540000000 9.800000000 -0.056116737400
956.790000000 10.000000000 -0.043178580700
967.540000000 8.400000000 0.046582207100
967.790000000 6.600000000 -0.100959837400
948.540000000 9.600000000 -0.070872232300
965.040000000 9.800000000 -0.054188255200
966.790000000 8.600000000 0.104370094800
967.290000000 8.600000000 0.084914192600
955.040000000 10.000000000 -0.026211420100
955.790000000 9.600000000 0.011225740400
964.540000000 9.200000000 0.065777905300
967.790000000 8.000000000 -0.065014474100
956.290000000 9.800000000 -0.018673131200
957.040000000 9.800000000 -0.080051876600
963.790000000 5.200000000 0.080620251600
964.040000000 9.800000000 0.003311715300
966.540000000 8.600000000 0.091460995400
949.290000000 9.800000000 -0.036992080500
957.040000000 10.000000000 -0.085138633800
967.290000000 6.400000000 -0.055519755900
950.040000000 10.000000000 0.071248009800
951.290000000 9.400000000 0.026365725300
950.040000000 9.800000000 0.073856174900
956.790000000 9.800000000 -0.041024867400
950.290000000 9.000000000 0.062820136500
956.540000000 10.000000000 -0.000960294300
948.040000000 9.400000000 -0.070315733600
963.540000000 9.800000000 -0.067691646500
966.290000000 8.600000000 0.075723111600
949.790000000 9.000000000 -0.011647379000
957.540000000 10.000000000 -0.135620728100
964.790000000 5.200000000 0.065208062500
949.540000000 10.000000000 -0.016304101800
950.790000000 9.200000000 -0.003373846200
964.040000000 5.400000000 0.057412706300
964.790000000 9.200000000 0.045570679000
966.040000000 8.600000000 0.065687850100
949.540000000 9.800000000 -0.016041681200
957.290000000 10.000000000 -0.117542184900
967.290000000 8.000000000 0.039430614600
951.790000000 9.800000000 0.028799058900
962.290000000 9.600000000 -0.077814042600
948.540000000 8.800000000 0.015889152900
965.540000000 9.800000000 0.051093179700
967.540000000 8.600000000 0.049335584000
948.290000000 9.400000000 -0.056149005900
948.790000000 8.600000000 -0.106188751800
961.290000000 10.000000000 0.027291981500
962.540000000 9.600000000 -0.059536300600
948.540000000 8.600000000 -0.106432393200
963.790000000 9.600000000 -0.027408435900
965.040000000 9.200000000 0.020641123900
963.540000000 10.000000000 -0.073609866200
948.790000000 9.600000000 -0.077014304700
967.540000000 8.000000000 -0.072466425600
955.290000000 9.800000000 -0.014593051700
962.040000000 9.600000000 -0.097539581400
965.290000000 9.800000000 0.063574887800
961.290000000 9.400000000 -0.113996617500
965.790000000 9.800000000 0.036161869800
963.540000000 9.600000000 -0.059791699100
967.540000000 8.200000000 0.020503744500
948.540000000 9.000000000 0.005829283500
967.290000000 6.000000000 -0.004070583300
950.290000000 10.000000000 0.101280815900
967.790000000 8.400000000 0.006996281900
964.540000000 9.600000000 0.024898441500
962.790000000 9.600000000 -0.054099414500
964.040000000 9.600000000 0.008970377000
963.290000000 9.800000000 -0.091360919200
961.290000000 9.800000000 0.008756172800
950.290000000 9.800000000 0.101103149400
949.540000000 9.000000000 -0.039708707500
967.790000000 8.600000000 0.008842518600
967.290000000 9.000000000 -0.021306222300
967.290000000 6.200000000 -0.030793296200
963.040000000 9.600000000 -0.037700954800
956.290000000 10.000000000 -0.020951814900
966.290000000 10.000000000 0.003465430800
967.790000000 6.000000000 -0.047514509400
965.290000000 9.200000000 -0.006140500300
956.040000000 9.800000000 0.018521476500
951.790000000 10.000000000 0.030052065800
963.290000000 10.000000000 -0.093814425200
951.540000000 10.000000000 0.100405745200
967.540000000 6.000000000 -0.025014203000
949.040000000 9.600000000 -0.054707489900
967.040000000 9.000000000 -0.047794237700
967.290000000 8.800000000 -0.030323252100
964.290000000 9.600000000 0.058660723300
964.040000000 5.200000000 0.052369117700
964.790000000 9.600000000 -0.012414035400
961.790000000 9.600000000 -0.111158125100
967.540000000 6.400000000 -0.066847644700
967.040000000 8.800000000 -0.056229509400
948.540000000 9.400000000 -0.041778538400
964.290000000 9.400000000 -0.053138732900
965.790000000 9.000000000 -0.057303905500
963.290000000 9.600000000 -0.018133638400
949.040000000 8.800000000 -0.091862358200
951.290000000 10.000000000 0.106050886200
955.540000000 9.800000000 -0.039351921500
951.540000000 9.600000000 0.053606562300
967.790000000 9.000000000 -0.038940906500
949.790000000 9.600000000 0.032850708800
961.290000000 9.600000000 -0.006838673300
965.290000000 9.600000000 0.048837766100
951.540000000 9.800000000 0.111427046400
948.040000000 9.200000000 -0.062428154100
951.040000000 10.000000000 0.101951152100
948.290000000 9.200000000 -0.033661540600
950.540000000 10.000000000 0.096718832900
950.540000000 9.800000000 0.096812166300
967.540000000 9.000000000 0.010051217900
950.790000000 10.000000000 0.089825160800
951.290000000 9.800000000 0.112475521900
965.540000000 9.600000000 0.030606089200
967.790000000 6.400000000 -0.073512882000
951.040000000 9.800000000 0.100085623600
955.290000000 10.000000000 -0.049420464800
967.540000000 6.200000000 -0.047227237400
948.790000000 8.800000000 -0.100769393100
967.790000000 6.200000000 -0.062691278800
955.790000000 9.800000000 -0.064131990100
965.040000000 9.600000000 0.065839007500
950.040000000 9.600000000 0.068744890400
950.790000000 9.800000000 0.080441176900
949.540000000 9.600000000 -0.009641613800
963.040000000 9.800000000 -0.099515922400
967.540000000 8.800000000 -0.000993971000
963.040000000 10.000000000 -0.099380075900
967.290000000 9.200000000 -0.010392219800
966.790000000 8.800000000 -0.075305722700
966.290000000 8.800000000 0.065496303100
966.540000000 8.800000000 0.079627908800
966.040000000 9.800000000 0.016962086800
966.040000000 8.800000000 0.057364188100
950.540000000 9.200000000 -0.034233752600
948.540000000 9.200000000 -0.006705431700
966.790000000 9.000000000 -0.066617831600
967.790000000 8.200000000 -0.008555644200
961.540000000 9.600000000 -0.113222383000
949.290000000 9.000000000 -0.061916567400
965.290000000 9.400000000 0.038672447200
967.040000000 9.200000000 -0.036366328600
951.040000000 9.400000000 0.026974586800
964.540000000 5.200000000 0.055088106500
967.790000000 8.800000000 -0.025700131400
967.540000000 9.200000000 0.019712002900
950.290000000 9.600000000 0.062284883100
965.540000000 9.200000000 -0.031602460900
962.790000000 10.000000000 -0.092705123100
949.290000000 9.600000000 -0.035878717900
965.040000000 9.400000000 0.057207249100
962.790000000 9.800000000 -0.094228483700
956.040000000 10.000000000 0.011174489700
966.040000000 9.000000000 -0.019420396500
948.790000000 9.400000000 -0.039863549200
965.540000000 9.400000000 0.016544645700
962.540000000 10.000000000 -0.080067329100
955.540000000 10.000000000 -0.068031095000
965.790000000 9.600000000 0.014425027200
964.540000000 9.400000000 0.050777465100
950.540000000 9.600000000 0.089523524000
948.790000000 9.000000000 0.017384666900
962.540000000 9.800000000 -0.082309544100
967.790000000 9.200000000 -0.042215343600
964.290000000 5.200000000 0.023957988200
966.540000000 10.000000000 -0.021160772100
955.790000000 10.000000000 -0.083573870400
964.790000000 9.400000000 0.069968879200
966.290000000 9.000000000 -0.015526950400
965.790000000 9.200000000 0.005756220300
962.290000000 10.000000000 -0.064583554900
962.290000000 9.800000000 -0.084077738200
951.290000000 9.600000000 0.038982547800
966.540000000 9.000000000 -0.076767846900
966.790000000 9.200000000 -0.054661482600
949.040000000 9.400000000 -0.043475404400
965.790000000 9.400000000 0.005042219500
966.040000000 9.400000000 0.026285588700
962.040000000 9.800000000 -0.087685033700
950.790000000 9.600000000 0.101960443000
949.040000000 9.000000000 -0.080828234600
966.790000000 10.000000000 -0.019229322700
966.040000000 9.200000000 0.009889762800
948.790000000 9.200000000 0.008885380800
962.040000000 10.000000000 -0.035964492700
966.290000000 9.800000000 -0.004883495200
950.290000000 9.200000000 -0.056693844500
950.790000000 9.400000000 0.006770580500
951.040000000 9.600000000 0.093531869400
950.040000000 9.400000000 0.023197095800
961.790000000 9.800000000 -0.085643030700
967.290000000 9.400000000 0.000861106400
961.540000000 10.000000000 0.048965495100
966.290000000 9.400000000 0.042326591900
949.790000000 9.400000000 0.031593691600
966.040000000 9.600000000 0.039409000400
949.290000000 9.400000000 -0.067779995500
950.290000000 9.400000000 0.053918544200
967.540000000 9.400000000 0.025441838400
949.540000000 9.400000000 -0.003446402500
961.540000000 9.800000000 0.032953921700
949.790000000 9.200000000 0.000112205400
967.040000000 9.400000000 -0.021751841500
949.040000000 9.200000000 -0.034934323300
966.540000000 9.200000000 -0.064375855000
966.290000000 9.200000000 0.027220767000
950.040000000 9.200000000 0.024369716600
966.290000000 9.600000000 0.052209381000
949.540000000 9.200000000 -0.023663904500
961.790000000 10.000000000 -0.011807235900
950.540000000 9.400000000 0.077852085200
967.790000000 9.400000000 0.047343768200
967.040000000 10.000000000 -0.000331249900
949.290000000 9.200000000 -0.037110820400
966.540000000 9.800000000 0.059542931600
966.540000000 9.600000000 0.057252820600
966.790000000 9.400000000 -0.038350600700
967.790000000 10.000000000 0.076723329700
967.290000000 10.000000000 0.080186031800
966.790000000 9.800000000 0.054076720000
966.540000000 9.400000000 0.050756800900
967.540000000 10.000000000 0.086221933400
967.040000000 9.800000000 0.043717891000
966.790000000 9.600000000 0.054544579200
967.040000000 9.600000000 0.047938626300
967.290000000 9.800000000 0.033309433600
967.290000000 9.600000000 0.040414154500
967.790000000 9.800000000 0.058767713600
967.540000000 9.800000000 0.075493119700
967.540000000 9.600000000 0.031205229500
967.790000000 9.600000000 0.023919064600
