946.050000000 6.800000000 22.578800201400
946.050000000 7.000000000 22.513639450100
946.050000000 6.600000000 22.232280731200
946.050000000 7.200000000 22.047286987300
946.050000000 6.400000000 21.534179687500
945.800000000 6.600000000 21.489889144900
943.800000000 6.000000000 21.465757370000
945.800000000 6.800000000 21.458843231200
943.800000000 5.800000000 21.449764251700
946.300000000 7.000000000 21.403102874800
943.800000000 6.200000000 21.345016479500
946.300000000 7.200000000 21.237409591700
946.300000000 6.800000000 21.165105819700
945.800000000 6.400000000 21.128915786700
946.050000000 7.400000000 21.101747512800
945.800000000 7.000000000 21.035158157300
943.800000000 6.400000000 21.001831054700
946.300000000 7.400000000 20.743263244600
946.050000000 6.200000000 20.703250885000
943.550000000 5.800000000 20.615680694600
946.300000000 6.600000000 20.604246139500
943.550000000 6.000000000 20.573200225800
944.050000000 5.800000000 20.451784133900
944.050000000 6.000000000 20.434312820400
943.800000000 6.600000000 20.427970886200
945.800000000 6.200000000 20.417999267600
943.550000000 6.200000000 20.401241302500
944.050000000 6.200000000 20.312126159700
945.800000000 7.200000000 20.164089202900
944.050000000 6.400000000 20.050725936900
943.550000000 6.400000000 20.012449264500
946.300000000 6.400000000 19.919282913200
946.050000000 6.000000000 19.914342880200
946.050000000 7.600000000 19.883584976200
946.300000000 7.600000000 19.814882278400
943.800000000 6.800000000 19.756238937400
944.050000000 6.600000000 19.585563659700
945.800000000 6.000000000 19.568243026700
943.550000000 6.600000000 19.433755874600
946.300000000 6.200000000 19.245534896900
946.050000000 5.800000000 19.205677032500
945.800000000 7.400000000 19.068817138700
944.050000000 6.800000000 18.955461502100
943.800000000 7.000000000 18.937608718900
943.550000000 6.800000000 18.809362411500
945.800000000 5.800000000 18.748493194600
945.550000000 6.400000000 18.643547058100
946.300000000 6.000000000 18.616834640500
945.550000000 6.600000000 18.592838287400
946.300000000 7.800000000 18.588214874300
946.050000000 7.800000000 18.482139587400
944.300000000 5.800000000 18.475509643600
945.550000000 6.200000000 18.389793396000
944.300000000 6.000000000 18.383565902700
945.550000000 6.800000000 18.221506118800
944.050000000 7.000000000 18.221122741700
944.300000000 6.200000000 18.210336685200
946.300000000 5.800000000 18.081361770600
943.550000000 7.000000000 18.069791793800
943.800000000 7.200000000 17.981731414800
944.300000000 6.400000000 17.941957473800
943.300000000 5.800000000 17.890949249300
945.550000000 6.000000000 17.826700210600
943.300000000 6.000000000 17.790559768700
945.800000000 7.600000000 17.771240234400
943.300000000 6.200000000 17.617881774900
944.300000000 6.600000000 17.589344024700
945.550000000 7.000000000 17.496652603100
944.050000000 7.200000000 17.333179473900
943.300000000 6.400000000 17.313409805300
946.300000000 8.000000000 17.261148452800
943.550000000 7.200000000 17.206453323400
945.550000000 5.800000000 17.114290237400
944.300000000 6.800000000 17.070896148700
943.800000000 7.400000000 17.011730194100
946.050000000 8.000000000 16.928047180200
943.300000000 6.600000000 16.899318695100
945.550000000 7.200000000 16.629858017000
943.300000000 6.800000000 16.471200943000
944.550000000 5.800000000 16.404499054000
944.300000000 7.000000000 16.386474609400
945.800000000 7.800000000 16.373311996500
943.550000000 7.400000000 16.357120513900
944.050000000 7.400000000 16.342813491800
944.550000000 6.000000000 16.235837936400
944.550000000 6.200000000 16.047716140700
943.800000000 7.600000000 15.979147911100
943.300000000 7.000000000 15.959804534900
945.300000000 6.200000000 15.857784271200
946.300000000 8.200000000 15.801641464200
945.300000000 6.400000000 15.786960601800
944.550000000 6.400000000 15.778020858800
945.300000000 6.000000000 15.750210762000
944.300000000 7.200000000 15.658249855000
945.550000000 7.400000000 15.578381538400
946.050000000 8.200000000 15.468191146900
945.300000000 6.600000000 15.461885452300
943.550000000 7.600000000 15.407853126500
944.550000000 6.600000000 15.401320457500
945.300000000 5.800000000 15.395223617600
944.050000000 7.600000000 15.355843544000
943.300000000 7.200000000 15.317055702200
945.800000000 8.000000000 15.023850441000
944.550000000 6.800000000 14.945241928100
944.800000000 5.800000000 14.933132171600
945.300000000 6.800000000 14.898760795600
943.800000000 7.800000000 14.866843223600
944.800000000 6.000000000 14.812500000000
944.300000000 7.400000000 14.801731109600
943.300000000 7.400000000 14.675115585300
944.800000000 6.200000000 14.576519012500
945.050000000 6.000000000 14.544631004300
943.050000000 5.800000000 14.530316352800
945.050000000 5.800000000 14.522791862500
945.550000000 7.600000000 14.471136093100
943.050000000 6.000000000 14.458513259900
945.050000000 6.200000000 14.445456504800
943.550000000 7.800000000 14.416354179400
944.550000000 7.000000000 14.396263122600
943.050000000 6.200000000 14.392809867900
946.300000000 8.400000000 14.349577903700
944.050000000 7.800000000 14.299396514900
943.050000000 6.400000000 14.286583900500
944.800000000 6.400000000 14.272996902500
945.300000000 7.000000000 14.263063430800
945.050000000 6.400000000 14.167848587000
943.050000000 6.600000000 14.126906395000
946.050000000 8.400000000 14.018751144400
943.050000000 6.800000000 13.935277938800
944.800000000 6.600000000 13.913570404100
943.300000000 7.600000000 13.892246246300
944.300000000 7.600000000 13.848244667100
943.800000000 8.000000000 13.812965393100
945.050000000 6.600000000 13.745659828200
942.050000000 7.000000000 13.723485946700
944.550000000 7.200000000 13.712327957200
943.050000000 7.000000000 13.679386138900
942.050000000 6.800000000 13.673583984400
945.800000000 8.200000000 13.669261932400
942.050000000 7.200000000 13.543539047200
941.800000000 7.000000000 13.513065338100
945.300000000 7.200000000 13.467924118000
944.800000000 6.800000000 13.444671630900
941.800000000 6.800000000 13.440614700300
943.550000000 8.000000000 13.423544883700
942.050000000 6.600000000 13.376786232000
941.800000000 7.200000000 13.372105598400
945.550000000 7.800000000 13.362900733900
945.050000000 6.800000000 13.270980835000
943.050000000 7.200000000 13.268761634800
944.050000000 8.000000000 13.196280479400
941.800000000 6.600000000 13.153662681600
942.050000000 7.400000000 13.132463455200
943.300000000 7.800000000 13.076498031600
941.800000000 7.400000000 13.042844772300
946.300000000 8.600000000 13.007782936100
944.550000000 7.400000000 12.956781387300
942.300000000 7.000000000 12.951669693000
944.300000000 7.800000000 12.912836074800
942.050000000 6.400000000 12.900431633000
942.300000000 6.800000000 12.895240783700
944.800000000 7.000000000 12.875104904200
943.050000000 7.400000000 12.799100875900
942.300000000 7.200000000 12.764487266500
943.800000000 8.200000000 12.725648880000
946.050000000 8.600000000 12.682102203400
941.800000000 6.400000000 12.672158241300
945.050000000 7.000000000 12.669744491600
942.300000000 6.600000000 12.635706901600
945.300000000 7.400000000 12.627395629900
941.800000000 7.600000000 12.579421997100
942.050000000 7.600000000 12.570662498500
945.800000000 8.400000000 12.492424011200
942.300000000 7.400000000 12.390173912000
943.550000000 8.200000000 12.376954078700
942.800000000 6.600000000 12.369421005200
942.800000000 6.800000000 12.346919059800
942.050000000 6.200000000 12.320761680600
942.800000000 6.400000000 12.299894332900
945.550000000 8.000000000 12.282574653600
942.800000000 7.000000000 12.280343055700
944.800000000 7.200000000 12.276539802600
942.300000000 6.400000000 12.261754035900
943.300000000 8.000000000 12.198972702000
942.800000000 6.200000000 12.193465232800
943.050000000 7.600000000 12.178861618000
942.550000000 6.800000000 12.164690971400
944.050000000 8.200000000 12.163565635700
944.550000000 7.600000000 12.160553932200
942.550000000 7.000000000 12.152773857100
942.800000000 6.000000000 12.097179412800
941.800000000 6.200000000 12.069015502900
942.800000000 5.800000000 12.068399429300
942.800000000 7.200000000 12.030722618100
942.550000000 6.600000000 12.021023750300
941.800000000 7.800000000 11.997529029800
945.050000000 7.200000000 11.995167732200
942.550000000 7.200000000 11.993335723900
941.550000000 7.000000000 11.963809967000
944.300000000 8.000000000 11.946660041800
941.550000000 7.200000000 11.925245285000
942.050000000 7.800000000 11.871407508900
942.300000000 6.200000000 11.813041687000
942.300000000 7.600000000 11.789283752400
941.550000000 6.800000000 11.781659126300
942.550000000 6.400000000 11.763805389400
945.300000000 7.600000000 11.763209343000
942.050000000 6.000000000 11.722687721300
946.300000000 8.800000000 11.717319488500
941.550000000 7.400000000 11.670116424600
943.800000000 8.400000000 11.639822959900
942.800000000 7.400000000 11.621726036100
942.550000000 7.400000000 11.598652839700
944.800000000 7.400000000 11.570673942600
946.050000000 8.800000000 11.506705284100
943.050000000 7.800000000 11.475324630700
942.550000000 6.200000000 11.473618507400
941.800000000 6.000000000 11.427957534800
943.550000000 8.400000000 11.421310424800
945.800000000 8.600000000 11.373929977400
941.550000000 6.600000000 11.369789123500
942.300000000 6.000000000 11.367943763700
941.800000000 8.000000000 11.344446182300
941.550000000 7.600000000 11.339501380900
943.300000000 8.200000000 11.299341201800
945.050000000 7.400000000 11.298133850100
945.550000000 8.200000000 11.293351173400
944.550000000 7.800000000 11.292654037500
942.550000000 6.000000000 11.226103782700
942.050000000 5.800000000 11.189795494100
942.050000000 8.000000000 11.130142211900
944.050000000 8.400000000 11.129393577600
942.800000000 7.600000000 11.096251487700
942.300000000 7.800000000 11.084661483800
942.550000000 7.600000000 11.054042816200
942.550000000 5.800000000 11.029760360700
942.300000000 5.800000000 10.985107421900
944.300000000 8.200000000 10.956735611000
941.550000000 6.400000000 10.923184394800
941.550000000 7.800000000 10.899997711200
945.300000000 7.800000000 10.894812583900
941.800000000 5.800000000 10.845573425300
944.800000000 7.600000000 10.824810981800
943.050000000 8.000000000 10.712853431700
943.800000000 8.600000000 10.655241012600
941.800000000 8.200000000 10.630066871600
946.300000000 9.000000000 10.584422111500
945.050000000 7.600000000 10.524463653600
943.550000000 8.600000000 10.464011192300
943.300000000 8.400000000 10.436613082900
944.550000000 8.000000000 10.434387207000
945.800000000 8.800000000 10.433705329900
946.050000000 9.000000000 10.432484626800
933.800000000 8.200000000 10.421913147000
942.800000000 7.800000000 10.399271965000
933.800000000 8.400000000 10.393729209900
941.550000000 6.200000000 10.389892578100
933.550000000 8.400000000 10.380828857400
945.550000000 8.400000000 10.373505592300
942.550000000 7.800000000 10.369734764100
941.550000000 8.000000000 10.358693122900
941.300000000 7.200000000 10.349292755100
942.050000000 8.200000000 10.348250389100
933.550000000 8.600000000 10.319194793700
933.550000000 8.200000000 10.313430786100
942.300000000 8.000000000 10.290473938000
941.300000000 7.000000000 10.289557457000
933.800000000 8.000000000 10.282676696800
933.800000000 8.600000000 10.280192375200
941.300000000 7.400000000 10.167492866500
933.550000000 8.800000000 10.162963867200
933.550000000 8.000000000 10.153248786900
931.800000000 10.000000000 10.141027450600
944.050000000 8.600000000 10.109598159800
945.300000000 8.000000000 10.082535743700
944.800000000 7.800000000 10.074795723000
933.800000000 8.800000000 10.070202827500
941.300000000 6.800000000 10.040054321300
933.300000000 8.400000000 10.011032104500
944.300000000 8.400000000 10.010589599600
933.300000000 8.200000000 9.957437515300
933.800000000 7.800000000 9.954543113700
933.550000000 9.000000000 9.953129768400
933.300000000 8.600000000 9.928371429400
941.800000000 8.400000000 9.922657966600
931.800000000 9.800000000 9.885729789700
943.050000000 8.200000000 9.883181572000
932.050000000 10.000000000 9.874416351300
934.050000000 8.200000000 9.866374969500
941.300000000 7.600000000 9.858222007800
941.550000000 6.000000000 9.838342666600
928.800000000 9.600000000 9.828266143800
933.550000000 7.800000000 9.817170143100
933.800000000 9.000000000 9.810538291900
945.050000000 7.800000000 9.804015159600
934.050000000 8.000000000 9.780508041400
934.050000000 8.400000000 9.758471489000
941.550000000 8.200000000 9.755311012300
933.300000000 8.800000000 9.748317718500
933.300000000 8.000000000 9.744263649000
928.800000000 9.800000000 9.733994483900
933.550000000 9.200000000 9.728990554800
929.050000000 9.600000000 9.719534874000
928.800000000 9.400000000 9.709537506100
943.800000000 8.800000000 9.705392837500
931.550000000 10.000000000 9.681507110600
942.800000000 8.000000000 9.677807807900
932.050000000 9.800000000 9.655797958400
929.050000000 9.400000000 9.634971618700
945.800000000 9.000000000 9.614616394000
946.300000000 9.200000000 9.609048843400
944.550000000 8.200000000 9.597023010300
929.050000000 9.800000000 9.594285011300
945.550000000 8.600000000 9.588269233700
942.050000000 8.400000000 9.581313133200
943.300000000 8.600000000 9.578496933000
942.550000000 8.000000000 9.569186210600
941.300000000 6.600000000 9.567883491500
943.550000000 8.800000000 9.562352180500
931.800000000 9.600000000 9.561159133900
946.050000000 9.200000000 9.559535980200
933.800000000 9.200000000 9.544038772600
933.550000000 9.400000000 9.521969795200
933.300000000 9.000000000 9.516289711000
934.050000000 8.600000000 9.504538536100
928.800000000 9.200000000 9.489067077600
934.050000000 7.800000000 9.487210273700
942.300000000 8.200000000 9.457478523300
933.800000000 7.600000000 9.450056076000
928.800000000 10.000000000 9.425250053400
933.300000000 7.800000000 9.400948524500
941.300000000 7.800000000 9.397240638700
929.050000000 9.200000000 9.388800621000
933.050000000 8.200000000 9.378782272300
933.050000000 8.400000000 9.375218391400
932.050000000 9.600000000 9.372138977100
931.550000000 9.800000000 9.359248161300
933.550000000 9.600000000 9.348745346100
929.050000000 10.000000000 9.332483291600
941.550000000 5.800000000 9.332077026400
933.550000000 7.600000000 9.317959785500
945.300000000 8.200000000 9.304713249200
933.800000000 9.400000000 9.303039550800
944.800000000 8.000000000 9.282618522600
933.300000000 9.200000000 9.278152465800
933.050000000 8.600000000 9.244948387100
933.050000000 8.000000000 9.225024223300
933.550000000 9.800000000 9.221304893500
941.800000000 8.600000000 9.218998909000
931.800000000 9.400000000 9.211947441100
932.300000000 10.000000000 9.203153610200
934.050000000 8.800000000 9.180327415500
944.050000000 8.800000000 9.176193237300
933.550000000 10.000000000 9.139537811300
928.800000000 9.000000000 9.128680229200
944.300000000 8.600000000 9.122195243800
943.050000000 8.400000000 9.122011184700
941.550000000 8.400000000 9.108621597300
933.800000000 9.600000000 9.104270935100
929.050000000 9.000000000 9.087389946000
933.300000000 9.400000000 9.079071044900
932.050000000 9.400000000 9.067232132000
926.550000000 9.600000000 9.063397407500
945.050000000 8.000000000 9.057347297700
926.550000000 9.800000000 9.053362846400
933.050000000 8.800000000 9.036575317400
929.300000000 9.600000000 9.033814430200
932.300000000 9.800000000 9.030496597300
929.300000000 9.800000000 9.026918411300
928.550000000 9.600000000 9.022729873700
931.550000000 9.600000000 9.016594886800
934.050000000 7.600000000 9.002145767200
928.550000000 9.800000000 9.001936912500
929.300000000 9.400000000 8.992357254000
933.300000000 9.600000000 8.951110839800
933.800000000 9.800000000 8.946059227000
933.300000000 7.600000000 8.940343856800
941.300000000 8.000000000 8.925262451200
941.300000000 6.400000000 8.918809890700
928.550000000 9.400000000 8.915392875700
933.050000000 7.800000000 8.906147003200
926.550000000 10.000000000 8.903553962700
942.800000000 8.200000000 8.902053833000
945.800000000 9.200000000 8.901814460800
931.800000000 9.200000000 8.874391555800
942.050000000 8.600000000 8.871050834700
945.550000000 8.800000000 8.866186142000
933.300000000 9.800000000 8.862774848900
926.550000000 9.400000000 8.845055580100
933.050000000 9.000000000 8.835354805000
946.050000000 9.400000000 8.832859993000
943.800000000 9.000000000 8.831143379200
929.300000000 10.000000000 8.820530891400
933.800000000 10.000000000 8.811865806600
943.300000000 8.800000000 8.806654930100
933.800000000 7.400000000 8.801023483300
932.300000000 9.600000000 8.799354553200
934.050000000 9.000000000 8.796400070200
933.300000000 10.000000000 8.792722702000
943.550000000 9.000000000 8.783457756000
942.550000000 8.200000000 8.782052040100
932.050000000 9.200000000 8.778730392500
929.300000000 9.200000000 8.773278236400
944.550000000 8.400000000 8.757060051000
928.550000000 10.000000000 8.751941680900
946.300000000 9.400000000 8.751044273400
926.800000000 9.800000000 8.694637298600
933.550000000 7.400000000 8.686729431200
942.300000000 8.400000000 8.681093215900
929.050000000 8.800000000 8.660495758100
928.800000000 8.800000000 8.659684181200
933.050000000 9.200000000 8.652081489600
932.800000000 8.200000000 8.648531913800
931.550000000 9.400000000 8.641951561000
928.550000000 9.200000000 8.641921997100
939.550000000 8.600000000 8.637294769300
938.550000000 10.000000000 8.622339248700
945.300000000 8.400000000 8.622335434000
932.800000000 8.400000000 8.620818138100
926.800000000 9.600000000 8.604941368100
931.800000000 9.000000000 8.568572044400
926.800000000 10.000000000 8.567556381200
939.550000000 8.800000000 8.562940597500
944.800000000 8.200000000 8.561441421500
932.550000000 10.000000000 8.559980392500
931.300000000 10.000000000 8.557652473400
932.300000000 9.400000000 8.554389953600
938.300000000 10.000000000 8.552074432400
941.800000000 8.800000000 8.544693946800
932.800000000 8.600000000 8.542880058300
932.800000000 8.000000000 8.542291641200
932.050000000 9.000000000 8.524332046500
933.050000000 9.400000000 8.513486862200
929.300000000 9.000000000 8.509357452400
941.550000000 8.600000000 8.481969833400
939.550000000 8.400000000 8.450041770900
932.550000000 9.800000000 8.440262794500
933.050000000 7.600000000 8.438266754200
941.050000000 7.200000000 8.436898231500
933.050000000 9.600000000 8.433628082300
926.550000000 9.200000000 8.429841041600
941.300000000 8.200000000 8.416972160300
932.800000000 8.800000000 8.408480644200
934.050000000 9.200000000 8.404082298300
933.050000000 9.800000000 8.401161193800
933.050000000 10.000000000 8.383829116800
943.050000000 8.600000000 8.376434326200
926.800000000 9.400000000 8.376404762300
945.050000000 8.200000000 8.375109672500
945.800000000 9.400000000 8.368682861300
941.050000000 7.000000000 8.368433952300
934.050000000 7.400000000 8.362804412800
941.050000000 7.400000000 8.357430458100
933.300000000 7.400000000 8.352723121600
944.050000000 9.000000000 8.338663101200
932.300000000 9.200000000 8.332675933800
932.050000000 8.800000000 8.305726051300
945.550000000 9.000000000 8.302117347700
931.800000000 8.800000000 8.298955917400
932.800000000 10.000000000 8.290689468400
931.300000000 9.800000000 8.287758827200
932.800000000 7.800000000 8.283925056500
932.550000000 9.600000000 8.280268669100
932.800000000 9.000000000 8.270476341200
931.550000000 9.200000000 8.269842147800
944.300000000 8.800000000 8.266410827600
946.050000000 9.600000000 8.236355781600
932.800000000 9.800000000 8.227590560900
928.550000000 9.000000000 8.220087051400
939.550000000 9.000000000 8.206067085300
942.050000000 8.800000000 8.206028938300
929.050000000 8.600000000 8.195899963400
934.300000000 8.200000000 8.187890052800
932.800000000 9.200000000 8.171680450400
941.300000000 6.200000000 8.168182373000
932.800000000 9.600000000 8.162419319200
934.300000000 8.000000000 8.160539627100
932.300000000 9.000000000 8.155141830400
938.550000000 9.800000000 8.148836135900
939.550000000 8.200000000 8.147711753800
929.300000000 8.800000000 8.144794464100
928.800000000 8.600000000 8.140483856200
943.300000000 9.000000000 8.137041091900
932.800000000 9.400000000 8.135677337600
932.550000000 9.400000000 8.126021385200
939.300000000 10.000000000 8.125250816300
942.800000000 8.400000000 8.120422363300
929.550000000 9.600000000 8.120382309000
938.800000000 10.000000000 8.119026184100
932.050000000 8.600000000 8.117917060900
941.050000000 7.600000000 8.112234115600
943.550000000 9.200000000 8.101906776400
941.050000000 6.800000000 8.071363449100
938.300000000 9.800000000 8.069025993300
946.300000000 9.600000000 8.068921089200
943.800000000 9.200000000 8.064577102700
937.300000000 8.400000000 8.061358451800
929.550000000 9.800000000 8.056332588200
931.800000000 8.600000000 8.055664062500
933.800000000 7.200000000 8.053576469400
934.050000000 9.400000000 8.044291496300
932.550000000 8.400000000 8.040630340600
929.550000000 9.400000000 8.034559249900
932.300000000 8.800000000 8.026175499000
932.550000000 8.600000000 8.024054527300
926.800000000 9.200000000 8.023056030300
932.550000000 8.200000000 8.019168853800
934.300000000 8.400000000 8.015016555800
932.550000000 9.200000000 8.014169693000
942.550000000 8.400000000 8.012424469000
932.550000000 8.800000000 7.987462043800
945.300000000 8.600000000 7.982822895100
944.550000000 8.600000000 7.975741863300
939.550000000 10.000000000 7.974224090600
932.550000000 9.000000000 7.973878383600
937.300000000 8.600000000 7.969675064100
933.550000000 7.200000000 7.967321872700
942.300000000 8.600000000 7.964253902400
945.800000000 9.600000000 7.963513851200
941.300000000 8.400000000 7.953782081600
939.300000000 8.600000000 7.949485302000
941.800000000 9.000000000 7.943096637700
932.050000000 8.400000000 7.942881107300
931.300000000 9.600000000 7.938774108900
926.550000000 9.000000000 7.936320781700
932.300000000 8.600000000 7.932564258600
939.300000000 8.800000000 7.926264286000
931.550000000 9.000000000 7.923964023600
934.300000000 7.800000000 7.923404693600
941.550000000 8.800000000 7.911540508300
929.550000000 9.200000000 7.910615921000
932.550000000 8.000000000 7.904004573800
929.550000000 10.000000000 7.903113842000
937.300000000 8.200000000 7.901137352000
932.800000000 7.600000000 7.881758213000
933.050000000 7.400000000 7.873894214600
939.050000000 10.000000000 7.870155334500
932.300000000 8.400000000 7.849282264700
944.800000000 8.400000000 7.848873615300
938.050000000 10.000000000 7.835014820100
941.050000000 7.800000000 7.830996513400
945.550000000 9.200000000 7.827588081400
931.800000000 8.400000000 7.825437068900
946.050000000 9.800000000 7.783587932600
929.300000000 8.600000000 7.764680862400
932.050000000 8.200000000 7.757524013500
939.550000000 8.000000000 7.742837429000
932.300000000 8.200000000 7.742099762000
934.050000000 9.600000000 7.741792202000
939.800000000 6.800000000 7.734344005600
928.550000000 8.800000000 7.733342647600
939.300000000 9.800000000 7.730146884900
945.050000000 8.400000000 7.727574825300
937.300000000 8.800000000 7.719144344300
939.800000000 8.600000000 7.718204498300
939.300000000 8.400000000 7.710009098100
929.550000000 9.000000000 7.708638191200
938.800000000 9.800000000 7.707519531200
943.050000000 8.800000000 7.699777126300
945.800000000 9.800000000 7.686568737000
933.300000000 7.200000000 7.682222843200
939.800000000 8.400000000 7.675301075000
929.050000000 8.400000000 7.674462318400
939.800000000 6.600000000 7.674230575600
934.300000000 8.600000000 7.673624038700
932.550000000 7.800000000 7.667030334500
937.550000000 8.400000000 7.647696495100
937.050000000 8.400000000 7.646838665000
939.300000000 9.000000000 7.646457195300
927.050000000 9.800000000 7.638946533200
941.050000000 6.600000000 7.625305175800
934.050000000 7.200000000 7.625055789900
939.550000000 9.200000000 7.618668556200
939.800000000 7.000000000 7.616984367400
931.550000000 8.800000000 7.612978935200
928.300000000 9.800000000 7.602900028200
931.800000000 8.200000000 7.599205970800
942.050000000 9.000000000 7.596684932700
928.300000000 9.600000000 7.593474388100
939.800000000 8.800000000 7.590638160700
927.050000000 9.600000000 7.589457035100
928.800000000 8.400000000 7.586925506600
944.050000000 9.200000000 7.584774494200
931.300000000 9.400000000 7.582149505600
943.300000000 9.200000000 7.578988552100
937.550000000 8.600000000 7.578666687000
937.050000000 8.600000000 7.578348636600
932.300000000 8.000000000 7.575682163200
931.050000000 9.200000000 7.565215110800
946.300000000 9.800000000 7.563257217400
945.800000000 10.000000000 7.551101207700
943.550000000 9.400000000 7.546614646900
927.050000000 10.000000000 7.543077945700
931.050000000 9.400000000 7.541911125200
932.050000000 8.000000000 7.538918018300
937.550000000 6.000000000 7.533542633100
939.550000000 9.800000000 7.529915332800
937.050000000 8.200000000 7.526125431100
926.800000000 9.000000000 7.523709774000
941.300000000 8.600000000 7.517377376600
939.800000000 8.200000000 7.513899803200
931.050000000 9.600000000 7.510506153100
934.300000000 7.600000000 7.510062217700
937.300000000 8.000000000 7.508239269300
941.050000000 8.000000000 7.507820129400
946.050000000 10.000000000 7.505363464400
931.050000000 9.000000000 7.504837513000
938.050000000 8.600000000 7.503324985500
938.050000000 8.400000000 7.502819061300
934.050000000 9.800000000 7.501096725500
939.050000000 9.800000000 7.500434875500
938.550000000 9.600000000 7.499348163600
937.550000000 5.800000000 7.489201545700
929.550000000 8.800000000 7.486079692800
937.550000000 8.200000000 7.484373569500
945.300000000 8.800000000 7.469515800500
944.300000000 9.000000000 7.467496395100
931.300000000 9.200000000 7.460986614200
937.550000000 6.200000000 7.451110363000
945.550000000 9.400000000 7.449545860300
943.800000000 9.400000000 7.432409763300
941.800000000 9.200000000 7.424891471900
942.800000000 8.600000000 7.424804210700
931.050000000 9.800000000 7.417504787400
941.550000000 9.000000000 7.413886070300
939.800000000 6.400000000 7.407636642500
937.800000000 8.400000000 7.406486511200
938.300000000 9.600000000 7.398782253300
928.300000000 9.400000000 7.390138149300
928.300000000 10.000000000 7.386837005600
941.300000000 6.000000000 7.385638713800
938.050000000 9.800000000 7.385528087600
939.800000000 7.200000000 7.379797458600
927.050000000 9.400000000 7.365704536400
932.800000000 7.400000000 7.365138530700
938.300000000 8.600000000 7.363858223000
937.800000000 8.600000000 7.363115787500
938.300000000 8.400000000 7.361346244800
930.800000000 9.200000000 7.358164310500
926.550000000 8.800000000 7.353582382200
939.550000000 7.800000000 7.352109432200
931.800000000 8.000000000 7.347406387300
931.050000000 8.800000000 7.341546535500
930.800000000 9.000000000 7.341033935500
937.300000000 9.000000000 7.333630561800
930.800000000 9.400000000 7.332919120800
931.550000000 8.600000000 7.330540180200
938.050000000 8.200000000 7.324542999300
937.550000000 8.800000000 7.323356628400
932.300000000 7.800000000 7.323317527800
937.050000000 8.800000000 7.322219848600
942.300000000 8.800000000 7.321910858200
934.050000000 10.000000000 7.311429023700
939.300000000 8.200000000 7.307889461500
929.300000000 8.400000000 7.306798934900
932.550000000 7.600000000 7.306241989100
942.550000000 8.600000000 7.297068595900
938.050000000 8.800000000 7.288695335400
939.550000000 6.600000000 7.288071632400
939.800000000 8.000000000 7.277209281900
939.550000000 6.800000000 7.276547431900
937.800000000 6.000000000 7.275449752800
933.050000000 7.200000000 7.271153926800
930.800000000 9.600000000 7.269554615000
939.300000000 9.600000000 7.269240379300
932.050000000 7.800000000 7.266671180700
944.550000000 8.800000000 7.266183853100
933.800000000 7.000000000 7.261914730100
931.050000000 10.000000000 7.260419845600
937.800000000 5.800000000 7.260300636300
937.550000000 10.000000000 7.259777545900
931.300000000 9.000000000 7.258137702900
941.050000000 8.200000000 7.254116058300
937.800000000 10.000000000 7.253255367300
937.300000000 10.000000000 7.242488384200
930.800000000 8.800000000 7.229877471900
937.800000000 8.200000000 7.225587844800
939.800000000 9.000000000 7.222440719600
934.300000000 8.800000000 7.215470790900
933.550000000 7.000000000 7.208729744000
946.300000000 10.000000000 7.197033405300
937.550000000 6.400000000 7.191633224500
928.550000000 8.600000000 7.190760135700
929.550000000 8.600000000 7.184730052900
945.550000000 9.600000000 7.183460712400
939.300000000 9.200000000 7.181969165800
944.800000000 8.600000000 7.180244922600
939.550000000 6.400000000 7.165643215200
937.050000000 8.000000000 7.165428638500
939.300000000 9.400000000 7.162826538100
939.800000000 7.400000000 7.160713672600
938.300000000 8.800000000 7.159086227400
943.300000000 9.400000000 7.158243179300
937.800000000 6.200000000 7.158199787100
938.800000000 9.600000000 7.149814605700
939.550000000 7.000000000 7.142213821400
938.300000000 8.200000000 7.142056942000
945.050000000 8.600000000 7.140510082200
943.550000000 9.600000000 7.137053489700
943.050000000 9.000000000 7.135726451900
930.800000000 9.800000000 7.131428241700
937.550000000 8.000000000 7.128123283400
939.800000000 7.800000000 7.127689361600
937.800000000 8.800000000 7.123641967800
929.800000000 9.600000000 7.117785453800
929.050000000 8.200000000 7.111768722500
931.050000000 8.600000000 7.088078975700
942.050000000 9.200000000 7.085988521600
929.800000000 9.400000000 7.083641529100
939.550000000 7.600000000 7.079421043400
930.800000000 8.600000000 7.072135925300
941.300000000 8.800000000 7.068514347100
939.800000000 7.600000000 7.067298412300
929.800000000 9.200000000 7.063876628900
931.550000000 8.400000000 7.062820434600
931.800000000 7.800000000 7.058624744400
945.550000000 10.000000000 7.049841404000
929.800000000 9.800000000 7.048807621000
945.550000000 9.800000000 7.045563221000
928.300000000 9.200000000 7.033689022100
941.050000000 6.400000000 7.029294014000
937.300000000 7.800000000 7.025779724100
927.050000000 9.200000000 7.011718750000
941.050000000 8.400000000 7.011679649400
945.300000000 9.000000000 7.011294841800
930.550000000 9.200000000 7.004119396200
939.050000000 9.600000000 7.003349304200
941.550000000 9.200000000 7.002992153200
939.800000000 6.200000000 7.001889228800
939.550000000 7.200000000 6.995024681100
928.800000000 8.200000000 6.987365245800
939.550000000 9.600000000 6.982276439700
934.300000000 7.400000000 6.981541633600
941.800000000 9.400000000 6.980317592600
933.300000000 7.000000000 6.977391719800
938.050000000 8.000000000 6.977186679800
930.800000000 10.000000000 6.977155685400
932.300000000 7.600000000 6.975383758500
937.550000000 9.000000000 6.973549366000
931.300000000 8.800000000 6.966197490700
939.550000000 7.400000000 6.963665485400
930.550000000 9.000000000 6.960366725900
929.800000000 9.000000000 6.960267067000
943.800000000 9.600000000 6.950493335700
938.050000000 6.000000000 6.950335502600
930.550000000 9.400000000 6.948668003100
937.050000000 9.000000000 6.947281837500
937.300000000 6.000000000 6.944226265000
944.050000000 9.400000000 6.941106319400
938.050000000 5.800000000 6.931203365300
932.050000000 7.600000000 6.928456783300
938.050000000 9.000000000 6.927811145800
939.550000000 6.200000000 6.924513340000
926.800000000 8.800000000 6.922221660600
937.800000000 6.400000000 6.910360813100
930.550000000 8.800000000 6.906901836400
939.550000000 9.400000000 6.905787468000
943.550000000 9.800000000 6.905601501500
937.300000000 9.200000000 6.903990745500
937.300000000 6.200000000 6.900937080400
937.800000000 8.000000000 6.900413036300
929.550000000 8.400000000 6.899968147300
930.550000000 9.600000000 6.892074585000
943.300000000 9.600000000 6.890160083800
929.800000000 10.000000000 6.876201152800
929.300000000 8.200000000 6.872908592200
934.050000000 7.000000000 6.868385314900
929.800000000 8.800000000 6.862985611000
938.050000000 6.200000000 6.859752178200
943.300000000 10.000000000 6.857840538000
932.550000000 7.400000000 6.842635154700
943.550000000 10.000000000 6.840406894700
937.300000000 5.800000000 6.831653595000
939.300000000 8.000000000 6.827152729000
942.800000000 8.800000000 6.824563026400
937.800000000 9.800000000 6.823494434400
941.300000000 5.800000000 6.823203563700
938.300000000 9.000000000 6.817022323600
937.550000000 9.800000000 6.811494350400
943.300000000 9.800000000 6.796575546300
930.800000000 8.400000000 6.794829845400
931.550000000 8.200000000 6.793106079100
937.550000000 6.600000000 6.791057109800
944.300000000 9.200000000 6.786544323000
938.300000000 6.000000000 6.778165817300
937.300000000 9.800000000 6.775692462900
938.050000000 9.600000000 6.775485992400
932.800000000 7.200000000 6.775311946900
938.300000000 5.800000000 6.769951820400
937.800000000 9.000000000 6.765453815500
942.300000000 9.000000000 6.765275001500
938.550000000 9.400000000 6.761655330700
930.550000000 9.800000000 6.759847164200
931.050000000 8.400000000 6.758525848400
941.050000000 8.600000000 6.753242969500
938.300000000 8.000000000 6.751830577900
938.300000000 6.200000000 6.749295234700
934.300000000 9.000000000 6.738646030400
930.550000000 8.600000000 6.730274677300
931.800000000 7.600000000 6.726436615000
937.550000000 7.800000000 6.721874713900
937.050000000 10.000000000 6.712244510700
943.050000000 9.200000000 6.708797454800
937.300000000 6.400000000 6.695287704500
929.800000000 8.600000000 6.692213535300
926.550000000 8.600000000 6.691761493700
938.550000000 8.600000000 6.685416221600
941.550000000 9.400000000 6.678573131600
942.550000000 8.800000000 6.674659252200
938.050000000 6.400000000 6.665225982700
942.050000000 9.400000000 6.653023243000
939.800000000 9.200000000 6.644036769900
945.050000000 8.800000000 6.636067390400
939.550000000 6.000000000 6.631619930300
933.050000000 7.000000000 6.631576538100
941.800000000 9.600000000 6.631041050000
941.300000000 9.000000000 6.630863666500
945.300000000 9.200000000 6.627056121800
943.800000000 9.800000000 6.624387741100
940.800000000 7.200000000 6.624193668400
928.550000000 8.400000000 6.623483181000
937.050000000 7.800000000 6.622742652900
930.300000000 9.200000000 6.622093200700
938.550000000 8.400000000 6.620040893600
938.300000000 9.400000000 6.619244575500
930.300000000 9.000000000 6.613798141500
939.050000000 8.600000000 6.611406803100
944.550000000 9.000000000 6.603798389400
944.800000000 8.800000000 6.600145816800
938.300000000 6.400000000 6.599741458900
939.800000000 6.000000000 6.599309921300
939.050000000 8.800000000 6.594621658300
929.050000000 8.000000000 6.590938091300
931.300000000 8.600000000 6.585490226700
927.050000000 9.000000000 6.584229946100
940.800000000 7.400000000 6.584114551500
939.800000000 10.000000000 6.582846164700
930.050000000 9.200000000 6.580825805700
937.550000000 9.200000000 6.580801487000
930.300000000 9.400000000 6.578454494500
929.550000000 8.200000000 6.575169086500
928.300000000 9.000000000 6.564712524400
937.050000000 9.200000000 6.561209201800
930.300000000 8.800000000 6.561084747300
930.050000000 9.400000000 6.548989296000
930.050000000 9.000000000 6.545886039700
938.550000000 8.800000000 6.544663906100
932.300000000 7.400000000 6.542734146100
930.550000000 10.000000000 6.535873413100
940.050000000 6.800000000 6.532499790200
938.800000000 9.400000000 6.528563976300
937.300000000 9.400000000 6.527207851400
937.800000000 6.600000000 6.526743888900
940.050000000 7.000000000 6.524518489800
932.050000000 7.400000000 6.524428367600
938.050000000 9.200000000 6.520463466600
938.050000000 7.800000000 6.519353866600
930.550000000 8.400000000 6.516387462600
937.300000000 7.600000000 6.515993118300
930.050000000 9.600000000 6.515561103800
930.300000000 9.600000000 6.510591983800
930.050000000 8.800000000 6.509310722400
931.550000000 8.000000000 6.508575439500
940.800000000 7.000000000 6.500124454500
940.800000000 7.600000000 6.497420787800
930.800000000 8.200000000 6.494622707400
937.800000000 7.800000000 6.490106105800
933.800000000 6.800000000 6.489231586500
941.050000000 8.800000000 6.489139556900
929.800000000 8.400000000 6.481653213500
943.050000000 10.000000000 6.481122970600
929.300000000 8.000000000 6.476776599900
938.550000000 5.800000000 6.464774131800
941.550000000 9.600000000 6.464056968700
933.550000000 6.800000000 6.459923267400
939.050000000 9.400000000 6.453576088000
943.800000000 10.000000000 6.450238704700
927.300000000 9.800000000 6.437806606300
943.050000000 9.400000000 6.432892799400
944.050000000 9.600000000 6.427247524300
930.300000000 8.600000000 6.424976348900
927.300000000 9.600000000 6.416518688200
938.550000000 6.000000000 6.410492420200
939.050000000 8.400000000 6.406248569500
930.050000000 9.800000000 6.397951602900
928.800000000 8.000000000 6.394675731700
937.800000000 9.200000000 6.393274307300
938.300000000 9.200000000 6.391528129600
941.800000000 9.800000000 6.391176223800
939.050000000 9.000000000 6.379606723800
940.050000000 7.200000000 6.375482559200
939.550000000 5.800000000 6.370950222000
930.050000000 8.600000000 6.370883941700
934.300000000 7.200000000 6.368177413900
941.050000000 6.200000000 6.366073608400
940.800000000 7.800000000 6.364669323000
930.300000000 9.800000000 6.358815193200
938.550000000 6.200000000 6.358779907200
945.300000000 9.400000000 6.358598709100
938.550000000 8.200000000 6.356831550600
937.300000000 6.600000000 6.351499080700
931.800000000 7.400000000 6.349743843100
927.300000000 10.000000000 6.347557544700
931.050000000 8.200000000 6.343667984000
938.050000000 6.600000000 6.339911460900
942.800000000 9.000000000 6.337770462000
943.050000000 9.800000000 6.331736564600
941.550000000 9.800000000 6.330309391000
926.800000000 8.600000000 6.330148220100
937.050000000 9.800000000 6.328541755700
940.050000000 6.600000000 6.327468395200
938.300000000 7.800000000 6.324061870600
937.550000000 6.800000000 6.323071956600
939.300000000 7.800000000 6.320712089500
938.300000000 6.600000000 6.318979263300
939.800000000 5.800000000 6.316556930500
932.550000000 7.200000000 6.311273098000
943.050000000 9.600000000 6.309963703200
942.300000000 9.200000000 6.309868812600
940.800000000 8.000000000 6.292657852200
933.300000000 6.800000000 6.285572528800
942.050000000 9.600000000 6.281423568700
937.550000000 7.600000000 6.278716087300
937.300000000 9.600000000 6.275877952600
929.550000000 8.000000000 6.273680687000
937.800000000 9.600000000 6.273671627000
937.550000000 9.600000000 6.265453815500
927.300000000 9.400000000 6.263878345500
937.050000000 9.400000000 6.260263443000
941.550000000 10.000000000 6.253683567000
938.550000000 6.400000000 6.247979164100
929.800000000 8.200000000 6.245287895200
934.300000000 9.200000000 6.244592666600
938.550000000 9.000000000 6.242109775500
940.800000000 8.200000000 6.237624645200
939.050000000 9.200000000 6.236745834400
937.550000000 9.400000000 6.234730720500
940.800000000 6.800000000 6.232563495600
938.050000000 9.400000000 6.229031562800
930.300000000 8.400000000 6.226678848300
930.050000000 10.000000000 6.226539135000
930.550000000 8.200000000 6.221487522100
941.800000000 10.000000000 6.214061737100
944.300000000 9.400000000 6.208746910100
930.050000000 8.400000000 6.207235813100
931.550000000 7.800000000 6.203758239700
929.050000000 7.800000000 6.195534229300
945.300000000 9.600000000 6.186423778500
945.050000000 9.000000000 6.180641651200
936.800000000 8.400000000 6.180014133500
930.300000000 10.000000000 6.178702354400
945.300000000 10.000000000 6.177698135400
940.800000000 8.400000000 6.172772407500
932.800000000 7.000000000 6.168416023300
929.300000000 7.800000000 6.168183326700
940.050000000 7.400000000 6.165854930900
942.550000000 9.000000000 6.164685249300
928.050000000 9.800000000 6.156092166900
940.050000000 8.400000000 6.154901981400
941.300000000 9.200000000 6.154810905500
930.800000000 8.000000000 6.151945591000
934.050000000 6.800000000 6.149486541700
939.800000000 9.800000000 6.143740177200
941.050000000 9.000000000 6.141321659100
928.050000000 9.600000000 6.139280319200
940.050000000 8.600000000 6.132935047100
931.300000000 8.400000000 6.129112720500
945.300000000 9.800000000 6.121125221300
938.800000000 8.600000000 6.117204189300
937.050000000 9.600000000 6.109367370600
940.800000000 8.600000000 6.105082988700
938.050000000 7.600000000 6.104746818500
937.800000000 6.800000000 6.094215393100
937.300000000 7.400000000 6.088629722600
936.800000000 8.200000000 6.087875843000
936.800000000 8.600000000 6.087182045000
937.800000000 9.400000000 6.087012291000
940.050000000 8.200000000 6.086411953000
928.300000000 8.800000000 6.082232952100
937.050000000 7.600000000 6.079799175300
936.800000000 10.000000000 6.072170257600
932.050000000 7.200000000 6.068394184100
944.800000000 9.000000000 6.066010952000
929.550000000 7.800000000 6.064072132100
937.800000000 7.600000000 6.063653945900
944.050000000 9.800000000 6.054294109300
938.800000000 8.800000000 6.052478313400
932.300000000 7.200000000 6.051313400300
927.050000000 8.800000000 6.050120353700
939.050000000 8.200000000 6.044425964400
926.550000000 8.400000000 6.041924476600
928.550000000 8.200000000 6.035606384300
942.050000000 9.800000000 6.024235725400
938.550000000 9.200000000 6.023604393000
938.550000000 6.600000000 6.020535945900
929.300000000 7.600000000 6.017962932600
929.800000000 8.000000000 6.014682769800
944.550000000 9.200000000 6.010509967800
940.050000000 7.600000000 6.008810997000
937.300000000 6.800000000 6.004314422600
933.050000000 6.800000000 6.002468586000
940.050000000 8.800000000 5.998787879900
938.550000000 8.000000000 5.995407104500
938.800000000 5.800000000 5.992398738900
942.800000000 9.200000000 5.982701778400
938.800000000 8.400000000 5.982205390900
937.550000000 7.400000000 5.979862213100
930.050000000 8.200000000 5.978483676900
938.300000000 6.800000000 5.975727081300
938.050000000 6.800000000 5.974773883800
929.550000000 7.600000000 5.973436355600
940.050000000 8.000000000 5.973285198200
942.300000000 9.400000000 5.969738960300
937.550000000 7.000000000 5.966410160100
929.300000000 7.400000000 5.965165615100
929.050000000 7.600000000 5.964297771500
930.300000000 8.200000000 5.959972858400
940.050000000 6.400000000 5.959748268100
929.550000000 7.400000000 5.954500675200
940.050000000 7.800000000 5.954144477800
927.300000000 9.200000000 5.949720382700
928.050000000 10.000000000 5.949694633500
939.300000000 7.600000000 5.948359966300
931.050000000 8.000000000 5.943184852600
930.550000000 8.000000000 5.938780307800
940.800000000 8.800000000 5.934772491500
939.800000000 9.400000000 5.933630943300
939.300000000 6.400000000 5.933534622200
931.800000000 7.200000000 5.933232307400
938.300000000 7.600000000 5.930538654300
941.300000000 10.000000000 5.924502849600
939.300000000 6.600000000 5.923387527500
938.800000000 9.200000000 5.922493457800
928.050000000 9.400000000 5.921574115800
941.300000000 9.400000000 5.896171569800
929.050000000 7.400000000 5.895708560900
928.800000000 7.800000000 5.888049125700
929.550000000 7.200000000 5.886370182000
939.300000000 6.200000000 5.885800361600
929.300000000 7.200000000 5.883838176700
931.550000000 7.600000000 5.878733634900
941.300000000 9.800000000 5.875000476800
929.800000000 7.800000000 5.869600772900
942.800000000 10.000000000 5.866216182700
941.300000000 9.600000000 5.860489845300
929.800000000 7.400000000 5.857485771200
937.550000000 7.200000000 5.853515625000
930.800000000 7.800000000 5.849806785600
936.800000000 8.800000000 5.847066879300
938.800000000 6.000000000 5.846416473400
942.050000000 10.000000000 5.844293594400
929.050000000 7.200000000 5.840232849100
929.800000000 7.600000000 5.837657451600
936.800000000 8.000000000 5.836969852400
939.300000000 6.800000000 5.833938121800
944.050000000 10.000000000 5.824390411400
937.300000000 7.200000000 5.822731971700
938.800000000 9.000000000 5.821435451500
939.300000000 6.000000000 5.820584297200
945.050000000 9.200000000 5.810442447700
942.550000000 9.200000000 5.798622131300
937.300000000 7.000000000 5.797489643100
929.800000000 7.200000000 5.796167373700
933.800000000 6.600000000 5.793639659900
940.800000000 6.600000000 5.791677951800
933.550000000 6.600000000 5.782508850100
934.300000000 9.400000000 5.778645515400
937.800000000 7.400000000 5.773490428900
938.050000000 7.400000000 5.770808696700
942.800000000 9.400000000 5.766861915600
930.050000000 8.000000000 5.761276722000
939.300000000 5.800000000 5.760716915100
937.800000000 7.000000000 5.757445335400
932.550000000 7.000000000 5.753281593300
934.300000000 7.000000000 5.741897106200
944.300000000 9.600000000 5.738396644600
934.300000000 10.000000000 5.737664699600
938.800000000 6.200000000 5.726486206100
942.800000000 9.800000000 5.726374626200
930.300000000 8.000000000 5.716805458100
929.300000000 7.000000000 5.703735828400
942.300000000 9.600000000 5.703560829200
939.300000000 7.400000000 5.703094482400
929.050000000 7.000000000 5.702906608600
930.550000000 7.800000000 5.701577663400
926.800000000 8.400000000 5.700206756600
938.050000000 7.000000000 5.698708534200
939.300000000 7.000000000 5.696055889100
941.050000000 9.200000000 5.690731048600
938.550000000 6.800000000 5.689649581900
941.050000000 6.000000000 5.689381122600
938.300000000 7.000000000 5.689233303100
938.800000000 8.200000000 5.687590122200
940.050000000 9.000000000 5.686341285700
942.800000000 9.600000000 5.686135292100
929.550000000 7.000000000 5.684364795700
935.800000000 8.200000000 5.680487155900
934.550000000 8.000000000 5.679746627800
938.300000000 7.400000000 5.659301281000
937.800000000 7.200000000 5.655446529400
934.550000000 8.200000000 5.646245002700
933.300000000 6.600000000 5.645300388300
939.800000000 9.600000000 5.642100334200
935.800000000 8.000000000 5.637209892300
938.050000000 7.200000000 5.636898994400
930.050000000 7.800000000 5.634675502800
939.300000000 7.200000000 5.627132415800
940.800000000 9.000000000 5.626880168900
934.300000000 9.800000000 5.624709606200
930.800000000 7.600000000 5.622253418000
939.050000000 5.800000000 5.621171474500
931.300000000 8.200000000 5.619024276700
938.550000000 7.800000000 5.614366531400
930.050000000 7.400000000 5.610538959500
930.050000000 7.600000000 5.610110759700
939.050000000 8.000000000 5.607021331800
936.800000000 9.800000000 5.606320381200
938.800000000 6.400000000 5.604979038200
932.800000000 6.800000000 5.602000236500
935.800000000 8.400000000 5.599220752700
944.800000000 9.200000000 5.597691059100
932.050000000 7.000000000 5.585141658800
931.050000000 7.800000000 5.584197998000
929.800000000 7.000000000 5.578447341900
927.550000000 9.600000000 5.575066089600
927.550000000 9.800000000 5.569598197900
938.300000000 7.200000000 5.567380428300
928.300000000 8.600000000 5.552155494700
942.550000000 9.400000000 5.551094532000
936.800000000 9.000000000 5.550563335400
928.050000000 9.200000000 5.548998832700
934.550000000 7.800000000 5.548703670500
937.050000000 7.400000000 5.546823024700
930.300000000 7.800000000 5.546368122100
928.800000000 7.600000000 5.545654773700
940.050000000 6.200000000 5.537159442900
931.550000000 7.400000000 5.536918163300
945.050000000 9.400000000 5.536839485200
932.300000000 7.000000000 5.536294460300
944.550000000 9.400000000 5.534090995800
930.550000000 7.600000000 5.531480789200
940.550000000 8.400000000 5.511955738100
939.050000000 6.000000000 5.511824131000
930.050000000 7.200000000 5.507756710100
934.050000000 6.600000000 5.506306648300
927.300000000 9.000000000 5.504629612000
940.550000000 8.600000000 5.498775959000
942.300000000 9.800000000 5.498730659500
931.800000000 7.000000000 5.489228725400
934.550000000 8.400000000 5.474763870200
930.300000000 7.600000000 5.464757919300
928.550000000 8.000000000 5.463125228900
927.050000000 8.600000000 5.458567619300
930.800000000 7.400000000 5.448816776300
940.550000000 8.200000000 5.446719646500
937.050000000 6.200000000 5.444458007800
937.050000000 6.000000000 5.443311691300
928.800000000 7.400000000 5.439246654500
928.800000000 7.200000000 5.429566383400
934.300000000 9.600000000 5.426916122400
926.550000000 8.200000000 5.425448894500
935.800000000 7.800000000 5.425280571000
933.050000000 6.600000000 5.422808170300
938.800000000 6.600000000 5.421638965600
942.300000000 10.000000000 5.414999008200
936.800000000 7.800000000 5.413713455200
942.550000000 9.600000000 5.409801960000
929.050000000 6.800000000 5.402238369000
930.550000000 7.400000000 5.401752471900
939.050000000 6.200000000 5.401500701900
927.550000000 9.400000000 5.401450157200
930.300000000 7.400000000 5.391664505000
927.550000000 10.000000000 5.390670776400
944.300000000 9.800000000 5.390475750000
940.550000000 8.000000000 5.387301445000
927.800000000 9.600000000 5.382372379300
942.550000000 10.000000000 5.374001026200
940.550000000 7.400000000 5.367276668500
929.300000000 6.800000000 5.365236282300
940.550000000 8.800000000 5.363457202900
935.800000000 8.600000000 5.361980438200
927.800000000 9.800000000 5.360909462000
942.550000000 9.800000000 5.357346057900
940.550000000 7.200000000 5.357098579400
928.800000000 7.000000000 5.354356288900
940.550000000 7.800000000 5.351592540700
945.050000000 9.600000000 5.350338459000
940.550000000 7.600000000 5.347136497500
938.550000000 7.000000000 5.346781730700
937.050000000 5.800000000 5.327757835400
929.550000000 6.800000000 5.323373317700
938.800000000 8.000000000 5.322351932500
940.300000000 8.600000000 5.314549446100
940.300000000 8.400000000 5.309609413100
931.050000000 7.600000000 5.303735733000
945.050000000 10.000000000 5.303098678600
937.050000000 6.400000000 5.301960468300
939.050000000 6.400000000 5.301415443400
936.800000000 9.200000000 5.292654514300
930.050000000 7.000000000 5.283973693800
938.550000000 7.600000000 5.276711940800
940.300000000 7.200000000 5.272835254700
940.800000000 6.400000000 5.270253658300
945.050000000 9.800000000 5.267706394200
934.550000000 7.600000000 5.261716842700
940.300000000 8.200000000 5.260412693000
930.300000000 7.200000000 5.257418155700
941.050000000 10.000000000 5.255403041800
936.800000000 9.600000000 5.255204200700
940.300000000 7.000000000 5.250372886700
930.800000000 7.200000000 5.250354290000
944.800000000 9.400000000 5.245048999800
930.550000000 7.200000000 5.237386703500
940.550000000 7.000000000 5.234920501700
940.050000000 9.200000000 5.216381549800
927.800000000 9.400000000 5.212012291000
932.550000000 6.800000000 5.211441516900
940.300000000 7.400000000 5.208885192900
929.800000000 6.800000000 5.206032276200
941.050000000 9.400000000 5.203224659000
940.300000000 8.800000000 5.196484088900
933.550000000 6.400000000 5.196276187900
933.800000000 6.400000000 5.189890861500
940.800000000 9.200000000 5.187623977700
927.800000000 10.000000000 5.182298660300
940.050000000 6.000000000 5.181705951700
931.550000000 7.200000000 5.180367469800
940.300000000 8.000000000 5.178194522900
939.050000000 6.600000000 5.175360679600
944.300000000 10.000000000 5.172755241400
934.300000000 6.800000000 5.167143821700
937.050000000 7.200000000 5.166042804700
944.550000000 9.600000000 5.159851074200
936.050000000 8.200000000 5.158311367000
934.550000000 8.600000000 5.156160354600
931.300000000 8.000000000 5.152187347400
939.050000000 7.800000000 5.149147510500
936.800000000 9.400000000 5.147776126900
938.800000000 6.800000000 5.146083354900
934.550000000 10.000000000 5.143918037400
940.300000000 7.600000000 5.137540340400
940.300000000 7.800000000 5.129863262200
928.800000000 6.800000000 5.123432636300
938.550000000 7.200000000 5.114912986800
932.050000000 6.800000000 5.106168270100
933.300000000 6.400000000 5.103327274300
938.550000000 7.400000000 5.096206665000
936.050000000 8.000000000 5.095893859900
937.050000000 6.600000000 5.095802784000
928.050000000 9.000000000 5.094198703800
940.300000000 6.800000000 5.088662147500
940.550000000 9.000000000 5.086266994500
926.800000000 8.200000000 5.080803871200
932.800000000 6.600000000 5.080102443700
941.050000000 9.800000000 5.077841281900
927.550000000 9.200000000 5.070961475400
940.050000000 5.800000000 5.063241481800
931.050000000 7.400000000 5.061567306500
935.800000000 7.600000000 5.053508758500
941.050000000 5.800000000 5.050201416000
932.300000000 6.800000000 5.045059680900
936.050000000 8.400000000 5.040712356600
931.800000000 6.800000000 5.038125991800
935.800000000 8.800000000 5.037729740100
935.550000000 8.200000000 5.029827117900
930.300000000 7.000000000 5.010346889500
928.300000000 8.400000000 5.004401683800
930.800000000 7.000000000 4.998669147500
930.550000000 7.000000000 4.998430252100
940.550000000 6.800000000 4.992115020800
935.550000000 8.000000000 4.991953849800
927.300000000 8.800000000 4.991286754600
939.050000000 6.800000000 4.982743740100
944.800000000 9.600000000 4.979559421500
934.050000000 6.400000000 4.971018314400
929.050000000 6.600000000 4.969904899600
941.050000000 9.600000000 4.955388546000
937.050000000 7.000000000 4.954702854200
934.550000000 9.800000000 4.954447269400
937.050000000 6.800000000 4.946200847600
928.550000000 7.800000000 4.941221714000
940.300000000 9.000000000 4.932060718500
938.800000000 7.800000000 4.930377960200
935.550000000 8.400000000 4.927865505200
930.050000000 6.800000000 4.924640178700
933.050000000 6.400000000 4.917695522300
929.300000000 6.600000000 4.905023098000
936.800000000 7.600000000 4.898153781900
944.550000000 9.800000000 4.894114494300
939.050000000 7.600000000 4.892902374300
927.050000000 8.400000000 4.891300201400
936.050000000 7.800000000 4.885413646700
927.800000000 9.200000000 4.883806228600
934.550000000 7.400000000 4.867440223700
935.800000000 9.200000000 4.855575084700
929.550000000 6.600000000 4.846879482300
936.050000000 8.600000000 4.844375133500
926.550000000 8.000000000 4.839912414600
931.300000000 7.800000000 4.837638855000
936.050000000 9.200000000 4.836797237400
938.800000000 7.000000000 4.820900440200
931.050000000 7.200000000 4.820130348200
944.800000000 9.800000000 4.816953659100
936.050000000 9.400000000 4.814376831100
931.550000000 7.000000000 4.812774658200
935.800000000 9.400000000 4.796095848100
935.800000000 9.000000000 4.794529438000
935.550000000 7.800000000 4.794417858100
936.050000000 6.000000000 4.778782367700
939.050000000 7.400000000 4.775997161900
940.300000000 6.600000000 4.771990299200
944.800000000 10.000000000 4.770407676700
928.800000000 6.600000000 4.769042968800
939.050000000 7.000000000 4.749818801900
944.550000000 10.000000000 4.748241901400
936.050000000 5.800000000 4.748034477200
936.050000000 9.000000000 4.745071888000
932.550000000 6.600000000 4.740507602700
934.550000000 8.800000000 4.733575820900
935.550000000 8.600000000 4.730222225200
929.800000000 6.600000000 4.717007637000
933.550000000 6.200000000 4.705958366400
936.550000000 10.000000000 4.705228328700
933.800000000 6.200000000 4.695135116600
940.800000000 6.200000000 4.686117172200
940.550000000 9.200000000 4.685286045100
934.300000000 6.600000000 4.683515548700
934.550000000 9.600000000 4.682750225100
936.050000000 9.600000000 4.682543754600
940.800000000 9.400000000 4.678100585900
930.300000000 6.800000000 4.677501201600
930.550000000 6.800000000 4.672649383500
936.550000000 8.400000000 4.670955658000
930.800000000 6.800000000 4.669372081800
938.800000000 7.600000000 4.668436050400
933.300000000 6.200000000 4.667838573500
932.050000000 6.600000000 4.662240982100
927.550000000 9.000000000 4.660950183900
935.800000000 7.400000000 4.654747963000
936.550000000 8.200000000 4.654715061200
939.050000000 7.200000000 4.646920681000
940.050000000 9.400000000 4.644818782800
936.050000000 6.200000000 4.633165359500
935.800000000 9.600000000 4.631051063500
932.800000000 6.400000000 4.628610611000
928.050000000 8.800000000 4.611006736800
931.800000000 6.600000000 4.605025291400
938.800000000 7.400000000 4.601540088700
932.300000000 6.600000000 4.601488590200
936.050000000 8.800000000 4.601064205200
940.550000000 6.600000000 4.598902225500
936.050000000 7.600000000 4.596472740200
926.800000000 8.000000000 4.570384502400
938.800000000 7.200000000 4.565805435200
934.050000000 6.200000000 4.550661563900
928.550000000 7.600000000 4.542049408000
940.300000000 9.200000000 4.540108203900
940.050000000 10.000000000 4.537221908600
936.550000000 8.600000000 4.535784244500
931.300000000 7.600000000 4.535498619100
931.050000000 7.000000000 4.522889614100
933.050000000 6.200000000 4.512295723000
936.550000000 8.000000000 4.496797084800
935.550000000 7.600000000 4.481781005900
927.300000000 8.600000000 4.478280544300
936.050000000 9.800000000 4.469474792500
935.550000000 8.800000000 4.468419075000
930.050000000 6.600000000 4.466976165800
928.300000000 8.200000000 4.466213703200
927.800000000 9.000000000 4.449552059200
929.050000000 6.400000000 4.442877292600
931.550000000 6.800000000 4.441303730000
936.800000000 7.400000000 4.434118747700
934.550000000 7.200000000 4.429004669200
928.550000000 7.200000000 4.409570694000
928.550000000 7.000000000 4.392239093800
935.800000000 9.800000000 4.391770839700
928.550000000 7.400000000 4.389900684400
935.550000000 9.000000000 4.380010604900
927.050000000 8.200000000 4.377280712100
926.550000000 7.800000000 4.374721527100
936.300000000 8.200000000 4.365953445400
929.300000000 6.400000000 4.356926441200
940.300000000 6.400000000 4.348392963400
936.050000000 6.400000000 4.345575809500
932.550000000 6.400000000 4.336466789200
934.550000000 9.400000000 4.332225799600
933.300000000 6.000000000 4.320358276400
936.550000000 8.800000000 4.318083763100
933.550000000 6.000000000 4.313971519500
934.300000000 6.400000000 4.309218406700
936.300000000 8.400000000 4.307715416000
933.800000000 6.000000000 4.306690692900
940.050000000 9.600000000 4.303132057200
936.550000000 9.800000000 4.299694538100
928.800000000 6.400000000 4.294392585800
929.550000000 6.400000000 4.282892704000
930.800000000 6.600000000 4.280405998200
934.550000000 9.000000000 4.277962684600
930.550000000 6.600000000 4.277737617500
928.550000000 6.800000000 4.276728153200
932.050000000 6.400000000 4.276017189000
940.800000000 10.000000000 4.265068531000
932.800000000 6.200000000 4.263398170500
936.300000000 8.000000000 4.262487888300
936.300000000 6.000000000 4.262323856400
930.300000000 6.600000000 4.261133194000
935.550000000 9.200000000 4.260920047800
940.050000000 9.800000000 4.256277084400
936.050000000 7.400000000 4.246717929800
935.800000000 7.200000000 4.241187095600
935.550000000 10.000000000 4.239723682400
934.050000000 6.000000000 4.239595890000
931.300000000 7.400000000 4.236627578700
936.550000000 7.800000000 4.225684166000
933.050000000 6.000000000 4.225084781600
932.300000000 6.400000000 4.222547531100
936.300000000 5.800000000 4.221991062200
931.800000000 6.400000000 4.212376117700
936.050000000 10.000000000 4.211885929100
940.550000000 9.400000000 4.207615852400
927.550000000 8.800000000 4.185537338300
931.050000000 6.800000000 4.171862125400
935.550000000 9.400000000 4.170824050900
929.800000000 6.400000000 4.160894870800
935.550000000 9.800000000 4.150553226500
935.800000000 6.000000000 4.144273281100
940.800000000 6.000000000 4.133290767700
936.300000000 8.600000000 4.132411479900
940.550000000 6.400000000 4.129846096000
926.800000000 7.800000000 4.129397392300
935.550000000 9.600000000 4.127912998200
935.800000000 10.000000000 4.120029926300
936.300000000 6.200000000 4.118179321300
940.800000000 9.600000000 4.117122650100
934.550000000 9.200000000 4.116025447800
936.550000000 9.000000000 4.105000495900
928.050000000 8.600000000 4.104530334500
935.550000000 7.400000000 4.098332881900
935.800000000 5.800000000 4.094375133500
936.300000000 7.800000000 4.078083515200
931.550000000 6.600000000 4.077152252200
933.300000000 5.800000000 4.072873115500
934.300000000 6.200000000 4.069921970400
940.300000000 9.400000000 4.068778991700
936.800000000 6.000000000 4.053100109100
936.050000000 6.600000000 4.050108909600
933.550000000 5.800000000 4.044075489000
940.800000000 9.800000000 4.043297767600
933.800000000 5.800000000 4.035819053600
936.800000000 6.200000000 4.033865451800
935.800000000 6.200000000 4.031041145300
934.050000000 5.800000000 4.030360221900
928.550000000 6.600000000 4.028049945800
934.550000000 7.000000000 4.020841598500
936.800000000 7.200000000 4.018983364100
932.550000000 6.200000000 4.015329837800
933.050000000 5.800000000 4.010310173000
936.050000000 7.200000000 3.994575738900
932.800000000 6.000000000 3.991340160400
926.550000000 7.600000000 3.988968610800
927.300000000 8.400000000 3.973661184300
936.550000000 9.600000000 3.967042684600
932.050000000 6.200000000 3.963722705800
927.800000000 8.800000000 3.962388753900
935.300000000 8.600000000 3.961558103600
936.800000000 5.800000000 3.960550069800
928.300000000 8.000000000 3.955339908600
930.050000000 6.400000000 3.953680038500
935.300000000 8.800000000 3.948680877700
931.300000000 7.200000000 3.947082996400
936.300000000 9.200000000 3.945981025700
936.300000000 9.400000000 3.929273843800
935.800000000 7.000000000 3.928236007700
936.550000000 9.200000000 3.927790164900
932.300000000 6.200000000 3.923238992700
927.050000000 8.000000000 3.919378995900
940.300000000 6.200000000 3.918285846700
936.800000000 6.400000000 3.912553072000
936.300000000 8.800000000 3.911108255400
934.300000000 6.000000000 3.908094644500
936.300000000 9.000000000 3.905410289800
931.800000000 6.200000000 3.879496574400
929.050000000 6.200000000 3.861059188800
936.550000000 7.600000000 3.860635757400
936.300000000 6.400000000 3.860361814500
936.050000000 6.800000000 3.859901428200
935.300000000 9.000000000 3.857636451700
930.800000000 6.400000000 3.857502698900
935.800000000 6.400000000 3.854843378100
935.300000000 8.400000000 3.854343891100
936.300000000 9.600000000 3.845763206500
936.050000000 7.000000000 3.842289686200
936.550000000 9.400000000 3.838415622700
930.550000000 6.400000000 3.837662220000
934.300000000 5.800000000 3.834655284900
932.800000000 5.800000000 3.830079555500
940.300000000 10.000000000 3.812046766300
936.300000000 7.600000000 3.800453662900
940.550000000 9.800000000 3.799582958200
940.300000000 9.800000000 3.798462152500
940.550000000 10.000000000 3.798188448000
940.550000000 9.600000000 3.794613838200
930.300000000 6.400000000 3.791977882400
931.050000000 6.600000000 3.789794206600
935.300000000 7.600000000 3.789099216500
936.800000000 7.000000000 3.787559032400
940.300000000 9.600000000 3.784042358400
926.800000000 7.600000000 3.779075145700
932.550000000 6.000000000 3.778028488200
936.800000000 6.600000000 3.771477937700
935.300000000 8.200000000 3.764603853200
929.300000000 6.200000000 3.762096643400
935.550000000 7.200000000 3.761108636900
935.300000000 8.000000000 3.757634162900
935.300000000 7.400000000 3.757076501800
928.800000000 6.200000000 3.750301122700
935.800000000 6.800000000 3.743970394100
935.300000000 7.800000000 3.736840963400
931.550000000 6.400000000 3.735137224200
934.800000000 10.000000000 3.733110189400
935.800000000 6.600000000 3.730800151800
932.050000000 6.000000000 3.729217052500
926.550000000 7.400000000 3.711208343500
935.300000000 9.200000000 3.708281993900
936.800000000 6.800000000 3.707462549200
932.300000000 6.000000000 3.705374479300
927.550000000 8.600000000 3.693553686100
936.300000000 9.800000000 3.693303108200
935.050000000 7.600000000 3.690267801300
934.550000000 6.800000000 3.684394121200
929.550000000 6.200000000 3.681780576700
934.800000000 8.000000000 3.677102565800
931.300000000 7.000000000 3.670002460500
926.550000000 5.800000000 3.668998718300
928.550000000 6.400000000 3.661519050600
936.550000000 6.000000000 3.653563022600
935.050000000 7.400000000 3.651253461800
940.300000000 5.800000000 3.647695064500
935.300000000 7.200000000 3.647285699800
934.800000000 8.200000000 3.645203828800
935.050000000 7.800000000 3.642296314200
940.800000000 5.800000000 3.637816190700
932.550000000 5.800000000 3.636552810700
940.550000000 6.200000000 3.630786418900
935.050000000 8.800000000 3.618297815300
934.800000000 8.800000000 3.616534233100
931.800000000 6.000000000 3.614935874900
936.550000000 5.800000000 3.610637188000
935.050000000 8.600000000 3.605296611800
928.050000000 8.400000000 3.593784093900
935.550000000 7.000000000 3.593632459600
929.800000000 6.200000000 3.586334228500
935.300000000 9.400000000 3.583180904400
940.300000000 6.000000000 3.582748413100
934.800000000 7.800000000 3.577160835300
936.550000000 6.200000000 3.572738409000
934.800000000 8.600000000 3.571535348900
932.050000000 5.800000000 3.569516658800
932.300000000 5.800000000 3.567353487000
926.800000000 5.800000000 3.560195922900
934.800000000 9.000000000 3.558953046800
936.300000000 10.000000000 3.557628870000
936.300000000 6.600000000 3.557516336400
935.300000000 10.000000000 3.552604675300
927.050000000 7.800000000 3.546901941300
926.800000000 7.400000000 3.542968034700
935.050000000 7.200000000 3.531633138700
934.800000000 9.800000000 3.531313419300
935.050000000 9.000000000 3.531285285900
926.550000000 6.000000000 3.527456998800
926.550000000 7.200000000 3.526795387300
934.800000000 7.600000000 3.526219368000
936.300000000 7.400000000 3.522297620800
935.300000000 9.600000000 3.512308120700
927.300000000 8.200000000 3.512056589100
935.050000000 8.000000000 3.511710882200
936.550000000 7.400000000 3.510153770400
935.300000000 9.800000000 3.507753133800
934.800000000 7.400000000 3.492223739600
928.300000000 7.800000000 3.490076303500
935.050000000 8.400000000 3.482303857800
934.800000000 8.400000000 3.481594562500
935.300000000 7.000000000 3.478794574700
927.800000000 8.600000000 3.465111732500
926.800000000 6.000000000 3.439994812000
931.550000000 6.200000000 3.429949522000
934.550000000 6.600000000 3.429948568300
930.800000000 6.200000000 3.429599046700
930.050000000 6.200000000 3.424548149100
931.800000000 5.800000000 3.420587778100
926.550000000 7.000000000 3.419124364900
934.800000000 9.200000000 3.415622472800
931.300000000 6.800000000 3.406292915300
931.050000000 6.400000000 3.406179666500
936.550000000 6.400000000 3.392772674600
935.550000000 6.800000000 3.390852689700
927.050000000 5.800000000 3.389881372500
930.550000000 6.200000000 3.379803180700
934.800000000 7.200000000 3.378592729600
926.800000000 7.200000000 3.372918605800
926.550000000 6.800000000 3.370161533400
935.050000000 9.200000000 3.367583513300
926.550000000 6.200000000 3.362360239000
934.550000000 5.800000000 3.359962701800
926.550000000 6.400000000 3.359386920900
926.550000000 6.600000000 3.357572078700
935.050000000 7.000000000 3.350686788600
936.300000000 6.800000000 3.327588558200
936.300000000 7.200000000 3.318576812700
935.050000000 8.200000000 3.312960147900
930.300000000 6.200000000 3.309706449500
926.800000000 6.200000000 3.296972513200
926.800000000 7.000000000 3.291369199800
934.800000000 9.600000000 3.283402442900
927.050000000 7.600000000 3.282517433200
935.300000000 6.800000000 3.278980970400
927.050000000 6.000000000 3.278755903200
934.550000000 6.400000000 3.277032852200
929.050000000 6.000000000 3.276746988300
934.550000000 6.000000000 3.264674902000
936.300000000 7.000000000 3.245764732400
926.800000000 6.800000000 3.244757890700
926.800000000 6.600000000 3.237104177500
926.800000000 6.400000000 3.236817359900
934.550000000 6.200000000 3.225339412700
927.550000000 8.400000000 3.223646640800
936.550000000 7.200000000 3.223061561600
928.550000000 6.200000000 3.215447902700
934.800000000 9.400000000 3.208567619300
934.800000000 7.000000000 3.201112270400
928.800000000 6.000000000 3.194306850400
936.550000000 6.600000000 3.187035560600
940.550000000 6.000000000 3.184865713100
935.550000000 6.600000000 3.180581808100
931.550000000 6.000000000 3.173520088200
929.300000000 6.000000000 3.170229196500
928.300000000 7.000000000 3.156622409800
931.300000000 6.600000000 3.156311750400
927.050000000 6.200000000 3.155250787700
935.050000000 9.400000000 3.155006885500
935.050000000 6.800000000 3.136489152900
928.300000000 7.600000000 3.135232925400
928.050000000 8.200000000 3.131861209900
928.300000000 6.800000000 3.128004550900
927.300000000 8.000000000 3.116843462000
929.550000000 6.000000000 3.093209981900
928.300000000 7.200000000 3.091399431200
927.050000000 7.400000000 3.081692695600
935.300000000 6.600000000 3.076275587100
936.550000000 7.000000000 3.066687107100
936.550000000 6.800000000 3.056111574200
931.050000000 6.200000000 3.040231704700
929.800000000 6.000000000 3.033292293500
927.050000000 6.400000000 3.027028560600
930.800000000 6.000000000 3.023082494700
928.300000000 7.400000000 3.014931678800
927.800000000 8.400000000 2.995262622800
928.300000000 6.600000000 2.991903305100
935.550000000 6.400000000 2.989636659600
934.800000000 6.800000000 2.984464168500
931.550000000 5.800000000 2.973634958300
927.050000000 7.200000000 2.961233854300
927.300000000 5.800000000 2.948478937100
930.550000000 6.000000000 2.930704355200
935.050000000 9.600000000 2.923739433300
931.300000000 6.400000000 2.922906398800
935.050000000 6.600000000 2.919414281800
930.050000000 6.000000000 2.912003040300
935.300000000 6.400000000 2.899061203000
927.050000000 6.600000000 2.890011549000
927.050000000 7.000000000 2.883642673500
935.550000000 6.000000000 2.859096050300
927.300000000 6.000000000 2.852640152000
940.550000000 5.800000000 2.850773334500
927.050000000 6.800000000 2.847869396200
930.300000000 6.000000000 2.838384389900
935.550000000 6.200000000 2.836580276500
935.550000000 5.800000000 2.824824810000
927.300000000 7.800000000 2.823085069700
934.800000000 6.600000000 2.822350025200
927.550000000 8.200000000 2.798677921300
935.300000000 6.200000000 2.768205404300
934.800000000 5.800000000 2.767137527500
927.300000000 6.200000000 2.761326313000
928.300000000 6.400000000 2.759721994400
929.050000000 5.800000000 2.736669540400
928.550000000 6.000000000 2.735898017900
935.050000000 6.400000000 2.731102228200
931.050000000 6.000000000 2.718363285100
935.050000000 9.800000000 2.713171958900
931.300000000 6.200000000 2.711628675500
935.300000000 6.000000000 2.696291446700
934.800000000 6.400000000 2.694217205000
935.300000000 5.800000000 2.684793472300
928.050000000 8.000000000 2.681651830700
928.800000000 5.800000000 2.677528381300
927.300000000 6.400000000 2.663424968700
930.800000000 5.800000000 2.659024715400
929.300000000 5.800000000 2.623842477800
935.050000000 6.200000000 2.596322298000
927.300000000 7.600000000 2.588198900200
927.800000000 8.200000000 2.584923267400
934.800000000 6.000000000 2.582799196200
935.050000000 10.000000000 2.561043262500
927.300000000 6.600000000 2.559981346100
929.550000000 5.800000000 2.557613134400
934.800000000 6.200000000 2.551137447400
935.050000000 5.800000000 2.548658371000
935.050000000 6.000000000 2.532971620600
929.800000000 5.800000000 2.531117200900
931.300000000 6.000000000 2.530459404000
930.550000000 5.800000000 2.513862609900
928.300000000 6.200000000 2.454563379300
927.300000000 6.800000000 2.453468084300
927.550000000 8.000000000 2.451697588000
931.050000000 5.800000000 2.450275898000
930.050000000 5.800000000 2.448231935500
927.300000000 7.400000000 2.412347793600
930.300000000 5.800000000 2.396954536400
931.300000000 5.800000000 2.387479066800
927.300000000 7.000000000 2.348732233000
927.550000000 5.800000000 2.328761339200
927.300000000 7.200000000 2.294283390000
928.050000000 7.800000000 2.278640270200
928.550000000 5.800000000 2.276233196300
928.050000000 6.800000000 2.273122787500
927.550000000 6.000000000 2.239470958700
928.050000000 6.600000000 2.238016843800
928.050000000 7.000000000 2.216321229900
927.800000000 8.000000000 2.207710981400
927.550000000 6.400000000 2.205744743300
927.550000000 6.600000000 2.185346365000
927.550000000 6.200000000 2.169939041100
927.550000000 7.800000000 2.163119077700
928.050000000 6.400000000 2.119910717000
928.300000000 6.000000000 2.108051300000
927.550000000 6.800000000 2.101392269100
928.050000000 7.200000000 2.088305950200
927.800000000 6.600000000 2.011680603000
927.800000000 6.800000000 1.981252789500
927.800000000 6.400000000 1.972599744800
927.550000000 7.000000000 1.953732132900
928.050000000 6.200000000 1.935061454800
927.800000000 5.800000000 1.928308725400
928.050000000 7.400000000 1.924420476000
928.050000000 7.600000000 1.922714591000
927.550000000 7.600000000 1.921027898800
927.800000000 7.000000000 1.876434445400
927.800000000 6.200000000 1.875825762700
927.550000000 7.200000000 1.873942613600
927.800000000 7.800000000 1.868119120600
927.800000000 6.000000000 1.844203472100
927.550000000 7.400000000 1.826137542700
928.300000000 5.800000000 1.757042884800
928.050000000 5.800000000 1.729886651000
928.050000000 6.000000000 1.707933545100
927.800000000 7.200000000 1.704143405000
927.800000000 7.600000000 1.585064530400
927.800000000 7.400000000 1.515221357300
