975.580000000 8.000000000 58.758422851600
975.830000000 8.000000000 57.573059082000
975.330000000 8.000000000 56.782566070600
975.580000000 8.200000000 54.359172821000
975.080000000 8.000000000 53.790428161600
976.080000000 8.000000000 53.778461456300
975.330000000 7.800000000 53.661365509000
975.830000000 8.200000000 53.219985961900
975.580000000 7.800000000 53.082630157500
975.330000000 8.200000000 52.371726989700
975.080000000 7.800000000 51.889606475800
974.830000000 8.000000000 51.118331909200
975.080000000 8.200000000 49.984191894500
975.830000000 7.800000000 49.848064422600
974.830000000 7.800000000 49.488410949700
976.080000000 8.200000000 49.343990325900
976.330000000 8.000000000 48.721061706500
974.580000000 8.000000000 48.630504608200
974.830000000 8.200000000 47.930030822800
974.580000000 7.800000000 47.109580993700
975.330000000 7.600000000 46.377258300800
974.330000000 8.000000000 45.618225097700
975.080000000 7.600000000 45.601039886500
976.080000000 7.800000000 45.451805114700
974.580000000 8.200000000 45.388683319100
975.580000000 7.600000000 44.599826812700
974.330000000 7.800000000 44.108188629200
976.330000000 8.200000000 44.034729003900
974.830000000 7.600000000 43.188137054400
976.580000000 8.000000000 42.721611022900
974.330000000 8.200000000 41.873535156200
974.080000000 8.000000000 41.721767425500
979.830000000 8.000000000 41.519210815400
976.330000000 7.800000000 41.247055053700
975.830000000 7.600000000 41.007335662800
974.580000000 7.600000000 40.341167450000
974.080000000 7.800000000 40.210346221900
979.830000000 7.800000000 40.040863037100
980.080000000 8.000000000 39.858165741000
980.080000000 7.800000000 39.856189727800
979.580000000 8.000000000 39.350360870400
976.580000000 8.200000000 38.502323150600
976.580000000 7.800000000 38.135837554900
975.080000000 8.400000000 38.113201141400
975.330000000 8.400000000 37.908359527600
974.080000000 8.200000000 37.762176513700
974.830000000 8.400000000 37.760414123500
976.830000000 8.000000000 37.667140960700
975.580000000 8.400000000 37.566684722900
979.580000000 7.800000000 37.548252105700
974.330000000 7.600000000 37.540588378900
976.080000000 7.600000000 37.065464019800
975.330000000 7.400000000 36.958671569800
973.830000000 8.000000000 36.878231048600
975.830000000 8.400000000 36.669509887700
975.080000000 7.400000000 36.393661499000
974.580000000 8.400000000 36.147144317600
973.830000000 7.800000000 36.087486267100
980.330000000 7.800000000 35.995243072500
975.580000000 7.400000000 35.739318847700
979.330000000 7.800000000 35.601631164600
979.330000000 8.000000000 35.558570861800
976.830000000 7.800000000 35.043151855500
976.080000000 8.400000000 34.970676422100
974.080000000 7.600000000 34.894374847400
980.330000000 8.000000000 34.834243774400
979.080000000 7.800000000 34.754234314000
979.830000000 7.600000000 34.654861450200
979.580000000 7.600000000 34.433582305900
974.830000000 7.400000000 34.392692565900
979.580000000 8.200000000 33.922374725300
976.830000000 8.200000000 33.905300140400
977.080000000 8.000000000 33.602272033700
976.330000000 7.600000000 33.597732543900
980.080000000 7.600000000 33.459781646700
975.830000000 7.400000000 33.356193542500
979.830000000 8.200000000 33.241767883300
974.330000000 8.400000000 33.186672210700
979.330000000 7.600000000 33.161983490000
973.830000000 8.200000000 33.047267913800
976.330000000 8.400000000 32.945915222200
973.580000000 7.800000000 32.738822937000
978.830000000 7.800000000 32.665321350100
979.330000000 8.200000000 32.497615814200
973.830000000 7.600000000 32.398696899400
974.580000000 7.400000000 31.955718994100
979.080000000 8.000000000 31.860506057700
977.080000000 7.800000000 31.571216583300
973.580000000 8.000000000 31.479923248300
980.330000000 7.600000000 31.425245285000
980.080000000 8.200000000 31.227205276500
979.080000000 7.600000000 31.070009231600
976.080000000 7.400000000 30.616001129200
976.580000000 7.600000000 30.582706451400
973.580000000 7.600000000 30.414226532000
980.580000000 7.800000000 30.040494918800
977.080000000 8.200000000 29.955528259300
977.330000000 8.000000000 29.809429168700
976.580000000 8.400000000 29.762891769400
974.330000000 7.400000000 29.730070114100
974.080000000 8.400000000 29.312921524000
979.080000000 8.200000000 29.222549438500
978.830000000 8.000000000 29.209985733000
978.580000000 7.800000000 29.114542007400
980.580000000 8.000000000 28.899761200000
973.330000000 7.800000000 28.581048965500
975.330000000 7.200000000 28.491569519000
975.080000000 7.200000000 28.259578704800
980.330000000 8.200000000 28.242773056000
978.830000000 7.600000000 28.024826049800
976.330000000 7.400000000 27.859775543200
973.580000000 8.200000000 27.780971527100
974.080000000 7.400000000 27.780162811300
977.330000000 7.800000000 27.778192520100
975.580000000 7.200000000 27.734729766800
973.330000000 7.600000000 27.652301788300
976.830000000 7.600000000 27.601474762000
980.580000000 7.600000000 27.419631958000
978.580000000 8.000000000 27.118774414100
974.830000000 7.200000000 26.797752380400
980.080000000 7.400000000 26.546016693100
979.830000000 7.400000000 26.470422744800
975.830000000 7.200000000 26.446996688800
973.830000000 7.400000000 26.402677536000
977.580000000 8.000000000 26.174190521200
977.330000000 8.200000000 26.104047775300
976.830000000 8.400000000 26.000278472900
973.330000000 8.000000000 25.597133636500
973.580000000 7.400000000 25.431781768800
980.330000000 7.400000000 25.372097015400
979.580000000 7.400000000 25.368568420400
978.830000000 8.200000000 25.342014312700
978.330000000 7.800000000 25.219301223800
973.830000000 8.400000000 25.074829101600
976.580000000 7.400000000 24.946582794200
976.080000000 7.200000000 24.913177490200
979.580000000 8.400000000 24.829854965200
978.330000000 8.000000000 24.772741317700
980.580000000 8.200000000 24.566373825100
979.330000000 8.400000000 24.541629791300
974.580000000 7.200000000 24.534303665200
977.080000000 7.600000000 24.473968505900
973.330000000 7.400000000 24.282178878800
977.580000000 7.800000000 24.276485443100
973.080000000 7.600000000 24.272125244100
979.830000000 8.400000000 24.254531860400
978.580000000 7.600000000 24.205497741700
974.830000000 8.600000000 24.122556686400
971.580000000 7.200000000 24.068387985200
971.830000000 7.400000000 24.026990890500
980.830000000 7.800000000 23.974819183300
974.580000000 8.600000000 23.733312606800
971.830000000 7.200000000 23.680286407500
977.830000000 8.000000000 23.670148849500
975.080000000 8.600000000 23.632833480800
979.330000000 7.400000000 23.616180419900
973.080000000 7.800000000 23.572536468500
980.830000000 8.000000000 23.334186554000
978.080000000 8.000000000 23.263120651200
972.080000000 7.400000000 23.235120773300
979.080000000 8.400000000 23.172395706200
980.080000000 8.400000000 23.171773910500
975.830000000 8.600000000 23.135679245000
976.080000000 8.600000000 23.083463668800
976.330000000 7.200000000 23.062685012800
975.330000000 8.600000000 23.010656356800
973.080000000 7.400000000 22.925992965700
980.580000000 7.400000000 22.886091232300
975.580000000 8.600000000 22.866773605300
971.580000000 7.400000000 22.771289825400
978.080000000 7.800000000 22.565561294600
980.830000000 7.600000000 22.523792266800
977.580000000 8.200000000 22.453512191800
974.330000000 7.200000000 22.330913543700
977.830000000 7.800000000 22.226121902500
974.330000000 8.600000000 22.179491043100
977.080000000 8.400000000 22.154487609900
976.330000000 8.600000000 22.051065444900
972.080000000 7.200000000 22.011960983300
972.330000000 7.400000000 21.863109588600
978.580000000 8.200000000 21.811264038100
975.330000000 7.000000000 21.800254821800
976.830000000 7.400000000 21.700971603400
972.830000000 7.400000000 21.698814392100
977.330000000 7.600000000 21.535909652700
979.080000000 7.400000000 21.506078720100
971.330000000 7.200000000 21.481595993000
980.330000000 8.400000000 21.474920272800
975.080000000 7.000000000 21.322839736900
975.580000000 7.000000000 21.321479797400
973.330000000 8.200000000 21.242574691800
972.830000000 7.600000000 21.225149154700
972.580000000 7.400000000 21.214412689200
972.080000000 7.600000000 21.020271301300
971.830000000 7.600000000 21.007680892900
978.830000000 8.400000000 20.955574035600
972.330000000 7.200000000 20.743690490700
974.080000000 7.200000000 20.734836578400
973.080000000 7.200000000 20.713937759400
973.330000000 7.200000000 20.702890396100
976.580000000 7.200000000 20.653026580800
973.580000000 7.200000000 20.571901321400
972.830000000 7.200000000 20.548343658400
978.330000000 7.600000000 20.481422424300
973.830000000 7.200000000 20.463104248000
972.580000000 7.200000000 20.388500213600
975.830000000 7.000000000 20.357582092300
973.580000000 8.400000000 20.343992233300
971.580000000 7.000000000 20.323019027700
980.830000000 8.200000000 20.177267074600
976.580000000 8.600000000 20.160579681400
972.330000000 7.600000000 19.930364608800
977.830000000 8.200000000 19.802961349500
974.830000000 7.000000000 19.796865463300
972.580000000 7.600000000 19.654809951800
973.080000000 8.000000000 19.644292831400
980.830000000 7.400000000 19.551727294900
971.330000000 7.000000000 19.526655197100
974.080000000 8.600000000 19.525651931800
972.830000000 7.800000000 19.401735305800
978.330000000 8.200000000 19.344715118400
976.080000000 7.000000000 19.245388031000
978.830000000 7.400000000 19.135875701900
971.330000000 7.400000000 19.020961761500
980.580000000 8.400000000 18.950824737500
978.080000000 8.200000000 18.791761398300
971.580000000 7.600000000 18.788450241100
977.580000000 7.600000000 18.782835006700
971.830000000 7.000000000 18.629217147800
977.330000000 8.400000000 18.527574539200
981.080000000 7.800000000 18.512563705400
972.080000000 7.800000000 18.335432052600
977.080000000 7.400000000 18.276592254600
978.080000000 7.600000000 17.950965881300
981.080000000 8.000000000 17.949340820300
976.330000000 7.000000000 17.931272506700
971.830000000 7.800000000 17.900304794300
981.080000000 7.600000000 17.805826187100
978.580000000 8.400000000 17.735313415500
974.580000000 7.000000000 17.696456909200
976.830000000 7.200000000 17.667987823500
980.330000000 7.200000000 17.589262008700
972.330000000 7.800000000 17.522254943800
980.080000000 7.200000000 17.426149368300
972.580000000 7.800000000 17.401350021400
976.830000000 8.600000000 17.382711410500
977.830000000 7.600000000 17.352560043300
980.580000000 7.200000000 16.940135955800
979.830000000 7.200000000 16.804166793800
979.080000000 8.600000000 16.686420440700
979.330000000 8.600000000 16.661491394000
972.080000000 7.000000000 16.611213684100
978.580000000 7.400000000 16.563692092900
979.580000000 8.600000000 16.295761108400
973.080000000 7.000000000 16.259559631300
971.080000000 7.200000000 16.235385894800
975.580000000 6.800000000 16.202154159500
976.580000000 7.000000000 16.161008834800
975.330000000 6.800000000 16.135885238600
981.080000000 7.400000000 16.087730407700
973.330000000 7.000000000 16.082901001000
972.830000000 7.000000000 16.022888183600
973.830000000 8.600000000 15.993050575300
979.830000000 8.600000000 15.956042289700
978.830000000 8.600000000 15.849213600200
974.330000000 7.000000000 15.847643852200
979.580000000 7.200000000 15.846383094800
975.830000000 6.800000000 15.787203788800
980.830000000 7.200000000 15.676715850800
980.830000000 8.400000000 15.636642456100
980.080000000 8.600000000 15.624122619600
972.580000000 7.000000000 15.592496871900
972.330000000 7.000000000 15.583312988300
973.580000000 7.000000000 15.579352378800
972.830000000 8.000000000 15.571811676000
971.080000000 7.000000000 15.503699302700
977.580000000 8.400000000 15.492036819500
971.580000000 7.800000000 15.481909751900
972.080000000 8.000000000 15.481748580900
975.080000000 6.800000000 15.293045997600
981.080000000 8.200000000 15.193834304800
973.080000000 8.200000000 15.180270195000
977.330000000 7.400000000 15.107435226400
971.830000000 8.000000000 15.074420929000
973.330000000 8.400000000 15.038849830600
973.830000000 7.000000000 14.959106445300
971.330000000 6.800000000 14.952789306600
980.330000000 8.600000000 14.934844017000
971.330000000 7.600000000 14.909919738800
976.080000000 8.800000000 14.891893386800
974.080000000 7.000000000 14.810849189800
976.080000000 6.800000000 14.801115036000
978.330000000 8.400000000 14.742205619800
975.830000000 8.800000000 14.682166099500
972.330000000 8.000000000 14.680410385100
979.330000000 7.200000000 14.569610595700
975.080000000 8.800000000 14.528007507300
971.580000000 6.800000000 14.523803710900
975.330000000 8.800000000 14.457264900200
977.080000000 8.600000000 14.439724922200
977.080000000 7.200000000 14.403093338000
975.580000000 8.800000000 14.321473121600
974.830000000 8.800000000 14.278703689600
976.330000000 8.800000000 14.262722969100
972.580000000 8.000000000 14.170332908600
978.330000000 7.400000000 14.053051948500
981.080000000 7.200000000 13.958986282300
976.830000000 7.000000000 13.924887657200
971.080000000 7.400000000 13.916625022900
978.580000000 8.600000000 13.896878242500
974.830000000 6.800000000 13.885097503700
981.330000000 7.600000000 13.871567726100
981.330000000 7.800000000 13.608691215500
977.830000000 8.400000000 13.502559661900
974.580000000 8.800000000 13.501671791100
980.580000000 8.600000000 13.460186004600
976.330000000 6.800000000 13.293052673300
981.330000000 7.400000000 13.275012970000
972.080000000 8.200000000 13.174607276900
971.580000000 8.000000000 13.126208305400
979.080000000 7.200000000 13.078717231800
971.080000000 6.800000000 12.952421188400
978.080000000 8.400000000 12.859292030300
977.580000000 7.400000000 12.696406364400
971.830000000 6.800000000 12.681389808700
974.330000000 8.800000000 12.672641754200
976.580000000 8.800000000 12.587345123300
981.580000000 7.400000000 12.556621551500
972.330000000 8.200000000 12.546841621400
971.830000000 8.200000000 12.495625495900
981.330000000 8.000000000 12.472739219700
974.580000000 6.800000000 12.296648979200
981.330000000 7.200000000 12.236037254300
973.580000000 8.600000000 12.202272415200
981.830000000 7.400000000 12.186939239500
978.080000000 7.400000000 12.147102356000
975.580000000 6.600000000 12.046618461600
971.330000000 7.800000000 12.009323120100
975.830000000 6.600000000 11.929373741100
981.580000000 7.200000000 11.887302398700
977.330000000 8.600000000 11.854359626800
981.080000000 8.400000000 11.833953857400
976.580000000 6.800000000 11.805979728700
981.580000000 7.600000000 11.747250556900
975.330000000 6.600000000 11.729890823400
972.830000000 8.200000000 11.676179885900
981.830000000 7.200000000 11.546751976000
978.830000000 7.200000000 11.513814926100
977.830000000 7.400000000 11.455829620400
972.580000000 8.200000000 11.433288574200
977.080000000 7.000000000 11.427549362200
982.080000000 7.400000000 11.402982711800
976.080000000 6.600000000 11.376507759100
977.330000000 7.200000000 11.312413215600
978.330000000 8.600000000 11.288738250700
974.080000000 8.800000000 11.269779205300
972.080000000 8.400000000 11.211267471300
980.580000000 7.000000000 11.143590927100
980.830000000 8.600000000 11.131249427800
980.330000000 7.000000000 11.122322082500
973.330000000 6.800000000 11.068213462800
971.580000000 8.200000000 11.063078880300
980.830000000 7.000000000 11.046171188400
974.330000000 6.800000000 11.004918098400
976.830000000 8.800000000 10.977419853200
975.080000000 6.600000000 10.977084159900
972.080000000 6.800000000 10.974148750300
973.080000000 6.800000000 10.946600914000
980.080000000 7.000000000 10.933309555100
981.080000000 7.000000000 10.848916053800
973.580000000 6.800000000 10.820828437800
982.080000000 7.200000000 10.756714820900
971.330000000 8.000000000 10.756402015700
979.080000000 8.800000000 10.750961303700
981.830000000 7.600000000 10.748547554000
971.830000000 8.400000000 10.695560455300
971.080000000 7.600000000 10.679531097400
978.830000000 8.800000000 10.671691894500
973.080000000 8.400000000 10.611600875900
979.330000000 8.800000000 10.579801559400
972.830000000 6.800000000 10.537479400600
979.830000000 7.000000000 10.496537208600
981.330000000 7.000000000 10.479646682700
970.830000000 7.200000000 10.478373527500
972.330000000 8.400000000 10.464530944800
971.330000000 6.600000000 10.434265136700
981.080000000 9.200000000 10.392605781600
979.580000000 8.800000000 10.364422798200
973.830000000 6.800000000 10.341044426000
974.080000000 6.800000000 10.340477943400
981.580000000 7.000000000 10.206918716400
970.830000000 7.000000000 10.200462341300
979.830000000 8.800000000 10.187168121300
976.830000000 6.800000000 10.163775444000
976.330000000 6.600000000 10.155054092400
972.330000000 6.800000000 10.139586448700
978.580000000 8.800000000 10.137795448300
972.580000000 6.800000000 10.124458313000
981.330000000 9.200000000 10.115159034700
982.080000000 7.600000000 10.095864296000
971.080000000 6.600000000 10.039821624800
981.330000000 8.200000000 10.020454406700
974.830000000 6.600000000 9.995351791400
980.080000000 8.800000000 9.964086532600
982.330000000 7.400000000 9.955258369400
977.580000000 8.600000000 9.912542343100
978.580000000 7.200000000 9.894200325000
981.830000000 7.000000000 9.771802902200
981.580000000 7.800000000 9.748660087600
980.830000000 9.200000000 9.743147850000
979.580000000 7.000000000 9.736561775200
971.580000000 8.400000000 9.636598587000
982.330000000 7.600000000 9.619500160200
978.080000000 8.600000000 9.509518623400
971.580000000 6.600000000 9.479120254500
976.080000000 9.000000000 9.472957611100
980.330000000 8.800000000 9.470449447600
981.080000000 9.400000000 9.463915824900
975.830000000 9.000000000 9.457771301300
975.330000000 9.000000000 9.441582679700
971.330000000 8.200000000 9.434087753300
980.830000000 9.400000000 9.401809692400
982.330000000 7.200000000 9.365363121000
970.830000000 6.800000000 9.364635467500
975.080000000 9.000000000 9.363142013500
977.080000000 8.800000000 9.277121543900
975.580000000 9.000000000 9.274668693500
973.830000000 8.800000000 9.212583541900
978.330000000 8.800000000 9.165897369400
976.330000000 9.000000000 9.140848159800
972.580000000 8.400000000 9.103214263900
970.830000000 7.400000000 9.056554794300
974.830000000 9.000000000 8.982442855800
974.580000000 6.600000000 8.958263397200
977.330000000 7.000000000 8.955315589900
981.330000000 9.400000000 8.931416511500
981.080000000 9.000000000 8.930621147200
975.580000000 6.400000000 8.891471862800
981.330000000 9.000000000 8.888765335100
977.580000000 7.200000000 8.879746437100
973.330000000 8.600000000 8.878231048600
971.080000000 7.800000000 8.865393638600
977.830000000 8.600000000 8.848875045800
980.580000000 9.400000000 8.831230163600
972.830000000 8.400000000 8.814074516300
981.580000000 9.200000000 8.811142921400
971.830000000 8.600000000 8.772569656400
982.080000000 7.000000000 8.759108543400
975.830000000 6.400000000 8.743545532200
979.330000000 7.000000000 8.736943244900
975.330000000 6.400000000 8.692940712000
982.580000000 7.600000000 8.677077293400
980.580000000 9.200000000 8.570066452000
971.080000000 8.000000000 8.568780899000
966.580000000 9.800000000 8.564233779900
976.580000000 6.600000000 8.540627479600
980.580000000 8.800000000 8.506516456600
982.580000000 7.400000000 8.494781494100
977.080000000 6.800000000 8.474929809600
982.080000000 7.800000000 8.469416618300
982.330000000 7.800000000 8.457491874700
966.830000000 9.800000000 8.427309989900
976.580000000 9.000000000 8.414429664600
976.080000000 6.400000000 8.408852577200
972.080000000 8.600000000 8.405518531800
971.580000000 8.600000000 8.376476287800
967.580000000 9.800000000 8.374307632400
981.080000000 8.600000000 8.361184120200
966.580000000 9.600000000 8.338963508600
978.330000000 7.200000000 8.280570030200
974.580000000 9.000000000 8.275650024400
967.330000000 9.800000000 8.249916076700
970.830000000 6.600000000 8.246062278700
975.080000000 6.400000000 8.238834381100
967.080000000 9.800000000 8.232867240900
966.330000000 9.800000000 8.230868339500
966.830000000 9.600000000 8.227705955500
971.330000000 8.400000000 8.212132453900
967.830000000 9.800000000 8.200196266200
971.830000000 6.600000000 8.194328308100
967.330000000 10.000000000 8.156766891500
981.330000000 10.000000000 8.115546226500
967.080000000 10.000000000 8.106736183200
981.080000000 10.000000000 8.075686454800
966.830000000 10.000000000 8.061326980600
967.830000000 9.600000000 8.048901557900
981.580000000 9.000000000 8.043834686300
980.830000000 9.000000000 8.042467117300
974.330000000 6.600000000 8.040638923600
967.580000000 9.600000000 8.030308723400
967.580000000 10.000000000 8.029253959700
978.080000000 8.800000000 8.020648002600
966.580000000 10.000000000 8.010461807300
981.830000000 7.800000000 8.006485939000
981.330000000 8.400000000 7.976502895400
967.080000000 9.600000000 7.974039077800
976.830000000 9.600000000 7.954894065900
982.830000000 7.600000000 7.949834823600
967.330000000 9.600000000 7.907825470000
966.330000000 9.600000000 7.893677711500
971.080000000 8.200000000 7.887297630300
982.580000000 7.800000000 7.852577209500
981.580000000 10.000000000 7.852469444300
980.330000000 9.400000000 7.814209938000
977.080000000 9.600000000 7.794963359800
966.330000000 10.000000000 7.781222820300
976.830000000 9.800000000 7.775812625900
980.830000000 10.000000000 7.775007247900
982.580000000 7.200000000 7.765933513600
976.580000000 9.600000000 7.758138656600
977.330000000 8.800000000 7.754920959500
981.330000000 9.800000000 7.738658428200
977.080000000 9.800000000 7.728422641800
981.580000000 8.000000000 7.695967674300
981.580000000 9.400000000 7.654580593100
977.080000000 10.000000000 7.647946357700
980.830000000 9.600000000 7.633852481800
974.830000000 6.400000000 7.633564472200
981.080000000 9.600000000 7.616353988600
976.580000000 9.800000000 7.581997871400
976.830000000 9.400000000 7.570718765300
968.080000000 9.600000000 7.562445163700
976.330000000 6.400000000 7.561999797800
979.080000000 7.000000000 7.541535854300
981.080000000 9.800000000 7.537298679400
982.830000000 7.400000000 7.527108669300
977.330000000 10.000000000 7.526576995800
976.330000000 9.600000000 7.480482101400
980.080000000 6.800000000 7.467025756800
976.830000000 9.000000000 7.464799404100
977.830000000 7.200000000 7.464423179600
967.830000000 10.000000000 7.461501121500
976.080000000 9.800000000 7.454394817400
977.080000000 9.400000000 7.451640129100
975.830000000 9.800000000 7.444485664400
981.580000000 9.800000000 7.442753791800
976.330000000 9.800000000 7.437637329100
976.830000000 10.000000000 7.433985233300
974.080000000 6.600000000 7.424175262500
982.330000000 7.000000000 7.409797191600
965.830000000 5.200000000 7.391114234900
983.080000000 7.600000000 7.385187149000
970.830000000 7.800000000 7.381982803300
981.830000000 10.000000000 7.380129337300
972.330000000 8.600000000 7.368961334200
980.330000000 6.800000000 7.367622375500
981.580000000 6.800000000 7.365014076200
968.080000000 9.800000000 7.359159946400
980.330000000 9.200000000 7.358844757100
971.330000000 8.600000000 7.351608753200
981.330000000 6.800000000 7.341993808700
976.580000000 9.400000000 7.340421676600
977.330000000 9.800000000 7.332927227000
966.830000000 9.400000000 7.328310966500
966.080000000 9.800000000 7.324105262800
976.080000000 9.600000000 7.313073635100
966.580000000 9.400000000 7.297956943500
974.330000000 9.000000000 7.282474517800
977.330000000 9.600000000 7.263428688000
980.580000000 10.000000000 7.253185272200
976.080000000 10.000000000 7.244970321700
979.830000000 6.800000000 7.239679813400
981.330000000 9.600000000 7.212013244600
980.580000000 9.600000000 7.211907863600
975.830000000 10.000000000 7.207127571100
976.580000000 10.000000000 7.197282791100
967.080000000 9.400000000 7.187209129300
973.580000000 6.600000000 7.183985710100
978.080000000 7.200000000 7.177420139300
973.330000000 6.600000000 7.166017532300
966.080000000 10.000000000 7.163014411900
976.330000000 10.000000000 7.152813434600
973.830000000 6.600000000 7.149852752700
967.580000000 9.400000000 7.145494937900
970.830000000 7.600000000 7.143772125200
980.580000000 6.800000000 7.137237072000
967.830000000 9.400000000 7.135210037200
975.830000000 9.600000000 7.126952171300
967.330000000 9.400000000 7.113635540000
980.830000000 8.800000000 7.102039337200
981.080000000 6.800000000 7.100186824800
975.580000000 9.800000000 7.092383861500
980.830000000 9.800000000 7.086207866700
983.330000000 7.600000000 7.081806659700
972.080000000 6.600000000 7.077085495000
976.830000000 6.600000000 7.076502323200
965.830000000 8.000000000 7.030429363300
977.330000000 9.400000000 7.026402950300
981.330000000 8.800000000 7.020037174200
977.830000000 8.800000000 7.018682956700
982.830000000 7.800000000 7.007615566300
980.830000000 6.800000000 7.001506328600
973.580000000 8.800000000 6.988732814800
985.580000000 5.600000000 6.985743522600
983.580000000 7.600000000 6.985122680700
983.830000000 7.600000000 6.984179496800
970.830000000 8.000000000 6.977442264600
976.330000000 9.400000000 6.968441486400
977.580000000 10.000000000 6.962593078600
981.830000000 6.800000000 6.950939178500
984.080000000 7.600000000 6.945513725300
973.080000000 6.600000000 6.937681198100
974.580000000 6.400000000 6.932326793700
980.580000000 9.000000000 6.931924343100
965.830000000 8.200000000 6.898621082300
976.330000000 9.200000000 6.898120880100
970.580000000 7.800000000 6.886972427400
971.080000000 8.400000000 6.873807430300
977.580000000 8.800000000 6.869816780100
966.080000000 9.600000000 6.868641376500
983.080000000 7.400000000 6.868344783800
976.080000000 9.200000000 6.861852645900
970.580000000 7.600000000 6.856472015400
977.580000000 7.000000000 6.854211807300
977.330000000 6.800000000 6.846329212200
976.580000000 9.200000000 6.839556694000
981.080000000 8.800000000 6.838568210600
968.080000000 9.400000000 6.833282947500
966.330000000 9.400000000 6.816985607100
979.330000000 9.000000000 6.797798633600
970.330000000 7.600000000 6.791721344000
977.580000000 9.800000000 6.788599014300
978.080000000 9.000000000 6.785554409000
985.330000000 5.600000000 6.780529499100
979.080000000 9.000000000 6.768301963800
979.580000000 9.000000000 6.765244007100
982.080000000 10.000000000 6.758954525000
978.330000000 9.000000000 6.740102767900
981.580000000 9.600000000 6.734340190900
975.580000000 10.000000000 6.724632740000
978.830000000 9.000000000 6.705130577100
981.830000000 9.200000000 6.704795837400
971.330000000 6.400000000 6.696028709400
975.830000000 9.200000000 6.694962501500
969.830000000 7.600000000 6.692749977100
980.330000000 9.600000000 6.690020084400
981.830000000 9.800000000 6.688715934800
984.330000000 7.600000000 6.683661460900
976.830000000 9.200000000 6.681814670600
970.080000000 7.600000000 6.680768966700
975.580000000 6.200000000 6.680348873100
978.580000000 9.000000000 6.679823875400
977.830000000 9.000000000 6.667469024700
976.080000000 9.400000000 6.660439014400
975.580000000 9.600000000 6.650297164900
973.080000000 8.600000000 6.650213241600
979.830000000 9.000000000 6.648488521600
980.080000000 9.400000000 6.644162654900
971.080000000 6.400000000 6.630311012300
969.580000000 7.600000000 6.622830867800
972.830000000 6.600000000 6.620458602900
977.080000000 9.200000000 6.605867385900
975.330000000 6.200000000 6.602007865900
970.330000000 7.800000000 6.599483013200
966.080000000 8.000000000 6.596154689800
979.580000000 6.800000000 6.592503070800
980.580000000 9.800000000 6.573634624500
977.080000000 9.000000000 6.567875385300
970.830000000 8.200000000 6.551727771800
977.580000000 9.600000000 6.535925388300
982.830000000 7.200000000 6.528535842900
983.330000000 7.400000000 6.503606319400
970.080000000 7.400000000 6.494676113100
975.830000000 6.200000000 6.492767810800
977.330000000 9.200000000 6.487139701800
980.330000000 10.000000000 6.484579086300
980.080000000 9.000000000 6.482473850300
972.330000000 6.600000000 6.476755142200
969.580000000 7.400000000 6.473592281300
967.330000000 5.200000000 6.467850685100
980.330000000 9.000000000 6.450961589800
977.580000000 9.400000000 6.449763298000
981.830000000 9.000000000 6.426811695100
985.080000000 5.600000000 6.421750545500
968.330000000 9.600000000 6.421439170800
977.580000000 9.000000000 6.415906429300
981.580000000 8.800000000 6.406589031200
972.580000000 6.600000000 6.400290966000
969.830000000 7.400000000 6.399472713500
967.080000000 5.200000000 6.398455619800
965.830000000 7.800000000 6.387145996100
970.330000000 7.400000000 6.381164550800
980.080000000 9.200000000 6.377433300000
985.580000000 5.400000000 6.368976593000
983.580000000 7.400000000 6.363423824300
971.580000000 8.800000000 6.361390113800
970.080000000 7.800000000 6.351397037500
975.830000000 9.400000000 6.348903656000
983.080000000 7.800000000 6.339813709300
975.080000000 6.200000000 6.338729381600
968.080000000 10.000000000 6.328568458600
978.830000000 7.000000000 6.323267936700
976.580000000 6.400000000 6.303220272100
977.580000000 9.200000000 6.297088146200
970.580000000 7.400000000 6.296679973600
975.330000000 9.800000000 6.295810222600
975.580000000 9.200000000 6.286262989000
974.330000000 6.400000000 6.283449173000
971.080000000 8.600000000 6.266032218900
983.830000000 7.800000000 6.259817600300
977.330000000 9.000000000 6.250677585600
968.330000000 10.000000000 6.249567985500
966.080000000 7.800000000 6.237815380100
969.830000000 7.800000000 6.237296581300
982.080000000 6.800000000 6.233387470200
975.330000000 9.200000000 6.223069191000
982.080000000 8.000000000 6.202428817700
971.580000000 6.400000000 6.192508220700
966.080000000 8.200000000 6.183355331400
981.830000000 8.000000000 6.177654743200
969.330000000 7.600000000 6.174222469300
968.330000000 9.800000000 6.171206474300
974.080000000 9.000000000 6.169205188800
975.080000000 9.200000000 6.164875030500
984.080000000 7.800000000 6.147432327300
983.580000000 7.800000000 6.136812210100
984.830000000 5.600000000 6.130657672900
972.580000000 8.600000000 6.125141143800
970.580000000 8.000000000 6.115908145900
970.830000000 6.400000000 6.107760906200
969.330000000 7.400000000 6.104191780100
985.330000000 5.400000000 6.099617004400
976.080000000 6.200000000 6.086421489700
984.580000000 7.600000000 6.074222087900
977.830000000 10.000000000 6.068300724000
968.580000000 10.000000000 6.066669940900
983.330000000 7.800000000 6.065735340100
968.330000000 9.400000000 6.063143253300
965.830000000 9.800000000 6.062941074400
980.330000000 9.800000000 6.059794426000
965.830000000 10.000000000 6.054817199700
968.580000000 9.600000000 6.054486274700
981.580000000 8.200000000 6.053018093100
984.330000000 7.400000000 6.051879882800
983.830000000 7.400000000 6.045836448700
968.580000000 9.800000000 6.043581008900
970.580000000 6.600000000 6.041979789700
982.580000000 7.000000000 6.040777206400
967.580000000 5.200000000 6.029768943800
982.330000000 8.000000000 6.029213905300
977.830000000 9.800000000 6.024906158400
984.580000000 5.600000000 6.009879589100
981.830000000 9.600000000 5.989093303700
975.330000000 10.000000000 5.988192558300
966.330000000 8.000000000 5.984891891500
984.080000000 7.400000000 5.976682663000
969.580000000 7.800000000 5.972016334500
985.580000000 5.800000000 5.971924781800
977.830000000 9.200000000 5.963865280200
971.830000000 8.800000000 5.952974319500
974.830000000 6.200000000 5.951302051500
984.330000000 5.600000000 5.949240684500
970.580000000 6.800000000 5.943693161000
971.330000000 8.800000000 5.929256916000
967.080000000 9.200000000 5.914334774000
966.830000000 5.200000000 5.912086963700
966.830000000 9.200000000 5.910677909900
980.080000000 9.600000000 5.908434391000
970.580000000 7.200000000 5.897843360900
983.080000000 7.200000000 5.882901191700
967.330000000 9.200000000 5.858467578900
982.330000000 10.000000000 5.854487419100
966.080000000 9.400000000 5.854382038100
984.580000000 7.400000000 5.853447437300
970.580000000 7.000000000 5.843334198000
970.830000000 8.400000000 5.841641426100
974.830000000 9.200000000 5.828549861900
977.080000000 6.600000000 5.818831920600
981.830000000 9.400000000 5.808410167700
966.330000000 7.800000000 5.807520866400
975.580000000 9.400000000 5.804346561400
965.830000000 8.400000000 5.804286479900
975.330000000 9.600000000 5.800277233100
969.830000000 7.200000000 5.793509960200
977.830000000 9.400000000 5.793428897900
967.580000000 9.200000000 5.792207717900
970.080000000 7.200000000 5.777970314000
965.830000000 5.400000000 5.767224788700
966.580000000 9.200000000 5.758738517800
968.830000000 10.000000000 5.743444919600
985.330000000 5.800000000 5.735280990600
985.080000000 5.400000000 5.729962825800
972.830000000 8.600000000 5.727365493800
977.830000000 9.600000000 5.721615791300
982.080000000 9.800000000 5.707044601400
967.830000000 9.200000000 5.701900482200
984.080000000 5.600000000 5.686737060500
984.330000000 7.800000000 5.680351257300
981.330000000 8.600000000 5.675589561500
969.080000000 7.600000000 5.672513008100
966.080000000 5.200000000 5.662858963000
970.330000000 8.000000000 5.661231041000
983.330000000 7.200000000 5.656792163800
970.580000000 8.200000000 5.640325069400
979.830000000 9.200000000 5.638726234400
971.580000000 5.200000000 5.628134727500
984.830000000 7.400000000 5.627283573200
971.830000000 5.200000000 5.601675510400
979.330000000 6.800000000 5.598218917800
968.830000000 9.600000000 5.595804691300
979.830000000 9.400000000 5.585092544600
966.330000000 8.200000000 5.577805519100
970.330000000 7.200000000 5.569649219500
965.830000000 9.600000000 5.568412303900
966.580000000 8.000000000 5.552462577800
983.580000000 7.200000000 5.536263465900
969.330000000 7.800000000 5.535861969000
974.080000000 6.400000000 5.529891490900
977.580000000 6.800000000 5.507144928000
980.080000000 10.000000000 5.488362789200
982.580000000 8.000000000 5.481139183000
974.580000000 6.200000000 5.479342937500
968.080000000 9.200000000 5.476222991900
973.080000000 5.200000000 5.474583625800
978.080000000 9.200000000 5.459920883200
968.830000000 9.800000000 5.447334289600
970.830000000 8.600000000 5.441476345100
976.330000000 6.200000000 5.440059185000
967.330000000 5.400000000 5.438557624800
984.830000000 5.400000000 5.427550792700
973.330000000 8.800000000 5.418699264500
969.580000000 7.200000000 5.410113811500
977.830000000 7.000000000 5.406589984900
966.580000000 7.800000000 5.405379772200
968.580000000 9.400000000 5.398714542400
971.830000000 6.400000000 5.393232822400
980.080000000 9.800000000 5.387359619100
969.080000000 7.400000000 5.382113456700
972.080000000 5.200000000 5.368074894000
972.830000000 5.200000000 5.367979526500
973.330000000 5.200000000 5.361264705700
966.830000000 8.000000000 5.360352516200
985.080000000 5.800000000 5.359917163800
966.330000000 9.200000000 5.337587833400
985.080000000 7.400000000 5.303916931200
968.830000000 9.400000000 5.297595500900
972.080000000 8.800000000 5.296907901800
967.080000000 8.000000000 5.293914318100
983.830000000 7.200000000 5.286849021900
967.580000000 5.400000000 5.282608985900
966.580000000 5.200000000 5.280875682800
974.580000000 9.200000000 5.267253875700
984.580000000 5.400000000 5.262371540100
972.580000000 5.200000000 5.258316516900
970.580000000 8.400000000 5.255349636100
984.830000000 7.600000000 5.247114658400
972.330000000 5.200000000 5.245622634900
966.580000000 8.200000000 5.240694999700
975.080000000 9.800000000 5.239231109600
984.330000000 5.800000000 5.239202022600
978.580000000 7.000000000 5.233797550200
971.330000000 5.200000000 5.230934143100
967.080000000 5.400000000 5.226807117500
981.580000000 6.000000000 5.220901966100
971.080000000 8.800000000 5.218211174000
967.330000000 8.000000000 5.209357261700
967.830000000 5.200000000 5.202597141300
970.080000000 8.000000000 5.199108600600
978.080000000 7.000000000 5.184573650400
966.080000000 8.400000000 5.183088779400
969.080000000 10.000000000 5.179654598200
984.080000000 5.800000000 5.173278331800
984.830000000 5.800000000 5.173012256600
981.830000000 6.000000000 5.164984226200
970.330000000 8.200000000 5.162485599500
966.830000000 7.800000000 5.156363487200
985.580000000 6.000000000 5.153122425100
982.330000000 6.800000000 5.148023605300
984.330000000 5.400000000 5.139771461500
984.580000000 5.800000000 5.137531280500
973.830000000 9.000000000 5.135523796100
969.080000000 7.800000000 5.128797531100
966.830000000 8.200000000 5.117544651000
978.080000000 9.800000000 5.114673614500
981.330000000 6.000000000 5.110479831700
975.580000000 6.000000000 5.110354423500
973.580000000 5.200000000 5.109706878700
981.830000000 8.800000000 5.109308719600
968.830000000 7.600000000 5.106709003400
975.330000000 6.000000000 5.086995601700
975.080000000 10.000000000 5.082571029700
973.830000000 6.400000000 5.076105117800
982.080000000 6.000000000 5.073310852100
970.580000000 6.400000000 5.069159030900
974.330000000 6.200000000 5.051712989800
967.080000000 7.800000000 5.051574707000
978.080000000 9.400000000 5.045854568500
969.080000000 9.800000000 5.041680812800
983.830000000 5.600000000 5.040455818200
982.330000000 6.000000000 5.037626266500
982.580000000 6.000000000 5.037281036400
967.080000000 8.200000000 5.026569366500
980.080000000 6.600000000 5.024985313400
966.330000000 5.200000000 5.016779899600
978.330000000 7.000000000 5.009027481100
978.080000000 10.000000000 5.006117820700
975.330000000 9.400000000 5.000497341200
965.830000000 5.600000000 4.998306751300
967.330000000 7.800000000 4.993998527500
970.330000000 8.400000000 4.990609169000
966.080000000 7.600000000 4.983932972000
979.580000000 9.200000000 4.980194091800
969.830000000 8.000000000 4.975935936000
968.330000000 9.200000000 4.975708007800
975.830000000 6.000000000 4.971740245800
982.830000000 6.000000000 4.960188865700
975.080000000 6.000000000 4.954953193700
979.830000000 9.600000000 4.951585292800
965.830000000 7.600000000 4.948263645200
973.830000000 5.200000000 4.936571121200
982.830000000 7.000000000 4.926439762100
967.580000000 8.000000000 4.925698280300
970.580000000 8.600000000 4.923920631400
969.080000000 9.400000000 4.922083377800
968.830000000 7.400000000 4.911572456400
969.080000000 9.600000000 4.910598278000
973.580000000 5.400000000 4.901978969600
970.080000000 8.200000000 4.898089408900
981.330000000 5.800000000 4.896526336700
967.830000000 5.400000000 4.890761852300
984.580000000 7.800000000 4.889188766500
979.830000000 6.600000000 4.884539604200
976.830000000 6.400000000 4.882840156600
981.580000000 5.800000000 4.882698059100
978.330000000 9.200000000 4.879642486600
982.080000000 9.600000000 4.873687744100
973.330000000 5.400000000 4.865099906900
969.830000000 8.200000000 4.859886169400
984.080000000 5.400000000 4.846803665200
970.080000000 8.400000000 4.846177578000
985.330000000 7.400000000 4.845389843000
969.330000000 7.200000000 4.836947441100
973.830000000 5.400000000 4.826841354400
973.580000000 6.400000000 4.822217941300
978.080000000 9.600000000 4.822196006800
969.580000000 8.000000000 4.821592807800
980.330000000 6.600000000 4.816922187800
977.330000000 6.600000000 4.813607215900
984.080000000 7.200000000 4.795759201000
967.580000000 7.800000000 4.785935878800
968.580000000 5.800000000 4.784401416800
967.330000000 6.600000000 4.769065856900
967.080000000 6.600000000 4.767858505200
981.080000000 6.000000000 4.763664245600
982.830000000 8.000000000 4.763058185600
979.830000000 9.800000000 4.761333942400
966.330000000 7.600000000 4.756379604300
967.330000000 8.200000000 4.754499435400
985.330000000 6.000000000 4.752123832700
975.080000000 9.600000000 4.751728057900
966.330000000 8.400000000 4.750591278100
972.080000000 5.800000000 4.743165016200
973.830000000 5.600000000 4.742697238900
974.080000000 5.800000000 4.734270572700
974.830000000 6.000000000 4.732534408600
974.580000000 6.000000000 4.724669456500
967.830000000 5.600000000 4.722373485600
968.830000000 6.000000000 4.718986988100
983.830000000 5.800000000 4.716751575500
966.830000000 5.400000000 4.713807582900
972.080000000 6.400000000 4.712513446800
971.830000000 5.800000000 4.710004329700
985.080000000 7.200000000 4.708665370900
974.330000000 6.000000000 4.707491397900
968.330000000 5.800000000 4.703530788400
966.580000000 7.200000000 4.698569297800
969.580000000 8.200000000 4.697491169000
965.830000000 6.800000000 4.695815563200
985.080000000 7.600000000 4.688490867600
973.830000000 5.800000000 4.686473369600
974.330000000 5.800000000 4.677049160000
968.330000000 5.600000000 4.674841880800
974.080000000 6.000000000 4.670832157100
972.330000000 8.800000000 4.669865608200
974.080000000 5.600000000 4.664330959300
979.330000000 9.200000000 4.662590503700
982.580000000 6.200000000 4.660015583000
981.580000000 8.400000000 4.658680439000
974.080000000 5.200000000 4.657521247900
973.080000000 5.400000000 4.652927398700
973.330000000 6.400000000 4.649271488200
974.080000000 5.400000000 4.648645401000
969.830000000 8.400000000 4.647555351300
967.580000000 5.600000000 4.645279884300
983.330000000 9.000000000 4.643667697900
984.830000000 7.200000000 4.642150878900
965.830000000 9.400000000 4.640914440200
979.580000000 9.400000000 4.640649318700
973.580000000 5.600000000 4.634662628200
979.830000000 10.000000000 4.634006023400
966.830000000 6.600000000 4.633836269400
981.830000000 5.800000000 4.631667137100
966.330000000 7.200000000 4.628995895400
976.080000000 6.000000000 4.620391368900
968.580000000 6.000000000 4.614913463600
968.580000000 5.600000000 4.612856864900
982.330000000 6.200000000 4.611316204100
983.080000000 6.000000000 4.609980106400
970.830000000 8.800000000 4.607881546000
968.080000000 5.800000000 4.599414825400
969.080000000 6.000000000 4.597020149200
970.330000000 8.600000000 4.594509124800
974.080000000 6.200000000 4.593807220500
974.580000000 5.800000000 4.592493057300
982.330000000 9.800000000 4.588684082000
966.080000000 9.200000000 4.587677955600
977.830000000 6.800000000 4.586071491200
968.080000000 6.000000000 4.585011005400
981.080000000 5.800000000 4.582793235800
971.580000000 5.800000000 4.580008506800
968.080000000 5.600000000 4.578095912900
982.580000000 10.000000000 4.574481010400
982.830000000 6.200000000 4.573557853700
973.080000000 8.800000000 4.567255973800
968.830000000 5.800000000 4.563395023300
973.830000000 6.000000000 4.562469959300
972.330000000 5.800000000 4.559165000900
967.830000000 5.800000000 4.558840274800
974.330000000 9.200000000 4.554307460800
967.330000000 5.600000000 4.548037529000
985.080000000 6.000000000 4.533424377400
974.830000000 5.800000000 4.531960964200
966.580000000 8.400000000 4.531075477600
969.330000000 9.800000000 4.528588771800
976.580000000 6.200000000 4.526743412000
982.080000000 6.200000000 4.526738643600
985.580000000 6.200000000 4.522912502300
968.580000000 7.400000000 4.519960403400
974.330000000 5.600000000 4.519824504900
968.330000000 8.600000000 4.516011238100
979.080000000 6.800000000 4.514702796900
966.830000000 7.200000000 4.514378070800
970.580000000 5.800000000 4.506977081300
972.080000000 6.000000000 4.501807689700
970.330000000 5.800000000 4.498617172200
969.330000000 8.000000000 4.497913837400
966.580000000 7.600000000 4.497329711900
969.330000000 10.000000000 4.492367744400
966.580000000 6.600000000 4.491173744200
973.580000000 5.800000000 4.490743160200
967.080000000 9.000000000 4.488400936100
967.580000000 6.600000000 4.482807636300
966.080000000 6.800000000 4.481385707900
973.330000000 5.600000000 4.480105400100
975.080000000 5.800000000 4.478571414900
968.080000000 8.600000000 4.477597236600
966.830000000 7.400000000 4.473353385900
985.580000000 7.400000000 4.470340251900
966.330000000 7.400000000 4.468710422500
966.080000000 5.400000000 4.468298912000
966.580000000 7.400000000 4.468288898500
966.830000000 9.000000000 4.467369079600
973.080000000 6.400000000 4.466915607500
970.080000000 5.600000000 4.461702823600
968.080000000 5.400000000 4.459623336800
966.080000000 7.400000000 4.459465026900
967.080000000 7.400000000 4.458057880400
980.580000000 6.600000000 4.457132816300
968.580000000 7.600000000 4.457084655800
970.080000000 7.000000000 4.450769901300
972.080000000 5.400000000 4.448856353800
981.830000000 6.200000000 4.446578502700
971.830000000 5.400000000 4.444522857700
971.330000000 5.800000000 4.440485000600
965.830000000 5.800000000 4.438906669600
969.330000000 9.400000000 4.438494205500
979.080000000 9.200000000 4.437369346600
985.330000000 7.200000000 4.435665607500
968.830000000 7.800000000 4.430104255700
978.580000000 9.200000000 4.424602985400
983.830000000 8.000000000 4.421161174800
968.330000000 6.400000000 4.419303894000
968.080000000 6.200000000 4.415529727900
970.830000000 5.800000000 4.414722442600
968.830000000 6.200000000 4.411324977900
971.830000000 6.000000000 4.410067558300
970.080000000 5.800000000 4.410045623800
968.080000000 6.400000000 4.408924579600
967.830000000 6.000000000 4.407659530600
967.330000000 9.000000000 4.407392978700
966.830000000 8.400000000 4.403772354100
969.330000000 6.000000000 4.396864891100
985.580000000 5.200000000 4.390915870700
970.330000000 7.000000000 4.390296459200
970.330000000 5.600000000 4.389682292900
966.330000000 6.600000000 4.382586956000
968.330000000 5.400000000 4.382019519800
982.080000000 5.800000000 4.380329132100
979.580000000 6.600000000 4.379709720600
965.830000000 6.600000000 4.378047943100
966.580000000 7.000000000 4.375186443300
968.330000000 8.800000000 4.373488426200
983.080000000 9.000000000 4.373143672900
971.080000000 5.800000000 4.372944831800
984.830000000 6.000000000 4.370848178900
973.580000000 6.000000000 4.366223812100
973.830000000 6.200000000 4.365798950200
969.080000000 6.200000000 4.362888336200
972.830000000 5.400000000 4.362574100500
969.330000000 8.200000000 4.362545013400
981.580000000 6.200000000 4.361423492400
972.330000000 6.000000000 4.357002258300
975.330000000 5.800000000 4.356161117600
974.580000000 5.600000000 4.355267047900
974.330000000 5.400000000 4.354688644400
966.080000000 6.600000000 4.354166984600
972.580000000 8.800000000 4.353804111500
966.330000000 7.000000000 4.349830150600
982.080000000 9.200000000 4.348355293300
970.330000000 6.600000000 4.344998359700
968.080000000 8.800000000 4.337750434900
971.080000000 9.000000000 4.336400032000
982.830000000 5.800000000 4.336167812300
982.580000000 5.800000000 4.331182003000
972.330000000 5.400000000 4.328257560700
968.330000000 6.000000000 4.325984478000
966.080000000 7.200000000 4.319931030300
972.330000000 6.400000000 4.319892883300
966.830000000 7.600000000 4.317083835600
970.080000000 8.600000000 4.314075946800
968.080000000 5.200000000 4.310013771100
984.580000000 7.200000000 4.308236599000
969.830000000 7.000000000 4.299362182600
969.580000000 8.400000000 4.297857761400
973.580000000 9.000000000 4.295411109900
974.330000000 5.200000000 4.293228149400
972.830000000 6.400000000 4.291235446900
982.330000000 5.800000000 4.290482521100
978.830000000 9.200000000 4.284616947200
982.080000000 9.000000000 4.284541130100
983.580000000 8.000000000 4.281145095800
967.830000000 6.200000000 4.278821945200
968.580000000 6.400000000 4.273322582200
968.830000000 5.600000000 4.268247127500
965.830000000 7.400000000 4.267737865400
970.830000000 9.000000000 4.267716884600
971.330000000 9.000000000 4.259324073800
968.080000000 8.400000000 4.254249095900
972.580000000 5.400000000 4.252903938300
970.580000000 8.800000000 4.252869606000
967.080000000 5.600000000 4.252290248900
969.330000000 9.600000000 4.251540184000
983.080000000 7.000000000 4.250553607900
968.580000000 6.200000000 4.250441074400
967.580000000 9.000000000 4.249940872200
972.830000000 8.800000000 4.245536804200
967.330000000 7.400000000 4.241312980700
981.580000000 8.600000000 4.239953994800
974.830000000 5.600000000 4.239901542700
967.830000000 8.000000000 4.236626148200
966.330000000 6.800000000 4.232286930100
965.830000000 8.600000000 4.231171131100
978.330000000 9.400000000 4.229739666000
968.330000000 7.400000000 4.228668689700
981.330000000 6.200000000 4.228249073000
968.330000000 6.600000000 4.227937698400
983.580000000 9.000000000 4.227316856400
983.080000000 8.000000000 4.226353168500
971.080000000 5.200000000 4.224030017900
966.580000000 9.000000000 4.221342563600
981.580000000 6.600000000 4.220631122600
969.080000000 7.200000000 4.220280170400
968.580000000 5.400000000 4.218640327500
967.080000000 7.600000000 4.218358516700
973.080000000 5.600000000 4.218142509500
983.080000000 6.200000000 4.215922832500
984.080000000 8.000000000 4.214510917700
969.330000000 6.200000000 4.214483737900
967.830000000 7.800000000 4.213148117100
985.330000000 7.600000000 4.211580753300
969.580000000 6.000000000 4.211450576800
983.830000000 5.400000000 4.207831382800
972.580000000 6.400000000 4.207493782000
971.580000000 9.000000000 4.199489116700
967.580000000 5.800000000 4.199470520000
968.580000000 8.600000000 4.195850849200
971.580000000 6.000000000 4.189934253700
967.080000000 7.200000000 4.185222625700
968.580000000 6.600000000 4.184723854100
967.080000000 8.400000000 4.183496952100
970.580000000 5.600000000 4.176486015300
980.830000000 6.600000000 4.175601005600
977.580000000 6.600000000 4.174177169800
969.080000000 5.800000000 4.172169208500
975.080000000 5.600000000 4.171463966400
968.580000000 9.200000000 4.170980930300
979.580000000 9.600000000 4.170251846300
985.330000000 5.200000000 4.166489601100
981.330000000 6.600000000 4.161788940400
975.080000000 9.400000000 4.158813953400
980.830000000 6.000000000 4.156136989600
981.830000000 8.200000000 4.148592948900
978.330000000 9.800000000 4.148049354600
968.080000000 6.600000000 4.143498897600
967.580000000 8.200000000 4.143136024500
966.580000000 5.400000000 4.141814708700
967.080000000 6.800000000 4.141230583200
984.580000000 6.000000000 4.137770175900
968.330000000 6.200000000 4.135426998100
974.830000000 9.800000000 4.133946895600
968.830000000 6.600000000 4.128404617300
966.830000000 6.800000000 4.118590354900
967.330000000 7.600000000 4.117959976200
966.580000000 6.800000000 4.117144584700
968.830000000 6.400000000 4.111433029200
984.330000000 7.200000000 4.110360145600
967.330000000 6.800000000 4.108304500600
968.330000000 8.400000000 4.104914188400
973.330000000 5.800000000 4.102622985800
968.080000000 8.200000000 4.098050117500
983.330000000 8.000000000 4.094043254900
983.080000000 5.800000000 4.089878082300
981.080000000 6.600000000 4.089865684500
969.830000000 5.600000000 4.089788913700
971.580000000 5.400000000 4.088466644300
974.580000000 5.400000000 4.087243557000
968.830000000 9.200000000 4.080722332000
975.330000000 5.600000000 4.077176094100
970.330000000 6.400000000 4.076063156100
969.830000000 6.000000000 4.075697898900
976.330000000 6.000000000 4.068932056400
967.830000000 9.000000000 4.066984653500
985.580000000 7.200000000 4.065674781800
970.580000000 9.000000000 4.065025329600
967.830000000 6.400000000 4.064066886900
969.580000000 6.200000000 4.056242942800
983.580000000 5.600000000 4.054790020000
975.580000000 5.800000000 4.053757667500
972.330000000 5.600000000 4.052839279200
966.830000000 7.000000000 4.051593780500
981.830000000 6.600000000 4.051391601600
973.580000000 6.200000000 4.049729347200
972.080000000 5.600000000 4.048291683200
982.580000000 6.800000000 4.043582916300
972.580000000 5.800000000 4.040639400500
969.080000000 9.200000000 4.028486728700
967.830000000 8.200000000 4.024279594400
966.080000000 7.000000000 4.023852825200
967.830000000 8.600000000 4.021615028400
972.830000000 5.600000000 4.019693851500
983.330000000 9.200000000 4.018395900700
972.580000000 5.600000000 4.014243602800
968.580000000 8.800000000 4.013221263900
969.080000000 8.000000000 4.012847900400
968.080000000 7.400000000 4.010243892700
969.080000000 6.600000000 3.999120712300
974.830000000 10.000000000 3.998169422100
965.830000000 7.200000000 3.997432708700
970.080000000 6.200000000 3.997247695900
980.830000000 5.800000000 3.994289636600
983.330000000 7.000000000 3.987689733500
970.830000000 5.600000000 3.985773801800
970.330000000 6.200000000 3.982800960500
969.830000000 6.200000000 3.978415727600
984.830000000 7.800000000 3.975399494200
969.830000000 8.600000000 3.972534894900
968.330000000 5.200000000 3.971274137500
982.080000000 9.400000000 3.970979213700
985.330000000 6.200000000 3.967421054800
970.080000000 6.000000000 3.963898181900
970.330000000 8.800000000 3.962058782600
974.580000000 5.200000000 3.961297512100
967.580000000 6.800000000 3.961278438600
973.330000000 6.000000000 3.959889173500
967.830000000 8.400000000 3.956074953100
981.080000000 6.200000000 3.954291105300
969.830000000 5.800000000 3.949147224400
966.330000000 5.400000000 3.944904089000
971.830000000 5.600000000 3.942103624300
971.330000000 6.000000000 3.941831588700
978.330000000 9.600000000 3.940354347200
985.080000000 5.200000000 3.939367771100
983.580000000 5.800000000 3.938375949900
966.080000000 5.600000000 3.937201261500
985.580000000 7.600000000 3.934454441100
974.830000000 5.400000000 3.931063413600
978.330000000 10.000000000 3.930923461900
966.080000000 8.600000000 3.929413318600
968.330000000 7.600000000 3.923241853700
983.580000000 7.000000000 3.919750452000
969.330000000 9.200000000 3.919468402900
969.080000000 6.400000000 3.917369842500
967.330000000 6.400000000 3.916916847200
984.330000000 6.000000000 3.912301778800
965.830000000 7.000000000 3.908465147000
967.580000000 7.400000000 3.898852825200
969.580000000 10.000000000 3.895370960200
967.830000000 6.600000000 3.893535137200
969.580000000 9.600000000 3.893194437000
972.580000000 6.000000000 3.892659664200
984.330000000 6.400000000 3.889024019200
969.580000000 9.400000000 3.888225555400
966.330000000 9.000000000 3.887847662000
967.330000000 7.200000000 3.879469633100
971.080000000 6.200000000 3.878217697100
975.830000000 5.800000000 3.873902797700
978.080000000 6.800000000 3.873661041300
967.580000000 7.600000000 3.871800422700
973.330000000 6.200000000 3.865993976600
967.580000000 6.000000000 3.864129304900
983.330000000 8.800000000 3.860280036900
969.080000000 8.200000000 3.860265016600
979.580000000 9.800000000 3.859369278000
985.080000000 9.000000000 3.858356952700
983.080000000 9.200000000 3.856663227100
968.080000000 9.000000000 3.855118751500
967.830000000 7.400000000 3.852070093200
975.580000000 5.600000000 3.851792573900
971.580000000 5.600000000 3.849027395200
967.080000000 6.400000000 3.847241640100
975.080000000 5.400000000 3.843210220300
983.330000000 6.000000000 3.841532945600
971.080000000 5.600000000 3.834515810000
984.080000000 6.400000000 3.830160856200
983.830000000 7.000000000 3.817924261100
966.830000000 5.600000000 3.813650846500
969.330000000 5.800000000 3.809664011000
969.580000000 9.800000000 3.808458328200
967.830000000 8.800000000 3.805864095700
970.080000000 5.400000000 3.805826664000
970.080000000 8.800000000 3.804735660600
977.080000000 6.400000000 3.803500890700
969.830000000 8.800000000 3.801723718600
969.580000000 7.000000000 3.801021099100
970.330000000 9.000000000 3.798528671300
968.830000000 5.400000000 3.796250820200
984.830000000 5.200000000 3.794100523000
974.080000000 9.200000000 3.794012785000
971.330000000 5.600000000 3.791026592300
974.830000000 9.400000000 3.790534734700
970.330000000 9.200000000 3.788812875700
973.080000000 6.200000000 3.785779237700
973.080000000 5.800000000 3.783213615400
968.330000000 8.200000000 3.770612478300
970.080000000 9.200000000 3.769587278400
985.330000000 9.000000000 3.766030550000
971.080000000 6.000000000 3.764305353200
970.580000000 6.000000000 3.761681795100
970.830000000 6.200000000 3.760963916800
970.330000000 6.000000000 3.759733438500
969.330000000 8.400000000 3.759185791000
968.830000000 8.600000000 3.757128238700
971.830000000 9.000000000 3.755665540700
971.330000000 6.200000000 3.752137899400
965.830000000 6.000000000 3.751553773900
969.080000000 5.600000000 3.750105142600
975.330000000 5.400000000 3.749565839800
967.330000000 5.800000000 3.748304605500
970.580000000 9.200000000 3.746781587600
967.580000000 6.400000000 3.743071794500
966.330000000 8.600000000 3.741676092100
984.830000000 9.000000000 3.733940124500
967.330000000 8.400000000 3.729460954700
984.580000000 5.200000000 3.721421480200
970.830000000 9.200000000 3.719509840000
970.830000000 6.000000000 3.718132972700
968.580000000 5.200000000 3.713177442600
974.830000000 5.200000000 3.712818384200
974.830000000 9.600000000 3.711065769200
968.580000000 8.400000000 3.710363388100
968.830000000 8.800000000 3.710291624100
970.580000000 6.200000000 3.706105709100
982.580000000 6.400000000 3.703758001300
985.080000000 7.000000000 3.696639299400
973.330000000 9.000000000 3.691582679700
984.080000000 6.000000000 3.690517187100
969.330000000 6.600000000 3.689651250800
982.830000000 6.400000000 3.685537815100
983.580000000 9.200000000 3.684533834500
967.080000000 8.800000000 3.682893753100
979.330000000 9.400000000 3.682214021700
983.080000000 8.800000000 3.681152582200
983.830000000 9.000000000 3.678747177100
981.330000000 5.600000000 3.678225517300
970.330000000 5.400000000 3.676023721700
976.080000000 5.800000000 3.675376892100
982.080000000 8.200000000 3.674353361100
969.580000000 9.200000000 3.672850132000
984.330000000 8.000000000 3.671347856500
979.330000000 6.600000000 3.664627313600
966.830000000 6.400000000 3.661425828900
970.330000000 6.800000000 3.658519268000
978.830000000 6.800000000 3.655930995900
982.330000000 9.600000000 3.654005765900
973.080000000 6.000000000 3.650778770400
984.330000000 6.200000000 3.646000862100
977.830000000 6.600000000 3.642251253100
967.830000000 6.800000000 3.641558885600
985.080000000 6.200000000 3.639642477000
967.580000000 6.200000000 3.638234615300
969.330000000 6.400000000 3.637119531600
965.830000000 9.200000000 3.636176824600
978.330000000 6.800000000 3.634918451300
968.580000000 8.200000000 3.630430221600
979.580000000 10.000000000 3.626498937600
967.580000000 7.200000000 3.624580860100
984.330000000 5.200000000 3.621607542000
972.830000000 5.800000000 3.621353626300
966.580000000 8.600000000 3.620844602600
969.580000000 8.800000000 3.619465112700
968.580000000 7.800000000 3.617209196100
968.830000000 7.200000000 3.613926887500
968.080000000 7.600000000 3.608813524200
975.080000000 5.200000000 3.608092546500
972.830000000 6.200000000 3.601368188900
985.330000000 7.000000000 3.599622726400
983.580000000 8.800000000 3.598384380300
969.580000000 5.800000000 3.596518516500
975.580000000 5.400000000 3.594768047300
984.080000000 6.200000000 3.592258691800
982.080000000 8.800000000 3.586081028000
981.580000000 5.600000000 3.576440811200
967.330000000 8.800000000 3.570015430500
971.080000000 9.200000000 3.568084716800
969.830000000 5.400000000 3.567306995400
982.330000000 6.400000000 3.558165788700
967.330000000 8.600000000 3.555345296900
966.080000000 9.000000000 3.554965257600
969.830000000 10.000000000 3.551264047600
982.080000000 6.600000000 3.550987720500
983.830000000 6.400000000 3.547727584800
969.830000000 9.200000000 3.547149658200
966.830000000 8.800000000 3.541447401000
984.080000000 6.600000000 3.539705753300
984.080000000 7.000000000 3.531968593600
984.830000000 7.000000000 3.528966426800
975.330000000 5.200000000 3.522421836900
971.580000000 6.200000000 3.517316818200
984.580000000 6.400000000 3.516432285300
978.580000000 9.400000000 3.514252901100
970.080000000 9.000000000 3.510283708600
983.330000000 6.200000000 3.510145902600
968.330000000 9.000000000 3.509752988800
967.080000000 7.000000000 3.507802963300
984.830000000 6.200000000 3.507385730700
966.080000000 5.800000000 3.506037712100
985.080000000 9.200000000 3.503758192100
984.580000000 9.000000000 3.502009391800
971.330000000 5.400000000 3.499630212800
981.080000000 5.600000000 3.491342544600
969.580000000 8.600000000 3.491057395900
968.330000000 6.800000000 3.489967584600
969.830000000 9.800000000 3.487154722200
969.080000000 8.800000000 3.484693765600
967.830000000 7.600000000 3.483754873300
967.580000000 8.400000000 3.481208324400
969.080000000 8.600000000 3.479621648800
970.080000000 9.400000000 3.476103544200
976.830000000 6.200000000 3.468658208800
968.830000000 8.200000000 3.468501806300
969.330000000 8.800000000 3.464946508400
983.330000000 5.800000000 3.463572502100
966.830000000 8.600000000 3.462507247900
970.080000000 10.000000000 3.457436323200
972.080000000 6.200000000 3.453764677000
966.580000000 6.400000000 3.451598882700
984.330000000 6.600000000 3.450794935200
968.580000000 6.800000000 3.450615406000
970.080000000 6.400000000 3.448608636900
975.830000000 5.600000000 3.446235656700
980.830000000 6.200000000 3.442932367300
975.580000000 5.200000000 3.441171884500
983.830000000 6.600000000 3.439375877400
983.080000000 6.400000000 3.434201955800
968.830000000 8.000000000 3.430389642700
966.580000000 5.600000000 3.425421476400
968.830000000 6.800000000 3.423308372500
974.580000000 9.400000000 3.423017740200
967.080000000 8.600000000 3.420516729400
968.080000000 6.800000000 3.420324802400
980.580000000 6.000000000 3.415748357800
967.830000000 7.200000000 3.413758993100
970.080000000 9.600000000 3.403275966600
969.830000000 9.600000000 3.402752399400
970.080000000 6.600000000 3.402510404600
984.580000000 6.200000000 3.401789903600
981.830000000 8.600000000 3.401418209100
972.330000000 6.200000000 3.400400877000
975.830000000 5.200000000 3.395362138700
972.830000000 6.000000000 3.392352819400
983.830000000 6.200000000 3.392205953600
976.080000000 5.200000000 3.391052007700
970.080000000 9.800000000 3.389854908000
984.830000000 9.200000000 3.389549493800
982.580000000 9.800000000 3.389098644300
985.580000000 9.000000000 3.388584852200
972.080000000 9.000000000 3.388316154500
966.330000000 5.600000000 3.388253927200
983.330000000 6.800000000 3.386828184100
975.830000000 5.400000000 3.385783672300
977.830000000 5.200000000 3.385414838800
969.330000000 8.600000000 3.382029056500
969.080000000 6.800000000 3.380791664100
983.080000000 6.800000000 3.379189252900
970.330000000 9.400000000 3.377565383900
968.080000000 8.000000000 3.369910001800
976.330000000 5.200000000 3.368706703200
985.330000000 9.200000000 3.366704940800
984.080000000 5.200000000 3.365093708000
983.830000000 9.800000000 3.361597061200
967.580000000 8.600000000 3.358708143200
969.830000000 9.400000000 3.356731414800
982.080000000 6.400000000 3.351735115100
984.080000000 9.000000000 3.349298238800
969.580000000 6.400000000 3.345983028400
978.080000000 5.200000000 3.345198154400
971.330000000 9.200000000 3.340097427400
967.080000000 5.800000000 3.339816093400
976.580000000 6.000000000 3.339681386900
982.330000000 8.200000000 3.337628841400
969.580000000 5.600000000 3.334368705700
983.830000000 6.000000000 3.333631038700
966.580000000 8.800000000 3.333152532600
973.080000000 9.000000000 3.329115867600
968.830000000 8.400000000 3.323899507500
971.830000000 6.200000000 3.320022106200
984.330000000 9.000000000 3.317908525500
985.330000000 6.800000000 3.317856788600
985.080000000 6.800000000 3.316584348700
969.830000000 9.000000000 3.311330080000
969.580000000 6.600000000 3.307962894400
979.330000000 9.600000000 3.307147264500
965.830000000 6.400000000 3.303991556200
970.580000000 5.400000000 3.300200700800
969.330000000 5.600000000 3.296222209900
980.580000000 5.800000000 3.293852806100
984.580000000 7.000000000 3.293470144300
970.080000000 6.800000000 3.290673732800
977.580000000 5.200000000 3.290308237100
966.330000000 6.400000000 3.287582874300
978.580000000 9.600000000 3.285687208200
976.330000000 5.800000000 3.283951997800
976.580000000 5.200000000 3.282663822200
970.330000000 9.600000000 3.277327060700
982.830000000 9.000000000 3.277042388900
983.830000000 9.200000000 3.264890432400
968.830000000 5.200000000 3.264559269000
981.830000000 5.600000000 3.263324499100
983.580000000 6.400000000 3.259306907700
985.080000000 7.800000000 3.259061574900
969.080000000 5.400000000 3.258707761800
968.080000000 7.800000000 3.254916191100
985.580000000 6.400000000 3.253133297000
970.330000000 10.000000000 3.248353481300
972.330000000 9.000000000 3.247221708300
983.580000000 5.400000000 3.243570804600
966.080000000 6.400000000 3.243435144400
983.580000000 6.800000000 3.242612123500
978.580000000 9.800000000 3.242457389800
978.580000000 6.800000000 3.240383863400
984.580000000 6.600000000 3.240149974800
979.080000000 9.400000000 3.235110282900
983.580000000 6.600000000 3.234239578200
968.580000000 7.200000000 3.234062671700
972.580000000 6.200000000 3.232072830200
969.830000000 6.400000000 3.230952501300
965.830000000 9.000000000 3.218635082200
973.830000000 9.200000000 3.218606472000
984.080000000 9.800000000 3.217964172400
968.580000000 9.000000000 3.215536832800
982.830000000 6.800000000 3.214720249200
967.580000000 8.800000000 3.210588693600
968.080000000 7.200000000 3.209203720100
966.330000000 8.800000000 3.204644680000
985.580000000 7.000000000 3.194816589400
983.830000000 8.800000000 3.193333625800
967.330000000 6.000000000 3.192630291000
972.830000000 9.000000000 3.189707279200
970.580000000 9.400000000 3.186656713500
972.580000000 9.000000000 3.186124324800
985.080000000 8.800000000 3.185034513500
969.330000000 6.800000000 3.184126377100
978.080000000 6.600000000 3.182603597600
966.080000000 6.000000000 3.177949428600
970.330000000 9.800000000 3.177338838600
978.830000000 5.800000000 3.175421476400
976.830000000 5.200000000 3.174783945100
977.330000000 5.200000000 3.171119928400
985.330000000 8.800000000 3.168128013600
984.580000000 9.200000000 3.167191505400
981.830000000 6.400000000 3.167105436300
982.830000000 6.600000000 3.166696310000
966.330000000 5.800000000 3.166688442200
983.580000000 6.200000000 3.166546821600
984.330000000 7.000000000 3.159833192800
965.830000000 6.200000000 3.158926487000
978.830000000 9.400000000 3.155728817000
980.080000000 6.400000000 3.151936054200
966.080000000 8.800000000 3.151926755900
984.830000000 6.800000000 3.150723695800
968.330000000 8.000000000 3.145469188700
982.830000000 10.000000000 3.145027637500
969.830000000 6.600000000 3.144691705700
968.580000000 8.000000000 3.138422727600
976.080000000 5.400000000 3.137950182000
979.830000000 6.400000000 3.135221958200
977.330000000 6.400000000 3.129187345500
977.080000000 5.200000000 3.123180627800
983.080000000 6.600000000 3.119582891500
979.080000000 5.800000000 3.116150856000
978.580000000 5.800000000 3.108577013000
968.330000000 7.200000000 3.108056306800
966.580000000 5.800000000 3.106797933600
983.080000000 10.000000000 3.105610847500
982.830000000 9.200000000 3.105467796300
965.830000000 8.800000000 3.104035377500
970.830000000 5.200000000 3.101636171300
974.580000000 9.800000000 3.101233959200
978.330000000 5.200000000 3.101020097700
982.830000000 8.800000000 3.091773271600
969.330000000 7.000000000 3.089791059500
971.580000000 9.200000000 3.087653875400
982.830000000 5.600000000 3.085800409300
985.580000000 6.800000000 3.084101200100
980.830000000 5.600000000 3.082338571500
983.580000000 9.800000000 3.080612182600
983.330000000 6.400000000 3.073403835300
969.080000000 8.400000000 3.066829681400
966.330000000 6.000000000 3.066624164600
967.330000000 7.000000000 3.049474477800
984.830000000 8.800000000 3.047921657600
968.330000000 7.800000000 3.034626483900
983.330000000 6.600000000 3.031620025600
969.580000000 9.000000000 3.031354665800
969.580000000 5.400000000 3.030383825300
981.580000000 6.400000000 3.027908563600
966.830000000 5.800000000 3.025882244100
979.080000000 6.600000000 3.025662660600
984.080000000 9.200000000 3.020434856400
982.580000000 5.600000000 3.017833232900
982.080000000 5.600000000 3.017259359400
976.080000000 5.600000000 3.015393257100
978.830000000 5.600000000 3.013373851800
984.330000000 9.200000000 3.005218982700
982.580000000 6.600000000 3.000932693500
983.830000000 10.000000000 3.000161647800
984.330000000 9.800000000 2.989162683500
974.330000000 9.400000000 2.988129854200
982.580000000 8.200000000 2.983626604100
978.330000000 5.800000000 2.982628345500
983.330000000 10.000000000 2.981528282200
969.080000000 9.000000000 2.976866722100
966.580000000 6.000000000 2.975318431900
970.830000000 9.400000000 2.974327802700
984.580000000 8.000000000 2.972575187700
983.080000000 5.600000000 2.969597101200
980.330000000 6.400000000 2.968533515900
978.580000000 5.600000000 2.968355417300
985.580000000 9.200000000 2.966779947300
970.830000000 5.400000000 2.965243339500
978.580000000 10.000000000 2.963567972200
984.580000000 6.800000000 2.958410024600
985.330000000 7.800000000 2.957858562500
979.080000000 5.600000000 2.956649303400
968.830000000 9.000000000 2.956270933200
972.080000000 9.600000000 2.954130888000
971.830000000 9.600000000 2.950347662000
967.580000000 7.000000000 2.943934679000
985.580000000 8.800000000 2.943230152100
982.330000000 5.600000000 2.943227767900
985.580000000 9.800000000 2.942392349200
979.330000000 9.800000000 2.942032575600
983.330000000 5.600000000 2.940148115200
982.830000000 8.600000000 2.934548139600
983.830000000 6.800000000 2.928075075100
981.830000000 5.200000000 2.923669338200
969.330000000 9.000000000 2.922148704500
982.080000000 5.200000000 2.915189504600
974.580000000 10.000000000 2.912740707400
979.580000000 6.400000000 2.906835079200
983.580000000 6.000000000 2.900234460800
981.330000000 6.400000000 2.894477129000
985.330000000 6.400000000 2.894348621400
985.580000000 7.800000000 2.892804384200
982.330000000 9.400000000 2.885960578900
973.580000000 9.200000000 2.883473157900
984.080000000 10.000000000 2.882402181600
978.330000000 5.600000000 2.878008604000
972.080000000 9.800000000 2.877785205800
966.080000000 6.200000000 2.874750137300
983.830000000 5.200000000 2.873090028800
984.080000000 8.800000000 2.870929479600
979.330000000 5.800000000 2.858784198800
970.080000000 5.200000000 2.853113174400
984.580000000 8.800000000 2.850448370000
976.330000000 5.400000000 2.848801851300
978.080000000 5.800000000 2.847913742100
977.580000000 6.400000000 2.847432613400
969.580000000 6.800000000 2.844104290000
971.830000000 9.800000000 2.842041969300
969.330000000 5.400000000 2.837167501400
984.580000000 9.800000000 2.836503267300
985.330000000 9.800000000 2.834083557100
980.580000000 6.200000000 2.827090501800
984.330000000 6.800000000 2.823125600800
969.080000000 5.200000000 2.822030782700
982.330000000 6.600000000 2.816561222100
967.330000000 6.200000000 2.809544563300
978.830000000 6.000000000 2.809357166300
978.330000000 6.600000000 2.808888196900
983.080000000 8.600000000 2.797887563700
978.830000000 9.600000000 2.794394731500
979.080000000 6.000000000 2.789422750500
967.830000000 7.000000000 2.784278631200
969.830000000 5.200000000 2.783196687700
976.330000000 5.600000000 2.779505252800
974.580000000 9.600000000 2.779411077500
969.080000000 7.000000000 2.774332761800
978.080000000 5.600000000 2.774170875500
968.830000000 7.000000000 2.772978067400
968.580000000 7.000000000 2.768008470500
971.830000000 9.200000000 2.763455152500
984.830000000 9.800000000 2.761462688400
969.830000000 6.800000000 2.758447647100
985.080000000 9.800000000 2.758108377500
970.580000000 9.600000000 2.757853269600
983.580000000 10.000000000 2.756922960300
966.330000000 6.200000000 2.756296634700
978.330000000 5.400000000 2.755979776400
978.580000000 5.200000000 2.755455493900
982.330000000 5.200000000 2.754216194200
984.330000000 8.800000000 2.752020120600
984.080000000 6.800000000 2.750436067600
972.330000000 9.600000000 2.749944448500
966.830000000 6.000000000 2.747581958800
983.330000000 9.400000000 2.747233390800
971.830000000 9.400000000 2.745803356200
970.580000000 10.000000000 2.744871377900
984.830000000 6.400000000 2.744785785700
971.080000000 9.400000000 2.743062734600
972.330000000 9.800000000 2.743054866800
978.080000000 5.400000000 2.741533041000
979.330000000 5.600000000 2.738341569900
977.830000000 6.400000000 2.738086700400
976.580000000 5.800000000 2.733721017800
968.330000000 7.000000000 2.733392238600
971.080000000 5.400000000 2.731837749500
970.830000000 9.600000000 2.726622104600
972.080000000 9.400000000 2.724359750700
978.580000000 6.000000000 2.722655534700
981.580000000 5.200000000 2.722575187700
977.830000000 5.800000000 2.722077369700
980.330000000 6.000000000 2.722026348100
984.830000000 6.600000000 2.721796751000
985.330000000 6.600000000 2.713522672700
970.330000000 5.200000000 2.712530612900
982.580000000 9.000000000 2.706085920300
977.830000000 5.400000000 2.705905437500
985.580000000 6.600000000 2.699393034000
971.580000000 9.600000000 2.699263334300
980.580000000 6.400000000 2.690371990200
978.580000000 5.400000000 2.678009986900
981.080000000 6.400000000 2.677146673200
978.830000000 6.600000000 2.671550512300
982.580000000 8.800000000 2.669764280300
983.830000000 9.600000000 2.668829917900
977.830000000 5.600000000 2.662736177400
984.330000000 10.000000000 2.661026954700
966.580000000 6.200000000 2.660955190700
967.080000000 6.000000000 2.657832622500
985.080000000 6.400000000 2.652579069100
983.580000000 9.400000000 2.644207954400
982.580000000 9.600000000 2.639413595200
985.080000000 6.600000000 2.633441925000
979.330000000 6.400000000 2.627862930300
980.330000000 5.800000000 2.627190351500
970.580000000 9.800000000 2.625676393500
984.080000000 9.600000000 2.625563859900
969.330000000 5.200000000 2.621400833100
971.580000000 9.400000000 2.620064973800
982.330000000 9.000000000 2.619091987600
982.830000000 8.200000000 2.618214368800
979.330000000 10.000000000 2.615090847000
983.080000000 9.400000000 2.613644599900
985.080000000 9.400000000 2.611586093900
977.580000000 5.400000000 2.610930681200
979.330000000 6.000000000 2.605150222800
978.580000000 6.600000000 2.604689836500
973.330000000 9.200000000 2.602592706700
982.580000000 8.600000000 2.602452755000
983.580000000 5.200000000 2.602419614800
971.580000000 9.800000000 2.600497722600
985.580000000 9.600000000 2.600269079200
979.080000000 9.600000000 2.598845481900
970.830000000 9.800000000 2.594988584500
977.580000000 5.800000000 2.590647935900
981.830000000 8.400000000 2.590350627900
971.080000000 9.600000000 2.588692188300
974.080000000 9.400000000 2.585520505900
978.330000000 6.000000000 2.582661390300
982.330000000 9.200000000 2.576922655100
982.580000000 5.200000000 2.572094917300
976.580000000 5.400000000 2.570790767700
976.830000000 6.000000000 2.567857027100
983.330000000 8.600000000 2.566841363900
983.580000000 9.600000000 2.563011646300
972.580000000 9.800000000 2.561149835600
968.080000000 7.000000000 2.557747602500
984.330000000 9.400000000 2.557492971400
972.080000000 10.000000000 2.555815219900
984.080000000 9.400000000 2.550324916800
985.580000000 10.000000000 2.549211025200
969.580000000 5.200000000 2.546714305900
971.330000000 9.400000000 2.539994955100
980.580000000 5.600000000 2.534086704300
977.580000000 5.600000000 2.532421827300
978.830000000 9.800000000 2.523203849800
984.830000000 9.400000000 2.522902727100
979.080000000 10.000000000 2.518814563800
985.330000000 9.400000000 2.518733978300
984.330000000 9.600000000 2.517524242400
978.830000000 5.400000000 2.515802145000
983.330000000 5.200000000 2.502381086300
971.830000000 10.000000000 2.501633405700
971.080000000 9.800000000 2.498014926900
978.830000000 10.000000000 2.497137069700
977.080000000 6.200000000 2.496075630200
972.330000000 9.400000000 2.493201494200
971.330000000 9.600000000 2.489419698700
985.330000000 9.600000000 2.481455087700
977.330000000 5.400000000 2.478497505200
984.580000000 10.000000000 2.476398468000
983.830000000 9.400000000 2.473464489000
972.580000000 9.600000000 2.470668554300
982.330000000 8.800000000 2.469795703900
978.080000000 6.400000000 2.467833757400
979.580000000 5.800000000 2.461872100800
966.830000000 6.200000000 2.461314201400
982.830000000 5.200000000 2.461160659800
982.080000000 8.600000000 2.459449529600
972.330000000 10.000000000 2.457834720600
978.080000000 6.000000000 2.452609300600
976.580000000 5.600000000 2.451144456900
972.830000000 9.800000000 2.450191974600
973.330000000 9.800000000 2.446864604900
985.330000000 10.000000000 2.439608812300
983.080000000 5.200000000 2.439057111700
973.080000000 9.800000000 2.434111118300
980.830000000 6.400000000 2.433952570000
983.580000000 8.200000000 2.432607889200
979.080000000 9.800000000 2.431593895000
972.330000000 9.200000000 2.426282882700
983.830000000 8.200000000 2.417066812500
970.580000000 5.200000000 2.414631366700
984.580000000 9.400000000 2.414434671400
977.330000000 5.800000000 2.403840065000
985.080000000 9.600000000 2.402912139900
982.830000000 8.400000000 2.400328159300
973.580000000 9.800000000 2.400296926500
976.830000000 5.400000000 2.397856235500
982.580000000 9.400000000 2.395233631100
984.580000000 9.600000000 2.394169092200
982.580000000 9.200000000 2.391945838900
982.830000000 9.400000000 2.389925003100
981.330000000 5.200000000 2.388657808300
979.580000000 5.600000000 2.388641595800
972.080000000 9.200000000 2.387724161100
983.330000000 9.600000000 2.381407499300
983.580000000 8.600000000 2.378463506700
980.330000000 6.200000000 2.375390529600
984.830000000 9.600000000 2.372697353400
983.080000000 8.200000000 2.372374296200
977.830000000 6.000000000 2.370143652000
970.830000000 10.000000000 2.369752407100
977.080000000 5.400000000 2.369507789600
973.830000000 9.400000000 2.363808393500
984.830000000 10.000000000 2.362428665200
979.080000000 6.200000000 2.361939191800
973.330000000 10.000000000 2.360813856100
983.080000000 9.800000000 2.360192060500
973.580000000 10.000000000 2.357883691800
978.830000000 6.200000000 2.355152368500
977.330000000 5.600000000 2.353317976000
985.080000000 10.000000000 2.350196600000
967.080000000 6.200000000 2.349455833400
979.080000000 5.400000000 2.346860408800
973.080000000 9.200000000 2.343888521200
972.580000000 10.000000000 2.341812372200
982.830000000 9.800000000 2.340599775300
983.330000000 8.200000000 2.339459657700
973.080000000 10.000000000 2.338808536500
973.830000000 10.000000000 2.338148832300
971.330000000 9.800000000 2.331939697300
983.080000000 8.400000000 2.320251226400
972.580000000 9.200000000 2.318567276000
979.080000000 6.400000000 2.309860944700
984.830000000 8.000000000 2.309314250900
983.330000000 9.800000000 2.308605194100
972.830000000 10.000000000 2.304798364600
971.080000000 10.000000000 2.294533014300
974.330000000 10.000000000 2.294384956400
978.830000000 5.200000000 2.292247295400
972.830000000 9.600000000 2.291527986500
971.330000000 10.000000000 2.290294408800
983.330000000 8.400000000 2.290155887600
977.580000000 6.000000000 2.284552097300
985.580000000 9.400000000 2.280007600800
982.580000000 8.400000000 2.273191690400
974.330000000 9.800000000 2.257654666900
971.580000000 10.000000000 2.248205423400
973.830000000 9.800000000 2.237124919900
979.580000000 6.000000000 2.224271774300
982.830000000 9.600000000 2.217839479400
983.080000000 9.600000000 2.217312812800
978.580000000 6.200000000 2.215700626400
973.080000000 9.600000000 2.211543560000
979.330000000 6.200000000 2.210101842900
982.080000000 5.400000000 2.208399772600
981.080000000 5.400000000 2.200824022300
972.580000000 9.400000000 2.197168588600
983.580000000 8.400000000 2.192990303000
982.330000000 5.400000000 2.191924572000
983.830000000 8.600000000 2.191106319400
983.330000000 5.400000000 2.186596393600
981.330000000 5.400000000 2.180867672000
979.330000000 5.400000000 2.174812555300
973.330000000 9.600000000 2.170374393500
976.830000000 5.800000000 2.165216684300
972.830000000 9.200000000 2.151235103600
984.080000000 8.200000000 2.150162458400
982.330000000 8.600000000 2.142567873000
981.830000000 5.400000000 2.132713794700
982.580000000 5.400000000 2.120765209200
976.830000000 5.600000000 2.120425462700
973.580000000 9.600000000 2.115651845900
973.580000000 9.400000000 2.114975452400
980.080000000 6.000000000 2.112056255300
977.330000000 6.000000000 2.103042602500
977.080000000 5.800000000 2.099920511200
974.080000000 10.000000000 2.094475746200
977.080000000 5.600000000 2.086848497400
980.080000000 5.800000000 2.086411237700
980.330000000 5.200000000 2.079142332100
979.830000000 6.200000000 2.078523397400
979.580000000 6.200000000 2.073817729900
978.330000000 6.400000000 2.068876504900
981.080000000 5.200000000 2.066643953300
983.830000000 8.400000000 2.063053369500
980.080000000 5.200000000 2.058181285900
979.830000000 5.600000000 2.053125858300
979.580000000 5.400000000 2.044269561800
978.830000000 6.400000000 2.042186975500
981.580000000 5.400000000 2.041038274800
974.330000000 9.600000000 2.033278465300
980.830000000 5.400000000 2.032729387300
978.330000000 6.200000000 2.030800819400
973.330000000 9.400000000 2.026040792500
982.830000000 5.400000000 2.020097732500
973.830000000 9.600000000 2.006402730900
984.830000000 8.400000000 2.004891157200
980.580000000 5.200000000 2.000834226600
980.080000000 6.200000000 1.992968201600
984.080000000 8.600000000 1.992858648300
972.830000000 9.400000000 1.988413572300
977.330000000 6.200000000 1.974618554100
980.330000000 5.600000000 1.974255323400
985.080000000 8.000000000 1.972407698600
985.580000000 8.600000000 1.967624425900
985.080000000 8.600000000 1.966574430500
985.330000000 8.600000000 1.964065790200
980.830000000 5.200000000 1.956684827800
977.080000000 6.000000000 1.954214215300
979.830000000 5.800000000 1.954103827500
984.580000000 8.400000000 1.951607108100
974.080000000 9.800000000 1.947703003900
979.830000000 5.400000000 1.941978931400
983.080000000 5.400000000 1.924119591700
985.580000000 8.000000000 1.919830679900
979.830000000 5.200000000 1.912355184600
978.580000000 6.400000000 1.911592245100
973.080000000 9.400000000 1.910759925800
978.080000000 6.200000000 1.904954314200
984.080000000 8.400000000 1.902901768700
974.080000000 9.600000000 1.902503609700
979.080000000 5.200000000 1.893353581400
982.330000000 8.400000000 1.880587935400
982.080000000 8.400000000 1.874556422200
984.830000000 8.600000000 1.872608065600
977.830000000 6.200000000 1.869446277600
984.830000000 8.200000000 1.866165399600
977.580000000 6.200000000 1.865502834300
980.080000000 5.400000000 1.862569093700
985.080000000 8.400000000 1.842282891300
984.580000000 8.200000000 1.827561855300
984.330000000 8.400000000 1.818730831100
984.330000000 8.600000000 1.809384584400
984.580000000 8.600000000 1.806572675700
985.330000000 8.000000000 1.768424391700
980.330000000 5.400000000 1.756736278500
985.080000000 8.200000000 1.753623485600
979.580000000 5.200000000 1.747517824200
979.830000000 6.000000000 1.733415722800
984.330000000 8.200000000 1.733197927500
980.580000000 5.400000000 1.730325579600
979.330000000 5.200000000 1.708084702500
980.080000000 5.600000000 1.692176818800
985.580000000 8.400000000 1.592948436700
985.580000000 8.200000000 1.589040517800
985.330000000 8.200000000 1.582820296300
985.330000000 8.400000000 1.484181284900
