1038.560000000 7.500000000 86.076400756800
1038.810000000 7.500000000 82.553611755400
1038.310000000 7.500000000 78.990936279300
1039.060000000 7.500000000 74.016227722200
1038.560000000 8.000000000 72.188522338900
1038.810000000 8.000000000 69.615303039600
1040.560000000 7.500000000 68.699127197300
1038.310000000 8.000000000 67.999298095700
1040.310000000 7.500000000 66.629371643100
1039.310000000 7.500000000 65.713668823200
1039.060000000 8.000000000 63.857273101800
1038.060000000 7.500000000 62.764354705800
1040.560000000 8.000000000 62.654682159400
1040.810000000 7.500000000 62.071624755900
1040.060000000 7.500000000 61.766353607200
1040.310000000 8.000000000 60.827278137200
1039.560000000 7.500000000 60.353195190400
1039.810000000 7.500000000 59.048328399700
1039.310000000 8.000000000 58.223426818800
1040.810000000 8.000000000 57.840766906700
1040.060000000 8.000000000 56.813163757300
1038.060000000 8.000000000 56.425884246800
1039.560000000 8.000000000 54.720764160200
1039.810000000 8.000000000 54.271697998000
1041.060000000 7.500000000 47.370609283400
1041.060000000 8.000000000 46.002346038800
1037.810000000 7.500000000 45.880348205600
1047.560000000 8.000000000 43.378189086900
1047.810000000 8.000000000 42.635093689000
1037.810000000 8.000000000 41.758392334000
1045.560000000 8.000000000 40.250755310100
1047.310000000 8.000000000 39.881217956500
1045.560000000 7.500000000 39.601047515900
1045.810000000 8.000000000 39.307033538800
1045.810000000 7.500000000 39.033496856700
1047.560000000 7.500000000 38.310119628900
1049.310000000 8.000000000 37.101509094200
1047.310000000 7.500000000 36.894664764400
1048.060000000 8.000000000 36.779273986800
1045.310000000 8.000000000 36.701129913300
1045.310000000 7.500000000 36.171245575000
1047.810000000 7.500000000 36.047443389900
1046.060000000 7.500000000 35.883796691900
1046.060000000 8.000000000 35.523101806600
1036.810000000 7.500000000 35.411357879600
1047.060000000 8.000000000 35.062770843500
1037.560000000 7.500000000 34.731632232700
1036.560000000 7.500000000 33.955608367900
1047.060000000 7.500000000 33.437503814700
1037.060000000 7.500000000 33.128391265900
1041.310000000 8.000000000 32.621490478500
1046.310000000 7.500000000 32.309482574500
1046.310000000 8.000000000 31.847377777100
1041.310000000 7.500000000 31.791257858300
1046.810000000 8.000000000 31.409847259500
1037.310000000 7.500000000 31.093126297000
1036.560000000 8.000000000 30.969593048100
1048.060000000 7.500000000 30.860733032200
1049.310000000 7.500000000 30.812641143800
1049.060000000 8.000000000 30.639736175500
1046.810000000 7.500000000 30.603624343900
1046.560000000 8.000000000 30.243112564100
1045.060000000 8.000000000 30.234821319600
1046.560000000 7.500000000 30.179428100600
1037.560000000 8.000000000 29.809364318800
1045.060000000 7.500000000 29.567657470700
1036.310000000 7.500000000 29.549097061200
1048.310000000 8.000000000 29.072435379000
1036.310000000 8.000000000 28.958717346200
1036.810000000 8.000000000 28.654024124100
1043.560000000 8.000000000 25.818120956400
1043.810000000 8.000000000 25.644477844200
1049.060000000 7.500000000 25.459365844700
1048.310000000 7.500000000 25.192049026500
1048.810000000 8.000000000 25.173477172900
1037.060000000 8.000000000 24.637853622400
1048.560000000 8.000000000 24.442178726200
1043.310000000 8.000000000 24.300308227500
1037.310000000 8.000000000 24.047321319600
1044.810000000 8.000000000 24.035812377900
1036.060000000 7.500000000 23.962497711200
1036.060000000 8.000000000 23.549310684200
1044.810000000 7.500000000 23.530397415200
1044.060000000 8.000000000 23.309967041000
1043.060000000 8.000000000 22.493932724000
1038.060000000 7.000000000 22.373931884800
1041.560000000 8.000000000 22.295431137100
1038.310000000 7.000000000 22.040208816500
1037.810000000 7.000000000 21.586685180700
1048.810000000 7.500000000 21.578641891500
1048.560000000 7.500000000 21.538967132600
1042.810000000 8.000000000 21.103744506800
1038.560000000 7.000000000 20.908512115500
1044.560000000 7.500000000 20.706645965600
1044.310000000 8.000000000 20.666349411000
1044.560000000 8.000000000 20.532545089700
1041.560000000 7.500000000 20.419254303000
1036.060000000 7.000000000 20.409166336100
1044.310000000 7.500000000 20.366174697900
1044.060000000 7.500000000 20.322534561200
1036.310000000 7.000000000 20.101112365700
1042.560000000 8.000000000 19.739633560200
1037.560000000 7.000000000 19.690942764300
1038.810000000 7.000000000 19.510219574000
1035.810000000 8.000000000 19.488292694100
1043.810000000 7.500000000 19.342912674000
1039.060000000 7.000000000 18.403451919600
1035.810000000 7.500000000 18.034574508700
1036.560000000 7.000000000 17.960245132400
1035.810000000 7.000000000 17.940080642700
1042.310000000 8.000000000 17.889982223500
1039.310000000 7.000000000 17.815309524500
1043.560000000 7.500000000 17.786514282200
1039.560000000 7.000000000 17.449983596800
1037.310000000 7.000000000 17.353116989100
1041.810000000 8.000000000 16.867612838700
1039.810000000 7.000000000 16.762052536000
1047.060000000 8.500000000 16.539274215700
1046.810000000 8.500000000 16.468641281100
1043.310000000 7.500000000 16.455244064300
1044.810000000 8.500000000 16.297725677500
1045.060000000 8.500000000 16.285076141400
1042.060000000 8.000000000 16.249465942400
1036.810000000 7.000000000 16.036144256600
1037.060000000 7.000000000 15.806235313400
1043.060000000 7.500000000 15.519968986500
1040.060000000 7.000000000 15.471081733700
1047.310000000 8.500000000 15.271482467700
1042.810000000 7.500000000 15.013012886000
1046.560000000 8.500000000 15.006878852800
1035.560000000 8.000000000 14.926574707000
1042.560000000 7.500000000 14.450228691100
1045.310000000 8.500000000 14.313957214400
1041.810000000 7.500000000 14.180017471300
1040.810000000 8.500000000 14.103055000300
1035.560000000 7.000000000 14.099175453200
1044.560000000 8.500000000 13.922265052800
1041.060000000 8.500000000 13.749809265100
1040.310000000 7.000000000 13.701981544500
1047.560000000 8.500000000 13.449674606300
1043.060000000 8.500000000 13.184340477000
1040.560000000 8.500000000 13.105994224500
1042.310000000 7.500000000 12.998897552500
1046.310000000 8.500000000 12.833368301400
1041.310000000 8.500000000 12.625943183900
1043.310000000 8.500000000 12.426809310900
1042.810000000 8.500000000 12.400774955700
1047.060000000 9.000000000 12.302886962900
1035.560000000 7.500000000 12.295470237700
1048.560000000 8.500000000 12.229516029400
1042.060000000 7.500000000 12.228618621800
1048.310000000 8.500000000 12.179727554300
1047.810000000 8.500000000 12.175832748400
1048.060000000 8.500000000 11.909728050200
1045.560000000 8.500000000 11.840632438700
1046.810000000 9.000000000 11.815511703500
1045.060000000 9.000000000 11.787426948500
1040.560000000 7.000000000 11.719132423400
1036.810000000 8.500000000 11.528260231000
1044.810000000 9.000000000 11.514412879900
1048.810000000 8.500000000 11.505693435700
1039.060000000 8.500000000 11.439690589900
1038.810000000 8.500000000 11.432581901600
1040.310000000 8.500000000 11.380529403700
1037.060000000 8.500000000 11.247055053700
1047.310000000 9.000000000 11.242459297200
1046.060000000 8.500000000 11.103238105800
1038.560000000 8.500000000 11.038637161300
1045.310000000 9.000000000 10.904444694500
1044.310000000 8.500000000 10.895061492900
1036.560000000 8.500000000 10.887587547300
1041.560000000 8.500000000 10.776190757800
1045.810000000 8.500000000 10.748799324000
1042.560000000 8.500000000 10.687585830700
1043.560000000 8.500000000 10.668995857200
1039.310000000 8.500000000 10.544376373300
1035.810000000 8.500000000 10.311020851100
1046.560000000 9.000000000 10.255784988400
1038.310000000 8.500000000 10.234292030300
1034.560000000 8.000000000 10.124882698100
1044.560000000 9.000000000 10.118851661700
1035.310000000 8.000000000 10.065635681200
1037.310000000 8.500000000 9.984901428200
1034.810000000 8.000000000 9.912766456600
1049.060000000 8.500000000 9.885077476500
1040.060000000 8.500000000 9.806957244900
1040.810000000 7.000000000 9.669573783900
1034.310000000 8.000000000 9.668379783600
1036.060000000 8.500000000 9.665941238400
1045.310000000 7.000000000 9.584353447000
1044.060000000 8.500000000 9.572079658500
1045.560000000 7.000000000 9.541781425500
1045.560000000 9.000000000 9.466135025000
1039.560000000 8.500000000 9.465548515300
1043.810000000 8.500000000 9.444354057300
1035.310000000 7.000000000 9.369152069100
1036.310000000 8.500000000 9.307946205100
1047.560000000 9.000000000 9.216732025100
1041.810000000 8.500000000 9.179368019100
1042.310000000 8.500000000 9.122496604900
1035.060000000 8.000000000 9.095650672900
1039.810000000 8.500000000 9.081398010300
1038.060000000 8.500000000 9.040958404500
1043.810000000 7.000000000 9.017570495600
1045.060000000 7.000000000 9.011205673200
1043.560000000 7.000000000 8.997042655900
1043.060000000 9.000000000 8.851344108600
1045.810000000 7.000000000 8.833384513900
1035.560000000 8.500000000 8.814334869400
1046.310000000 9.000000000 8.680016517600
1043.310000000 9.000000000 8.672820091200
1034.060000000 8.000000000 8.649365425100
1044.060000000 7.000000000 8.545719146700
1042.060000000 8.500000000 8.528229713400
1037.560000000 8.500000000 8.454952240000
1032.310000000 5.500000000 8.398345947300
1044.810000000 7.000000000 8.398045539900
1032.060000000 5.500000000 8.371548652600
1044.310000000 9.000000000 8.335868835400
1045.810000000 9.000000000 8.268879890400
1030.810000000 10.000000000 8.249853134200
1042.810000000 9.000000000 8.205767631500
1044.310000000 7.000000000 8.173118591300
1044.560000000 7.000000000 8.143228530900
1030.560000000 10.000000000 8.136713981600
1030.810000000 5.500000000 8.090714454700
1037.810000000 8.500000000 8.088143348700
1030.560000000 5.500000000 8.083630561800
1043.310000000 7.000000000 8.051936149600
1031.810000000 5.500000000 8.023565292400
1031.060000000 10.000000000 7.963515281700
1046.060000000 9.000000000 7.925812244400
1043.560000000 9.000000000 7.869383812000
1049.310000000 8.500000000 7.769712448100
1046.060000000 7.000000000 7.758516311600
1031.060000000 5.500000000 7.752507209800
1030.310000000 10.000000000 7.737831592600
1031.560000000 5.500000000 7.654357433300
1030.060000000 10.000000000 7.602259159100
1032.560000000 5.500000000 7.601392269100
1030.310000000 5.500000000 7.595008373300
1041.060000000 7.000000000 7.563652992200
1034.810000000 7.500000000 7.528772831000
1035.060000000 8.500000000 7.512974262200
1048.810000000 9.000000000 7.499810218800
1031.310000000 5.500000000 7.498948574100
1031.310000000 10.000000000 7.472935199700
1035.310000000 7.500000000 7.466163158400
1034.810000000 8.500000000 7.453995704700
1035.310000000 8.500000000 7.430494308500
1034.310000000 6.500000000 7.393091678600
1034.560000000 7.500000000 7.374676227600
1047.810000000 9.000000000 7.349938392600
1033.810000000 8.000000000 7.319795131700
1030.810000000 9.500000000 7.306152820600
1034.560000000 6.500000000 7.276130199400
1029.810000000 10.000000000 7.275510311100
1031.060000000 9.500000000 7.192728042600
1048.560000000 9.000000000 7.192415237400
1031.310000000 9.500000000 7.168465614300
1044.060000000 9.000000000 7.158719539600
1035.060000000 7.500000000 7.130960941300
1031.560000000 9.500000000 7.120841026300
1043.810000000 9.000000000 7.107153415700
1034.560000000 8.500000000 7.080003738400
1042.560000000 9.000000000 7.013359069800
1030.560000000 9.500000000 6.980192661300
1031.560000000 10.000000000 6.948538303400
1049.060000000 9.000000000 6.943398475600
1043.060000000 7.000000000 6.939432621000
1034.060000000 6.500000000 6.901709556600
1030.060000000 5.500000000 6.871869087200
1034.810000000 6.500000000 6.782177925100
1029.560000000 10.000000000 6.721491813700
1031.310000000 9.000000000 6.677056789400
1046.310000000 7.000000000 6.670464515700
1031.810000000 9.500000000 6.667734146100
1039.310000000 6.500000000 6.655705452000
1034.060000000 8.500000000 6.605691433000
1031.560000000 9.000000000 6.604279995000
1039.560000000 6.500000000 6.602635383600
1032.060000000 9.000000000 6.600980281800
1034.310000000 7.500000000 6.569746971100
1048.310000000 9.000000000 6.568162441300
1031.810000000 9.000000000 6.565902710000
1033.810000000 8.500000000 6.554149627700
1039.060000000 6.500000000 6.548101425200
1034.310000000 8.500000000 6.526703357700
1031.810000000 10.000000000 6.517735958100
1031.060000000 9.000000000 6.442736625700
1048.060000000 9.000000000 6.438934803000
1032.310000000 9.000000000 6.397681713100
1039.810000000 6.500000000 6.389672756200
1038.810000000 6.500000000 6.354165077200
1032.810000000 5.500000000 6.352591991400
1035.060000000 6.500000000 6.233104705800
1033.810000000 6.500000000 6.227498054500
1033.060000000 9.000000000 6.227041244500
1033.310000000 9.000000000 6.215106964100
1029.810000000 5.500000000 6.203683376300
1033.560000000 8.500000000 6.182110309600
1038.560000000 6.500000000 6.179599762000
1030.310000000 9.500000000 6.164069652600
1030.060000000 8.000000000 6.111349582700
1030.560000000 8.500000000 6.086468219800
1032.060000000 10.000000000 6.085484504700
1030.310000000 8.500000000 6.079128265400
1030.310000000 8.000000000 6.078172206900
1032.810000000 9.000000000 6.072832584400
1038.310000000 6.500000000 6.061274051700
1040.060000000 6.500000000 6.031736373900
1031.310000000 8.500000000 6.029660224900
1032.060000000 9.500000000 6.029200553900
1031.060000000 8.500000000 6.011282444000
1030.810000000 8.500000000 6.010015964500
1030.810000000 9.000000000 6.004281997700
1034.310000000 6.000000000 5.983417987800
1031.560000000 8.500000000 5.932246685000
1033.560000000 8.000000000 5.930718421900
1038.060000000 6.500000000 5.911245822900
1042.810000000 7.000000000 5.905797004700
1032.810000000 8.500000000 5.890180587800
1032.560000000 9.000000000 5.870120525400
1033.560000000 9.000000000 5.866258144400
1030.560000000 8.000000000 5.845613479600
1046.560000000 7.000000000 5.835805416100
1033.060000000 6.500000000 5.790933609000
1034.060000000 6.000000000 5.784040927900
1032.810000000 6.500000000 5.778380870800
1030.060000000 8.500000000 5.775473117800
1035.310000000 6.500000000 5.773990631100
1042.310000000 9.000000000 5.763754367800
1041.060000000 9.000000000 5.755682468400
1033.560000000 6.500000000 5.755509376500
1032.560000000 8.500000000 5.754505634300
1029.560000000 5.500000000 5.748066425300
1033.310000000 6.500000000 5.735464572900
1029.810000000 8.000000000 5.717335701000
1034.560000000 6.000000000 5.685776233700
1031.810000000 8.500000000 5.679510116600
1032.560000000 6.500000000 5.640252590200
1049.310000000 9.000000000 5.612378120400
1030.810000000 8.000000000 5.607258796700
1032.310000000 7.000000000 5.603913784000
1037.810000000 6.500000000 5.573229312900
1032.310000000 6.000000000 5.518411159500
1032.060000000 7.000000000 5.494036674500
1041.310000000 9.000000000 5.490481853500
1040.810000000 9.000000000 5.473193645500
1041.310000000 7.000000000 5.470062732700
1040.310000000 6.500000000 5.469801902800
1031.060000000 8.000000000 5.463435649900
1032.560000000 7.000000000 5.459098815900
1030.560000000 9.000000000 5.443951129900
1033.310000000 8.500000000 5.436045646700
1032.310000000 6.500000000 5.434049129500
1031.310000000 8.000000000 5.408400535600
1033.060000000 8.500000000 5.389375209800
1035.560000000 6.500000000 5.387625217400
1035.060000000 7.000000000 5.374969482400
1032.560000000 9.500000000 5.358849048600
1031.560000000 8.000000000 5.358020305600
1032.310000000 10.000000000 5.352155685400
1032.310000000 9.500000000 5.295580387100
1033.810000000 9.000000000 5.295395851100
1046.810000000 7.000000000 5.294492721600
1032.810000000 9.500000000 5.288994312300
1032.060000000 8.500000000 5.264285087600
1034.060000000 7.500000000 5.258572578400
1033.060000000 5.500000000 5.258449077600
1032.560000000 6.000000000 5.240267753600
1042.560000000 7.000000000 5.237146854400
1032.810000000 7.000000000 5.230340004000
1032.060000000 6.000000000 5.227070331600
1031.810000000 8.000000000 5.216429710400
1031.810000000 7.000000000 5.173466682400
1029.810000000 8.500000000 5.148344039900
1034.810000000 6.000000000 5.133591651900
1033.060000000 7.000000000 5.079224109600
1033.810000000 6.000000000 5.057054996500
1030.060000000 9.500000000 5.034871101400
1031.810000000 6.000000000 5.025145053900
1041.560000000 9.000000000 4.997530460400
1035.810000000 6.500000000 4.997185230300
1033.310000000 7.000000000 4.994181156200
1047.060000000 7.000000000 4.992869854000
1037.560000000 6.500000000 4.974792003600
1032.060000000 6.500000000 4.964631557500
1047.310000000 7.000000000 4.964488029500
1032.310000000 8.500000000 4.928666114800
1042.560000000 9.500000000 4.920038223300
1047.560000000 7.000000000 4.919725894900
1042.060000000 9.000000000 4.915617466000
1042.810000000 9.500000000 4.891033649400
1033.060000000 9.500000000 4.881943702700
1033.560000000 7.000000000 4.824595451400
1032.060000000 8.000000000 4.815957546200
1030.310000000 9.000000000 4.797893047300
1029.560000000 8.000000000 4.790000438700
1043.060000000 9.500000000 4.777383804300
1042.310000000 9.500000000 4.766323089600
1034.060000000 9.000000000 4.757573604600
1031.560000000 6.000000000 4.749090194700
1036.810000000 6.000000000 4.747678756700
1029.560000000 8.500000000 4.730195522300
1040.560000000 6.500000000 4.713881969500
1040.560000000 9.000000000 4.696421146400
1043.310000000 9.500000000 4.695247173300
1041.810000000 9.000000000 4.693653106700
1043.560000000 9.500000000 4.692390918700
1035.060000000 6.000000000 4.690861225100
1029.810000000 9.500000000 4.690250873600
1043.810000000 9.500000000 4.689481735200
1033.310000000 5.500000000 4.673055648800
1037.060000000 6.000000000 4.633249282800
1047.810000000 7.000000000 4.625432491300
1032.810000000 6.000000000 4.621510505700
1033.310000000 8.000000000 4.606267452200
1035.310000000 6.000000000 4.566012382500
1047.810000000 10.000000000 4.546726703600
1047.560000000 10.000000000 4.546024322500
1036.060000000 6.500000000 4.514200687400
1036.560000000 6.000000000 4.507491111800
1044.060000000 9.500000000 4.506187915800
1031.560000000 7.000000000 4.496129512800
1034.810000000 7.000000000 4.482493400600
1045.810000000 6.500000000 4.480827808400
1033.810000000 7.000000000 4.465104579900
1047.310000000 10.000000000 4.441427230800
1033.060000000 6.000000000 4.409033298500
1031.310000000 6.000000000 4.395614624000
1034.560000000 7.000000000 4.392537117000
1048.060000000 10.000000000 4.384938240100
1042.060000000 9.500000000 4.369548320800
1042.310000000 7.000000000 4.366468906400
1033.560000000 5.500000000 4.332727432300
1045.560000000 6.500000000 4.332677841200
1034.310000000 7.000000000 4.300188064600
1047.060000000 10.000000000 4.281420707700
1032.560000000 10.000000000 4.273598194100
1031.310000000 7.500000000 4.243825435600
1032.310000000 8.000000000 4.230053424800
1037.310000000 6.500000000 4.227357864400
1033.310000000 9.500000000 4.214543342600
1031.560000000 7.500000000 4.208035469100
1035.560000000 6.000000000 4.188746452300
1046.060000000 6.500000000 4.181665420500
1029.560000000 9.500000000 4.160865783700
1032.810000000 8.000000000 4.145384788500
1048.060000000 7.000000000 4.132131099700
1031.060000000 7.500000000 4.131381511700
1030.060000000 9.000000000 4.127097129800
1036.310000000 6.000000000 4.112239360800
1037.310000000 6.000000000 4.100154399900
1031.810000000 6.500000000 4.097635269200
1033.310000000 6.000000000 4.077306747400
1045.810000000 6.000000000 4.074900150300
1046.810000000 10.000000000 4.070994377100
1048.310000000 10.000000000 4.063724994700
1031.810000000 7.500000000 4.057178497300
1034.060000000 7.000000000 4.050440311400
1033.560000000 6.000000000 4.009017467500
1034.310000000 9.000000000 4.003690719600
1045.560000000 6.000000000 4.002672672300
1033.060000000 8.000000000 3.988991737400
1031.060000000 6.000000000 3.985662221900
1044.310000000 9.500000000 3.981429815300
1046.560000000 6.500000000 3.968819379800
1044.560000000 6.500000000 3.961830854400
1048.560000000 10.000000000 3.961288452100
1033.810000000 5.500000000 3.959711790100
1030.560000000 6.000000000 3.959420442600
1040.310000000 9.000000000 3.949705123900
1030.810000000 6.000000000 3.928352594400
1030.310000000 6.000000000 3.907978057900
1036.310000000 6.500000000 3.904620647400
1032.060000000 7.500000000 3.886889934500
1030.810000000 7.500000000 3.885054826700
1046.810000000 6.500000000 3.880812168100
1045.310000000 6.500000000 3.878525495500
1044.810000000 6.500000000 3.871109724000
1035.810000000 6.000000000 3.861003637300
1032.310000000 7.500000000 3.860345602000
1044.310000000 6.500000000 3.859105110200
1036.060000000 6.000000000 3.829546928400
1046.310000000 6.500000000 3.823134899100
1032.560000000 7.500000000 3.788018226600
1032.560000000 8.000000000 3.787352323500
1046.560000000 10.000000000 3.778084993400
1033.810000000 7.500000000 3.769841671000
1046.060000000 6.000000000 3.734845161400
1031.310000000 7.000000000 3.707673311200
1041.810000000 9.500000000 3.693566322300
1040.810000000 6.500000000 3.692534208300
1048.810000000 10.000000000 3.689154624900
1041.560000000 7.000000000 3.650723934200
1044.060000000 6.500000000 3.641357183500
1030.060000000 6.000000000 3.638389349000
1045.060000000 6.500000000 3.629587650300
1045.310000000 6.000000000 3.617842674300
1047.060000000 6.500000000 3.614172935500
1034.560000000 9.000000000 3.591079711900
1037.060000000 6.500000000 3.535179615000
1034.810000000 9.000000000 3.533069372200
1032.810000000 7.500000000 3.531171560300
1046.810000000 6.000000000 3.524331569700
1034.060000000 5.500000000 3.510901689500
1030.560000000 7.500000000 3.505145788200
1035.310000000 9.000000000 3.500201940500
1029.810000000 9.000000000 3.499350547800
1035.060000000 5.500000000 3.487134218200
1047.060000000 6.000000000 3.485530614900
1035.060000000 9.000000000 3.467878103300
1046.560000000 6.000000000 3.407974481600
1033.560000000 9.500000000 3.407620430000
1043.810000000 6.500000000 3.406857490500
1048.310000000 7.000000000 3.396425247200
1042.060000000 7.000000000 3.392259120900
1046.310000000 10.000000000 3.377805471400
1041.310000000 6.000000000 3.360218048100
1034.810000000 5.500000000 3.358896017100
1035.310000000 5.500000000 3.343287944800
1041.060000000 6.000000000 3.331041574500
1037.560000000 6.000000000 3.279718637500
1047.310000000 6.500000000 3.275858402300
1039.810000000 9.000000000 3.274652242700
1035.560000000 9.000000000 3.266070127500
1029.810000000 6.000000000 3.265981435800
1033.060000000 7.500000000 3.226250886900
1044.810000000 5.500000000 3.224956750900
1047.310000000 6.000000000 3.222559213600
1045.060000000 6.000000000 3.216078758200
1036.560000000 6.500000000 3.215529918700
1049.060000000 10.000000000 3.205695390700
1046.310000000 6.000000000 3.202177047700
1048.810000000 9.500000000 3.201571941400
1049.060000000 9.500000000 3.195150375400
1040.060000000 9.000000000 3.187763929400
1043.560000000 6.500000000 3.184710502600
1048.560000000 9.500000000 3.172985553700
1032.810000000 10.000000000 3.170892477000
1044.060000000 6.000000000 3.169552803000
1035.560000000 10.000000000 3.168388605100
1044.560000000 5.500000000 3.151978254300
1044.310000000 6.000000000 3.143249511700
1048.310000000 9.500000000 3.127881050100
1044.560000000 9.500000000 3.115158557900
1035.310000000 10.000000000 3.113252878200
1031.560000000 6.500000000 3.104523420300
1049.310000000 9.500000000 3.101051092100
1045.060000000 5.500000000 3.093415498700
1040.810000000 6.000000000 3.091938495600
1049.310000000 10.000000000 3.090201377900
1039.560000000 9.000000000 3.084510803200
1039.060000000 6.000000000 3.082584619500
1036.810000000 6.500000000 3.074797868700
1033.560000000 10.000000000 3.072561502500
1048.060000000 9.500000000 3.063318967800
1037.810000000 9.000000000 3.054322719600
1039.310000000 6.000000000 3.051012277600
1041.560000000 6.000000000 3.050691127800
1038.810000000 6.000000000 3.046918392200
1044.560000000 6.000000000 3.044672250700
1037.060000000 9.000000000 3.032632112500
1035.810000000 10.000000000 3.031129837000
1034.560000000 5.500000000 3.030818462400
1047.560000000 6.000000000 3.027274131800
1043.810000000 6.000000000 3.023317813900
1044.810000000 6.000000000 3.023180723200
1031.060000000 7.000000000 3.018704891200
1034.310000000 5.500000000 3.013510465600
1029.560000000 9.000000000 2.995364427600
1038.310000000 5.500000000 2.994605302800
1047.560000000 6.500000000 2.991744041400
1035.060000000 10.000000000 2.990450620700
1046.060000000 10.000000000 2.985581874800
1033.810000000 10.000000000 2.982858657800
1033.310000000 7.500000000 2.974617242800
1038.560000000 5.500000000 2.973300457000
1047.810000000 9.500000000 2.971017122300
1030.310000000 7.500000000 2.969970464700
1037.560000000 9.000000000 2.967504501300
1035.560000000 5.500000000 2.961287975300
1038.560000000 6.000000000 2.946548700300
1029.560000000 6.000000000 2.945681333500
1039.560000000 6.000000000 2.938696146000
1033.310000000 10.000000000 2.936977863300
1036.810000000 9.000000000 2.917206764200
1038.810000000 5.500000000 2.915866613400
1043.310000000 6.500000000 2.907491922400
1034.810000000 10.000000000 2.903229951900
1033.810000000 9.500000000 2.895302772500
1038.060000000 5.500000000 2.892822265600
1045.310000000 5.500000000 2.891657114000
1035.810000000 9.000000000 2.886924982100
1033.560000000 7.500000000 2.880127906800
1040.560000000 6.000000000 2.859817266500
1034.060000000 10.000000000 2.858413934700
1046.810000000 5.500000000 2.858031272900
1034.560000000 10.000000000 2.851941824000
1047.810000000 6.500000000 2.850744009000
1039.060000000 5.500000000 2.846541881600
1048.060000000 6.500000000 2.839479923200
1037.310000000 9.000000000 2.829017400700
1047.560000000 9.500000000 2.828136682500
1039.060000000 9.000000000 2.827667236300
1042.060000000 10.000000000 2.825614690800
1042.310000000 10.000000000 2.822106361400
1048.310000000 6.500000000 2.821730852100
1034.310000000 10.000000000 2.820517063100
1038.060000000 9.000000000 2.817421197900
1044.310000000 5.500000000 2.798793077500
1046.560000000 5.500000000 2.793241024000
1042.560000000 10.000000000 2.783097028700
1041.560000000 9.500000000 2.776349306100
1038.310000000 6.000000000 2.775992155100
1034.060000000 9.500000000 2.769167661700
1041.810000000 10.000000000 2.769039630900
1043.060000000 10.000000000 2.768269538900
1047.810000000 6.000000000 2.763831377000
1039.310000000 9.000000000 2.759534120600
1043.310000000 10.000000000 2.759526491200
1039.810000000 6.000000000 2.757153272600
1040.310000000 6.000000000 2.748547077200
1039.310000000 5.500000000 2.748025894200
1042.810000000 10.000000000 2.744410276400
1040.060000000 6.000000000 2.741794586200
1029.560000000 7.500000000 2.718280315400
1041.060000000 6.500000000 2.705388069200
1036.060000000 10.000000000 2.701492548000
1045.560000000 5.500000000 2.685536146200
1047.060000000 5.500000000 2.682796239900
1043.560000000 10.000000000 2.679916143400
1041.560000000 10.000000000 2.662955284100
1038.810000000 9.000000000 2.659281969100
1043.560000000 6.000000000 2.658153533900
1034.310000000 9.500000000 2.646392107000
1036.560000000 9.000000000 2.643632888800
1048.060000000 6.000000000 2.642254591000
1048.560000000 6.500000000 2.623254776000
1037.810000000 5.500000000 2.604398489000
1039.560000000 5.500000000 2.604105472600
1047.310000000 9.500000000 2.601381540300
1045.810000000 10.000000000 2.599880218500
1038.060000000 6.000000000 2.591577291500
1046.310000000 5.500000000 2.590915441500
1033.060000000 10.000000000 2.589261531800
1048.310000000 6.000000000 2.583065748200
1041.810000000 7.000000000 2.583056211500
1036.060000000 9.000000000 2.571688890500
1029.810000000 7.500000000 2.559968709900
1034.560000000 9.500000000 2.559128284500
1030.060000000 7.500000000 2.537677288100
1041.310000000 10.000000000 2.523428440100
1045.810000000 5.500000000 2.519412279100
1030.810000000 7.000000000 2.516575336500
1043.810000000 10.000000000 2.500026226000
1043.060000000 6.500000000 2.494943380400
1034.810000000 9.500000000 2.492541790000
1048.560000000 6.000000000 2.489454984700
1035.810000000 5.500000000 2.483911514300
1041.810000000 6.000000000 2.483330726600
1036.310000000 9.000000000 2.480485200900
1046.060000000 5.500000000 2.473935365700
1048.560000000 7.000000000 2.458929777100
1037.810000000 6.000000000 2.452950000800
1038.310000000 9.000000000 2.413528680800
1036.310000000 10.000000000 2.412349224100
1039.810000000 5.500000000 2.401046752900
1047.060000000 9.500000000 2.390578508400
1048.810000000 6.000000000 2.386076927200
1035.060000000 9.500000000 2.377952814100
1030.060000000 7.000000000 2.369596242900
1038.560000000 9.000000000 2.350528478600
1041.060000000 10.000000000 2.346455812500
1030.310000000 7.000000000 2.343889236500
1045.560000000 10.000000000 2.336996316900
1031.310000000 6.500000000 2.317097663900
1030.560000000 7.000000000 2.312058925600
1043.310000000 6.000000000 2.311817407600
1047.310000000 5.500000000 2.277673244500
1049.060000000 6.000000000 2.273106813400
1037.560000000 5.500000000 2.266607284500
1044.060000000 5.500000000 2.264048099500
1046.310000000 9.500000000 2.246276855500
1044.060000000 10.000000000 2.241200447100
1039.310000000 9.500000000 2.234749555600
1046.560000000 9.500000000 2.234121084200
1030.060000000 6.500000000 2.226771116300
1037.310000000 5.500000000 2.219941377600
1036.560000000 10.000000000 2.218051195100
1037.060000000 5.500000000 2.216501474400
1046.060000000 9.500000000 2.202815055800
1048.810000000 6.500000000 2.184158802000
1039.560000000 9.500000000 2.171172380400
1046.810000000 9.500000000 2.170151948900
1029.810000000 7.000000000 2.160748720200
1049.060000000 5.500000000 2.155186891600
1042.560000000 5.500000000 2.148450374600
1049.310000000 6.000000000 2.147708892800
1036.810000000 5.500000000 2.146600246400
1048.810000000 7.000000000 2.140975713700
1035.310000000 9.500000000 2.140524864200
1030.310000000 6.500000000 2.139290809600
1045.810000000 9.500000000 2.137438058900
1029.810000000 6.500000000 2.134991884200
1045.310000000 10.000000000 2.124051332500
1042.810000000 5.500000000 2.116052389100
1044.810000000 9.500000000 2.112829208400
1040.060000000 5.500000000 2.112635374100
1039.060000000 9.500000000 2.112419128400
1048.810000000 5.500000000 2.107849597900
1036.810000000 10.000000000 2.103185176800
1042.310000000 5.500000000 2.095161676400
1040.810000000 10.000000000 2.093676090200
1041.310000000 6.500000000 2.087253332100
1036.060000000 5.500000000 2.084936857200
1045.560000000 9.500000000 2.076578378700
1048.560000000 5.500000000 2.063084125500
1037.060000000 10.000000000 2.058025836900
1049.310000000 6.500000000 2.054086923600
1048.310000000 5.500000000 2.038705587400
1037.310000000 10.000000000 2.033166170100
1049.310000000 5.500000000 2.019273042700
1045.310000000 9.500000000 2.017105102500
1043.060000000 5.500000000 2.015910148600
1029.560000000 6.500000000 2.010073185000
1036.560000000 5.500000000 2.003325223900
1037.560000000 10.000000000 1.995588660200
1045.060000000 10.000000000 1.964958667800
1048.060000000 5.500000000 1.960239768000
1044.310000000 10.000000000 1.959171891200
1042.810000000 6.500000000 1.958144903200
1035.560000000 9.500000000 1.949230670900
1040.560000000 10.000000000 1.943487405800
1037.810000000 10.000000000 1.941455483400
1030.560000000 6.500000000 1.941177249000
1049.060000000 6.500000000 1.932171583200
1039.810000000 9.500000000 1.927848577500
1045.060000000 9.500000000 1.923749446900
1042.060000000 5.500000000 1.920469164800
1042.060000000 6.000000000 1.915505528500
1047.560000000 5.500000000 1.903982400900
1043.060000000 6.000000000 1.903827309600
1038.810000000 9.500000000 1.901272535300
1044.810000000 10.000000000 1.891575574900
1044.560000000 10.000000000 1.879083037400
1031.060000000 6.500000000 1.872347116500
1036.310000000 5.500000000 1.870523214300
1038.060000000 10.000000000 1.863919854200
1037.810000000 9.500000000 1.861876726200
1040.310000000 10.000000000 1.838613748600
1049.060000000 7.000000000 1.820034503900
1043.310000000 5.500000000 1.815814971900
1038.060000000 9.500000000 1.813564181300
1041.310000000 9.500000000 1.808152198800
1043.810000000 5.500000000 1.799751997000
1047.810000000 5.500000000 1.799020648000
1030.810000000 6.500000000 1.790209174200
1037.560000000 9.500000000 1.784642934800
1041.060000000 9.500000000 1.755309939400
1040.810000000 9.500000000 1.755234003100
1038.310000000 10.000000000 1.745501518200
1038.560000000 9.500000000 1.743867039700
1038.310000000 9.500000000 1.741071462600
1029.560000000 7.000000000 1.715470790900
1040.310000000 5.500000000 1.713717579800
1041.810000000 5.500000000 1.694929719000
1040.810000000 5.500000000 1.677219152500
1043.560000000 5.500000000 1.672043681100
1040.560000000 9.500000000 1.666811943100
1040.560000000 5.500000000 1.665480494500
1038.560000000 10.000000000 1.656361699100
1035.810000000 9.500000000 1.649382591200
1042.810000000 6.000000000 1.614674568200
1040.060000000 9.500000000 1.614466667200
1041.060000000 5.500000000 1.603293538100
1049.310000000 7.000000000 1.597997427000
1041.560000000 6.500000000 1.586195945700
1040.060000000 10.000000000 1.581550598100
1041.560000000 5.500000000 1.567189931900
1037.310000000 9.500000000 1.564814686800
1039.810000000 10.000000000 1.555464386900
1037.060000000 9.500000000 1.551440239000
1036.060000000 9.500000000 1.548712968800
1042.310000000 6.000000000 1.545915246000
1041.310000000 5.500000000 1.540273547200
1039.060000000 10.000000000 1.514589190500
1040.310000000 9.500000000 1.502396941200
1038.810000000 10.000000000 1.502292633100
1036.310000000 9.500000000 1.484369635600
1039.560000000 10.000000000 1.482284903500
1039.310000000 10.000000000 1.460789918900
1042.560000000 6.000000000 1.457754492800
1042.560000000 6.500000000 1.449936509100
1036.560000000 9.500000000 1.435569524800
1036.810000000 9.500000000 1.421181678800
1041.810000000 6.500000000 1.315731525400
1042.060000000 6.500000000 1.187131166500
1042.310000000 6.500000000 1.101437211000
