970.030000000 8.600000000 21.640640258800
970.030000000 8.400000000 21.382499694800
970.030000000 8.800000000 21.327157974200
969.780000000 8.600000000 21.282485961900
975.530000000 8.600000000 21.102155685400
969.780000000 8.400000000 21.072250366200
975.780000000 8.400000000 20.996421814000
975.530000000 8.400000000 20.984674453700
975.780000000 8.600000000 20.937381744400
970.280000000 8.600000000 20.935201644900
970.280000000 8.800000000 20.853351593000
969.780000000 8.800000000 20.840278625500
970.030000000 9.000000000 20.822107315100
975.530000000 8.800000000 20.815717697100
975.780000000 8.200000000 20.757068634000
976.030000000 8.400000000 20.702924728400
976.030000000 8.200000000 20.671672821000
970.030000000 8.200000000 20.633718490600
970.280000000 9.000000000 20.584337234500
975.280000000 8.600000000 20.573108673100
975.780000000 8.800000000 20.569393158000
976.030000000 8.600000000 20.515874862700
975.530000000 8.200000000 20.494354248000
970.280000000 8.400000000 20.491413116500
976.030000000 8.000000000 20.426797866800
975.280000000 8.400000000 20.366353988600
975.280000000 8.800000000 20.357868194600
975.530000000 9.000000000 20.318164825400
969.780000000 8.200000000 20.301219940200
971.280000000 8.800000000 20.278833389300
970.530000000 8.800000000 20.274272918700
975.780000000 8.000000000 20.249572753900
976.280000000 8.200000000 20.247663497900
976.280000000 8.400000000 20.243309021000
971.280000000 9.000000000 20.230459213300
971.530000000 8.800000000 20.218936920200
971.030000000 8.800000000 20.184528350800
971.030000000 9.000000000 20.183397293100
970.530000000 8.600000000 20.178823471100
970.530000000 9.000000000 20.172773361200
969.780000000 9.000000000 20.156494140600
976.030000000 8.800000000 20.117980957000
976.280000000 8.000000000 20.083045959500
971.280000000 8.600000000 20.075447082500
971.530000000 9.000000000 20.073543548600
970.780000000 8.800000000 20.072471618700
971.780000000 8.800000000 20.066274642900
976.280000000 8.600000000 20.064928054800
970.780000000 9.000000000 20.055381774900
971.530000000 8.600000000 20.025688171400
971.030000000 8.600000000 19.985778808600
975.780000000 9.000000000 19.982479095500
976.030000000 7.800000000 19.952903747600
971.780000000 8.600000000 19.918771743800
975.280000000 9.000000000 19.917314529400
970.780000000 8.600000000 19.894599914600
971.780000000 9.000000000 19.838863372800
970.030000000 9.200000000 19.824409484900
970.280000000 9.200000000 19.806304931600
975.280000000 8.200000000 19.773902893100
976.280000000 7.800000000 19.735593795800
976.280000000 8.800000000 19.724443435700
975.530000000 8.000000000 19.697795867900
972.030000000 8.800000000 19.646755218500
970.280000000 8.200000000 19.629480361900
971.280000000 9.200000000 19.618400573700
976.030000000 9.000000000 19.574357986500
971.030000000 9.200000000 19.572109222400
970.530000000 8.400000000 19.568742752100
972.030000000 8.600000000 19.545728683500
970.530000000 9.200000000 19.535923004200
971.530000000 9.200000000 19.507400512700
970.030000000 8.000000000 19.503799438500
975.530000000 9.200000000 19.502090454100
975.780000000 7.800000000 19.488435745200
970.780000000 9.200000000 19.458663940400
975.030000000 8.600000000 19.458450317400
972.030000000 9.000000000 19.447116851800
971.780000000 8.400000000 19.370409011800
971.780000000 9.200000000 19.355833053600
976.280000000 9.000000000 19.341835022000
971.530000000 8.400000000 19.327394485500
971.280000000 8.400000000 19.325260162400
976.530000000 8.400000000 19.313722610500
976.530000000 8.200000000 19.302566528300
975.030000000 8.400000000 19.289035797100
976.030000000 7.600000000 19.258306503300
975.030000000 8.800000000 19.255727767900
975.780000000 9.200000000 19.252771377600
976.530000000 8.600000000 19.240688324000
971.030000000 8.400000000 19.240541458100
969.530000000 8.600000000 19.228485107400
976.280000000 7.600000000 19.213884353600
970.780000000 8.400000000 19.189975738500
972.030000000 8.400000000 19.139795303300
976.530000000 8.000000000 19.139377594000
975.280000000 9.200000000 19.122386932400
969.780000000 8.000000000 19.108341217000
972.030000000 9.200000000 19.085023880000
976.530000000 8.800000000 19.050867080700
969.780000000 9.200000000 18.993225097700
976.030000000 9.200000000 18.966978073100
969.530000000 8.800000000 18.907247543300
975.280000000 8.000000000 18.874303817700
969.530000000 8.400000000 18.862005233800
976.280000000 9.200000000 18.851047515900
976.530000000 7.800000000 18.827659606900
976.530000000 9.000000000 18.808174133300
975.030000000 8.200000000 18.775508880600
971.780000000 8.200000000 18.701370239300
975.030000000 9.000000000 18.695888519300
975.530000000 7.800000000 18.652730941800
975.780000000 7.600000000 18.598705291700
972.030000000 8.200000000 18.592412948600
970.530000000 8.200000000 18.583526611300
971.280000000 9.400000000 18.572868347200
970.280000000 9.400000000 18.552938461300
971.030000000 9.400000000 18.546489715600
972.280000000 8.800000000 18.534198761000
976.280000000 7.400000000 18.523855209400
972.280000000 9.000000000 18.506818771400
976.530000000 9.200000000 18.494974136400
971.530000000 8.200000000 18.487726211500
970.280000000 8.000000000 18.468336105300
976.030000000 7.400000000 18.454877853400
971.530000000 9.400000000 18.454233169600
970.780000000 9.400000000 18.405765533400
972.280000000 8.600000000 18.400539398200
970.030000000 9.400000000 18.393388748200
975.530000000 9.400000000 18.389535903900
971.780000000 9.400000000 18.385961532600
976.530000000 7.600000000 18.375934600800
970.530000000 9.400000000 18.369773864700
972.030000000 9.400000000 18.369619369500
976.280000000 9.400000000 18.335189819300
972.280000000 9.200000000 18.314657211300
971.280000000 8.200000000 18.303356170700
969.530000000 9.000000000 18.301021575900
975.780000000 9.400000000 18.282770156900
976.030000000 9.400000000 18.190874099700
976.530000000 9.400000000 18.131139755200
971.030000000 8.200000000 18.125345230100
970.780000000 8.200000000 18.120599746700
970.030000000 7.800000000 18.119735717800
974.780000000 8.600000000 18.116344451900
972.280000000 8.400000000 18.064365387000
974.780000000 8.400000000 18.047195434600
975.280000000 9.400000000 18.020486831700
975.030000000 9.200000000 17.998018264800
975.030000000 8.000000000 17.979215621900
969.530000000 8.200000000 17.955877304100
972.280000000 9.400000000 17.877132415800
974.780000000 8.800000000 17.874803543100
972.030000000 8.000000000 17.873598098800
976.530000000 7.400000000 17.797363281200
971.780000000 8.000000000 17.783685684200
976.280000000 9.600000000 17.776144027700
975.280000000 7.800000000 17.741386413600
969.780000000 7.800000000 17.707933425900
976.530000000 9.600000000 17.706623077400
976.780000000 8.600000000 17.688497543300
974.780000000 8.200000000 17.683452606200
976.280000000 7.200000000 17.682622909500
976.780000000 8.400000000 17.664661407500
976.780000000 8.800000000 17.623258590700
976.780000000 8.200000000 17.599012374900
977.030000000 8.600000000 17.591674804700
977.030000000 8.800000000 17.585557937600
972.280000000 8.200000000 17.572830200200
975.780000000 7.400000000 17.569396972700
972.030000000 9.600000000 17.560297012300
976.780000000 9.000000000 17.518798828100
975.530000000 7.600000000 17.510677337600
977.030000000 8.400000000 17.493097305300
976.030000000 7.200000000 17.475870132400
976.030000000 9.600000000 17.470912933300
977.030000000 9.000000000 17.450717926000
971.530000000 8.000000000 17.427541732800
971.780000000 9.600000000 17.424402236900
976.780000000 8.000000000 17.412851333600
969.780000000 9.400000000 17.389736175500
971.280000000 9.600000000 17.374227523800
976.780000000 9.200000000 17.367597580000
970.530000000 8.000000000 17.361490249600
971.030000000 9.600000000 17.354763031000
971.530000000 9.600000000 17.338918685900
974.780000000 9.000000000 17.317916870100
972.280000000 9.600000000 17.308902740500
976.530000000 9.800000000 17.273218154900
970.280000000 9.600000000 17.268901825000
975.780000000 9.600000000 17.264482498200
970.780000000 9.600000000 17.261125564600
977.030000000 8.200000000 17.256549835200
970.530000000 9.600000000 17.245067596400
969.530000000 9.200000000 17.202936172500
977.030000000 9.200000000 17.199180603000
976.280000000 9.800000000 17.186347961400
971.280000000 8.000000000 17.173145294200
976.780000000 9.400000000 17.160463333100
975.530000000 9.600000000 17.158287048300
970.280000000 7.800000000 17.129026413000
976.780000000 7.800000000 17.124710083000
977.280000000 8.800000000 17.121360778800
976.530000000 7.200000000 17.107219696000
974.780000000 8.000000000 17.063159942600
972.030000000 7.800000000 17.057460784900
977.280000000 9.000000000 17.056415557900
975.030000000 9.400000000 17.018720626800
977.280000000 8.600000000 17.012300491300
971.030000000 8.000000000 16.977506637600
972.280000000 8.000000000 16.964859008800
970.030000000 9.600000000 16.958465576200
975.030000000 7.800000000 16.956861496000
970.780000000 8.000000000 16.927225112900
969.530000000 8.000000000 16.911333084100
976.780000000 9.600000000 16.900257110600
977.030000000 8.000000000 16.899202346800
971.780000000 7.800000000 16.882400512700
977.030000000 9.400000000 16.870294570900
977.280000000 9.200000000 16.840894699100
976.280000000 7.000000000 16.768505096400
976.530000000 10.000000000 16.760131835900
976.780000000 7.600000000 16.739992141700
975.280000000 9.600000000 16.739336013800
977.280000000 8.400000000 16.732067108200
972.530000000 9.000000000 16.672372818000
972.530000000 9.200000000 16.661489486700
972.280000000 9.800000000 16.627544403100
976.030000000 9.800000000 16.625162124600
976.280000000 10.000000000 16.605150222800
970.030000000 7.600000000 16.598976135300
976.780000000 9.800000000 16.582479476900
972.030000000 9.800000000 16.566947937000
972.530000000 8.800000000 16.503101348900
977.280000000 9.400000000 16.492166519200
975.780000000 7.200000000 16.490522384600
974.780000000 9.200000000 16.484613418600
974.530000000 8.400000000 16.482503891000
977.030000000 9.600000000 16.479719162000
974.530000000 8.600000000 16.472385406500
975.280000000 7.600000000 16.461610794100
977.030000000 7.800000000 16.458044052100
976.030000000 7.000000000 16.446472168000
972.530000000 9.400000000 16.441640853900
971.530000000 7.800000000 16.354207992600
976.530000000 7.000000000 16.349206924400
969.280000000 8.600000000 16.333225250200
972.280000000 7.800000000 16.313734054600
977.280000000 8.200000000 16.303478241000
975.530000000 7.400000000 16.286386489900
969.280000000 8.800000000 16.276149749800
976.780000000 7.400000000 16.273202896100
972.030000000 7.600000000 16.242637634300
972.530000000 8.600000000 16.238271713300
974.530000000 8.200000000 16.234409332300
974.780000000 7.800000000 16.217773437500
974.530000000 8.800000000 16.198909759500
976.780000000 10.000000000 16.196462631200
975.780000000 9.800000000 16.193080902100
969.780000000 7.600000000 16.163516998300
972.530000000 9.600000000 16.131643295300
971.780000000 9.800000000 16.130031585700
970.530000000 7.800000000 16.086172103900
977.030000000 9.800000000 16.067384719800
977.280000000 9.600000000 16.053401947000
971.780000000 7.600000000 16.016973495500
969.280000000 9.000000000 15.992624282800
977.030000000 7.600000000 15.963649749800
969.780000000 9.600000000 15.927640914900
975.530000000 9.800000000 15.924217224100
971.280000000 7.800000000 15.907910347000
972.530000000 8.400000000 15.851856231700
976.030000000 10.000000000 15.850086212200
971.530000000 9.800000000 15.846987724300
971.280000000 9.800000000 15.840612411500
969.280000000 8.400000000 15.822467804000
971.030000000 9.800000000 15.813369751000
975.030000000 9.600000000 15.806330680800
976.780000000 7.200000000 15.799360275300
976.280000000 6.800000000 15.785912513700
977.280000000 8.000000000 15.782779693600
970.280000000 9.800000000 15.780702590900
972.280000000 10.000000000 15.780101776100
975.030000000 7.600000000 15.778607368500
970.530000000 9.800000000 15.759779930100
974.530000000 8.000000000 15.749794006300
969.530000000 9.400000000 15.723053932200
970.780000000 9.800000000 15.721769332900
970.280000000 7.600000000 15.711101532000
971.030000000 7.800000000 15.685932159400
977.030000000 10.000000000 15.671297073400
974.530000000 9.000000000 15.665113449100
972.530000000 9.800000000 15.654379844700
970.780000000 7.800000000 15.651711463900
974.780000000 9.400000000 15.625588417100
972.280000000 7.600000000 15.621168136600
969.530000000 7.800000000 15.576243400600
972.030000000 7.400000000 15.562160491900
977.280000000 9.800000000 15.551112175000
976.530000000 6.800000000 15.548333168000
972.030000000 10.000000000 15.515267372100
975.280000000 9.800000000 15.501363754300
977.030000000 7.400000000 15.451643943800
971.780000000 7.400000000 15.396124839800
970.030000000 9.800000000 15.391098976100
972.530000000 8.200000000 15.368207931500
975.780000000 7.000000000 15.362124443100
976.030000000 6.800000000 15.350795745800
971.530000000 7.600000000 15.338216781600
976.780000000 7.000000000 15.300560951200
972.030000000 7.200000000 15.257008552600
969.280000000 9.200000000 15.213870048500
974.780000000 7.600000000 15.191896438600
975.280000000 7.400000000 15.191158294700
977.280000000 7.800000000 15.179904937700
972.030000000 7.000000000 15.163977623000
971.780000000 7.200000000 15.092497825600
972.030000000 6.800000000 15.075598716700
975.780000000 10.000000000 15.072487831100
975.530000000 7.200000000 15.052725791900
974.530000000 7.800000000 15.045163154600
970.030000000 7.400000000 15.033024787900
977.280000000 10.000000000 15.021510124200
972.530000000 10.000000000 15.018792152400
977.530000000 8.800000000 14.993672370900
969.280000000 8.200000000 14.993161201500
977.030000000 7.200000000 14.950561523400
972.280000000 7.400000000 14.945413589500
971.780000000 7.000000000 14.941453933700
972.280000000 7.000000000 14.938179016100
971.780000000 10.000000000 14.928483009300
977.530000000 8.600000000 14.922293663000
977.530000000 9.000000000 14.922093391400
972.280000000 6.800000000 14.899131774900
972.030000000 6.600000000 14.890893936200
974.530000000 9.200000000 14.889988899200
972.280000000 7.200000000 14.888952255200
972.530000000 8.000000000 14.823821067800
971.780000000 6.800000000 14.785475730900
976.280000000 6.600000000 14.780203819300
970.530000000 7.600000000 14.767411232000
972.280000000 6.600000000 14.760267257700
971.280000000 7.600000000 14.756897926300
976.780000000 6.800000000 14.752270698500
976.530000000 6.600000000 14.734824180600
977.530000000 9.200000000 14.705350875900
977.530000000 8.400000000 14.684358596800
975.030000000 9.800000000 14.642348289500
972.030000000 6.400000000 14.577726364100
975.530000000 10.000000000 14.572412490800
971.780000000 6.600000000 14.566398620600
974.780000000 9.600000000 14.560288429300
969.780000000 7.400000000 14.553440094000
971.530000000 10.000000000 14.544444084200
977.280000000 7.600000000 14.541335105900
971.530000000 7.400000000 14.529092788700
972.530000000 7.000000000 14.507707595800
975.030000000 7.400000000 14.504722595200
972.280000000 6.400000000 14.463412284900
972.530000000 6.800000000 14.455263137800
977.030000000 7.000000000 14.452301025400
972.530000000 7.200000000 14.449834823600
971.280000000 10.000000000 14.449216842700
971.030000000 10.000000000 14.425695419300
969.030000000 9.000000000 14.409782409700
969.030000000 8.800000000 14.408516883900
971.030000000 7.600000000 14.377189636200
977.530000000 9.400000000 14.365760803200
970.780000000 10.000000000 14.353170394900
970.780000000 7.600000000 14.340873718300
972.530000000 7.400000000 14.339144706700
969.530000000 9.600000000 14.315224647500
972.530000000 6.600000000 14.292966842700
970.530000000 10.000000000 14.292188644400
977.530000000 8.200000000 14.289004325900
970.280000000 7.400000000 14.286610603300
969.030000000 8.600000000 14.284346580500
972.530000000 7.800000000 14.284104347200
969.780000000 9.800000000 14.267340660100
971.780000000 6.400000000 14.239114761400
976.030000000 6.600000000 14.228763580300
974.280000000 8.400000000 14.225133895900
975.780000000 6.800000000 14.223710060100
974.280000000 8.600000000 14.204619407700
970.280000000 10.000000000 14.188746452300
976.780000000 6.600000000 14.163609504700
974.530000000 7.600000000 14.150468826300
975.280000000 10.000000000 14.149116516100
972.530000000 7.600000000 14.142251014700
969.530000000 7.600000000 14.132720947300
971.530000000 7.200000000 14.122189521800
972.030000000 6.200000000 14.103363990800
969.280000000 9.400000000 14.098302841200
972.780000000 9.200000000 14.072747230500
969.280000000 8.000000000 14.061244964600
974.780000000 7.400000000 14.028006553600
974.280000000 8.200000000 14.026338577300
972.280000000 6.200000000 14.026093483000
969.030000000 9.200000000 14.021035194400
972.530000000 6.400000000 14.013976097100
974.530000000 9.400000000 14.001432418800
972.780000000 9.000000000 13.991938591000
972.780000000 9.400000000 13.989125251800
974.280000000 8.800000000 13.962371826200
971.530000000 7.000000000 13.950348854100
977.030000000 6.800000000 13.944695472700
977.530000000 9.600000000 13.944639205900
976.530000000 6.400000000 13.916793823200
977.280000000 7.400000000 13.910364151000
975.280000000 7.200000000 13.891850471500
975.530000000 7.000000000 13.848827362100
967.780000000 8.200000000 13.827938079800
967.780000000 8.400000000 13.813906669600
971.530000000 6.800000000 13.812648773200
967.780000000 8.000000000 13.812006950400
969.030000000 8.400000000 13.799938201900
967.780000000 7.800000000 13.780999183700
972.780000000 9.600000000 13.778668403600
976.280000000 6.400000000 13.775734901400
971.780000000 6.200000000 13.773107528700
977.530000000 8.000000000 13.768195152300
970.030000000 10.000000000 13.742119789100
972.780000000 8.800000000 13.730204582200
967.780000000 8.600000000 13.726846694900
967.780000000 7.600000000 13.719762802100
968.780000000 9.000000000 13.715994834900
971.280000000 7.400000000 13.694526672400
967.780000000 7.400000000 13.683534622200
968.780000000 8.800000000 13.671007156400
971.530000000 6.600000000 13.631201744100
968.030000000 8.200000000 13.625987052900
974.280000000 8.000000000 13.625099182100
967.780000000 7.200000000 13.623972892800
968.030000000 8.000000000 13.618430137600
972.530000000 6.200000000 13.618382453900
968.030000000 8.400000000 13.603194236800
972.780000000 7.000000000 13.602341651900
972.780000000 7.200000000 13.593453407300
968.780000000 9.200000000 13.591760635400
967.780000000 8.800000000 13.587136268600
968.030000000 7.800000000 13.582320213300
967.780000000 7.000000000 13.574185371400
968.030000000 7.600000000 13.570537567100
968.030000000 8.600000000 13.550567627000
976.780000000 6.400000000 13.533977508500
968.030000000 7.400000000 13.522171974200
968.780000000 8.600000000 13.519343376200
972.780000000 6.800000000 13.515966415400
972.030000000 6.000000000 13.511240005500
974.280000000 9.000000000 13.503673553500
972.780000000 7.400000000 13.490004539500
970.030000000 7.200000000 13.489078521700
977.530000000 9.800000000 13.471043586700
972.280000000 6.000000000 13.463229179400
970.530000000 7.400000000 13.460325241100
967.780000000 6.800000000 13.459481239300
968.030000000 8.800000000 13.457438468900
968.030000000 7.200000000 13.443632125900
977.030000000 6.600000000 13.410482406600
972.780000000 8.600000000 13.407085418700
975.030000000 10.000000000 13.399524688700
967.780000000 9.000000000 13.381387710600
974.780000000 9.800000000 13.371598243700
968.530000000 8.800000000 13.361009597800
971.530000000 6.400000000 13.357737541200
972.780000000 9.800000000 13.346631050100
968.530000000 9.000000000 13.345654487600
972.780000000 6.600000000 13.335124969500
977.280000000 7.200000000 13.334550857500
968.030000000 9.000000000 13.319010734600
968.030000000 7.000000000 13.314757347100
972.780000000 7.600000000 13.306050300600
969.030000000 9.400000000 13.299016952500
968.530000000 8.600000000 13.285188674900
967.780000000 6.600000000 13.281054496800
975.030000000 7.200000000 13.262125015300
968.280000000 8.600000000 13.248263359100
968.280000000 8.400000000 13.246724128700
968.530000000 9.200000000 13.219200134300
971.030000000 7.400000000 13.218480110200
968.280000000 8.800000000 13.213258743300
968.280000000 8.200000000 13.213255882300
968.780000000 9.400000000 13.211405754100
967.530000000 8.200000000 13.200582504300
968.780000000 8.400000000 13.183151245100
967.530000000 8.000000000 13.182201385500
971.780000000 6.000000000 13.173825264000
967.530000000 8.400000000 13.166110992400
977.530000000 7.800000000 13.165628433200
968.280000000 8.000000000 13.153324127200
968.530000000 8.400000000 13.134354591400
967.530000000 7.800000000 13.131186485300
968.280000000 9.000000000 13.130207061800
968.030000000 9.200000000 13.130075454700
972.530000000 6.000000000 13.118892669700
976.030000000 6.400000000 13.106953620900
967.780000000 9.200000000 13.100307464600
974.530000000 7.400000000 13.097393989600
976.530000000 6.200000000 13.095819473300
975.780000000 6.600000000 13.092199325600
968.030000000 6.800000000 13.091714859000
969.030000000 8.200000000 13.075912475600
970.780000000 7.400000000 13.074936866800
972.780000000 7.800000000 13.070979118300
974.530000000 9.600000000 13.068059921300
972.780000000 6.400000000 13.066448211700
967.530000000 8.600000000 13.064278602600
968.280000000 7.800000000 13.058944702100
967.530000000 7.600000000 13.053201675400
974.280000000 7.800000000 13.035149574300
968.530000000 9.400000000 13.029855728100
967.780000000 6.400000000 13.008939743000
968.280000000 9.200000000 12.991643905600
967.530000000 7.400000000 12.991406440700
972.780000000 8.400000000 12.982660293600
977.530000000 10.000000000 12.979695320100
971.530000000 6.200000000 12.971606254600
969.780000000 7.200000000 12.966910362200
969.280000000 7.800000000 12.956724166900
967.530000000 7.200000000 12.927334785500
968.280000000 7.600000000 12.925743103000
968.530000000 8.200000000 12.925164222700
969.280000000 9.600000000 12.916683197000
970.280000000 7.200000000 12.904558181800
968.030000000 9.400000000 12.889533042900
967.530000000 7.000000000 12.881068229700
972.780000000 10.000000000 12.877861022900
967.530000000 8.800000000 12.875591278100
976.780000000 6.200000000 12.871440887500
971.280000000 7.200000000 12.859078407300
977.030000000 6.400000000 12.857943534900
974.280000000 9.200000000 12.846184730500
977.280000000 7.000000000 12.823217392000
974.780000000 7.200000000 12.806384086600
967.530000000 6.800000000 12.803790092500
968.280000000 7.400000000 12.787032127400
968.280000000 9.400000000 12.785515785200
972.030000000 5.800000000 12.782396316500
976.280000000 6.200000000 12.779228210400
972.280000000 5.800000000 12.776390075700
968.030000000 6.600000000 12.760268211400
967.780000000 9.400000000 12.754817009000
972.780000000 8.000000000 12.751770973200
968.530000000 9.600000000 12.742546081500
972.780000000 6.200000000 12.722782135000
968.780000000 8.200000000 12.714677810700
975.530000000 6.800000000 12.709503173800
969.780000000 10.000000000 12.701890945400
967.530000000 6.600000000 12.700866699200
969.530000000 7.400000000 12.698900222800
968.780000000 9.600000000 12.694031715400
969.530000000 9.800000000 12.677808761600
968.530000000 8.000000000 12.668321609500
975.280000000 7.000000000 12.661791801500
968.030000000 9.600000000 12.609014511100
967.780000000 6.200000000 12.603814125100
967.530000000 9.000000000 12.596594810500
968.280000000 7.200000000 12.572002410900
968.280000000 9.600000000 12.567544937100
972.780000000 8.200000000 12.542990684500
967.530000000 6.400000000 12.540288925200
977.530000000 7.600000000 12.534647941600
972.530000000 5.800000000 12.525341033900
971.280000000 7.000000000 12.512435913100
969.030000000 9.600000000 12.490752220200
971.780000000 5.800000000 12.482283592200
971.530000000 6.000000000 12.475195884700
971.280000000 6.800000000 12.407049179100
967.780000000 9.600000000 12.376476287800
968.530000000 7.800000000 12.367260932900
977.280000000 6.800000000 12.359701156600
969.030000000 8.000000000 12.354669570900
968.030000000 9.800000000 12.343122482300
968.530000000 9.800000000 12.315597534200
967.530000000 6.200000000 12.299941062900
972.780000000 6.000000000 12.296891212500
968.280000000 9.800000000 12.289237022400
971.280000000 6.600000000 12.288391113300
968.030000000 6.400000000 12.286458969100
974.780000000 10.000000000 12.283425331100
974.280000000 7.600000000 12.283085823100
976.530000000 6.000000000 12.274199485800
977.030000000 6.200000000 12.271931648300
967.530000000 9.200000000 12.265529632600
968.280000000 7.000000000 12.248529434200
970.530000000 7.200000000 12.214281082200
976.780000000 6.000000000 12.190095901500
968.780000000 8.000000000 12.162073135400
971.030000000 7.200000000 12.151017189000
974.280000000 9.400000000 12.102944374100
971.280000000 6.400000000 12.097804069500
967.780000000 6.000000000 12.063978195200
968.030000000 10.000000000 12.061054229700
968.780000000 9.800000000 12.045058250400
975.030000000 7.000000000 12.024628639200
968.530000000 7.600000000 12.023533821100
976.030000000 6.200000000 12.014029502900
967.780000000 9.800000000 12.012074470500
970.030000000 7.000000000 12.010966301000
974.530000000 9.800000000 12.008914947500
972.280000000 5.600000000 12.001750946000
967.530000000 6.000000000 11.992701530500
974.530000000 7.200000000 11.980980873100
975.780000000 6.400000000 11.979965210000
972.030000000 5.600000000 11.955084800700
968.280000000 10.000000000 11.950589180000
970.780000000 7.200000000 11.927806854200
977.280000000 6.600000000 11.924329757700
977.530000000 7.400000000 11.917885780300
971.530000000 5.800000000 11.897222518900
967.530000000 9.400000000 11.886079788200
971.280000000 6.200000000 11.853958129900
972.530000000 5.600000000 11.849421501200
968.280000000 6.800000000 11.828757286100
969.280000000 7.600000000 11.817806243900
972.780000000 5.800000000 11.804428100600
968.530000000 10.000000000 11.804191589400
976.280000000 6.000000000 11.798040390000
977.780000000 8.600000000 11.796075820900
977.780000000 8.800000000 11.783643722500
967.780000000 10.000000000 11.708868980400
971.780000000 5.600000000 11.693678855900
977.780000000 8.400000000 11.674386978100
977.030000000 6.000000000 11.674230575600
977.780000000 9.000000000 11.638984680200
968.030000000 6.200000000 11.637620925900
975.530000000 6.600000000 11.634471893300
973.030000000 7.000000000 11.633670806900
968.530000000 7.400000000 11.629489898700
974.780000000 7.000000000 11.603382110600
970.280000000 7.000000000 11.594861030600
967.530000000 5.800000000 11.592771530200
967.280000000 8.200000000 11.590922355700
968.780000000 7.800000000 11.586974144000
967.280000000 8.000000000 11.584853172300
973.030000000 7.200000000 11.584788322400
973.030000000 6.800000000 11.575752258300
967.280000000 8.400000000 11.553650856000
967.280000000 7.800000000 11.546932220500
969.030000000 7.800000000 11.542221069300
969.280000000 9.800000000 11.529427528400
975.280000000 6.800000000 11.508166313200
971.280000000 6.000000000 11.504286766100
976.780000000 5.800000000 11.496063232400
977.280000000 6.400000000 11.494417190600
967.280000000 7.600000000 11.489057540900
974.030000000 8.600000000 11.476255416900
967.530000000 9.600000000 11.471663475000
974.030000000 8.400000000 11.471102714500
969.780000000 7.000000000 11.461558342000
967.280000000 8.600000000 11.457847595200
976.530000000 5.800000000 11.453978538500
973.030000000 7.400000000 11.449022293100
977.780000000 8.200000000 11.430078506500
973.030000000 6.600000000 11.423232078600
967.280000000 7.400000000 11.416884422300
969.030000000 9.800000000 11.403236389200
967.780000000 5.800000000 11.400279045100
974.280000000 7.400000000 11.396493911700
977.780000000 9.200000000 11.384445190400
977.530000000 7.200000000 11.350504875200
967.280000000 7.200000000 11.341616630600
969.530000000 7.200000000 11.339230537400
969.530000000 10.000000000 11.309404373200
974.280000000 9.600000000 11.308873176600
974.030000000 8.800000000 11.307101249700
974.030000000 8.200000000 11.298101425200
968.280000000 6.600000000 11.297119140600
967.280000000 8.800000000 11.294644355800
971.030000000 7.000000000 11.273920059200
967.280000000 7.000000000 11.268949508700
972.780000000 5.600000000 11.255139350900
973.030000000 7.600000000 11.237337112400
971.530000000 5.600000000 11.228059768700
968.780000000 10.000000000 11.206405639600
973.030000000 6.400000000 11.187708854700
967.280000000 6.800000000 11.181984901400
968.530000000 7.200000000 11.175183296200
967.530000000 5.600000000 11.099406242400
967.280000000 6.600000000 11.093794822700
977.780000000 8.000000000 11.090392112700
967.530000000 9.800000000 11.086322784400
977.030000000 5.800000000 11.070234298700
977.280000000 6.200000000 11.068168640100
971.280000000 5.800000000 11.061489105200
967.280000000 9.000000000 11.059566497800
970.530000000 7.000000000 11.056925773600
977.780000000 9.400000000 11.050292968800
973.030000000 9.200000000 11.043400764500
973.030000000 9.000000000 11.013928413400
968.780000000 7.600000000 10.985601425200
971.030000000 6.800000000 10.980738639800
974.030000000 8.000000000 10.976935386700
967.280000000 6.400000000 10.976464271500
974.030000000 9.000000000 10.965387344400
973.030000000 9.400000000 10.959481239300
976.030000000 6.000000000 10.950900077800
973.030000000 7.800000000 10.943755149800
974.530000000 10.000000000 10.924228668200
971.030000000 6.600000000 10.901151657100
975.780000000 6.200000000 10.899632453900
970.780000000 7.000000000 10.894059181200
975.030000000 6.800000000 10.872643470800
968.030000000 6.000000000 10.869346618700
973.030000000 6.200000000 10.857502937300
977.530000000 7.000000000 10.855923652600
973.030000000 8.800000000 10.850419044500
967.280000000 6.200000000 10.847838401800
976.280000000 5.800000000 10.842530250500
974.530000000 7.000000000 10.834308624300
967.530000000 10.000000000 10.828566551200
971.030000000 6.400000000 10.809965133700
976.780000000 5.600000000 10.808077812200
967.280000000 9.200000000 10.793647766100
969.280000000 7.400000000 10.722509384200
973.030000000 9.600000000 10.713033676100
969.030000000 7.600000000 10.702043533300
977.780000000 7.800000000 10.689466476400
967.280000000 6.000000000 10.687173843400
977.780000000 9.600000000 10.672056198100
971.030000000 6.200000000 10.657508850100
976.530000000 5.600000000 10.645334243800
968.530000000 7.000000000 10.644422531100
977.280000000 6.000000000 10.636671066300
970.030000000 6.800000000 10.623081207300
975.530000000 6.400000000 10.617703437800
973.030000000 8.000000000 10.616694450400
973.030000000 8.600000000 10.604187965400
967.780000000 5.600000000 10.600140571600
968.280000000 6.400000000 10.599484443700
971.280000000 5.600000000 10.558475494400
974.030000000 7.800000000 10.524195671100
974.030000000 9.200000000 10.507673263500
974.280000000 7.200000000 10.499450683600
967.280000000 5.800000000 10.494513511700
977.030000000 5.600000000 10.486693382300
973.030000000 6.000000000 10.483376503000
967.280000000 9.400000000 10.466169357300
975.280000000 6.600000000 10.454726219200
977.530000000 6.800000000 10.438902854900
971.030000000 6.000000000 10.434533119200
974.780000000 6.800000000 10.430186271700
974.280000000 9.800000000 10.419864654500
969.030000000 10.000000000 10.392475128200
973.030000000 9.800000000 10.383378982500
970.280000000 6.800000000 10.372139930700
968.780000000 7.400000000 10.353165626500
973.030000000 8.400000000 10.342822074900
969.280000000 10.000000000 10.317660331700
977.780000000 9.800000000 10.281469345100
967.280000000 5.600000000 10.271895408600
973.030000000 8.200000000 10.270064353900
977.780000000 7.600000000 10.267776489300
977.280000000 5.800000000 10.200465202300
971.030000000 5.800000000 10.126613616900
967.280000000 9.600000000 10.100720405600
969.780000000 6.800000000 10.099699020400
973.030000000 5.800000000 10.089283943200
977.530000000 6.600000000 10.088442802400
969.530000000 7.000000000 10.084119796800
968.530000000 6.800000000 10.022972106900
970.530000000 6.800000000 9.999208450300
970.780000000 6.800000000 9.986528396600
974.030000000 9.400000000 9.982392311100
974.030000000 7.600000000 9.965316772500
968.030000000 5.800000000 9.949659347500
973.280000000 9.000000000 9.936786651600
973.030000000 10.000000000 9.935703277600
976.030000000 5.800000000 9.931495666500
976.280000000 5.600000000 9.928933143600
973.280000000 9.200000000 9.926481246900
977.780000000 10.000000000 9.915851593000
969.030000000 7.400000000 9.879451751700
975.780000000 6.000000000 9.875082016000
977.780000000 7.400000000 9.856421470600
973.280000000 8.800000000 9.842925071700
973.280000000 9.400000000 9.832337379500
968.280000000 6.200000000 9.805672645600
975.030000000 6.600000000 9.798446655300
977.530000000 6.400000000 9.783725738500
977.280000000 5.600000000 9.778898239100
971.030000000 5.600000000 9.751395225500
967.280000000 9.800000000 9.737905502300
969.280000000 7.200000000 9.704903602600
974.530000000 6.800000000 9.704111099200
968.780000000 7.200000000 9.700423240700
973.030000000 5.600000000 9.694131851200
973.280000000 9.600000000 9.693809509300
973.280000000 8.600000000 9.692537307700
975.530000000 6.200000000 9.657715797400
967.030000000 8.200000000 9.555453300500
967.030000000 8.400000000 9.548626899700
970.780000000 6.600000000 9.534000396700
967.280000000 10.000000000 9.531444549600
967.030000000 8.000000000 9.530870437600
974.280000000 7.000000000 9.518465995800
977.530000000 6.200000000 9.515733718900
967.030000000 8.600000000 9.501520156900
975.280000000 6.400000000 9.498522758500
973.280000000 9.800000000 9.480563163800
967.030000000 7.800000000 9.478718757600
974.280000000 10.000000000 9.475172042800
977.780000000 7.200000000 9.474277496300
970.780000000 6.400000000 9.454598426800
973.280000000 8.400000000 9.443842887900
967.030000000 8.800000000 9.409630775500
967.030000000 7.600000000 9.406789779700
968.530000000 6.600000000 9.366475105300
970.780000000 6.200000000 9.358309745800
974.030000000 9.600000000 9.353899955700
974.030000000 7.400000000 9.344280242900
970.030000000 6.600000000 9.337935447700
967.030000000 7.400000000 9.317670822100
974.780000000 6.600000000 9.315644264200
967.030000000 9.000000000 9.270436286900
977.530000000 6.000000000 9.265158653300
970.280000000 6.600000000 9.242234230000
967.030000000 7.200000000 9.232501983600
970.780000000 6.000000000 9.224343299900
973.280000000 10.000000000 9.205263137800
967.030000000 7.000000000 9.141423225400
977.780000000 7.000000000 9.135493278500
973.530000000 9.200000000 9.132423400900
973.530000000 9.000000000 9.129771232600
973.280000000 8.200000000 9.127731323200
969.030000000 7.200000000 9.095226287800
973.780000000 8.600000000 9.084213256800
967.030000000 9.200000000 9.083929061900
968.780000000 7.000000000 9.067977905300
973.530000000 8.800000000 9.053207397500
973.780000000 8.400000000 9.051112175000
967.030000000 6.800000000 9.048269271900
970.530000000 6.600000000 9.040183067300
970.780000000 5.800000000 9.033213615400
977.530000000 5.800000000 9.025579452500
973.530000000 9.400000000 9.019786834700
973.780000000 8.800000000 8.991239547700
976.030000000 5.600000000 8.972481727600
967.030000000 6.600000000 8.964075088500
969.530000000 6.800000000 8.937209129300
968.030000000 5.600000000 8.920952796900
975.780000000 5.800000000 8.907795906100
973.780000000 8.200000000 8.904805183400
968.280000000 6.000000000 8.892284393300
967.030000000 6.400000000 8.885488510100
967.030000000 9.400000000 8.854281425500
969.780000000 6.600000000 8.854125022900
973.530000000 8.600000000 8.853682518000
977.780000000 6.800000000 8.847100257900
975.030000000 6.400000000 8.819005012500
967.030000000 6.200000000 8.818120002700
973.530000000 9.600000000 8.808296203600
977.530000000 5.600000000 8.800294876100
973.780000000 9.000000000 8.798803329500
970.780000000 5.600000000 8.779237747200
969.280000000 7.000000000 8.773196220400
967.030000000 6.000000000 8.767441749600
975.530000000 6.000000000 8.757820129400
967.030000000 5.800000000 8.732722282400
973.280000000 8.000000000 8.728118896500
967.030000000 5.600000000 8.721918106100
974.030000000 7.200000000 8.698708534200
973.780000000 8.000000000 8.669175148000
974.030000000 9.800000000 8.655399322500
975.280000000 6.200000000 8.628116607700
973.280000000 7.000000000 8.621786117600
968.530000000 6.400000000 8.618718147300
973.280000000 6.800000000 8.614147186300
967.030000000 9.600000000 8.607245445300
974.530000000 6.600000000 8.603260040300
977.780000000 6.600000000 8.601224899300
973.280000000 7.200000000 8.561731338500
974.280000000 6.800000000 8.552336692800
973.530000000 8.400000000 8.552014350900
973.280000000 6.600000000 8.540283203100
973.530000000 9.800000000 8.520716667200
973.780000000 9.200000000 8.519486427300
978.030000000 8.400000000 8.450857162500
973.280000000 7.400000000 8.432551384000
978.030000000 8.600000000 8.430483818100
968.780000000 6.800000000 8.419095993000
978.030000000 8.200000000 8.412720680200
973.280000000 6.400000000 8.398558616600
977.780000000 6.400000000 8.388660430900
973.780000000 7.800000000 8.364619255100
969.030000000 7.000000000 8.352547645600
978.030000000 8.800000000 8.343047142000
967.030000000 9.800000000 8.335497856100
978.030000000 8.000000000 8.322492599500
974.780000000 6.400000000 8.279392242400
973.280000000 7.600000000 8.276900291400
973.280000000 7.800000000 8.273118972800
973.280000000 6.200000000 8.215755462600
977.780000000 6.200000000 8.214598655700
970.280000000 6.400000000 8.203653335600
978.030000000 7.800000000 8.201934814500
970.530000000 6.400000000 8.187340736400
978.030000000 9.000000000 8.180692672700
973.530000000 10.000000000 8.178642272900
973.530000000 8.200000000 8.175168991100
970.030000000 6.400000000 8.158220291100
973.780000000 9.400000000 8.135519981400
979.030000000 6.000000000 8.121159553500
979.030000000 5.800000000 8.101792335500
979.030000000 6.200000000 8.088809967000
978.030000000 7.600000000 8.068873405500
977.780000000 6.000000000 8.056547164900
967.030000000 10.000000000 8.052595138500
979.030000000 5.600000000 8.032289505000
973.280000000 6.000000000 8.029995918300
975.780000000 5.600000000 8.027549743700
973.780000000 7.600000000 8.014928817700
974.030000000 7.000000000 8.008728981000
979.030000000 6.400000000 7.995509624500
978.030000000 9.200000000 7.958097457900
978.030000000 7.400000000 7.942408084900
975.030000000 6.200000000 7.931575298300
975.530000000 5.800000000 7.931221962000
966.780000000 7.600000000 7.929189205200
974.030000000 10.000000000 7.920066356700
969.280000000 6.800000000 7.919412136100
966.780000000 7.800000000 7.909904003100
970.530000000 6.200000000 7.907850265500
969.530000000 6.600000000 7.904168605800
977.780000000 5.800000000 7.903879642500
968.280000000 5.800000000 7.899664878800
966.780000000 5.600000000 7.891155719800
973.280000000 5.800000000 7.877721786500
966.780000000 8.000000000 7.864395618400
966.780000000 7.400000000 7.854596138000
975.280000000 6.000000000 7.834828376800
979.030000000 6.600000000 7.831218242600
978.030000000 7.200000000 7.829658031500
970.530000000 6.000000000 7.828961372400
968.530000000 6.200000000 7.822401523600
966.780000000 7.200000000 7.757170200300
977.780000000 5.600000000 7.753251075700
966.780000000 8.200000000 7.751145839700
973.280000000 5.600000000 7.750720024100
968.780000000 6.600000000 7.744904518100
966.780000000 5.800000000 7.736699104300
978.030000000 7.000000000 7.736479282400
970.530000000 5.800000000 7.728356361400
973.530000000 8.000000000 7.727617740600
969.780000000 6.400000000 7.714704513500
978.030000000 9.400000000 7.695558548000
973.780000000 9.600000000 7.664525032000
978.030000000 6.800000000 7.653448104900
969.030000000 6.800000000 7.646525383000
966.780000000 8.400000000 7.643824577300
973.780000000 7.400000000 7.638527393300
970.530000000 5.600000000 7.597573280300
979.030000000 6.800000000 7.590244293200
974.280000000 6.600000000 7.589091777800
966.780000000 8.600000000 7.588840007800
966.780000000 7.000000000 7.579132556900
966.780000000 8.800000000 7.571041584000
978.030000000 6.600000000 7.568420887000
974.530000000 6.400000000 7.558184623700
966.780000000 9.000000000 7.520731926000
966.780000000 6.000000000 7.509583473200
978.030000000 6.400000000 7.485096454600
978.030000000 9.600000000 7.430664062500
966.780000000 9.200000000 7.430328846000
978.030000000 6.200000000 7.386843681300
973.530000000 7.800000000 7.345516204800
966.780000000 6.200000000 7.336719036100
966.780000000 6.800000000 7.336281776400
974.780000000 6.200000000 7.324048996000
974.030000000 6.800000000 7.319144725800
966.780000000 9.400000000 7.293932914700
966.780000000 6.400000000 7.279903411900
979.030000000 7.000000000 7.278238773300
978.030000000 6.000000000 7.265074729900
973.780000000 7.200000000 7.255713939700
966.780000000 6.600000000 7.255393981900
970.280000000 6.200000000 7.252501487700
966.530000000 5.600000000 7.245674610100
966.530000000 5.800000000 7.222658157300
978.780000000 6.200000000 7.207296848300
978.780000000 6.000000000 7.204071521800
975.530000000 5.600000000 7.200188159900
978.030000000 9.800000000 7.177321910900
973.530000000 7.600000000 7.151484966300
973.780000000 9.800000000 7.134774684900
978.780000000 6.400000000 7.131949424700
975.030000000 6.000000000 7.128260135700
969.280000000 6.600000000 7.127615928600
978.780000000 5.800000000 7.126727104200
975.280000000 5.800000000 7.118049144700
966.780000000 9.600000000 7.115710735300
978.030000000 5.800000000 7.114581108100
970.030000000 6.200000000 7.087989807100
968.780000000 6.400000000 7.076264381400
969.530000000 6.400000000 6.989768505100
969.030000000 6.600000000 6.986451625800
978.780000000 5.600000000 6.983588695500
968.530000000 6.000000000 6.976377487200
978.780000000 6.600000000 6.975458145100
973.530000000 7.400000000 6.971246242500
966.530000000 6.000000000 6.967750549300
978.030000000 10.000000000 6.941798687000
966.780000000 9.800000000 6.923842430100
979.030000000 7.200000000 6.918786048900
978.030000000 5.600000000 6.916754245800
978.280000000 6.200000000 6.902619361900
973.780000000 7.000000000 6.896155834200
978.280000000 6.400000000 6.894591808300
968.280000000 5.600000000 6.880031108900
978.280000000 6.000000000 6.859048843400
978.280000000 6.600000000 6.848012924200
978.530000000 6.000000000 6.822318077100
973.530000000 7.200000000 6.815220832800
978.530000000 6.200000000 6.805778026600
978.780000000 6.800000000 6.765401840200
978.280000000 6.800000000 6.763590812700
978.280000000 5.800000000 6.747103691100
978.530000000 5.800000000 6.732017517100
978.530000000 6.400000000 6.701292038000
969.780000000 6.200000000 6.699622631100
966.780000000 10.000000000 6.696875095400
973.530000000 7.000000000 6.686717033400
974.280000000 6.400000000 6.666555881500
978.280000000 7.000000000 6.663987636600
974.030000000 6.600000000 6.651496887200
973.780000000 10.000000000 6.631194591500
973.530000000 6.800000000 6.585144043000
974.530000000 6.200000000 6.580735683400
966.530000000 6.200000000 6.563943386100
978.280000000 7.200000000 6.548615455600
978.280000000 5.600000000 6.545543670700
973.780000000 6.800000000 6.542970657300
978.280000000 8.600000000 6.541473388700
978.530000000 6.600000000 6.539777755700
978.530000000 5.600000000 6.535175800300
978.280000000 8.400000000 6.531257152600
979.030000000 7.400000000 6.520650863600
973.530000000 6.600000000 6.505352973900
978.780000000 7.000000000 6.494876384700
978.280000000 8.800000000 6.484312057500
975.280000000 5.600000000 6.484073638900
978.280000000 8.200000000 6.482974529300
974.780000000 6.000000000 6.447681903800
973.530000000 6.400000000 6.439563751200
978.280000000 7.400000000 6.435682773600
969.280000000 6.400000000 6.416550636300
975.030000000 5.800000000 6.405697822600
966.530000000 6.400000000 6.399525165600
968.780000000 6.200000000 6.397029876700
978.280000000 8.000000000 6.396773815200
970.280000000 6.000000000 6.387543678300
978.280000000 9.000000000 6.381347179400
973.530000000 6.200000000 6.376839160900
966.530000000 7.800000000 6.370237350500
969.030000000 6.400000000 6.362833976700
966.530000000 7.600000000 6.349986553200
978.530000000 6.800000000 6.338701248200
978.280000000 7.600000000 6.331572532700
966.530000000 7.400000000 6.320974826800
973.530000000 6.000000000 6.318073272700
966.530000000 8.000000000 6.312221527100
970.280000000 5.800000000 6.306989669800
966.530000000 6.600000000 6.281705856300
978.280000000 7.800000000 6.272852897600
978.280000000 9.200000000 6.252175808000
966.530000000 8.200000000 6.251462936400
970.280000000 5.600000000 6.250986576100
973.530000000 5.800000000 6.243875026700
966.530000000 7.200000000 6.216260433200
973.780000000 6.600000000 6.202128887200
978.780000000 7.200000000 6.198541641200
966.530000000 6.800000000 6.170515537300
969.530000000 6.200000000 6.151608467100
973.530000000 5.600000000 6.150271415700
966.530000000 8.400000000 6.139553070100
970.030000000 6.000000000 6.131365776100
968.530000000 5.800000000 6.131005764000
978.530000000 7.000000000 6.116038799300
979.030000000 7.600000000 6.099617958100
963.780000000 9.000000000 6.082390785200
978.280000000 9.400000000 6.074871540100
966.530000000 7.000000000 6.074553012800
966.280000000 5.800000000 6.067792892500
966.530000000 8.600000000 6.037045955700
974.030000000 6.400000000 6.010064601900
966.280000000 6.000000000 5.997041702300
966.530000000 8.800000000 5.991129875200
978.530000000 8.400000000 5.951738357500
966.530000000 9.000000000 5.951051712000
978.530000000 8.200000000 5.929200172400
963.780000000 9.200000000 5.921448230700
963.780000000 8.800000000 5.916892528500
978.530000000 8.600000000 5.916133403800
978.280000000 9.600000000 5.901874542200
966.280000000 6.200000000 5.894376754800
973.780000000 6.400000000 5.890274524700
978.530000000 7.200000000 5.887911319700
966.530000000 9.200000000 5.882017612500
978.780000000 7.400000000 5.875991344500
978.530000000 8.800000000 5.861539363900
978.530000000 8.000000000 5.857785224900
966.280000000 5.600000000 5.848358631100
966.530000000 10.000000000 5.843934059100
964.030000000 9.000000000 5.841734409300
974.280000000 6.200000000 5.810183525100
966.280000000 6.400000000 5.808581352200
964.030000000 8.800000000 5.800319671600
969.780000000 6.000000000 5.783183097800
966.530000000 9.400000000 5.768640518200
966.530000000 9.800000000 5.764098167400
969.030000000 6.200000000 5.760537624400
975.030000000 5.600000000 5.759719371800
978.530000000 7.800000000 5.752865314500
969.280000000 6.200000000 5.747584819800
978.530000000 9.000000000 5.739903450000
968.780000000 6.000000000 5.730886936200
978.280000000 9.800000000 5.708649158500
966.530000000 9.600000000 5.693123817400
974.530000000 6.000000000 5.679163456000
979.030000000 7.800000000 5.674427509300
966.280000000 6.600000000 5.672459602400
964.030000000 9.200000000 5.667027950300
978.530000000 7.400000000 5.655333519000
974.780000000 5.800000000 5.653337478600
978.530000000 7.600000000 5.629994869200
973.780000000 6.200000000 5.602764606500
978.530000000 9.200000000 5.574956417100
978.780000000 7.600000000 5.537111282300
963.780000000 9.400000000 5.527353763600
978.780000000 8.400000000 5.521199226400
978.280000000 10.000000000 5.520200729400
966.280000000 6.800000000 5.513128280600
978.780000000 8.600000000 5.508588790900
978.780000000 8.200000000 5.501686096200
964.030000000 8.600000000 5.472880363500
963.530000000 9.000000000 5.463101863900
978.780000000 8.800000000 5.446655273400
963.530000000 8.800000000 5.445316314700
962.280000000 7.600000000 5.441655159000
978.780000000 8.000000000 5.434734821300
963.780000000 8.600000000 5.417720317800
962.280000000 7.400000000 5.417665004700
974.030000000 6.200000000 5.411935329400
978.530000000 9.400000000 5.404451370200
969.530000000 6.000000000 5.390549182900
978.780000000 7.800000000 5.350384712200
966.280000000 7.000000000 5.341309070600
964.030000000 9.400000000 5.339219570200
973.780000000 6.000000000 5.332208633400
960.780000000 10.000000000 5.329215049700
978.780000000 9.000000000 5.321791648900
968.530000000 5.600000000 5.298831939700
962.280000000 7.800000000 5.292694091800
970.030000000 5.800000000 5.267793178600
979.030000000 8.000000000 5.257628440900
964.780000000 7.400000000 5.250765323600
962.030000000 7.400000000 5.238671302800
963.530000000 9.200000000 5.229650020600
964.780000000 7.600000000 5.219740867600
962.280000000 7.200000000 5.215733528100
962.030000000 7.600000000 5.210037708300
966.280000000 10.000000000 5.209450721700
979.030000000 8.400000000 5.206407547000
979.030000000 8.600000000 5.188388347600
978.530000000 9.600000000 5.187005519900
966.280000000 7.200000000 5.177390575400
962.530000000 7.600000000 5.176630497000
969.030000000 6.000000000 5.175858020800
966.280000000 7.600000000 5.174669265700
979.030000000 8.200000000 5.174140453300
966.280000000 7.800000000 5.171767711600
964.530000000 7.600000000 5.171504497500
960.030000000 8.400000000 5.170032978100
961.030000000 9.800000000 5.162273407000
962.530000000 7.400000000 5.159970760300
964.780000000 7.200000000 5.159224033400
966.280000000 8.000000000 5.153168201400
960.030000000 8.600000000 5.153087616000
960.780000000 9.800000000 5.152841091200
961.030000000 10.000000000 5.139400959000
964.530000000 7.400000000 5.138439178500
964.280000000 8.800000000 5.134225368500
966.280000000 7.400000000 5.133038997700
978.780000000 9.200000000 5.131351947800
966.280000000 9.800000000 5.129723548900
969.280000000 6.000000000 5.127381801600
966.280000000 8.200000000 5.125762939500
960.030000000 8.200000000 5.113200664500
963.530000000 8.600000000 5.106391906700
979.030000000 8.800000000 5.106240272500
961.030000000 9.600000000 5.101134300200
973.780000000 5.800000000 5.093776702900
964.530000000 7.800000000 5.086047649400
966.280000000 9.600000000 5.084204673800
962.030000000 7.200000000 5.082257747700
966.280000000 8.400000000 5.074973106400
968.780000000 5.800000000 5.066589832300
960.030000000 8.800000000 5.056343078600
964.280000000 9.000000000 5.055329799700
964.780000000 7.800000000 5.054693698900
965.030000000 7.200000000 5.051355838800
960.030000000 8.000000000 5.050151825000
962.030000000 7.800000000 5.049588203400
964.280000000 8.600000000 5.045733928700
962.530000000 7.800000000 5.043280601500
964.530000000 7.200000000 5.039900779700
965.030000000 7.400000000 5.032457351700
966.280000000 8.600000000 5.028388023400
962.530000000 7.200000000 5.026388645200
966.280000000 9.400000000 5.024734020200
974.280000000 6.000000000 5.022718906400
963.780000000 9.600000000 5.011194229100
966.280000000 8.800000000 5.003692150100
978.530000000 9.800000000 5.003456592600
962.280000000 8.000000000 5.001635074600
966.280000000 9.200000000 4.995337009400
966.280000000 9.000000000 4.990814685800
965.030000000 7.600000000 4.978941440600
962.780000000 7.400000000 4.974470138500
969.780000000 5.800000000 4.966494083400
964.780000000 7.000000000 4.961153507200
978.780000000 9.400000000 4.960920333900
979.030000000 9.000000000 4.952259540600
963.030000000 7.400000000 4.951962471000
965.030000000 7.000000000 4.951348304700
960.030000000 7.800000000 4.947004318200
964.030000000 9.600000000 4.946712970700
962.780000000 7.600000000 4.942647457100
974.780000000 5.600000000 4.939964294400
961.030000000 9.400000000 4.937182903300
962.280000000 7.000000000 4.910923004200
963.030000000 7.200000000 4.910109043100
960.780000000 9.600000000 4.902295112600
962.780000000 7.200000000 4.899339675900
965.280000000 7.200000000 4.889013767200
961.280000000 9.400000000 4.888112545000
964.280000000 9.200000000 4.887076377900
960.030000000 9.000000000 4.880357265500
964.530000000 8.000000000 4.876654148100
964.030000000 8.400000000 4.871603965800
974.030000000 6.000000000 4.870044708300
966.030000000 6.400000000 4.869644165000
963.030000000 7.600000000 4.868575096100
973.780000000 5.600000000 4.867773056000
965.530000000 6.800000000 4.864444255800
974.530000000 5.800000000 4.863634109500
965.280000000 7.400000000 4.853559017200
964.780000000 8.000000000 4.851912975300
961.280000000 9.600000000 4.851593017600
966.030000000 6.200000000 4.847759723700
965.780000000 6.800000000 4.842853546100
966.030000000 6.600000000 4.828776359600
964.530000000 7.000000000 4.828071117400
965.280000000 7.000000000 4.821322441100
961.280000000 9.200000000 4.819892406500
965.030000000 7.800000000 4.814939498900
970.030000000 5.600000000 4.812672138200
960.280000000 8.600000000 4.808281421700
963.530000000 9.400000000 4.805600643200
965.780000000 7.000000000 4.803205490100
960.030000000 7.600000000 4.792409420000
960.280000000 8.800000000 4.791116714500
978.530000000 10.000000000 4.790025234200
962.530000000 8.000000000 4.786572933200
963.280000000 7.400000000 4.782470226300
962.780000000 7.800000000 4.780239582100
979.030000000 9.200000000 4.770514011400
960.280000000 8.400000000 4.769416809100
966.030000000 6.000000000 4.763876915000
963.280000000 8.800000000 4.755597114600
962.030000000 8.000000000 4.755571842200
962.530000000 7.000000000 4.752379894300
962.030000000 7.000000000 4.752310276000
965.030000000 6.800000000 4.751179218300
964.280000000 7.400000000 4.748729705800
964.280000000 7.600000000 4.745474338500
965.780000000 6.600000000 4.743463516200
959.780000000 8.200000000 4.740544319200
963.280000000 7.200000000 4.738723754900
978.780000000 9.600000000 4.737967491100
959.780000000 8.400000000 4.736443996400
961.280000000 9.800000000 4.735128879500
960.280000000 8.200000000 4.734588623000
963.030000000 7.000000000 4.732039928400
966.030000000 6.800000000 4.731951713600
963.280000000 8.600000000 4.727644443500
960.530000000 10.000000000 4.724308967600
965.530000000 7.200000000 4.713515281700
965.280000000 7.600000000 4.712407589000
964.780000000 6.800000000 4.711433887500
960.030000000 9.200000000 4.710301876100
965.280000000 6.800000000 4.709116458900
961.030000000 9.200000000 4.707481861100
960.280000000 9.000000000 4.707337379500
965.530000000 7.000000000 4.707336425800
969.530000000 5.800000000 4.699952125500
964.280000000 8.400000000 4.693164825400
960.280000000 10.000000000 4.689223766300
965.530000000 6.600000000 4.687022686000
965.530000000 7.400000000 4.686341762500
962.780000000 7.000000000 4.684009552000
963.280000000 7.600000000 4.683158397700
959.780000000 8.000000000 4.677242755900
964.280000000 9.400000000 4.676948070500
965.780000000 7.200000000 4.675446510300
966.030000000 7.800000000 4.669373035400
963.780000000 8.400000000 4.668857574500
959.780000000 8.600000000 4.662634372700
963.030000000 7.800000000 4.662085056300
966.030000000 8.000000000 4.658831119500
966.030000000 7.600000000 4.650413036300
960.280000000 8.000000000 4.650153636900
964.280000000 7.200000000 4.641803741500
962.280000000 8.200000000 4.640068054200
966.030000000 7.400000000 4.637606620800
961.280000000 9.000000000 4.630637168900
964.280000000 7.800000000 4.629129886600
966.030000000 7.200000000 4.616270065300
966.030000000 8.200000000 4.615791797600
959.780000000 7.800000000 4.614924430800
969.030000000 5.800000000 4.609389305100
960.030000000 7.400000000 4.599470138500
966.030000000 7.000000000 4.595584869400
965.530000000 7.600000000 4.576192379000
965.780000000 7.400000000 4.573019981400
960.780000000 9.400000000 4.572144985200
966.030000000 5.800000000 4.571223259000
961.280000000 10.000000000 4.565805912000
965.280000000 7.800000000 4.561768531800
979.030000000 9.400000000 4.559940815000
964.780000000 8.200000000 4.558144092600
964.030000000 9.800000000 4.555583953900
960.280000000 9.200000000 4.554211139700
963.280000000 7.000000000 4.553449630700
964.530000000 8.200000000 4.550608634900
966.030000000 8.400000000 4.542965889000
969.280000000 5.800000000 4.542251586900
965.030000000 8.000000000 4.539428234100
961.780000000 7.400000000 4.529392719300
965.280000000 6.600000000 4.529256343800
964.530000000 6.800000000 4.528320789300
960.280000000 7.800000000 4.525204658500
959.780000000 8.800000000 4.522778034200
965.780000000 7.600000000 4.517601490000
962.780000000 8.000000000 4.517099857300
978.780000000 9.800000000 4.516482830000
959.780000000 7.600000000 4.512069225300
963.280000000 9.000000000 4.506454467800
961.530000000 9.400000000 4.504280090300
965.780000000 6.400000000 4.500617981000
961.530000000 9.200000000 4.495677948000
963.780000000 9.800000000 4.482982158700
962.280000000 6.800000000 4.481595516200
965.030000000 6.600000000 4.481167316400
960.030000000 9.400000000 4.477528095200
960.530000000 9.800000000 4.470143795000
963.280000000 7.800000000 4.463387489300
964.280000000 8.000000000 4.462757587400
961.780000000 7.600000000 4.461595058400
964.280000000 9.600000000 4.457120418500
966.030000000 8.600000000 4.448246955900
963.530000000 8.400000000 4.445631027200
962.530000000 8.200000000 4.445406436900
964.280000000 7.000000000 4.436848163600
961.780000000 7.200000000 4.435429573100
965.530000000 7.800000000 4.432014465300
965.780000000 7.800000000 4.427730560300
968.780000000 5.600000000 4.418262958500
961.530000000 9.600000000 4.411698818200
963.030000000 6.800000000 4.410524845100
962.530000000 6.800000000 4.393920421600
964.530000000 8.800000000 4.392903804800
964.780000000 6.600000000 4.391738891600
964.530000000 8.600000000 4.391051769300
960.030000000 7.200000000 4.389511585200
960.280000000 9.800000000 4.387418746900
974.030000000 5.800000000 4.386351585400
960.280000000 9.400000000 4.382413864100
963.530000000 7.400000000 4.381897449500
959.780000000 9.000000000 4.379147052800
961.030000000 9.000000000 4.374447822600
961.530000000 9.000000000 4.372541904400
960.280000000 7.600000000 4.367904186200
962.780000000 6.800000000 4.365696430200
962.030000000 8.200000000 4.365627288800
963.030000000 8.000000000 4.361802578000
959.780000000 7.400000000 4.358611583700
966.030000000 5.600000000 4.355563163800
966.030000000 8.800000000 4.350937843300
962.030000000 6.800000000 4.336068630200
965.780000000 8.000000000 4.334364891100
963.530000000 7.200000000 4.330182552300
961.280000000 8.800000000 4.325016498600
966.030000000 9.000000000 4.321841716800
974.280000000 5.800000000 4.320054054300
965.280000000 8.000000000 4.317890644100
963.280000000 8.400000000 4.311928749100
963.530000000 9.600000000 4.311207771300
963.530000000 7.600000000 4.310151100200
978.780000000 10.000000000 4.308443546300
965.530000000 6.400000000 4.305504798900
979.030000000 9.600000000 4.304769992800
964.030000000 7.400000000 4.295817375200
965.280000000 6.400000000 4.286882877300
963.030000000 8.600000000 4.283926487000
964.030000000 7.600000000 4.282642841300
966.030000000 10.000000000 4.278322696700
964.530000000 9.000000000 4.275865554800
966.030000000 9.200000000 4.271831035600
966.030000000 9.400000000 4.268279552500
966.030000000 9.800000000 4.263660430900
965.030000000 8.200000000 4.258158206900
964.280000000 9.800000000 4.253901004800
961.780000000 7.800000000 4.252270698500
965.530000000 8.000000000 4.251860618600
961.530000000 9.800000000 4.242031574200
966.030000000 9.600000000 4.241239547700
963.280000000 6.800000000 4.237459659600
969.780000000 5.600000000 4.229575157200
961.780000000 7.000000000 4.227247715000
962.280000000 8.400000000 4.223253250100
964.530000000 8.400000000 4.221962928800
964.280000000 8.200000000 4.212729454000
964.030000000 7.200000000 4.211994648000
964.030000000 10.000000000 4.204693317400
960.030000000 7.000000000 4.197443485300
959.780000000 9.200000000 4.194726944000
965.780000000 8.200000000 4.191451072700
965.030000000 6.400000000 4.189386367800
960.030000000 9.600000000 4.186696052600
960.280000000 7.400000000 4.186332225800
962.780000000 8.200000000 4.183194637300
964.030000000 7.800000000 4.178916931200
960.280000000 9.600000000 4.174039840700
960.530000000 9.600000000 4.166861057300
959.780000000 7.200000000 4.166841983800
964.530000000 6.600000000 4.165214061700
964.780000000 8.400000000 4.162201404600
960.780000000 9.200000000 4.157429695100
963.280000000 8.000000000 4.155318737000
963.530000000 7.000000000 4.153756141700
964.280000000 6.800000000 4.152159690900
965.780000000 6.200000000 4.151816368100
974.530000000 5.600000000 4.144044399300
961.530000000 8.800000000 4.143816471100
963.780000000 7.400000000 4.142096996300
963.530000000 7.800000000 4.133468151100
964.530000000 9.200000000 4.126779556300
963.280000000 9.200000000 4.112172126800
963.780000000 7.600000000 4.107553005200
963.030000000 8.400000000 4.104774951900
965.530000000 6.200000000 4.094928741500
963.780000000 7.200000000 4.085380554200
963.030000000 8.800000000 4.083768367800
965.780000000 8.400000000 4.074699401900
964.280000000 10.000000000 4.070892334000
962.530000000 8.400000000 4.064532756800
969.530000000 5.600000000 4.060755729700
969.030000000 5.600000000 4.058580398600
965.780000000 8.600000000 4.057029724100
979.030000000 9.800000000 4.053573608400
965.780000000 8.800000000 4.039854049700
963.780000000 10.000000000 4.038453102100
964.030000000 7.000000000 4.037415981300
964.030000000 8.200000000 4.035733699800
965.280000000 9.800000000 4.035438060800
965.280000000 10.000000000 4.035280227700
965.280000000 9.600000000 4.029035568200
961.530000000 10.000000000 4.024286270100
960.530000000 8.800000000 4.023880004900
964.780000000 6.400000000 4.022440910300
960.280000000 7.200000000 4.019933700600
965.280000000 9.400000000 4.017621994000
965.280000000 8.200000000 4.016904830900
965.780000000 9.000000000 4.013476848600
960.530000000 9.000000000 4.012476921100
959.530000000 8.200000000 4.010501861600
965.280000000 6.200000000 4.008167266800
960.030000000 10.000000000 4.006676673900
964.780000000 8.600000000 4.006612777700
965.530000000 8.200000000 4.005013942700
962.280000000 6.600000000 4.004659175900
963.030000000 8.200000000 4.000982761400
963.030000000 6.600000000 3.998500108700
959.530000000 8.000000000 3.998077869400
964.030000000 8.000000000 3.997851848600
965.280000000 9.200000000 3.997834920900
959.780000000 7.000000000 3.993023157100
960.530000000 8.600000000 3.992864847200
964.530000000 9.400000000 3.989497900000
969.280000000 5.600000000 3.987740755100
960.030000000 6.800000000 3.985826969100
963.780000000 7.800000000 3.982939958600
974.030000000 5.600000000 3.976391077000
962.530000000 6.600000000 3.974555254000
959.530000000 8.400000000 3.973411560100
965.780000000 9.200000000 3.971550703000
965.030000000 8.600000000 3.968361854600
959.530000000 7.800000000 3.965875148800
965.280000000 9.000000000 3.965773820900
962.780000000 6.600000000 3.965543508500
965.780000000 6.000000000 3.964339971500
959.780000000 9.400000000 3.962683439300
961.030000000 8.800000000 3.960693597800
964.780000000 8.800000000 3.960471630100
960.530000000 9.200000000 3.953475475300
960.530000000 8.400000000 3.944888591800
965.280000000 8.600000000 3.943696975700
961.780000000 8.000000000 3.941048622100
963.780000000 7.000000000 3.939591884600
965.280000000 8.800000000 3.935522317900
961.280000000 8.600000000 3.931312084200
965.530000000 10.000000000 3.930632591200
962.030000000 8.400000000 3.927959442100
965.780000000 9.400000000 3.921689271900
965.030000000 8.400000000 3.921588182400
959.530000000 7.600000000 3.921429395700
965.530000000 8.600000000 3.920663833600
965.530000000 9.800000000 3.919586181600
965.530000000 8.400000000 3.919484853700
965.530000000 8.800000000 3.916536092800
965.530000000 9.600000000 3.914619207400
965.530000000 9.000000000 3.914123296700
965.530000000 9.400000000 3.912580013300
965.030000000 8.800000000 3.911658048600
965.530000000 9.200000000 3.908657074000
959.530000000 8.600000000 3.890979290000
965.030000000 10.000000000 3.885024547600
963.530000000 8.000000000 3.880956649800
960.530000000 8.200000000 3.879897832900
964.530000000 9.600000000 3.879151105900
965.530000000 6.000000000 3.873131275200
963.530000000 6.800000000 3.869065284700
961.780000000 6.800000000 3.868806839000
965.780000000 9.600000000 3.864276409100
965.280000000 8.400000000 3.863694191000
965.030000000 6.200000000 3.858545064900
960.030000000 9.800000000 3.852828741100
963.530000000 9.800000000 3.842977762200
960.530000000 9.400000000 3.841949462900
961.530000000 8.600000000 3.839417457600
960.280000000 7.000000000 3.839141368900
962.030000000 6.600000000 3.834419727300
965.030000000 9.800000000 3.834367275200
979.030000000 10.000000000 3.830040216400
959.530000000 7.400000000 3.826488494900
964.780000000 9.000000000 3.825489044200
965.780000000 9.800000000 3.822299003600
965.780000000 10.000000000 3.819566726700
964.530000000 9.800000000 3.816227674500
963.280000000 6.600000000 3.813575744600
962.780000000 8.400000000 3.811691045800
964.280000000 6.600000000 3.807569742200
961.780000000 9.200000000 3.806884527200
959.780000000 6.800000000 3.803701639200
961.780000000 9.400000000 3.798088789000
963.280000000 8.200000000 3.795396804800
964.030000000 6.800000000 3.791326999700
962.280000000 8.600000000 3.789859533300
963.780000000 8.000000000 3.789632558800
960.530000000 8.000000000 3.786861896500
965.030000000 9.600000000 3.785674572000
965.780000000 5.800000000 3.784969806700
964.530000000 10.000000000 3.782296180700
959.530000000 8.800000000 3.769665479700
961.530000000 7.200000000 3.769241333000
964.530000000 6.400000000 3.763746976900
960.030000000 6.600000000 3.761958360700
965.030000000 9.000000000 3.757577419300
961.530000000 7.400000000 3.750478982900
963.780000000 8.200000000 3.748186826700
965.280000000 6.000000000 3.732527256000
965.030000000 9.400000000 3.727990388900
961.780000000 9.000000000 3.727270126300
974.280000000 5.600000000 3.712792635000
961.780000000 9.600000000 3.710771322300
960.780000000 9.000000000 3.707767486600
963.780000000 6.800000000 3.705043077500
959.780000000 9.600000000 3.695797681800
959.530000000 7.200000000 3.686720371200
962.530000000 8.600000000 3.681855917000
963.030000000 9.000000000 3.677548170100
960.530000000 7.800000000 3.670939922300
965.030000000 9.200000000 3.662278890600
964.780000000 9.200000000 3.657662153200
959.530000000 9.000000000 3.649759054200
963.280000000 9.400000000 3.649490356400
960.280000000 6.800000000 3.643863201100
965.530000000 5.800000000 3.637991666800
961.530000000 7.000000000 3.635294199000
964.780000000 6.200000000 3.631056547200
961.530000000 7.600000000 3.629487991300
962.780000000 8.600000000 3.625923156700
965.780000000 5.600000000 3.602193832400
964.780000000 10.000000000 3.598207235300
959.780000000 6.600000000 3.596640825300
959.280000000 7.800000000 3.592638015700
963.530000000 8.200000000 3.583893299100
959.280000000 8.000000000 3.582041740400
959.280000000 8.200000000 3.579577922800
962.530000000 6.400000000 3.577912569000
961.780000000 8.200000000 3.570855140700
959.280000000 7.600000000 3.570137262300
961.780000000 8.800000000 3.567127943000
961.780000000 9.800000000 3.563170909900
959.530000000 7.000000000 3.557331085200
959.280000000 8.400000000 3.542482376100
962.280000000 6.400000000 3.539951324500
960.530000000 7.600000000 3.536099672300
961.030000000 8.600000000 3.532843828200
960.030000000 6.400000000 3.531399011600
962.780000000 6.400000000 3.527688503300
964.780000000 9.800000000 3.518088340800
963.530000000 6.600000000 3.518022298800
961.280000000 8.400000000 3.516266822800
964.780000000 9.400000000 3.515116930000
965.030000000 6.000000000 3.513543844200
963.030000000 6.400000000 3.512030839900
959.530000000 9.200000000 3.508215904200
961.530000000 8.400000000 3.507497549100
959.280000000 7.400000000 3.502924442300
963.530000000 10.000000000 3.488132715200
964.030000000 6.600000000 3.487507581700
962.030000000 8.600000000 3.484512090700
959.280000000 8.600000000 3.475142955800
962.280000000 6.200000000 3.472529172900
962.530000000 6.200000000 3.461381673800
964.780000000 9.600000000 3.454590797400
965.280000000 5.800000000 3.446921825400
961.780000000 6.600000000 3.442985057800
960.280000000 6.600000000 3.438034772900
961.280000000 7.200000000 3.435790062000
962.530000000 6.000000000 3.433212280300
964.280000000 6.400000000 3.426082134200
961.530000000 7.800000000 3.416763544100
961.030000000 7.200000000 3.411522150000
959.780000000 9.800000000 3.405224561700
959.530000000 6.800000000 3.403631210300
965.530000000 5.600000000 3.403348684300
961.530000000 6.800000000 3.402122259100
963.780000000 6.600000000 3.401648759800
959.280000000 7.200000000 3.398740053200
961.280000000 7.400000000 3.396969556800
962.280000000 6.000000000 3.393731832500
960.530000000 7.400000000 3.386680603000
961.780000000 10.000000000 3.383754015000
959.280000000 8.800000000 3.382153272600
961.280000000 7.000000000 3.381420373900
959.780000000 6.400000000 3.380687236800
961.030000000 7.400000000 3.377181053200
962.280000000 8.800000000 3.374700784700
961.030000000 7.000000000 3.361217737200
961.780000000 8.600000000 3.350172996500
964.530000000 6.200000000 3.347922325100
962.780000000 8.800000000 3.340660333600
959.530000000 9.400000000 3.339435815800
963.280000000 6.400000000 3.323739051800
962.030000000 6.400000000 3.313604831700
960.030000000 6.200000000 3.312379360200
962.530000000 8.800000000 3.311151981400
959.280000000 7.000000000 3.301000118300
962.530000000 5.800000000 3.298375606500
960.780000000 8.800000000 3.283627033200
959.280000000 9.000000000 3.267354011500
961.030000000 7.600000000 3.254781961400
961.280000000 7.600000000 3.248767852800
960.530000000 7.200000000 3.244688749300
964.780000000 6.000000000 3.239271402400
960.780000000 8.600000000 3.236149549500
962.780000000 6.000000000 3.230311155300
960.280000000 6.400000000 3.224936723700
959.530000000 6.600000000 3.221956491500
961.030000000 6.800000000 3.217179298400
959.530000000 5.600000000 3.217003822300
961.280000000 6.800000000 3.210019826900
963.280000000 9.600000000 3.201676368700
963.030000000 9.200000000 3.200248241400
962.780000000 6.200000000 3.199759006500
961.530000000 8.200000000 3.195359468500
962.780000000 5.800000000 3.191433429700
959.780000000 6.200000000 3.186667442300
961.780000000 8.400000000 3.181423664100
962.280000000 5.800000000 3.181025743500
960.780000000 7.200000000 3.177591800700
965.030000000 5.800000000 3.173768758800
960.780000000 7.400000000 3.172549247700
965.280000000 5.600000000 3.168471336400
960.780000000 8.400000000 3.162236213700
959.280000000 6.800000000 3.159371614500
959.280000000 9.200000000 3.154940605200
959.530000000 9.600000000 3.149287462200
962.030000000 9.200000000 3.143084764500
964.030000000 6.400000000 3.140725851100
961.530000000 8.000000000 3.135932683900
963.530000000 6.400000000 3.120660543400
962.030000000 9.400000000 3.112658739100
961.280000000 8.200000000 3.109742879900
960.780000000 7.000000000 3.109625101100
962.030000000 9.000000000 3.105292558700
960.030000000 6.000000000 3.102489948300
959.780000000 10.000000000 3.102003336000
960.530000000 7.000000000 3.099551200900
961.030000000 8.400000000 3.095202207600
960.780000000 7.600000000 3.090490579600
962.030000000 8.800000000 3.066620826700
960.780000000 8.200000000 3.066397190100
961.530000000 6.600000000 3.066294908500
961.030000000 7.800000000 3.057778120000
963.780000000 6.400000000 3.054278135300
959.780000000 5.600000000 3.044506788300
960.530000000 6.600000000 3.042756080600
959.530000000 5.800000000 3.042220354100
960.530000000 6.800000000 3.040737628900
959.530000000 6.400000000 3.040427207900
962.780000000 5.600000000 3.034774780300
963.030000000 6.000000000 3.032645225500
959.280000000 9.400000000 3.032504081700
962.030000000 9.600000000 3.028791427600
964.280000000 6.200000000 3.028316497800
962.530000000 5.600000000 3.027969121900
960.280000000 6.200000000 3.027841806400
961.280000000 7.800000000 3.026419162800
963.030000000 5.800000000 3.007177352900
963.030000000 6.200000000 3.005867481200
962.280000000 9.000000000 3.000653266900
961.030000000 6.600000000 2.997583627700
959.780000000 6.000000000 2.992746353100
962.030000000 6.200000000 2.992244958900
959.280000000 6.600000000 2.984295606600
960.780000000 8.000000000 2.972016096100
962.530000000 9.000000000 2.971869945500
961.780000000 6.400000000 2.969059705700
960.780000000 6.800000000 2.961480617500
961.280000000 6.600000000 2.959841489800
959.530000000 9.800000000 2.941588401800
964.530000000 6.000000000 2.937926530800
960.780000000 7.800000000 2.937044382100
962.780000000 9.000000000 2.930976867700
962.030000000 6.000000000 2.909934520700
962.030000000 9.800000000 2.908788681000
959.280000000 9.600000000 2.891913175600
960.030000000 5.800000000 2.888486862200
963.030000000 5.600000000 2.887249231300
959.780000000 5.800000000 2.885781288100
964.780000000 5.800000000 2.865190506000
959.530000000 6.200000000 2.864294290500
959.280000000 5.600000000 2.861796617500
965.030000000 5.600000000 2.860832929600
963.280000000 9.800000000 2.858026981400
959.530000000 6.000000000 2.853865146600
962.780000000 9.400000000 2.851471424100
962.780000000 9.200000000 2.847043752700
962.530000000 9.200000000 2.845420837400
962.280000000 5.600000000 2.840291261700
960.280000000 6.000000000 2.829396963100
962.280000000 9.200000000 2.826483726500
959.280000000 6.400000000 2.821733951600
961.030000000 8.000000000 2.816136360200
962.530000000 9.400000000 2.814239740400
963.280000000 6.200000000 2.809712171600
962.780000000 9.600000000 2.789940834000
962.280000000 9.400000000 2.787699461000
962.030000000 10.000000000 2.775477647800
964.030000000 6.200000000 2.772828578900
961.280000000 8.000000000 2.768263816800
963.280000000 6.000000000 2.762456178700
960.780000000 6.600000000 2.751130819300
959.280000000 9.800000000 2.733622551000
961.030000000 6.400000000 2.733332634000
962.030000000 5.800000000 2.732291221600
962.530000000 9.600000000 2.730207920100
963.030000000 9.400000000 2.727210044900
959.530000000 10.000000000 2.719865560500
963.280000000 10.000000000 2.716724395800
963.530000000 6.200000000 2.705831527700
963.280000000 5.800000000 2.703565120700
959.280000000 5.800000000 2.701021909700
962.280000000 9.600000000 2.699910879100
961.030000000 8.200000000 2.697959661500
963.780000000 6.200000000 2.693031072600
961.530000000 6.400000000 2.680587530100
962.780000000 9.800000000 2.679366111800
960.030000000 5.600000000 2.672013998000
961.280000000 6.400000000 2.656262636200
964.280000000 6.000000000 2.633104324300
959.280000000 6.200000000 2.632041215900
960.280000000 5.800000000 2.626521587400
960.530000000 6.400000000 2.621145486800
962.530000000 9.800000000 2.614629507100
963.030000000 9.600000000 2.603258609800
962.280000000 9.800000000 2.587843179700
963.280000000 5.600000000 2.577907323800
959.280000000 10.000000000 2.558664321900
964.530000000 5.800000000 2.550517082200
962.780000000 10.000000000 2.545288562800
959.280000000 6.000000000 2.527669906600
964.780000000 5.600000000 2.522533893600
963.030000000 9.800000000 2.508366823200
961.780000000 6.200000000 2.500320196200
960.780000000 6.400000000 2.498854160300
962.530000000 10.000000000 2.485954046200
962.280000000 10.000000000 2.484419584300
961.030000000 6.200000000 2.469159603100
960.530000000 6.200000000 2.464617729200
962.030000000 5.600000000 2.453837871600
960.280000000 5.600000000 2.421363353700
964.030000000 6.000000000 2.403376102400
963.030000000 10.000000000 2.378298759500
961.280000000 6.200000000 2.341801643400
963.780000000 6.000000000 2.333015918700
963.530000000 6.000000000 2.332661151900
960.530000000 6.000000000 2.315047740900
961.780000000 6.000000000 2.299311637900
961.530000000 6.200000000 2.286966800700
963.530000000 5.800000000 2.271465778400
961.030000000 6.000000000 2.266484499000
964.280000000 5.800000000 2.257211923600
960.780000000 6.200000000 2.244465827900
964.530000000 5.600000000 2.199504852300
961.780000000 5.800000000 2.184560298900
960.530000000 5.800000000 2.162956714600
963.530000000 5.600000000 2.161370992700
961.030000000 5.800000000 2.098534822500
961.280000000 6.000000000 2.096977710700
960.780000000 6.000000000 2.064023494700
964.030000000 5.800000000 2.049115896200
961.530000000 6.000000000 2.019022226300
960.530000000 5.600000000 2.009507894500
961.780000000 5.600000000 2.007205486300
961.530000000 5.800000000 2.005865335500
961.280000000 5.800000000 1.998170018200
961.530000000 5.600000000 1.994819521900
961.280000000 5.600000000 1.986290097200
963.780000000 5.800000000 1.985465288200
960.780000000 5.800000000 1.982841491700
964.280000000 5.600000000 1.914886832200
961.030000000 5.600000000 1.914694547700
960.780000000 5.600000000 1.892795205100
964.030000000 5.600000000 1.869684577000
963.780000000 5.600000000 1.807158708600
