1097.240000000 6.800000000 186.476165771500
1097.490000000 6.800000000 185.275329589800
1097.240000000 6.600000000 183.616439819300
1096.990000000 6.800000000 180.535140991200
1096.990000000 6.600000000 180.338287353500
1097.490000000 6.600000000 178.527542114300
1097.740000000 6.800000000 178.242553710900
1096.740000000 6.600000000 168.805206298800
1097.990000000 6.800000000 167.999481201200
1097.740000000 6.600000000 167.144531250000
1096.740000000 6.800000000 166.515884399400
1097.490000000 7.000000000 159.587158203100
1098.240000000 6.800000000 158.034530639600
1097.740000000 7.000000000 157.611129760700
1097.240000000 7.000000000 157.354568481400
1097.990000000 7.000000000 152.409866333000
1097.990000000 6.600000000 152.205307006800
1098.490000000 6.800000000 151.867904663100
1096.490000000 6.600000000 151.096878051800
1096.990000000 7.000000000 150.684600830100
1098.740000000 6.800000000 149.197052002000
1097.240000000 6.400000000 147.658966064500
1096.990000000 6.400000000 146.973236084000
1098.990000000 6.800000000 146.773483276400
1098.240000000 7.000000000 145.913116455100
1096.490000000 6.800000000 144.973999023400
1099.240000000 6.800000000 141.413467407200
1097.490000000 6.400000000 141.058532714800
1098.490000000 7.000000000 140.334152221700
1096.740000000 7.000000000 139.122253418000
1096.740000000 6.400000000 138.445037841800
1098.740000000 7.000000000 136.929901123000
1098.240000000 6.600000000 136.821853637700
1098.990000000 7.000000000 134.786788940400
1099.490000000 6.800000000 132.244400024400
1099.240000000 7.000000000 131.118408203100
1097.740000000 6.400000000 129.363967895500
1096.240000000 6.600000000 129.338104248000
1098.490000000 6.600000000 125.715156555200
1096.490000000 6.400000000 123.710418701200
1099.490000000 7.000000000 123.586341857900
1096.240000000 6.800000000 122.334678649900
1096.490000000 7.000000000 122.172042846700
1097.490000000 7.200000000 120.767112731900
1098.740000000 6.600000000 120.126655578600
1099.740000000 6.800000000 119.704856872600
1097.740000000 7.200000000 118.832969665500
1097.240000000 7.200000000 116.694831848100
1097.990000000 6.400000000 115.700714111300
1098.990000000 6.600000000 115.093124389600
1097.990000000 7.200000000 113.438400268600
1099.740000000 7.000000000 111.927818298300
1096.990000000 7.200000000 109.757820129400
1099.240000000 6.600000000 108.216102600100
1095.990000000 6.600000000 105.732528686500
1098.240000000 7.200000000 105.684127807600
1096.240000000 6.400000000 105.649635314900
1099.990000000 6.800000000 105.039733886700
1098.240000000 6.400000000 102.538520813000
1096.240000000 7.000000000 101.128822326700
1095.990000000 6.800000000 99.929634094200
1096.740000000 7.200000000 99.818244934100
1098.490000000 7.200000000 98.610984802200
1099.490000000 6.600000000 98.551246643100
1099.990000000 7.000000000 97.259422302200
1096.990000000 6.200000000 95.702812194800
1097.240000000 6.200000000 95.041633606000
1098.740000000 7.200000000 94.228576660200
1098.990000000 7.200000000 92.034278869600
1096.740000000 6.200000000 91.762626647900
1098.490000000 6.400000000 90.975975036600
1100.240000000 6.800000000 90.820755004900
1097.490000000 6.200000000 90.727935791000
1099.240000000 7.200000000 88.441833496100
1096.490000000 7.200000000 87.073677063000
1095.990000000 6.400000000 86.746139526400
1099.740000000 6.600000000 86.677925109900
1101.490000000 6.800000000 86.570739746100
1101.240000000 6.800000000 85.249221801800
1097.740000000 6.200000000 84.519783020000
1096.490000000 6.200000000 83.629737854000
1095.740000000 6.600000000 83.522003173800
1098.740000000 6.400000000 83.193359375000
1100.240000000 7.000000000 82.162490844700
1099.490000000 7.200000000 81.948333740200
1097.490000000 7.400000000 81.065940856900
1100.490000000 6.800000000 80.511100769000
1097.240000000 7.400000000 79.894630432100
1100.990000000 6.800000000 79.661735534700
1095.990000000 7.000000000 79.383102417000
1095.740000000 6.800000000 78.774711608900
1101.740000000 6.800000000 78.671813964800
1097.740000000 7.400000000 78.606864929200
1097.990000000 6.200000000 77.572479248000
1100.740000000 6.800000000 76.790512085000
1098.990000000 6.400000000 76.063110351600
1096.990000000 7.400000000 74.899154663100
1099.990000000 6.600000000 74.144424438500
1097.990000000 7.400000000 73.628433227500
1096.240000000 6.200000000 72.421035766600
1096.240000000 7.200000000 72.246330261200
1101.490000000 6.600000000 72.204437255900
1099.740000000 7.200000000 71.829170227100
1100.490000000 7.000000000 70.593292236300
1101.490000000 7.000000000 70.376403808600
1098.240000000 6.200000000 70.262939453100
1101.240000000 7.000000000 69.676933288600
1095.740000000 6.400000000 69.264732360800
1101.240000000 6.600000000 68.987510681200
1099.240000000 6.400000000 68.319084167500
1101.740000000 6.600000000 68.029693603500
1098.240000000 7.400000000 67.733955383300
1096.740000000 7.400000000 66.922019958500
1100.990000000 7.000000000 66.220817565900
1095.490000000 6.600000000 66.219543457000
1100.740000000 7.000000000 65.375122070300
1101.740000000 7.000000000 64.083709716800
1100.240000000 6.600000000 63.673007965100
1101.990000000 6.800000000 63.107582092300
1098.490000000 6.200000000 62.691120147700
1100.990000000 6.600000000 62.567749023400
1095.490000000 6.800000000 62.474563598600
1098.490000000 7.400000000 62.387817382800
1095.740000000 7.000000000 60.594253540000
1099.490000000 6.400000000 59.758747100800
1095.990000000 6.200000000 59.730072021500
1099.990000000 7.200000000 59.625862121600
1098.740000000 7.400000000 58.736206054700
1100.490000000 6.600000000 57.932788848900
1100.740000000 6.600000000 57.886161804200
1095.990000000 7.200000000 57.437988281200
1096.490000000 7.400000000 57.317821502700
1101.990000000 6.600000000 56.702877044700
1095.240000000 6.600000000 55.912132263200
1098.990000000 7.400000000 55.722389221200
1095.490000000 6.400000000 55.720252990700
1098.740000000 6.200000000 54.958015441900
1096.990000000 6.000000000 54.564682006800
1097.240000000 6.000000000 54.043380737300
1096.740000000 6.000000000 53.434204101600
1094.490000000 6.600000000 53.318332672100
1095.240000000 6.800000000 52.709991455100
1097.490000000 6.000000000 52.515563964800
1094.740000000 6.600000000 52.451892852800
1094.990000000 6.600000000 52.174678802500
1094.240000000 6.600000000 51.715457916300
1101.990000000 7.000000000 51.114131927500
1099.240000000 7.400000000 51.030338287400
1099.740000000 6.400000000 50.905464172400
1097.740000000 6.000000000 50.424144744900
1097.240000000 7.600000000 50.328468322800
1097.490000000 7.600000000 50.159133911100
1096.490000000 6.000000000 50.011627197300
1094.490000000 6.400000000 49.939971923800
1105.740000000 6.400000000 49.841304779100
1095.490000000 7.000000000 49.130596160900
1105.740000000 6.600000000 48.924095153800
1094.240000000 6.400000000 48.837333679200
1094.990000000 6.800000000 48.680091857900
1100.240000000 7.200000000 48.370239257800
1097.740000000 7.600000000 48.297161102300
1094.490000000 6.800000000 48.227767944300
1094.740000000 6.400000000 48.087989807100
1094.740000000 6.800000000 48.073062896700
1095.240000000 6.400000000 48.048595428500
1096.990000000 7.600000000 48.033493042000
1097.990000000 6.000000000 47.856441497800
1095.740000000 6.200000000 47.537105560300
1096.240000000 7.400000000 47.433971405000
1098.990000000 6.200000000 47.363243103000
1105.490000000 6.400000000 46.932319641100
1094.240000000 6.800000000 46.855411529500
1094.990000000 6.400000000 46.276962280300
1093.990000000 6.600000000 46.118209838900
1105.490000000 6.600000000 46.094425201400
1101.490000000 6.400000000 45.635303497300
1099.490000000 7.400000000 45.553386688200
1097.990000000 7.600000000 45.519157409700
1102.240000000 6.800000000 45.178241729700
1095.740000000 7.200000000 44.997039794900
1101.740000000 6.400000000 44.631229400600
1098.240000000 6.000000000 44.560672760000
1093.990000000 6.400000000 44.261775970500
1096.240000000 6.000000000 44.078727722200
1095.240000000 7.000000000 43.381916046100
1105.740000000 6.200000000 43.209026336700
1096.740000000 7.600000000 43.157836914100
1099.990000000 6.400000000 43.015106201200
1101.240000000 6.400000000 43.009662628200
1093.990000000 6.800000000 42.559074401900
1101.490000000 7.200000000 42.375331878700
1098.240000000 7.600000000 42.341705322300
1102.240000000 6.600000000 42.299896240200
1105.240000000 6.400000000 42.200839996300
1105.240000000 6.600000000 42.084262847900
1094.990000000 7.000000000 41.149196624800
1105.490000000 6.200000000 41.127288818400
1101.240000000 7.200000000 41.047489166300
1105.740000000 6.800000000 41.026950836200
1094.740000000 7.000000000 40.883178710900
1094.490000000 7.000000000 40.868320465100
1100.490000000 7.200000000 40.744361877400
1098.490000000 6.000000000 40.262805938700
1099.240000000 6.200000000 40.214630127000
1094.240000000 6.200000000 39.908054351800
1094.240000000 7.000000000 39.681968689000
1101.740000000 7.200000000 39.675888061500
1101.990000000 6.400000000 39.211780548100
1105.490000000 6.800000000 39.204853057900
1098.490000000 7.600000000 39.014564514200
1100.990000000 6.400000000 38.933807373000
1104.990000000 6.600000000 38.695838928200
1100.990000000 7.200000000 38.488182067900
1094.490000000 6.200000000 38.439056396500
1095.990000000 7.400000000 38.423339843800
1099.740000000 7.400000000 38.359272003200
1105.240000000 6.200000000 38.107585907000
1105.240000000 6.800000000 38.057109832800
1095.490000000 6.200000000 37.835201263400
1093.990000000 6.200000000 37.748149871800
1100.740000000 7.200000000 37.701583862300
1104.990000000 6.400000000 37.539188385000
1100.240000000 6.400000000 37.431331634500
1093.740000000 6.600000000 37.163177490200
1093.740000000 6.400000000 37.159511566200
1096.490000000 7.600000000 36.777622222900
1093.990000000 7.000000000 36.563358306900
1095.490000000 7.200000000 36.394985199000
1095.990000000 6.000000000 36.345920562700
1098.740000000 7.600000000 35.956157684300
1104.990000000 6.800000000 35.927921295200
1102.240000000 7.000000000 35.842353820800
1104.240000000 6.800000000 35.800277710000
1100.740000000 6.400000000 35.705535888700
1103.990000000 6.800000000 35.488079071000
1093.740000000 6.800000000 35.357761383100
1104.740000000 6.600000000 35.348789215100
1104.490000000 6.800000000 35.253734588600
1098.740000000 6.000000000 34.992012023900
1100.490000000 6.400000000 34.965682983400
1104.740000000 6.800000000 34.949741363500
1094.740000000 6.200000000 34.947174072300
1104.490000000 6.600000000 34.769039154100
1104.240000000 6.600000000 34.219524383500
1094.490000000 7.200000000 33.944213867200
1105.740000000 6.000000000 33.687698364300
1099.490000000 6.200000000 33.547943115200
1104.740000000 6.400000000 33.538959503200
1104.990000000 6.200000000 33.536972045900
1094.240000000 7.200000000 33.384265899700
1094.740000000 7.200000000 33.368476867700
1103.990000000 6.600000000 33.105079650900
1103.740000000 6.800000000 32.985187530500
1098.990000000 7.600000000 32.873558044400
1095.240000000 7.200000000 32.792961120600
1095.240000000 6.200000000 32.735015869100
1094.990000000 7.200000000 32.598751068100
1101.990000000 7.200000000 32.582244873000
1094.990000000 6.200000000 32.246879577600
1104.240000000 7.000000000 31.996694564800
1093.740000000 6.200000000 31.981641769400
1105.490000000 6.000000000 31.876182556200
1103.990000000 7.000000000 31.512351989700
1093.740000000 7.000000000 31.443962097200
1105.490000000 7.000000000 31.310367584200
1095.740000000 7.400000000 31.171787262000
1093.990000000 7.200000000 31.136754989600
1104.490000000 7.000000000 31.056182861300
1105.740000000 7.000000000 30.903696060200
1105.240000000 7.000000000 30.899499893200
1102.240000000 6.400000000 30.868158340500
1099.990000000 7.400000000 30.796447753900
1104.490000000 6.400000000 30.472082138100
1096.240000000 7.600000000 30.404706955000
1103.740000000 6.600000000 30.383520126300
1105.240000000 6.000000000 30.132980346700
1097.490000000 7.800000000 30.092414856000
1104.740000000 7.000000000 30.091135025000
1104.990000000 7.000000000 30.078666687000
1095.740000000 6.000000000 29.975795745800
1097.240000000 7.800000000 29.846380233800
1102.490000000 6.800000000 29.697954177900
1097.740000000 7.800000000 29.511322021500
1097.240000000 5.800000000 29.344373703000
1096.990000000 5.800000000 29.311536788900
1104.740000000 6.200000000 29.227987289400
1098.990000000 6.000000000 29.182571411100
1102.490000000 6.600000000 29.150550842300
1097.490000000 5.800000000 29.065940856900
1096.740000000 5.800000000 28.728460311900
1099.240000000 7.600000000 28.594459533700
1096.990000000 7.800000000 28.583597183200
1097.740000000 5.800000000 28.525913238500
1104.240000000 6.400000000 28.475170135500
1097.990000000 7.800000000 28.326808929400
1093.490000000 6.600000000 28.251192092900
1093.490000000 6.400000000 28.166353225700
1103.740000000 7.000000000 28.118783950800
1099.740000000 6.200000000 27.984027862500
1094.240000000 7.400000000 27.888452529900
1103.490000000 6.800000000 27.833955764800
1097.990000000 5.800000000 27.601179122900
1094.490000000 7.400000000 27.483430862400
1093.740000000 7.200000000 27.392292022700
1096.490000000 5.800000000 27.143075943000
1093.990000000 7.400000000 26.829792022700
1098.240000000 7.800000000 26.724527359000
1104.990000000 6.000000000 26.695535659800
1093.490000000 6.800000000 26.602031707800
1095.490000000 7.400000000 26.294168472300
1094.240000000 6.000000000 26.257894516000
1096.740000000 7.800000000 26.204303741500
1094.740000000 7.400000000 26.103839874300
1098.240000000 5.800000000 26.034578323400
1101.490000000 6.200000000 25.837005615200
1093.990000000 6.000000000 25.805931091300
1101.740000000 6.200000000 25.658044815100
1103.990000000 6.400000000 25.534002304100
1103.490000000 6.600000000 25.533006668100
1095.990000000 7.600000000 25.006412506100
1098.490000000 7.800000000 24.938091278100
1093.490000000 7.000000000 24.890295028700
1096.240000000 5.800000000 24.699567794800
1101.240000000 6.200000000 24.591201782200
1101.990000000 6.200000000 24.589097976700
1104.490000000 6.200000000 24.582572937000
1100.240000000 7.400000000 24.557640075700
1094.990000000 7.400000000 24.520795822100
1093.740000000 7.400000000 24.308723449700
1095.490000000 6.000000000 24.268898010300
1095.240000000 7.400000000 24.054922103900
1099.990000000 6.200000000 24.044071197500
1094.490000000 6.000000000 24.042734146100
1099.490000000 7.600000000 23.943063736000
1093.490000000 6.200000000 23.940015792800
1104.240000000 7.200000000 23.658737182600
1098.490000000 5.800000000 23.636293411300
1099.240000000 6.000000000 23.546243667600
1103.490000000 7.000000000 23.356430053700
1102.240000000 7.200000000 23.331899642900
1104.490000000 7.200000000 23.184703826900
1105.740000000 5.800000000 23.056121826200
1098.740000000 7.800000000 23.047992706300
1102.490000000 6.400000000 23.025571823100
1096.490000000 7.800000000 22.899681091300
1102.490000000 7.000000000 22.813684463500
1105.240000000 7.200000000 22.805671691900
1104.990000000 7.200000000 22.791717529300
1103.990000000 7.200000000 22.757499694800
1105.490000000 7.200000000 22.748655319200
1100.990000000 6.200000000 22.701107025100
1105.740000000 7.200000000 22.595739364600
1104.740000000 7.200000000 22.592300415000
1094.240000000 7.600000000 22.549156189000
1093.490000000 7.200000000 22.490795135500
1102.240000000 6.200000000 22.430480957000
1093.740000000 6.000000000 22.259998321500
1093.990000000 7.600000000 22.217718124400
1105.490000000 5.800000000 22.143735885600
1104.740000000 6.000000000 22.098739624000
1103.740000000 6.400000000 22.084131240800
1101.490000000 7.400000000 22.053989410400
1103.240000000 6.800000000 21.854125976600
1092.990000000 7.400000000 21.628761291500
1100.240000000 6.200000000 21.616460800200
1092.740000000 7.400000000 21.577943801900
1101.740000000 7.400000000 21.560983657800
1094.490000000 7.600000000 21.494609832800
1102.490000000 6.200000000 21.382648468000
1095.990000000 5.800000000 21.369606018100
1100.740000000 6.200000000 21.158235549900
1092.740000000 7.600000000 21.018566131600
1101.240000000 7.400000000 21.001075744600
1094.740000000 6.000000000 20.967958450300
1095.740000000 7.600000000 20.944259643600
1105.240000000 5.800000000 20.746383667000
1093.490000000 7.400000000 20.738464355500
1100.490000000 6.200000000 20.685764312700
1092.990000000 7.200000000 20.678520202600
1093.740000000 7.600000000 20.661247253400
1100.490000000 7.400000000 20.652183532700
1089.990000000 5.000000000 20.638088226300
1089.990000000 5.200000000 20.550107955900
1093.240000000 7.400000000 20.517450332600
1098.990000000 7.800000000 20.478013992300
1092.990000000 7.600000000 20.465124130200
1098.740000000 5.800000000 20.450805664100
1090.490000000 5.600000000 20.441457748400
1092.740000000 7.200000000 20.403638839700
1095.240000000 6.000000000 20.394199371300
1104.240000000 6.200000000 20.317642211900
1092.490000000 7.400000000 20.298921585100
1090.240000000 5.200000000 20.291065216100
1090.240000000 5.000000000 20.242549896200
1090.240000000 5.400000000 20.176876068100
1103.240000000 6.600000000 20.155704498300
1089.740000000 5.200000000 20.155624389600
1093.240000000 6.600000000 20.142005920400
1102.740000000 6.600000000 20.121177673300
1090.240000000 5.600000000 20.111696243300
1090.490000000 5.400000000 20.099359512300
1089.740000000 5.000000000 20.079765319800
1092.490000000 7.600000000 20.015079498300
1093.240000000 7.200000000 20.013849258400
1102.740000000 6.200000000 19.895912170400
1090.740000000 5.600000000 19.752077102700
1089.990000000 5.400000000 19.732730865500
1102.740000000 6.800000000 19.718858718900
1103.740000000 7.200000000 19.684707641600
1100.990000000 7.400000000 19.636745452900
1099.740000000 7.600000000 19.617273330700
1094.740000000 7.600000000 19.613018035900
1102.740000000 6.400000000 19.601198196400
1096.240000000 7.800000000 19.542892456100
1090.490000000 5.200000000 19.423347473100
1090.740000000 5.400000000 19.306783676100
1090.490000000 5.800000000 19.298095703100
1094.990000000 6.000000000 19.294240951500
1093.240000000 6.400000000 19.253948211700
1093.240000000 6.800000000 19.234121322600
1100.740000000 7.400000000 19.195001602200
1089.490000000 5.200000000 19.102046966600
1092.490000000 7.200000000 19.098087310800
1089.990000000 5.600000000 19.030248642000
1090.240000000 5.800000000 18.966642379800
1089.740000000 5.400000000 18.906341552700
1090.490000000 5.000000000 18.901849746700
1101.990000000 7.400000000 18.872201919600
1092.240000000 7.400000000 18.834121704100
1090.240000000 4.800000000 18.823421478300
1089.990000000 4.800000000 18.788503646900
1089.490000000 5.000000000 18.747449874900
1099.490000000 6.000000000 18.688667297400
1093.240000000 7.600000000 18.633211135900
1090.740000000 5.800000000 18.605915069600
1102.990000000 6.200000000 18.594501495400
1092.990000000 7.000000000 18.543737411500
1092.240000000 7.600000000 18.501033783000
1095.490000000 7.600000000 18.365043640100
1093.490000000 7.600000000 18.256097793600
1097.740000000 8.000000000 18.255294799800
1104.990000000 5.800000000 18.252981185900
1102.490000000 6.000000000 18.233089447000
1092.740000000 7.000000000 18.187152862500
1102.990000000 6.400000000 18.166826248200
1092.740000000 7.800000000 18.164646148700
1097.490000000 8.000000000 18.159425735500
1090.990000000 5.600000000 18.084577560400
1103.240000000 7.000000000 18.059194564800
1090.740000000 5.200000000 18.020936965900
1103.490000000 6.400000000 17.976938247700
1094.990000000 7.600000000 17.953069686900
1093.240000000 7.000000000 17.936214447000
1097.990000000 8.000000000 17.928516387900
1089.740000000 4.800000000 17.883277893100
1089.990000000 5.800000000 17.816328048700
1092.490000000 7.800000000 17.800756454500
1104.490000000 6.000000000 17.797340393100
1092.240000000 7.200000000 17.789440155000
1102.240000000 6.000000000 17.755268096900
1090.490000000 4.800000000 17.741741180400
1098.240000000 8.000000000 17.680984497100
1089.490000000 5.400000000 17.680194854700
1090.990000000 5.400000000 17.674552917500
1093.990000000 7.800000000 17.545646667500
1089.740000000 5.600000000 17.544799804700
1097.240000000 8.000000000 17.526979446400
1102.990000000 6.800000000 17.524274826000
1099.240000000 7.800000000 17.438503265400
1089.240000000 5.200000000 17.421493530300
1095.240000000 7.600000000 17.390628814700
1095.740000000 5.800000000 17.380599975600
1091.990000000 7.400000000 17.375850677500
1102.740000000 6.000000000 17.316186904900
1094.240000000 7.800000000 17.217771530200
1098.490000000 8.000000000 17.198209762600
1091.990000000 7.600000000 17.191675186200
1101.990000000 6.000000000 17.106752395600
1092.990000000 7.800000000 17.084978103600
1090.990000000 5.800000000 17.073244094800
1092.490000000 7.000000000 17.043918609600
1089.240000000 5.000000000 16.964874267600
1090.740000000 5.000000000 16.845218658400
1093.740000000 7.800000000 16.833305358900
1102.990000000 6.600000000 16.822477340700
1098.990000000 5.800000000 16.807151794400
1093.490000000 6.000000000 16.610206604000
1092.240000000 7.800000000 16.588048934900
1103.990000000 6.200000000 16.582164764400
1101.740000000 6.000000000 16.528032302900
1090.490000000 6.000000000 16.457231521600
1103.240000000 6.400000000 16.455953598000
1095.990000000 7.800000000 16.444650650000
1096.990000000 8.000000000 16.390367507900
1103.240000000 6.200000000 16.384771347000
1089.490000000 4.800000000 16.375480651900
1090.240000000 6.000000000 16.309200286900
1101.490000000 6.000000000 16.209699630700
1092.240000000 7.000000000 16.165802002000
1089.740000000 5.800000000 16.161439895600
1091.990000000 7.200000000 16.130741119400
1090.990000000 5.200000000 16.124828338600
1102.990000000 6.000000000 16.079067230200
1090.740000000 6.000000000 15.985734939600
1098.740000000 8.000000000 15.965902328500
1089.240000000 5.400000000 15.958746910100
1085.990000000 5.000000000 15.932765960700
1094.490000000 7.800000000 15.879270553600
1104.740000000 7.400000000 15.863998413100
1089.490000000 5.600000000 15.819495201100
1104.990000000 7.400000000 15.783521652200
1099.990000000 7.600000000 15.774234771700
1090.240000000 4.600000000 15.769279480000
1093.240000000 6.200000000 15.768062591600
1092.990000000 6.800000000 15.726405143700
1091.240000000 5.600000000 15.714192390400
1102.990000000 7.400000000 15.675127983100
1090.740000000 4.800000000 15.641969680800
1105.240000000 7.400000000 15.614445686300
1097.490000000 5.600000000 15.596721649200
1092.490000000 6.800000000 15.539031028700
1097.240000000 5.600000000 15.538004875200
1102.990000000 7.200000000 15.531404495200
1104.490000000 7.400000000 15.530389785800
1089.990000000 4.600000000 15.530178070100
1105.490000000 7.400000000 15.526528358500
1102.740000000 7.400000000 15.519889831500
1089.990000000 6.000000000 15.509169578600
1105.740000000 7.400000000 15.486602783200
1091.990000000 7.800000000 15.458270072900
1102.740000000 7.200000000 15.453617095900
1103.240000000 7.400000000 15.424719810500
1092.740000000 6.800000000 15.420872688300
1101.240000000 6.000000000 15.415804863000
1093.490000000 7.800000000 15.388347625700
1097.740000000 5.600000000 15.377928733800
1099.740000000 6.000000000 15.373565673800
1096.990000000 5.600000000 15.365594863900
1091.240000000 5.400000000 15.275883674600
1088.990000000 5.200000000 15.245348930400
1090.490000000 4.600000000 15.221071243300
1093.240000000 7.800000000 15.188529014600
1091.240000000 5.800000000 15.122346878100
1085.990000000 5.200000000 15.084126472500
1090.990000000 6.000000000 15.070991516100
1103.490000000 7.200000000 15.068784713700
1103.240000000 7.200000000 15.062801361100
1102.490000000 7.400000000 15.062503814700
1088.990000000 5.000000000 15.031401634200
1096.740000000 5.600000000 15.022481918300
1102.490000000 7.200000000 14.936420440700
1096.740000000 8.000000000 14.923440933200
1091.740000000 7.600000000 14.885658264200
1092.240000000 6.800000000 14.867556572000
1089.240000000 4.800000000 14.861957550000
1085.990000000 4.800000000 14.861888885500
1091.740000000 7.400000000 14.855925560000
1086.240000000 5.000000000 14.846959114100
1097.990000000 5.600000000 14.825325965900
1104.740000000 5.800000000 14.798933029200
1105.740000000 5.600000000 14.672626495400
1089.740000000 4.600000000 14.644572258000
1102.740000000 7.000000000 14.611486434900
1091.990000000 7.000000000 14.583367347700
1103.490000000 7.400000000 14.538599014300
1104.240000000 7.400000000 14.524166107200
1102.240000000 7.400000000 14.470933914200
1100.990000000 6.000000000 14.467606544500
1091.990000000 6.800000000 14.440585136400
1091.990000000 6.600000000 14.421870231600
1090.990000000 5.000000000 14.413293838500
1099.490000000 7.800000000 14.396713256800
1092.490000000 6.600000000 14.379841804500
1092.240000000 6.600000000 14.305731773400
1096.490000000 5.600000000 14.296451568600
1102.740000000 7.600000000 14.269587516800
1103.240000000 6.000000000 14.234788894700
1091.240000000 6.000000000 14.229195594800
1094.740000000 7.800000000 14.146903991700
1089.490000000 5.800000000 14.144781112700
1089.740000000 6.000000000 14.138606071500
1098.990000000 8.000000000 14.132584571800
1086.240000000 4.800000000 14.118957519500
1102.490000000 7.600000000 14.088659286500
1105.490000000 5.600000000 14.008917808500
1102.990000000 7.000000000 14.005476951600
1092.490000000 8.000000000 14.002966880800
1092.740000000 6.600000000 13.971669197100
1091.740000000 6.800000000 13.921125412000
1092.740000000 8.000000000 13.903318405200
1102.990000000 7.600000000 13.881071090700
1098.240000000 5.600000000 13.880466461200
1095.740000000 7.800000000 13.849864006000
1089.240000000 5.600000000 13.835208892800
1091.740000000 6.600000000 13.826964378400
1091.240000000 5.200000000 13.785907745400
1088.990000000 5.400000000 13.776429176300
1091.740000000 7.200000000 13.771306037900
1091.740000000 7.000000000 13.743889808700
1086.240000000 5.200000000 13.702997207600
1092.990000000 6.600000000 13.666561126700
1091.990000000 6.400000000 13.662191391000
1100.740000000 6.000000000 13.643190383900
1090.740000000 4.600000000 13.629427909900
1103.490000000 6.200000000 13.622981071500
1086.490000000 5.000000000 13.604477882400
1092.240000000 6.400000000 13.575218200700
1096.490000000 8.000000000 13.572147369400
1091.740000000 7.800000000 13.559808731100
1099.990000000 6.000000000 13.541095733600
1095.490000000 5.800000000 13.521289825400
1103.990000000 7.400000000 13.521282196000
1089.490000000 4.600000000 13.439633369400
1088.990000000 4.800000000 13.437840461700
1092.490000000 6.400000000 13.435148239100
1093.990000000 5.800000000 13.431612014800
1091.490000000 5.800000000 13.401640892000
1091.490000000 6.000000000 13.342243194600
1104.240000000 6.000000000 13.316917419400
1102.490000000 5.800000000 13.313718795800
1092.240000000 8.000000000 13.263853073100
1102.240000000 7.600000000 13.260393142700
1099.240000000 5.800000000 13.240779876700
1086.490000000 4.800000000 13.104031562800
1088.740000000 5.000000000 13.066490173300
1103.240000000 7.600000000 13.059576034500
1085.990000000 5.400000000 13.059493064900
1096.240000000 5.600000000 13.058454513500
1102.490000000 7.800000000 13.047641754200
1103.740000000 6.200000000 13.025440216100
1091.740000000 6.400000000 13.012513160700
1091.490000000 5.600000000 13.011621475200
1090.990000000 4.800000000 13.010082244900
1093.740000000 8.000000000 12.996536254900
1100.490000000 6.000000000 12.981192588800
1094.240000000 5.800000000 12.957525253300
1093.990000000 8.000000000 12.938332557700
1102.240000000 5.800000000 12.921754837000
1103.740000000 7.400000000 12.915945053100
1102.740000000 7.800000000 12.884352684000
1105.240000000 5.600000000 12.860742569000
1100.240000000 7.600000000 12.851278305100
1091.490000000 6.800000000 12.843198776200
1088.740000000 5.200000000 12.836653709400
1090.490000000 6.200000000 12.810856819200
1090.240000000 6.200000000 12.810389518700
1102.740000000 5.800000000 12.809594154400
1094.990000000 7.800000000 12.761676788300
1092.990000000 8.000000000 12.761653900100
1086.490000000 5.200000000 12.707631111100
1092.740000000 6.400000000 12.691556930500
1102.240000000 7.800000000 12.619277954100
1090.740000000 6.200000000 12.606126785300
1091.490000000 7.000000000 12.599042892500
1091.490000000 6.600000000 12.575756073000
1100.240000000 6.000000000 12.575580596900
1091.990000000 8.000000000 12.571311950700
1098.490000000 5.600000000 12.535866737400
1085.990000000 4.600000000 12.514451980600
1102.490000000 8.000000000 12.507808685300
1095.490000000 7.800000000 12.442254066500
1091.490000000 5.400000000 12.423031806900
1102.240000000 8.000000000 12.418889999400
1089.990000000 6.200000000 12.410105705300
1089.240000000 4.600000000 12.400697708100
1092.240000000 6.200000000 12.387693405200
1103.490000000 7.600000000 12.380273819000
1101.990000000 7.800000000 12.372537612900
1093.490000000 8.000000000 12.367091178900
1090.990000000 6.200000000 12.352230072000
1089.490000000 6.000000000 12.288359642000
1098.490000000 8.200000000 12.278768539400
1086.740000000 5.000000000 12.277134895300
1098.240000000 8.200000000 12.254995346100
1091.490000000 7.200000000 12.245852470400
1091.240000000 6.200000000 12.217720985400
1094.240000000 8.000000000 12.194863319400
1101.990000000 5.800000000 12.167718887300
1101.740000000 7.600000000 12.150597572300
1095.240000000 7.800000000 12.141086578400
1099.240000000 8.000000000 12.136019706700
1092.990000000 6.400000000 12.108109474200
1091.240000000 5.000000000 12.100946426400
1096.240000000 8.000000000 12.099884033200
1101.490000000 7.600000000 12.094554901100
1093.740000000 5.800000000 12.082341194200
1102.740000000 8.000000000 12.072499275200
1102.990000000 7.800000000 12.053865432700
1088.740000000 4.800000000 12.032391548200
1091.490000000 7.400000000 12.019633293200
1092.490000000 6.200000000 12.014565467800
1091.490000000 7.600000000 12.003170013400
1091.740000000 6.000000000 11.999196052600
1091.990000000 6.200000000 11.990803718600
1101.990000000 8.000000000 11.959083557100
1101.990000000 7.600000000 11.947330474900
1101.740000000 7.800000000 11.885003089900
1089.240000000 5.800000000 11.852701187100
1099.740000000 7.800000000 11.840967178300
1086.240000000 5.400000000 11.800521850600
1086.240000000 4.600000000 11.795440673800
1091.490000000 6.200000000 11.775306701700
1097.990000000 8.200000000 11.754567146300
1091.490000000 6.400000000 11.741758346600
1091.740000000 5.800000000 11.718523979200
1086.740000000 4.800000000 11.717733383200
1098.740000000 8.200000000 11.711600303600
1086.740000000 5.200000000 11.704180717500
1102.990000000 5.800000000 11.668694496200
1103.490000000 6.000000000 11.602480888400
1088.990000000 5.600000000 11.592711448700
1090.990000000 4.600000000 11.575406074500
1101.740000000 5.800000000 11.572333335900
1091.740000000 6.200000000 11.568174362200
1101.240000000 7.600000000 11.550144195600
1088.990000000 4.600000000 11.540511131300
1089.740000000 6.200000000 11.494815826400
1101.740000000 8.000000000 11.422682762100
1097.740000000 8.200000000 11.380815506000
1088.740000000 5.400000000 11.353247642500
1091.240000000 6.800000000 11.344206810000
1101.490000000 7.800000000 11.342778205900
1091.490000000 5.200000000 11.327116966200
1104.490000000 5.800000000 11.323621749900
1094.490000000 5.800000000 11.300142288200
1091.740000000 8.000000000 11.282813072200
1091.490000000 7.800000000 11.278964042700
1095.990000000 5.600000000 11.256728172300
1103.740000000 7.600000000 11.251137733500
1093.240000000 8.000000000 11.162633895900
1104.990000000 5.600000000 11.162102699300
1102.990000000 8.000000000 11.131776809700
1088.490000000 5.000000000 11.097358703600
1091.240000000 7.000000000 11.092407226600
1092.740000000 6.200000000 11.063878059400
1100.490000000 7.600000000 11.047588348400
1101.490000000 8.000000000 11.036294937100
1097.490000000 8.200000000 11.032061576800
1094.490000000 8.000000000 11.014002800000
1101.490000000 5.800000000 10.999884605400
1100.990000000 7.600000000 10.895673751800
1091.240000000 6.600000000 10.869121551500
1098.990000000 8.200000000 10.864407539400
1086.490000000 5.400000000 10.864259719800
1098.740000000 5.600000000 10.846841812100
1101.240000000 7.800000000 10.842953681900
1085.990000000 5.600000000 10.836655616800
1086.990000000 5.000000000 10.811608314500
1086.490000000 4.600000000 10.800435066200
1091.740000000 5.600000000 10.785292625400
1093.240000000 6.000000000 10.783538818400
1101.240000000 8.000000000 10.781696319600
1099.490000000 8.000000000 10.757793426500
1103.240000000 7.800000000 10.737982749900
1091.240000000 4.800000000 10.701814651500
1086.990000000 5.200000000 10.646485328700
1095.240000000 5.800000000 10.631625175500
1095.990000000 8.000000000 10.626351356500
1100.740000000 7.600000000 10.609664917000
1088.490000000 5.200000000 10.554412841800
1101.240000000 5.800000000 10.552130699200
1105.240000000 7.600000000 10.519562721300
1088.490000000 4.800000000 10.483091354400
1100.990000000 8.000000000 10.477809906000
1105.490000000 7.600000000 10.473273277300
1091.990000000 5.800000000 10.468308448800
1097.240000000 8.200000000 10.400132179300
1104.990000000 7.600000000 10.398863792400
1091.240000000 7.200000000 10.389758110000
1088.740000000 4.600000000 10.380605697600
1100.990000000 7.800000000 10.377320289600
1104.740000000 7.600000000 10.357380867000
1105.740000000 7.800000000 10.356675148000
1103.240000000 5.800000000 10.299633026100
1091.990000000 6.000000000 10.293811798100
1092.240000000 6.000000000 10.289684295700
1102.490000000 8.200000000 10.265520095800
1102.740000000 8.200000000 10.229205131500
1099.490000000 5.800000000 10.228773117100
1105.740000000 7.600000000 10.193549156200
1100.990000000 5.800000000 10.163701057400
1086.740000000 5.400000000 10.158866882300
1091.240000000 6.400000000 10.156940460200
1089.490000000 6.200000000 10.155941009500
1099.990000000 7.800000000 10.087690353400
1091.990000000 5.600000000 10.066679954500
1105.490000000 7.800000000 10.063115119900
1089.240000000 6.000000000 10.058310508700
1086.990000000 4.800000000 10.052343368500
1100.740000000 8.000000000 10.043187141400
1104.490000000 7.600000000 10.028099060100
1102.240000000 8.200000000 10.005348205600
1092.490000000 8.200000000 9.997374534600
1092.990000000 6.200000000 9.977824211100
1091.490000000 5.000000000 9.973402977000
1100.740000000 7.800000000 9.937357902500
1091.240000000 7.400000000 9.875559806800
1099.240000000 8.200000000 9.841642379800
1103.490000000 7.800000000 9.840599060100
1091.740000000 5.400000000 9.838412284900
1099.740000000 8.000000000 9.837000846900
1091.240000000 4.600000000 9.783055305500
1087.240000000 5.200000000 9.763493537900
1094.740000000 8.000000000 9.763274192800
1102.990000000 8.200000000 9.753994941700
1103.240000000 8.000000000 9.753690719600
1092.240000000 5.800000000 9.747117042500
1086.240000000 5.600000000 9.726191520700
1094.740000000 5.800000000 9.718155860900
1091.490000000 8.000000000 9.717844009400
1100.740000000 5.800000000 9.717610359200
1092.240000000 8.200000000 9.701156616200
1090.990000000 7.000000000 9.663136482200
1103.990000000 7.600000000 9.647439003000
1092.490000000 6.000000000 9.644606590300
1092.740000000 8.200000000 9.642086982700
1100.490000000 7.800000000 9.623938560500
1086.990000000 5.400000000 9.611097335800
1100.240000000 7.800000000 9.610441207900
1101.990000000 8.200000000 9.602402687100
1100.490000000 8.000000000 9.592646598800
1086.740000000 4.600000000 9.575797081000
1090.990000000 6.800000000 9.570625305200
1091.240000000 7.600000000 9.528894424400
1087.240000000 5.000000000 9.505996704100
1096.990000000 8.200000000 9.458148002600
1088.990000000 5.800000000 9.440835952800
1092.240000000 5.600000000 9.421477317800
1103.990000000 6.000000000 9.401057243300
1105.490000000 8.000000000 9.387408256500
1105.740000000 8.000000000 9.370922088600
1099.990000000 8.000000000 9.364639282200
1095.740000000 8.000000000 9.347685813900
1094.990000000 5.800000000 9.322017669700
1093.490000000 5.800000000 9.315801620500
1100.240000000 8.000000000 9.314218521100
1090.490000000 7.000000000 9.304729461700
1089.990000000 6.400000000 9.301123619100
1105.240000000 7.800000000 9.287323951700
1090.240000000 6.400000000 9.255659103400
1101.740000000 8.200000000 9.235238075300
1088.740000000 5.600000000 9.235096931500
1091.990000000 8.200000000 9.231992721600
1093.490000000 8.200000000 9.224278450000
1088.240000000 5.000000000 9.192381858800
1104.240000000 7.600000000 9.157183647200
1093.740000000 8.200000000 9.149868965100
1092.490000000 5.800000000 9.146472930900
1088.490000000 5.400000000 9.129369735700
1087.490000000 5.200000000 9.127328872700
1100.490000000 5.800000000 9.125010490400
1087.240000000 5.400000000 9.121092796300
1090.490000000 6.400000000 9.095251083400
1090.990000000 6.600000000 9.081467628500
1090.240000000 7.200000000 9.076211929300
1095.740000000 5.600000000 9.073181152300
1089.740000000 6.400000000 9.062375068700
1090.740000000 7.000000000 9.060105323800
1101.490000000 8.200000000 9.045405387900
1091.990000000 5.400000000 9.032783508300
1105.740000000 8.200000000 9.031054496800
1090.240000000 7.000000000 9.030919075000
1105.490000000 8.200000000 9.028905868500
1101.240000000 8.200000000 9.017848014800
1091.240000000 7.800000000 9.004483223000
1100.990000000 8.200000000 8.990500450100
1098.490000000 8.400000000 8.981481552100
1090.990000000 6.400000000 8.979933738700
1090.740000000 6.400000000 8.976604461700
1091.740000000 5.200000000 8.959049224900
1090.490000000 7.200000000 8.952817916900
1098.990000000 5.600000000 8.949478149400
1104.740000000 5.600000000 8.949212074300
1088.490000000 4.600000000 8.938586235000
1091.490000000 4.800000000 8.937743187000
1090.990000000 7.200000000 8.929311752300
1099.490000000 8.200000000 8.911161422700
1105.240000000 8.000000000 8.863406181300
1105.740000000 5.400000000 8.844209671000
1103.740000000 6.000000000 8.837456703200
1098.740000000 8.400000000 8.829644203200
1092.490000000 5.600000000 8.820145607000
1100.740000000 8.200000000 8.814677238500
1088.240000000 4.800000000 8.795734405500
1086.490000000 5.600000000 8.789112091100
1103.240000000 8.200000000 8.744107246400
1093.240000000 8.200000000 8.729707717900
1094.990000000 8.000000000 8.727531433100
1102.490000000 5.600000000 8.716446876500
1092.740000000 5.800000000 8.708353996300
1092.740000000 6.000000000 8.689506530800
1087.490000000 5.400000000 8.670852661100
1093.990000000 8.200000000 8.667471885700
1098.240000000 8.400000000 8.665192604100
1089.990000000 7.200000000 8.660689353900
1102.240000000 5.600000000 8.624874115000
1087.740000000 5.200000000 8.622980117800
1103.740000000 7.800000000 8.608804702800
1091.740000000 8.200000000 8.605526924100
1092.990000000 8.200000000 8.594947814900
1099.740000000 5.800000000 8.588871955900
1088.240000000 5.200000000 8.565495491000
1089.240000000 6.200000000 8.555237770100
1103.490000000 5.800000000 8.538892746000
1085.990000000 5.800000000 8.524245262100
1103.740000000 5.800000000 8.513057708700
1089.990000000 7.000000000 8.494381904600
1100.490000000 8.200000000 8.491851806600
1088.490000000 7.200000000 8.485750198400
1087.490000000 5.000000000 8.478797912600
1088.240000000 7.400000000 8.464054107700
1105.240000000 8.200000000 8.460678100600
1089.490000000 6.400000000 8.450893402100
1087.240000000 4.800000000 8.428294181800
1090.490000000 6.800000000 8.426681518600
1092.240000000 5.400000000 8.420299530000
1095.490000000 8.000000000 8.419382095300
1100.240000000 5.800000000 8.409030914300
1096.490000000 5.000000000 8.401245117200
1092.740000000 5.600000000 8.398273468000
1105.490000000 5.400000000 8.393095970200
1093.490000000 5.600000000 8.379709243800
1096.740000000 8.200000000 8.377928733800
1087.990000000 5.200000000 8.374045372000
1090.740000000 6.800000000 8.365110397300
1092.990000000 5.800000000 8.358448028600
1087.740000000 5.400000000 8.341834068300
1096.240000000 5.000000000 8.338712692300
1088.240000000 5.400000000 8.336650848400
1093.240000000 5.600000000 8.322600364700
1091.490000000 4.600000000 8.299977302600
1088.490000000 7.400000000 8.294212341300
1098.990000000 8.400000000 8.292820930500
1099.740000000 8.200000000 8.279629707300
1093.740000000 5.600000000 8.263501167300
1092.990000000 5.600000000 8.260546684300
1090.240000000 6.800000000 8.256857872000
1088.740000000 7.200000000 8.256130218500
1090.740000000 7.200000000 8.243814468400
1104.990000000 7.800000000 8.237058639500
1088.240000000 7.200000000 8.234578132600
1086.990000000 4.600000000 8.231346130400
1087.990000000 5.400000000 8.228905677800
1096.740000000 5.000000000 8.218223571800
1096.240000000 5.200000000 8.217460632300
1102.740000000 5.600000000 8.211227417000
1096.490000000 5.200000000 8.188065528900
1101.990000000 5.600000000 8.183149337800
1097.240000000 5.400000000 8.174599647500
1100.240000000 8.200000000 8.170174598700
1091.240000000 8.000000000 8.148856163000
1095.990000000 5.000000000 8.135353088400
1095.990000000 5.200000000 8.120386123700
1095.240000000 8.000000000 8.115193367000
1086.740000000 5.600000000 8.099462509200
1104.240000000 5.800000000 8.091628074600
1097.490000000 5.400000000 8.091606140100
1103.490000000 8.000000000 8.068853378300
1087.990000000 7.400000000 8.067699432400
1093.740000000 5.400000000 8.065721511800
1089.740000000 7.200000000 8.063302993800
1099.990000000 8.200000000 8.047448158300
1093.240000000 5.800000000 8.041059494000
1096.990000000 5.400000000 8.038961410500
1091.740000000 5.000000000 8.034893035900
1104.990000000 8.000000000 8.032674789400
1099.990000000 5.800000000 8.012374877900
1094.240000000 8.200000000 8.008707046500
1087.990000000 5.000000000 8.005566597000
1097.990000000 8.400000000 7.995697498300
1089.990000000 6.800000000 7.985217094400
1087.990000000 7.600000000 7.983659267400
1093.490000000 5.400000000 7.976702690100
1087.740000000 5.000000000 7.974403381300
1096.740000000 5.200000000 7.969857215900
1103.990000000 5.800000000 7.969373703000
1089.740000000 7.000000000 7.968327522300
1093.990000000 5.600000000 7.911439895600
1093.990000000 5.400000000 7.900772571600
1095.740000000 5.200000000 7.890385150900
1088.490000000 5.600000000 7.888729572300
1103.990000000 8.400000000 7.875640392300
1092.990000000 6.000000000 7.874601364100
1103.990000000 8.600000000 7.866852760300
1102.740000000 8.400000000 7.864577293400
1097.740000000 5.400000000 7.862900257100
1088.990000000 7.200000000 7.852907657600
1104.240000000 8.400000000 7.836298942600
1088.240000000 7.600000000 7.835666179700
1095.740000000 5.000000000 7.828466415400
1087.740000000 7.600000000 7.821233272600
1092.490000000 5.400000000 7.810276031500
1104.240000000 8.600000000 7.809315204600
1102.490000000 8.400000000 7.778138637500
1091.490000000 8.200000000 7.766766548200
1090.240000000 6.600000000 7.753843307500
1086.990000000 5.600000000 7.747614860500
1088.240000000 5.600000000 7.746469497700
1089.990000000 6.600000000 7.742166996000
1087.740000000 5.600000000 7.741826534300
1088.740000000 7.000000000 7.741766452800
1088.740000000 7.400000000 7.740696430200
1103.740000000 5.600000000 7.734957695000
1087.990000000 5.600000000 7.732923030900
1101.740000000 5.600000000 7.732678413400
1096.490000000 4.800000000 7.731669426000
1091.990000000 5.200000000 7.731219768500
1096.740000000 5.400000000 7.730942726100
1089.740000000 6.800000000 7.726138591800
1090.490000000 6.600000000 7.722239494300
1093.240000000 5.400000000 7.720319747900
1103.990000000 5.600000000 7.720256805400
1096.990000000 5.000000000 7.715958595300
1089.490000000 7.200000000 7.712641239200
1090.990000000 7.400000000 7.712350368500
1087.490000000 5.600000000 7.709438324000
1096.240000000 4.800000000 7.698924541500
1089.740000000 6.600000000 7.697161674500
1088.990000000 6.000000000 7.672177791600
1087.240000000 5.600000000 7.667794704400
1089.990000000 7.400000000 7.663874149300
1104.990000000 8.200000000 7.663125515000
1088.490000000 7.000000000 7.662007808700
1090.740000000 6.600000000 7.648243904100
1102.990000000 8.400000000 7.641779899600
1105.240000000 5.400000000 7.635801792100
1088.990000000 7.000000000 7.628515243500
1089.490000000 7.000000000 7.628158569300
1089.240000000 7.200000000 7.620577335400
1096.490000000 8.200000000 7.587998867000
1089.490000000 6.600000000 7.587640285500
1104.740000000 7.800000000 7.582146167800
1103.490000000 5.600000000 7.580744743300
1105.490000000 8.400000000 7.571904182400
1099.240000000 8.400000000 7.563004016900
1095.990000000 5.400000000 7.547357559200
1103.740000000 8.600000000 7.542600631700
1089.490000000 6.800000000 7.535014629400
1089.240000000 7.000000000 7.524551391600
1103.740000000 8.400000000 7.508117198900
1094.240000000 5.400000000 7.506473541300
1102.240000000 8.400000000 7.495914936100
1095.490000000 5.200000000 7.494505405400
1087.490000000 7.800000000 7.492265701300
1090.240000000 7.400000000 7.486789703400
1089.240000000 6.400000000 7.486641883900
1096.740000000 4.800000000 7.479231357600
1092.990000000 5.400000000 7.477822303800
1095.740000000 5.400000000 7.476416587800
1092.740000000 5.400000000 7.467163562800
1095.990000000 4.800000000 7.466466426800
1086.240000000 5.800000000 7.465997695900
1096.990000000 5.200000000 7.457546711000
1096.240000000 5.400000000 7.454118728600
1088.490000000 7.600000000 7.448252201100
1088.240000000 4.600000000 7.448126316100
1087.990000000 7.200000000 7.440747261000
1089.740000000 7.400000000 7.440656662000
1097.990000000 5.400000000 7.420054912600
1104.240000000 5.600000000 7.417705535900
1087.490000000 7.600000000 7.399433612800
1105.740000000 8.400000000 7.398179054300
1095.490000000 5.000000000 7.397500515000
1087.740000000 7.800000000 7.396492004400
1104.490000000 8.400000000 7.388167858100
1089.240000000 6.800000000 7.381549358400
1104.490000000 8.600000000 7.381387710600
1094.240000000 5.600000000 7.381247043600
1090.990000000 7.600000000 7.352420806900
1087.490000000 4.800000000 7.333790302300
1089.240000000 6.600000000 7.325941562700
1104.240000000 8.200000000 7.311418533300
1103.990000000 8.800000000 7.308912754100
1101.490000000 5.600000000 7.308784008000
1104.240000000 8.800000000 7.306529521900
1105.240000000 8.400000000 7.300318718000
1091.740000000 4.800000000 7.292682170900
1087.240000000 7.800000000 7.283100128200
1087.990000000 4.800000000 7.282124996200
1094.490000000 8.200000000 7.279811859100
1096.490000000 5.400000000 7.260963916800
1097.740000000 8.400000000 7.250478267700
1087.740000000 7.400000000 7.250231742900
1087.990000000 7.800000000 7.246804714200
1103.990000000 8.200000000 7.236969471000
1103.490000000 8.200000000 7.228538990000
1088.240000000 7.000000000 7.209293842300
1088.990000000 7.400000000 7.205908298500
1095.490000000 5.400000000 7.184693813300
1088.990000000 6.800000000 7.181435585000
1104.490000000 8.800000000 7.176531791700
1104.740000000 8.000000000 7.162966728200
1103.240000000 5.600000000 7.153731346100
1103.990000000 7.800000000 7.146236419700
1095.740000000 4.800000000 7.129851341200
1102.990000000 5.600000000 7.127638340000
1088.740000000 5.800000000 7.117728710200
1101.990000000 8.400000000 7.107307910900
1104.490000000 7.800000000 7.097441673300
1089.490000000 7.400000000 7.089993000000
1099.240000000 5.600000000 7.082553863500
1093.990000000 5.200000000 7.076848983800
1104.490000000 8.200000000 7.069294929500
1093.740000000 5.200000000 7.061004161800
1092.240000000 5.200000000 7.057718277000
1103.740000000 8.800000000 7.047104358700
1101.240000000 5.600000000 7.041513919800
1103.240000000 8.400000000 7.036773204800
1090.990000000 7.800000000 7.028143405900
1094.490000000 5.400000000 7.008379936200
1087.240000000 4.600000000 6.987225532500
1088.240000000 7.800000000 6.984632015200
1103.490000000 8.600000000 6.983860015900
1096.990000000 4.800000000 6.977322578400
1089.240000000 7.400000000 6.962907314300
1087.740000000 4.800000000 6.942893028300
1097.240000000 5.000000000 6.941188335400
1100.990000000 5.600000000 6.933244228400
1088.740000000 7.600000000 6.925712585400
1095.240000000 5.200000000 6.925004482300
1103.990000000 5.400000000 6.923230171200
1096.240000000 8.200000000 6.920249462100
1092.240000000 8.400000000 6.910180091900
1094.240000000 5.200000000 6.907277584100
1104.740000000 8.200000000 6.897137641900
1103.490000000 8.400000000 6.891202926600
1095.490000000 5.600000000 6.882311344100
1090.490000000 7.400000000 6.882243156400
1104.240000000 5.400000000 6.882232189200
1099.490000000 8.400000000 6.881273746500
1103.740000000 8.200000000 6.875101566300
1091.240000000 8.200000000 6.863850593600
1088.740000000 6.800000000 6.854360580400
1095.240000000 5.000000000 6.836201667800
1088.240000000 6.000000000 6.835119247400
1088.990000000 6.600000000 6.828338623000
1091.740000000 4.600000000 6.812130928000
1088.490000000 6.000000000 6.807316303300
1094.490000000 5.600000000 6.792765140500
1098.240000000 5.400000000 6.790688991500
1087.240000000 7.600000000 6.786393642400
1100.740000000 5.600000000 6.776314735400
1093.490000000 5.200000000 6.768170833600
1104.740000000 8.800000000 6.765719890600
1091.990000000 8.400000000 6.757641792300
1097.490000000 8.400000000 6.754969120000
1088.990000000 6.200000000 6.753997802700
1104.990000000 8.400000000 6.739894390100
1092.490000000 8.400000000 6.731897831000
1095.490000000 4.800000000 6.728731155400
1086.990000000 7.800000000 6.710189342500
1090.990000000 8.000000000 6.709011554700
1104.490000000 5.600000000 6.708788871800
1103.740000000 5.400000000 6.688591957100
1095.240000000 5.400000000 6.687724113500
1104.740000000 8.600000000 6.686468124400
1094.490000000 5.200000000 6.679841041600
1101.740000000 8.400000000 6.679420948000
1104.740000000 8.400000000 6.667522907300
1088.490000000 7.800000000 6.645454406700
1103.740000000 8.000000000 6.634483337400
1104.490000000 9.000000000 6.633685588800
1097.240000000 5.200000000 6.613371849100
1103.490000000 8.800000000 6.600676536600
1103.990000000 8.000000000 6.597885608700
1104.490000000 8.000000000 6.587359428400
1104.990000000 5.400000000 6.579387664800
1103.240000000 8.600000000 6.565361499800
1100.740000000 8.400000000 6.561961650800
1104.240000000 9.000000000 6.522181987800
1094.740000000 5.400000000 6.516896724700
1100.990000000 8.400000000 6.515953064000
1100.490000000 5.600000000 6.513967037200
1088.990000000 6.400000000 6.513255596200
1088.990000000 7.600000000 6.512151718100
1087.990000000 5.800000000 6.508326053600
1087.490000000 8.000000000 6.507499694800
1094.740000000 8.200000000 6.502552986100
1104.740000000 9.000000000 6.498622417400
1095.990000000 8.200000000 6.485868454000
1086.490000000 5.800000000 6.485779762300
1088.490000000 5.800000000 6.471234798400
1087.740000000 5.800000000 6.462205886800
1087.490000000 6.800000000 6.460844516800
1088.240000000 5.800000000 6.458188533800
1104.240000000 8.000000000 6.453326702100
1087.240000000 8.000000000 6.440158367200
1095.240000000 5.600000000 6.434128284500
1100.490000000 8.400000000 6.432325840000
1087.990000000 6.000000000 6.430925369300
1103.990000000 9.000000000 6.426671981800
1091.740000000 8.400000000 6.420131206500
1099.740000000 8.400000000 6.413020610800
1092.490000000 5.200000000 6.407670497900
1104.240000000 7.800000000 6.405405998200
1104.490000000 5.400000000 6.391777992200
1087.240000000 6.800000000 6.391664028200
1088.490000000 6.800000000 6.381002903000
1094.740000000 5.200000000 6.369572162600
1097.240000000 4.800000000 6.369164943700
1087.740000000 8.000000000 6.359936237300
1090.740000000 7.400000000 6.346041202500
1091.990000000 5.000000000 6.344405174300
1103.490000000 5.400000000 6.344282150300
1093.240000000 5.200000000 6.342830658000
1096.240000000 4.600000000 6.341303348500
1101.240000000 8.400000000 6.339510917700
1096.490000000 4.600000000 6.336277961700
1087.990000000 7.000000000 6.309088230100
1087.990000000 4.600000000 6.290928363800
1089.240000000 7.600000000 6.290443420400
1101.490000000 8.400000000 6.282096386000
1095.240000000 4.800000000 6.273536205300
1087.490000000 7.400000000 6.271158218400
1087.740000000 7.200000000 6.257527828200
1088.740000000 7.800000000 6.257349491100
1100.240000000 8.400000000 6.257336616500
1103.240000000 8.800000000 6.256281852700
1098.490000000 8.600000000 6.255740642500
1087.490000000 5.800000000 6.254207611100
1094.740000000 5.600000000 6.238389492000
1103.740000000 9.000000000 6.230132579800
1097.240000000 8.400000000 6.229745388000
1093.240000000 8.400000000 6.225685119600
1094.990000000 5.200000000 6.220314979600
1099.990000000 8.400000000 6.214304447200
1094.990000000 5.000000000 6.170927524600
1100.240000000 5.600000000 6.166996479000
1105.490000000 8.600000000 6.165873527500
1088.740000000 6.000000000 6.161360740700
1085.990000000 6.000000000 6.157041549700
1087.990000000 8.000000000 6.155882835400
1093.490000000 8.400000000 6.149601459500
1095.990000000 4.600000000 6.146461486800
1092.740000000 8.400000000 6.145687103300
1098.740000000 8.600000000 6.142338752700
1089.490000000 7.600000000 6.141243934600
1094.990000000 5.400000000 6.136375427200
1094.240000000 5.000000000 6.128746032700
1105.740000000 8.600000000 6.113299369800
1087.740000000 6.800000000 6.113038539900
1088.740000000 6.600000000 6.099152565000
1094.490000000 5.000000000 6.098888874100
1096.740000000 4.600000000 6.096901416800
1087.490000000 4.600000000 6.092729091600
1086.990000000 7.600000000 6.054132938400
1086.990000000 8.000000000 6.051931858100
1097.490000000 5.000000000 6.048278808600
1098.490000000 5.400000000 6.044905185700
1092.740000000 5.200000000 6.036460399600
1095.740000000 8.200000000 6.036438942000
1092.990000000 5.200000000 6.035976409900
1091.490000000 8.400000000 6.035708904300
1094.990000000 5.600000000 6.035126686100
1098.240000000 8.600000000 6.034750461600
1102.990000000 8.600000000 6.009971141800
1092.990000000 8.400000000 6.003877162900
1090.990000000 8.200000000 5.981875896500
1087.240000000 5.800000000 5.966848850300
1094.740000000 5.000000000 5.962118625600
1088.240000000 8.000000000 5.962028026600
1093.990000000 5.000000000 5.941613674200
1087.740000000 6.000000000 5.935291767100
1103.490000000 9.000000000 5.933113575000
1086.740000000 5.800000000 5.926090717300
1103.240000000 5.400000000 5.919440269500
1105.240000000 8.600000000 5.909387111700
1104.990000000 9.000000000 5.894999980900
1104.990000000 8.800000000 5.893000125900
1089.740000000 7.600000000 5.873797893500
1086.740000000 7.800000000 5.855237484000
1087.740000000 4.600000000 5.852583408400
1104.240000000 5.200000000 5.851759433700
1095.740000000 4.600000000 5.848989486700
1088.990000000 7.800000000 5.824878692600
1088.240000000 6.200000000 5.820059776300
1104.990000000 8.600000000 5.809731006600
1086.990000000 6.800000000 5.807607173900
1103.990000000 5.200000000 5.807559013400
1086.990000000 5.800000000 5.803404331200
1093.740000000 8.400000000 5.794638633700
1097.490000000 4.800000000 5.781060218800
1094.990000000 4.800000000 5.776659965500
1094.990000000 8.200000000 5.764731407200
1098.990000000 8.600000000 5.763762950900
1099.990000000 5.600000000 5.760948658000
1102.990000000 8.800000000 5.744971752200
1088.240000000 6.800000000 5.744911670700
1088.490000000 8.000000000 5.732642650600
1096.990000000 4.600000000 5.681578159300
1099.490000000 5.600000000 5.678774356800
1091.240000000 8.400000000 5.664875507400
1087.990000000 6.800000000 5.664500713300
1091.990000000 4.800000000 5.654174804700
1104.490000000 5.200000000 5.643892765000
1087.490000000 6.600000000 5.639066696200
1087.240000000 6.600000000 5.636569976800
1093.740000000 5.000000000 5.631716728200
1105.740000000 9.200000000 5.631212711300
1088.490000000 6.200000000 5.618521213500
1087.990000000 6.200000000 5.610439777400
1086.240000000 8.200000000 5.610433101700
1086.490000000 8.200000000 5.604336261700
1103.740000000 5.200000000 5.603144168900
1092.240000000 5.000000000 5.598908901200
1085.990000000 8.200000000 5.592687606800
1086.740000000 8.200000000 5.578462123900
1086.740000000 7.600000000 5.577822208400
1096.990000000 8.400000000 5.567196846000
1097.490000000 5.200000000 5.555789947500
1103.240000000 9.000000000 5.551581382800
1095.490000000 4.600000000 5.543381691000
1095.490000000 8.200000000 5.539457321200
1097.990000000 8.600000000 5.520245075200
1087.490000000 6.000000000 5.520238876300
1087.490000000 8.200000000 5.515313148500
1104.740000000 5.400000000 5.510017395000
1105.490000000 9.200000000 5.465287685400
1086.990000000 8.200000000 5.463395118700
1094.490000000 4.800000000 5.451719760900
1087.240000000 7.000000000 5.448081016500
1086.740000000 8.000000000 5.445105075800
1086.740000000 6.000000000 5.442220687900
1102.990000000 5.400000000 5.440570831300
1086.490000000 8.400000000 5.437887668600
1105.740000000 9.000000000 5.434777259800
1087.740000000 8.200000000 5.429561138200
1086.740000000 8.400000000 5.425506591800
1094.740000000 4.800000000 5.424953460700
1087.240000000 7.400000000 5.423140525800
1090.740000000 7.600000000 5.413690090200
1088.740000000 6.400000000 5.407304763800
1087.490000000 7.000000000 5.405046463000
1089.990000000 7.600000000 5.403839111300
1087.740000000 6.600000000 5.402901649500
1090.740000000 8.000000000 5.401986122100
1104.740000000 9.200000000 5.392136573800
1093.990000000 8.400000000 5.381948471100
1087.240000000 8.200000000 5.379479885100
1102.240000000 5.400000000 5.372800827000
1104.490000000 9.200000000 5.362065792100
1086.240000000 8.400000000 5.360178470600
1086.990000000 6.000000000 5.356682777400
1088.740000000 8.000000000 5.351666450500
1099.740000000 5.600000000 5.345276355700
1086.490000000 6.000000000 5.342226505300
1105.490000000 9.000000000 5.330709934200
1086.990000000 6.600000000 5.329816818200
1087.240000000 6.000000000 5.328307151800
1094.240000000 4.800000000 5.326002121000
1105.490000000 8.800000000 5.317117691000
1102.740000000 8.600000000 5.313489913900
1104.240000000 9.200000000 5.313053607900
1102.490000000 5.400000000 5.308807373000
1103.490000000 5.200000000 5.295500755300
1090.990000000 8.400000000 5.292208194700
1099.240000000 8.600000000 5.290843009900
1089.240000000 7.800000000 5.290049076100
1105.240000000 9.200000000 5.283638954200
1095.240000000 4.600000000 5.278629303000
1105.740000000 8.800000000 5.277425766000
1091.990000000 4.600000000 5.275578022000
1090.740000000 7.800000000 5.270088195800
1097.740000000 4.800000000 5.262841224700
1085.990000000 8.400000000 5.261586189300
1093.490000000 5.000000000 5.252193927800
1105.240000000 8.800000000 5.252090930900
1103.990000000 9.200000000 5.244919300100
1088.490000000 6.600000000 5.235270977000
1095.240000000 8.200000000 5.233812332200
1086.990000000 8.400000000 5.231877327000
1105.740000000 5.200000000 5.224022865300
1098.740000000 5.400000000 5.223593235000
1097.240000000 4.600000000 5.211466312400
1097.740000000 5.000000000 5.198769092600
1105.740000000 9.400000000 5.198414325700
1087.740000000 6.200000000 5.187648773200
1086.490000000 7.600000000 5.179310321800
1091.740000000 8.600000000 5.157756328600
1104.740000000 5.200000000 5.155458927200
1091.990000000 8.600000000 5.150906562800
1087.240000000 8.400000000 5.145033836400
1101.990000000 5.400000000 5.137110233300
1090.740000000 8.200000000 5.135408878300
1104.990000000 9.200000000 5.123741149900
1087.990000000 6.600000000 5.097476959200
1103.740000000 9.200000000 5.093364238700
1105.490000000 5.200000000 5.093031406400
1105.240000000 9.000000000 5.079995632200
1086.240000000 8.000000000 5.079164028200
1087.740000000 7.000000000 5.070864677400
1086.240000000 6.000000000 5.069765567800
1085.990000000 8.000000000 5.059296608000
1102.490000000 8.600000000 5.052289009100
1087.990000000 8.200000000 5.051620483400
1091.490000000 8.600000000 5.042652607000
1094.990000000 4.600000000 5.042470932000
1086.990000000 7.000000000 5.031393051100
1105.490000000 9.400000000 5.023223400100
1093.990000000 4.800000000 5.020472526600
1087.490000000 8.400000000 5.012877464300
1102.740000000 8.800000000 5.006420612300
1092.490000000 5.000000000 5.004467010500
1094.240000000 8.400000000 4.999413013500
1088.740000000 6.200000000 4.996201515200
1086.990000000 7.400000000 4.993069648700
1102.990000000 9.000000000 4.970503330200
1086.490000000 8.000000000 4.969212532000
1102.740000000 5.400000000 4.953474521600
1087.490000000 7.200000000 4.930816650400
1092.240000000 8.600000000 4.929049015000
1086.490000000 7.800000000 4.914856910700
1088.240000000 6.600000000 4.904681205700
1091.240000000 8.600000000 4.903789997100
1090.740000000 8.400000000 4.887289524100
1103.240000000 5.200000000 4.877283573200
1103.490000000 9.200000000 4.866672515900
1086.740000000 6.800000000 4.864872455600
1093.240000000 5.000000000 4.863787174200
1099.490000000 8.600000000 4.859789371500
1101.740000000 5.400000000 4.831162929500
1105.240000000 9.400000000 4.818480491600
1097.990000000 4.800000000 4.812080383300
1090.240000000 7.600000000 4.811318874400
1097.490000000 4.600000000 4.808810234100
1094.740000000 4.600000000 4.801357269300
1097.740000000 8.600000000 4.798239231100
1105.240000000 5.200000000 4.784378528600
1090.990000000 8.600000000 4.784140586900
1096.740000000 8.400000000 4.783306121800
1102.240000000 8.600000000 4.782059192700
1086.740000000 7.400000000 4.776120185900
1087.490000000 6.200000000 4.772290229800
1094.490000000 4.600000000 4.767908096300
1088.240000000 8.200000000 4.751565933200
1104.240000000 5.000000000 4.738973617600
1086.740000000 6.600000000 4.724193096200
1088.990000000 8.000000000 4.717152595500
1104.490000000 5.000000000 4.703786850000
1086.240000000 7.600000000 4.697716236100
1087.740000000 8.400000000 4.685127258300
1092.740000000 5.000000000 4.665265560200
1094.240000000 4.600000000 4.658186435700
1103.990000000 5.000000000 4.657709121700
1090.740000000 8.600000000 4.655377864800
1092.990000000 5.000000000 4.630359649700
1092.240000000 4.800000000 4.625038623800
1094.490000000 8.400000000 4.614453315700
1086.490000000 7.400000000 4.608483791400
1089.490000000 7.800000000 4.597259998300
1093.740000000 4.800000000 4.580054283100
1101.490000000 5.400000000 4.566660404200
1103.240000000 9.200000000 4.555189609500
1104.990000000 9.400000000 4.551029682200
1086.740000000 6.200000000 4.539965629600
1087.240000000 6.200000000 4.531295299500
1104.740000000 5.000000000 4.524634838100
1097.740000000 4.600000000 4.520349979400
1099.740000000 8.600000000 4.519917488100
1086.990000000 6.200000000 4.497544288600
1088.490000000 8.200000000 4.496526241300
1097.740000000 5.200000000 4.488484859500
1097.990000000 5.000000000 4.480453491200
1101.990000000 8.600000000 4.477731704700
1100.490000000 5.400000000 4.471248149900
1100.740000000 5.400000000 4.467645645100
1103.740000000 5.000000000 4.466046333300
1101.240000000 5.400000000 4.456675529500
1090.490000000 8.600000000 4.455500602700
1092.490000000 8.600000000 4.452944755600
1104.990000000 5.200000000 4.451950073200
1090.490000000 8.400000000 4.445087432900
1100.990000000 5.400000000 4.443406105000
1086.490000000 6.200000000 4.442547798200
1093.990000000 4.600000000 4.434205532100
1098.240000000 4.800000000 4.399938106500
1100.240000000 5.400000000 4.373266220100
1098.990000000 5.400000000 4.359593391400
1102.990000000 5.200000000 4.334967136400
1086.240000000 7.800000000 4.314897537200
1086.240000000 7.400000000 4.302419185600
1090.490000000 8.200000000 4.295379161800
1097.990000000 4.600000000 4.290902137800
1091.490000000 8.800000000 4.288654804200
1099.990000000 8.600000000 4.288448810600
1090.490000000 8.800000000 4.277405262000
1086.740000000 7.000000000 4.274622917200
1091.240000000 8.800000000 4.273911953000
1088.490000000 6.400000000 4.273369789100
1089.740000000 7.800000000 4.273020744300
1090.740000000 8.800000000 4.260057926200
1090.490000000 7.600000000 4.255026340500
1090.990000000 8.800000000 4.251794338200
1102.740000000 9.000000000 4.249464988700
1089.240000000 8.000000000 4.241046428700
1091.740000000 8.800000000 4.237273216200
1102.240000000 8.800000000 4.215257644700
1101.990000000 8.800000000 4.210044860800
1087.990000000 8.400000000 4.209050655400
1104.990000000 5.000000000 4.199039459200
1101.740000000 8.600000000 4.197354316700
1097.490000000 8.600000000 4.194927692400
1090.490000000 8.000000000 4.184429645500
1104.740000000 9.400000000 4.180167675000
1092.990000000 8.600000000 4.179791450500
1094.740000000 8.400000000 4.178846359300
1092.740000000 8.600000000 4.173090457900
1100.240000000 8.600000000 4.167949676500
1103.490000000 5.000000000 4.151725769000
1085.990000000 7.600000000 4.147514343300
1090.240000000 8.600000000 4.143002510100
1092.240000000 4.600000000 4.139457702600
1093.740000000 4.600000000 4.137584686300
1096.490000000 8.400000000 4.136569500000
1102.490000000 9.000000000 4.120923042300
1102.990000000 9.200000000 4.119505882300
1089.490000000 8.000000000 4.116982936900
1100.490000000 8.600000000 4.109671592700
1086.240000000 8.600000000 4.109418869000
1102.490000000 8.800000000 4.103298664100
1093.490000000 4.800000000 4.102167129500
1099.990000000 5.400000000 4.094573497800
1085.990000000 6.200000000 4.089364051800
1086.490000000 8.600000000 4.089162826500
1085.990000000 8.600000000 4.072550773600
1090.240000000 8.800000000 4.071525573700
1096.240000000 8.400000000 4.069067478200
1101.740000000 8.800000000 4.061465740200
1086.240000000 6.200000000 4.059603214300
1089.990000000 7.800000000 4.049407482100
1091.990000000 8.800000000 4.042929649400
1087.240000000 7.200000000 4.042861938500
1088.740000000 8.200000000 4.040819644900
1098.240000000 4.600000000 4.040002346000
1095.990000000 8.400000000 4.037297248800
1100.740000000 8.600000000 4.028558254200
1090.490000000 9.000000000 4.024203300500
1101.490000000 8.800000000 4.020379066500
1086.740000000 8.600000000 4.008736610400
1098.490000000 4.800000000 4.008719921100
1102.240000000 9.000000000 4.000406742100
1090.240000000 8.400000000 3.997189760200
1102.740000000 9.200000000 3.988476276400
1095.740000000 8.400000000 3.980719804800
1092.490000000 4.800000000 3.970404148100
1101.490000000 8.600000000 3.969725370400
1098.490000000 8.800000000 3.951186657000
1093.240000000 8.600000000 3.951003789900
1104.490000000 9.400000000 3.941563844700
1090.240000000 9.000000000 3.925344228700
1090.740000000 9.000000000 3.923702955200
1104.240000000 9.400000000 3.921451807000
1098.240000000 5.000000000 3.910073518800
1085.990000000 7.800000000 3.895956039400
1098.740000000 8.800000000 3.876586675600
1100.990000000 8.600000000 3.873501062400
1104.740000000 4.800000000 3.873068809500
1086.490000000 6.600000000 3.872596740700
1095.490000000 8.400000000 3.865705728500
1104.490000000 4.800000000 3.863855600400
1098.240000000 8.800000000 3.861489534400
1101.240000000 8.800000000 3.855970621100
1089.740000000 8.000000000 3.855957746500
1086.990000000 6.400000000 3.853453397800
1103.990000000 9.400000000 3.851207256300
1086.990000000 8.600000000 3.850055694600
1090.240000000 7.800000000 3.831184625600
1104.990000000 4.800000000 3.830755949000
1104.240000000 4.800000000 3.806824207300
1093.240000000 4.800000000 3.802004337300
1101.240000000 8.600000000 3.797121763200
1086.490000000 6.800000000 3.794067859600
1085.990000000 7.400000000 3.791219711300
1101.990000000 9.000000000 3.789813041700
1102.490000000 9.200000000 3.773388385800
1097.240000000 8.600000000 3.770664215100
1090.490000000 7.800000000 3.769918441800
1090.990000000 9.000000000 3.768390417100
1086.990000000 7.200000000 3.761218309400
1105.240000000 5.000000000 3.756274223300
1101.740000000 9.000000000 3.753717899300
1087.240000000 6.400000000 3.748173236800
1087.240000000 8.600000000 3.746820211400
1098.490000000 4.600000000 3.735089540500
1103.740000000 9.400000000 3.726544141800
1089.990000000 8.600000000 3.719177246100
1105.240000000 4.800000000 3.717732906300
1103.990000000 4.800000000 3.714531421700
1093.490000000 4.600000000 3.712395906400
1086.740000000 6.400000000 3.711369037600
1102.740000000 5.200000000 3.700562238700
1093.490000000 8.600000000 3.698928594600
1094.990000000 8.400000000 3.698045253800
1103.240000000 5.000000000 3.694838285400
1101.490000000 9.000000000 3.692543029800
1090.490000000 9.200000000 3.691268920900
1092.740000000 4.800000000 3.688463449500
1100.990000000 8.800000000 3.676371097600
1098.990000000 8.800000000 3.671165227900
1103.490000000 9.400000000 3.666406869900
1088.240000000 8.400000000 3.665622472800
1091.240000000 9.000000000 3.665304184000
1099.740000000 5.400000000 3.664315938900
1092.240000000 8.800000000 3.663240194300
1098.740000000 4.800000000 3.660572290400
1090.240000000 9.200000000 3.657548666000
1095.240000000 8.400000000 3.649093389500
1092.990000000 4.800000000 3.646887064000
1105.740000000 5.000000000 3.646500587500
1089.990000000 8.000000000 3.641195535700
1103.240000000 9.400000000 3.633191824000
1100.240000000 8.800000000 3.624922752400
1090.240000000 8.200000000 3.617012739200
1097.990000000 8.800000000 3.609523534800
1089.990000000 8.800000000 3.605102062200
1100.490000000 8.800000000 3.603136301000
1091.490000000 9.000000000 3.601959228500
1101.240000000 9.000000000 3.599272489500
1105.490000000 5.000000000 3.592465400700
1102.990000000 9.400000000 3.590821981400
1100.740000000 8.800000000 3.589116811800
1099.990000000 8.800000000 3.581974029500
1087.990000000 6.400000000 3.575800180400
1089.990000000 8.400000000 3.574182272000
1097.990000000 5.200000000 3.569242239000
1087.490000000 6.400000000 3.555653095200
1099.740000000 8.800000000 3.544966220900
1099.240000000 5.400000000 3.543891429900
1090.740000000 9.200000000 3.540009021800
1090.240000000 8.000000000 3.523346662500
1100.240000000 9.000000000 3.519627571100
1102.240000000 9.200000000 3.518461465800
1102.740000000 9.400000000 3.513777017600
1100.990000000 9.000000000 3.511498689700
1087.490000000 8.600000000 3.501205205900
1089.990000000 9.000000000 3.500116586700
1099.990000000 9.000000000 3.495575666400
1087.740000000 6.400000000 3.491627454800
1092.490000000 4.600000000 3.490812063200
1105.490000000 4.800000000 3.490706682200
1091.740000000 9.000000000 3.490487813900
1100.490000000 9.000000000 3.486313581500
1100.990000000 9.200000000 3.480592250800
1086.490000000 7.000000000 3.480541467700
1098.490000000 5.000000000 3.478598594700
1103.740000000 4.800000000 3.472119331400
1100.740000000 9.000000000 3.470286369300
1105.240000000 4.600000000 3.461204290400
1100.990000000 9.400000000 3.456909179700
1105.740000000 4.800000000 3.441952705400
1101.990000000 9.200000000 3.440855741500
1105.490000000 4.600000000 3.433357715600
1088.240000000 6.400000000 3.428861379600
1093.740000000 8.600000000 3.428094148600
1101.740000000 9.200000000 3.419842720000
1104.990000000 4.600000000 3.409626960800
1101.240000000 9.200000000 3.409445047400
1098.740000000 4.600000000 3.396215200400
1098.990000000 4.800000000 3.393065691000
1099.240000000 8.800000000 3.390725612600
1099.740000000 9.000000000 3.389569997800
1086.740000000 7.200000000 3.384035110500
1089.240000000 8.200000000 3.370324373200
1090.990000000 9.200000000 3.364678144500
1088.990000000 8.200000000 3.363417148600
1101.240000000 9.400000000 3.352207422300
1104.740000000 4.600000000 3.345894336700
1096.990000000 8.600000000 3.342427969000
1101.490000000 9.200000000 3.340658187900
1093.240000000 4.600000000 3.340542554900
1088.490000000 8.400000000 3.335992574700
1086.490000000 6.400000000 3.335150718700
1102.490000000 9.400000000 3.331510782200
1102.240000000 9.400000000 3.321727991100
1100.740000000 9.400000000 3.316947937000
1100.740000000 9.200000000 3.309494972200
1089.990000000 9.200000000 3.306062221500
1091.990000000 9.000000000 3.287285566300
1090.240000000 9.400000000 3.283363819100
1104.490000000 4.600000000 3.274403572100
1099.490000000 5.400000000 3.266494512600
1099.490000000 8.800000000 3.266344785700
1091.240000000 9.200000000 3.257570266700
1085.990000000 9.000000000 3.252513170200
1089.490000000 8.200000000 3.247836828200
1090.490000000 9.400000000 3.241545438800
1101.990000000 9.400000000 3.236222028700
1097.740000000 8.800000000 3.229339361200
1088.490000000 9.400000000 3.221466541300
1105.740000000 4.600000000 3.220959901800
1099.240000000 4.800000000 3.218986988100
1088.240000000 9.400000000 3.215102672600
1089.740000000 8.600000000 3.210067987400
1093.990000000 8.600000000 3.204927921300
1091.490000000 9.200000000 3.203122377400
1086.490000000 7.200000000 3.196256160700
1089.740000000 8.400000000 3.181929111500
1098.740000000 5.000000000 3.179879427000
1092.740000000 4.600000000 3.173252821000
1101.490000000 9.400000000 3.167245388000
1104.240000000 4.600000000 3.167100429500
1098.240000000 5.200000000 3.156350851100
1087.740000000 8.600000000 3.140261411700
1092.490000000 8.800000000 3.130136489900
1091.740000000 9.200000000 3.125703811600
1103.490000000 4.800000000 3.124145269400
1099.490000000 4.800000000 3.121061563500
1092.990000000 4.600000000 3.119665384300
1102.490000000 5.200000000 3.117939233800
1088.740000000 9.400000000 3.114195346800
1102.990000000 5.000000000 3.112957716000
1089.990000000 8.200000000 3.109356880200
1100.490000000 9.200000000 3.105079412500
1099.490000000 9.000000000 3.096533536900
1100.240000000 9.200000000 3.095089197200
1087.990000000 9.400000000 3.085107088100
1101.740000000 9.400000000 3.083422422400
1098.990000000 4.600000000 3.076125621800
1099.990000000 9.200000000 3.055074214900
1099.740000000 4.800000000 3.054747581500
1089.740000000 8.200000000 3.047134161000
1102.240000000 5.200000000 3.037979841200
1090.740000000 9.400000000 3.036108493800
1089.990000000 9.400000000 3.034439325300
1094.240000000 8.600000000 3.031491041200
1086.240000000 6.400000000 3.027481079100
1103.990000000 4.600000000 3.000230312300
1098.990000000 5.000000000 2.998353242900
1092.240000000 9.000000000 2.978100776700
1088.740000000 8.400000000 2.976739406600
1099.740000000 9.200000000 2.958092212700
1099.990000000 4.800000000 2.957707881900
1091.990000000 9.200000000 2.944399833700
1101.990000000 5.200000000 2.935698986100
1086.240000000 6.600000000 2.933486938500
1089.740000000 8.800000000 2.930813550900
1088.990000000 9.400000000 2.930475711800
1086.240000000 7.200000000 2.915070533800
1085.990000000 8.800000000 2.905015230200
1087.990000000 8.600000000 2.899745941200
1100.490000000 9.400000000 2.895199060400
1099.240000000 5.000000000 2.892955541600
1086.240000000 6.800000000 2.865097761200
1096.740000000 8.600000000 2.855562686900
1094.490000000 8.600000000 2.853188037900
1089.490000000 8.400000000 2.851352453200
1087.740000000 9.400000000 2.850823164000
1099.240000000 4.600000000 2.840304613100
1090.990000000 9.400000000 2.837149858500
1099.490000000 5.000000000 2.811666488600
1095.740000000 8.600000000 2.807384491000
1085.990000000 9.200000000 2.803078413000
1095.990000000 8.600000000 2.789845228200
1100.240000000 4.800000000 2.786685943600
1101.240000000 5.200000000 2.776313781700
1097.490000000 8.800000000 2.775762319600
1089.740000000 9.400000000 2.768100023300
1099.490000000 9.200000000 2.766783237500
1101.740000000 5.200000000 2.766108512900
1095.490000000 8.600000000 2.759562254000
1089.740000000 9.000000000 2.756311178200
1092.740000000 8.800000000 2.756284236900
1098.490000000 5.200000000 2.746080160100
1103.740000000 4.600000000 2.743731498700
1091.240000000 9.400000000 2.735810041400
1101.490000000 5.200000000 2.731341600400
1091.740000000 9.400000000 2.725434541700
1096.240000000 8.600000000 2.722946643800
1099.490000000 4.600000000 2.722626209300
1091.490000000 9.400000000 2.721183538400
1089.240000000 9.400000000 2.719181776000
1099.240000000 5.200000000 2.716568231600
1088.990000000 8.400000000 2.713461637500
1099.740000000 5.000000000 2.711619615600
1085.990000000 6.400000000 2.706244230300
1100.990000000 5.200000000 2.694041013700
1099.740000000 4.600000000 2.688920736300
1089.490000000 8.600000000 2.679704427700
1091.990000000 9.400000000 2.677991390200
1100.490000000 5.200000000 2.673573494000
1088.240000000 8.600000000 2.669094562500
1089.240000000 8.400000000 2.666669130300
1099.990000000 4.600000000 2.660098314300
1098.990000000 5.200000000 2.654393672900
1099.490000000 5.200000000 2.650740385100
1092.240000000 9.200000000 2.648872613900
1087.740000000 8.800000000 2.644580364200
1095.240000000 8.600000000 2.639946460700
1086.240000000 7.000000000 2.637452364000
1100.240000000 5.200000000 2.635409832000
1100.240000000 9.400000000 2.625921964600
1089.740000000 9.200000000 2.625828981400
1087.490000000 8.800000000 2.624688148500
1103.240000000 4.800000000 2.621700763700
1087.990000000 9.200000000 2.613579750100
1096.490000000 8.600000000 2.609148979200
1100.740000000 5.200000000 2.606331110000
1094.740000000 8.600000000 2.605967283200
1099.990000000 9.400000000 2.603780031200
1092.490000000 9.000000000 2.586845397900
1099.240000000 9.000000000 2.585273981100
1099.740000000 9.400000000 2.580562830000
1092.990000000 8.800000000 2.574673891100
1100.240000000 4.600000000 2.571535587300
1099.990000000 5.000000000 2.569167137100
1092.740000000 9.200000000 2.551636219000
1087.490000000 9.400000000 2.551128387500
1099.490000000 9.400000000 2.544615268700
1092.240000000 9.400000000 2.540956735600
1100.490000000 4.800000000 2.540261507000
1089.490000000 9.400000000 2.538178920700
1087.740000000 9.200000000 2.536678552600
1088.240000000 9.200000000 2.531626701400
1099.740000000 5.200000000 2.521817684200
1087.990000000 8.800000000 2.518101692200
1092.990000000 9.200000000 2.510732173900
1102.740000000 5.000000000 2.495706081400
1085.990000000 7.200000000 2.492100954100
1092.490000000 9.200000000 2.484554052400
1092.990000000 9.400000000 2.482845544800
1093.240000000 9.400000000 2.472090482700
1088.740000000 9.200000000 2.468221902800
1092.740000000 9.400000000 2.467268228500
1099.240000000 9.200000000 2.464252471900
1099.990000000 5.200000000 2.455285310700
1099.240000000 9.400000000 2.453158140200
1094.990000000 8.600000000 2.452996015500
1098.740000000 5.200000000 2.452183485000
1087.240000000 8.800000000 2.445203542700
1092.490000000 9.400000000 2.437222480800
1087.490000000 9.200000000 2.414972066900
1093.490000000 9.400000000 2.412924528100
1086.240000000 9.000000000 2.412297248800
1088.490000000 8.600000000 2.409930229200
1100.490000000 4.600000000 2.402244806300
1097.240000000 8.800000000 2.398710012400
1100.240000000 5.000000000 2.383224487300
1085.990000000 6.600000000 2.376773834200
1087.740000000 9.000000000 2.368401289000
1103.490000000 4.600000000 2.363527536400
1093.240000000 8.800000000 2.358544588100
1088.990000000 9.200000000 2.357789516400
1086.240000000 8.800000000 2.356958866100
1088.490000000 9.200000000 2.343875169800
1093.740000000 9.400000000 2.326843500100
1088.240000000 8.800000000 2.323559045800
1087.990000000 9.000000000 2.313065528900
1098.490000000 9.000000000 2.284682989100
1085.990000000 6.800000000 2.273045539900
1087.240000000 9.400000000 2.269502401400
1098.740000000 9.000000000 2.266607999800
1098.990000000 9.400000000 2.260817050900
1093.240000000 9.200000000 2.260432958600
1098.240000000 9.000000000 2.254012346300
1089.240000000 8.600000000 2.250440836000
1093.990000000 9.400000000 2.248808622400
1100.740000000 4.800000000 2.243594408000
1086.490000000 8.800000000 2.242378950100
1087.490000000 9.000000000 2.228786230100
1086.740000000 8.800000000 2.215112924600
1096.990000000 8.800000000 2.214695453600
1088.740000000 8.600000000 2.211547613100
1085.990000000 7.000000000 2.204181432700
1089.490000000 9.200000000 2.203761100800
1086.490000000 9.400000000 2.199627876300
1097.990000000 9.000000000 2.176494836800
1100.740000000 4.600000000 2.175501346600
1098.990000000 9.000000000 2.171800375000
1094.240000000 9.400000000 2.171047449100
1092.740000000 9.000000000 2.165280103700
1086.990000000 8.800000000 2.164855003400
1089.490000000 8.800000000 2.160506248500
1093.490000000 8.800000000 2.160018205600
1086.740000000 9.400000000 2.159272909200
1088.240000000 9.000000000 2.158392190900
1100.490000000 5.000000000 2.157920599000
1100.990000000 5.000000000 2.156524896600
1088.490000000 8.800000000 2.146769285200
1089.240000000 9.200000000 2.132844448100
1100.740000000 5.000000000 2.122838974000
1087.240000000 9.200000000 2.098614692700
1101.240000000 5.000000000 2.092442274100
1094.990000000 8.800000000 2.084136724500
1098.990000000 9.200000000 2.072531223300
1094.740000000 8.800000000 2.064170360600
1088.990000000 8.600000000 2.054630994800
1094.490000000 9.400000000 2.044581174900
1097.740000000 9.000000000 2.038935422900
1088.490000000 9.000000000 2.035515308400
1088.740000000 8.800000000 2.031344413800
1102.990000000 4.800000000 2.030767202400
1095.240000000 8.800000000 2.027278184900
1087.240000000 9.000000000 2.023629665400
1102.490000000 5.000000000 2.013803005200
1092.990000000 9.000000000 2.008777618400
1094.490000000 8.800000000 2.008117198900
1093.740000000 8.800000000 1.997870326000
1086.240000000 9.400000000 1.969140172000
1088.990000000 8.800000000 1.958595395100
1098.740000000 9.400000000 1.958537578600
1096.740000000 8.800000000 1.957045793500
1094.240000000 8.800000000 1.955866098400
1086.240000000 9.200000000 1.940537095100
1100.990000000 4.800000000 1.935707449900
1100.990000000 4.600000000 1.933619022400
1093.490000000 9.200000000 1.924209952400
1101.490000000 5.000000000 1.923630476000
1086.990000000 9.400000000 1.918581008900
1097.990000000 9.400000000 1.918292403200
1093.990000000 8.800000000 1.915129780800
1097.740000000 9.400000000 1.890442848200
1103.240000000 4.600000000 1.888922452900
1095.490000000 8.800000000 1.881717085800
1089.240000000 8.800000000 1.879999280000
1088.740000000 9.000000000 1.878641605400
1086.990000000 9.000000000 1.872246384600
1095.740000000 8.800000000 1.870580315600
1093.240000000 9.000000000 1.869292616800
1089.490000000 9.000000000 1.868037819900
1098.240000000 9.400000000 1.867313861800
1097.490000000 9.000000000 1.847977399800
1086.990000000 9.200000000 1.844689846000
1089.240000000 9.000000000 1.841554284100
1094.740000000 9.400000000 1.837799906700
1094.990000000 9.000000000 1.836305856700
1095.990000000 8.800000000 1.829800248100
1093.740000000 9.200000000 1.824772357900
1098.490000000 9.400000000 1.813668251000
1094.740000000 9.000000000 1.812177181200
1088.990000000 9.000000000 1.798694253000
1093.990000000 9.200000000 1.769588828100
1095.240000000 9.000000000 1.767493248000
1096.240000000 8.800000000 1.753496408500
1097.490000000 9.400000000 1.734150648100
1086.740000000 9.200000000 1.725507855400
1094.490000000 9.000000000 1.725089669200
1094.240000000 9.200000000 1.713005542800
1101.740000000 5.000000000 1.708660721800
1086.740000000 9.000000000 1.704686522500
1101.240000000 4.600000000 1.693818092300
1093.490000000 9.000000000 1.687529921500
1086.490000000 9.000000000 1.677849769600
1101.240000000 4.800000000 1.669733285900
1096.490000000 8.800000000 1.649281144100
1098.740000000 9.200000000 1.641327142700
1102.240000000 5.000000000 1.640933513600
1094.490000000 9.200000000 1.638247847600
1097.240000000 9.000000000 1.632341146500
1095.490000000 9.000000000 1.609032273300
1094.240000000 9.000000000 1.601542711300
1085.990000000 9.400000000 1.594943523400
1094.990000000 9.400000000 1.577195167500
1086.490000000 9.200000000 1.568031907100
1098.240000000 9.200000000 1.564240098000
1098.490000000 9.200000000 1.562009930600
1101.990000000 5.000000000 1.556841731100
1094.990000000 9.200000000 1.554809212700
1096.990000000 9.000000000 1.554183483100
1095.240000000 9.200000000 1.541813135100
1093.740000000 9.000000000 1.539470434200
1102.990000000 4.600000000 1.533538699200
1094.740000000 9.200000000 1.531972646700
1097.240000000 9.400000000 1.528964161900
1097.990000000 9.200000000 1.523225426700
1102.740000000 4.800000000 1.508230567000
1101.490000000 4.800000000 1.482936263100
1095.490000000 9.200000000 1.463800668700
1096.740000000 9.000000000 1.461583495100
1101.490000000 4.600000000 1.460180640200
1093.990000000 9.000000000 1.459000945100
1095.740000000 9.000000000 1.447066783900
1097.740000000 9.200000000 1.407563090300
1096.990000000 9.400000000 1.399774193800
1096.990000000 9.200000000 1.372423291200
1101.740000000 4.800000000 1.358561873400
1095.740000000 9.200000000 1.356763601300
1097.240000000 9.200000000 1.356627821900
1096.740000000 9.200000000 1.344393253300
1097.490000000 9.200000000 1.319852113700
1095.240000000 9.400000000 1.309491992000
1096.740000000 9.400000000 1.290470957800
1095.490000000 9.400000000 1.288999915100
1096.490000000 9.000000000 1.275093793900
1095.990000000 9.000000000 1.270839214300
1101.740000000 4.600000000 1.258458375900
1101.990000000 4.800000000 1.257925272000
1096.490000000 9.200000000 1.249029994000
1095.990000000 9.200000000 1.248943090400
1102.740000000 4.600000000 1.247007846800
1095.740000000 9.400000000 1.234450340300
1102.490000000 4.800000000 1.215827345800
1096.490000000 9.400000000 1.204901576000
1102.240000000 4.800000000 1.186963915800
1096.240000000 9.000000000 1.171212196400
1095.990000000 9.400000000 1.151902556400
1096.240000000 9.200000000 1.142849803000
1096.240000000 9.400000000 1.142528176300
1101.990000000 4.600000000 1.118543505700
1102.490000000 4.600000000 1.090763926500
1102.240000000 4.600000000 1.056814909000
