957.430000000 7.800000000 337.537780761700
957.180000000 7.800000000 335.498657226600
955.430000000 7.800000000 333.903839111300
955.430000000 8.000000000 333.695770263700
955.430000000 8.200000000 331.661224365200
955.680000000 8.000000000 329.679840087900
957.430000000 8.000000000 328.989746093800
957.430000000 7.600000000 328.798187255900
955.680000000 7.800000000 328.556915283200
959.180000000 7.600000000 328.006561279300
957.180000000 7.600000000 327.670806884800
955.680000000 8.200000000 325.337799072300
957.180000000 8.000000000 325.073791503900
959.180000000 7.800000000 324.865386962900
958.930000000 7.600000000 324.305725097700
957.680000000 7.800000000 324.283111572300
959.180000000 7.400000000 324.220458984400
955.430000000 7.600000000 322.906555175800
956.930000000 7.800000000 322.094909668000
955.430000000 8.400000000 322.047546386700
958.930000000 7.400000000 321.242797851600
957.680000000 7.600000000 320.281158447300
958.930000000 7.800000000 319.527709960900
957.680000000 8.000000000 318.568878173800
956.930000000 7.600000000 315.517730712900
959.180000000 7.200000000 315.201019287100
955.680000000 7.600000000 315.152679443400
955.180000000 8.000000000 314.410766601600
959.180000000 8.000000000 314.270599365200
955.680000000 8.400000000 314.211212158200
959.430000000 7.600000000 313.002136230500
955.180000000 7.800000000 312.793243408200
959.430000000 7.400000000 312.760101318400
958.930000000 7.200000000 312.289062500000
956.930000000 8.000000000 312.085876464800
957.430000000 7.400000000 311.779266357400
958.930000000 8.000000000 310.778656005900
957.180000000 7.400000000 310.358032226600
955.930000000 7.800000000 310.008422851600
955.180000000 8.200000000 309.898651123000
955.930000000 8.000000000 308.993530273400
959.430000000 7.800000000 308.785583496100
955.430000000 7.400000000 308.422576904300
955.180000000 7.600000000 308.369201660200
955.430000000 8.600000000 307.425354003900
956.680000000 7.800000000 306.223846435500
959.430000000 7.200000000 306.105255127000
958.680000000 7.600000000 304.946258544900
957.430000000 8.200000000 304.408843994100
959.180000000 7.000000000 304.380462646500
957.930000000 7.800000000 303.567199707000
958.680000000 7.800000000 302.377655029300
957.930000000 7.600000000 301.959045410200
957.680000000 7.400000000 301.952575683600
958.680000000 7.400000000 301.228698730500
955.180000000 8.400000000 300.580932617200
957.180000000 8.200000000 300.133361816400
959.180000000 8.200000000 300.079956054700
956.930000000 7.400000000 299.677795410200
958.930000000 7.000000000 299.592773437500
955.930000000 8.200000000 299.528747558600
959.430000000 8.000000000 299.264617919900
956.680000000 7.600000000 299.188751220700
956.680000000 8.000000000 297.867248535200
955.680000000 8.600000000 297.175598144500
957.930000000 8.000000000 297.076354980500
957.680000000 8.200000000 296.709503173800
955.180000000 7.400000000 296.617462158200
956.180000000 7.800000000 296.504455566400
955.680000000 7.400000000 296.270324707000
955.930000000 7.600000000 296.017242431600
956.430000000 7.800000000 295.832824707000
959.430000000 7.000000000 294.823669433600
958.930000000 8.200000000 294.051116943400
956.180000000 8.000000000 292.457183837900
958.680000000 8.000000000 292.174224853500
955.430000000 8.800000000 291.714324951200
955.180000000 8.600000000 291.282989502000
958.680000000 7.200000000 290.756988525400
959.180000000 6.800000000 290.617065429700
956.430000000 8.000000000 289.404876709000
956.930000000 8.200000000 288.915679931600
959.680000000 7.400000000 288.867431640600
959.680000000 7.600000000 288.632781982400
958.430000000 7.600000000 287.225830078100
956.430000000 7.600000000 287.022613525400
955.430000000 7.200000000 286.607360839800
958.180000000 7.600000000 286.316253662100
959.680000000 7.200000000 285.833526611300
958.430000000 7.800000000 285.500762939500
958.180000000 7.800000000 285.267211914100
957.930000000 7.400000000 285.252593994100
955.930000000 8.400000000 285.057495117200
956.180000000 7.600000000 285.023529052700
958.930000000 6.800000000 284.988067627000
956.680000000 7.400000000 284.546264648400
959.430000000 8.200000000 283.935516357400
957.180000000 7.200000000 282.905914306600
957.430000000 7.200000000 282.809478759800
959.430000000 6.800000000 282.720520019500
959.680000000 7.800000000 281.612701416000
959.180000000 8.400000000 280.968383789100
955.180000000 7.200000000 280.649810791000
958.430000000 7.400000000 280.121704101600
955.180000000 8.800000000 278.879852294900
958.180000000 8.000000000 278.200195312500
955.930000000 7.400000000 277.724487304700
957.930000000 8.200000000 277.709106445300
959.680000000 7.000000000 277.600311279300
955.680000000 8.800000000 277.578826904300
956.680000000 8.200000000 276.761016845700
958.680000000 7.000000000 276.737182617200
956.180000000 8.200000000 276.419189453100
955.430000000 9.000000000 276.404357910200
958.430000000 8.000000000 276.279022216800
954.930000000 7.800000000 276.150756835900
954.930000000 8.000000000 276.108551025400
959.180000000 6.600000000 275.699432373000
954.930000000 8.200000000 275.371490478500
956.930000000 7.200000000 274.314147949200
958.180000000 7.400000000 274.110443115200
957.680000000 7.200000000 273.055725097700
958.680000000 8.200000000 272.819976806600
956.430000000 7.400000000 271.633850097700
957.430000000 8.400000000 271.606079101600
955.680000000 7.200000000 271.337829589800
959.680000000 8.000000000 271.194061279300
958.930000000 8.400000000 270.766967773400
957.180000000 8.400000000 270.638610839800
954.930000000 7.600000000 270.498260498000
954.930000000 8.400000000 270.119903564500
956.430000000 8.200000000 270.023864746100
958.930000000 6.600000000 269.725982666000
959.430000000 6.600000000 269.074340820300
956.180000000 7.400000000 268.044921875000
959.430000000 8.400000000 267.199279785200
959.680000000 6.800000000 266.171112060500
958.430000000 7.200000000 265.245056152300
957.680000000 8.400000000 264.920196533200
955.930000000 8.600000000 264.806243896500
955.180000000 9.000000000 264.462829589800
959.930000000 7.400000000 263.319061279300
954.930000000 7.400000000 262.451446533200
956.930000000 8.400000000 262.259582519500
958.680000000 6.800000000 261.696014404300
954.930000000 8.600000000 261.531433105500
959.930000000 7.600000000 261.413696289100
959.180000000 6.400000000 260.982788085900
959.930000000 7.200000000 260.834381103500
956.680000000 7.200000000 260.709533691400
955.180000000 7.000000000 260.478546142600
955.430000000 7.000000000 260.222625732400
955.430000000 9.200000000 259.684387207000
958.180000000 8.200000000 259.293731689500
955.680000000 9.000000000 259.228424072300
957.930000000 7.200000000 259.183776855500
956.180000000 8.400000000 259.112548828100
959.180000000 8.600000000 257.512634277300
958.430000000 8.200000000 256.704559326200
959.680000000 8.200000000 256.594970703100
959.430000000 6.400000000 255.518173217800
959.930000000 7.800000000 254.754806518600
958.930000000 6.400000000 254.735198974600
959.680000000 6.600000000 254.600692749000
959.930000000 7.000000000 253.971008300800
958.180000000 7.200000000 253.361328125000
956.680000000 8.400000000 252.359878540000
954.930000000 8.800000000 252.153625488300
955.930000000 7.200000000 250.416000366200
957.180000000 7.000000000 250.078674316400
954.930000000 7.200000000 249.634155273400
957.430000000 7.000000000 249.469207763700
957.930000000 8.400000000 249.006958007800
956.430000000 8.400000000 248.852325439500
955.180000000 9.200000000 248.826614379900
959.430000000 8.600000000 247.689590454100
956.430000000 7.200000000 247.672271728500
959.180000000 6.200000000 247.415344238300
958.680000000 8.400000000 247.184463501000
958.430000000 7.000000000 247.061065673800
958.680000000 6.600000000 246.993423461900
959.930000000 6.800000000 245.316970825200
958.930000000 8.600000000 243.908889770500
959.930000000 8.000000000 243.217041015600
956.930000000 7.000000000 243.049835205100
955.680000000 7.000000000 243.031967163100
959.430000000 6.200000000 242.999130249000
955.930000000 8.800000000 242.958572387700
959.680000000 6.400000000 242.622589111300
955.680000000 9.200000000 242.516250610400
955.430000000 9.400000000 242.183746337900
956.180000000 7.200000000 242.178298950200
954.930000000 9.000000000 241.816497802700
957.430000000 8.600000000 241.697067260700
958.930000000 6.200000000 241.430999755900
957.180000000 8.600000000 241.322402954100
957.680000000 7.000000000 241.073089599600
960.180000000 7.400000000 240.407028198200
959.680000000 8.400000000 239.360137939500
960.180000000 7.600000000 238.047241210900
960.180000000 7.200000000 238.012527465800
955.180000000 6.800000000 236.835723877000
956.180000000 8.600000000 236.596527099600
959.180000000 6.000000000 235.261627197300
954.930000000 7.000000000 235.136413574200
959.930000000 6.600000000 234.866989135700
956.930000000 8.600000000 234.799316406200
959.180000000 8.800000000 234.316802978500
957.680000000 8.600000000 234.183761596700
954.680000000 8.200000000 233.472778320300
958.680000000 6.400000000 233.167907714800
957.930000000 7.000000000 233.142059326200
954.680000000 8.000000000 232.936492919900
958.180000000 8.400000000 232.788024902300
955.180000000 9.400000000 232.505844116200
955.430000000 6.800000000 232.364089965800
960.180000000 7.800000000 232.354431152300
959.430000000 6.000000000 231.775436401400
954.680000000 8.400000000 231.701538085900
960.180000000 7.000000000 231.552108764600
956.680000000 7.000000000 231.349624633800
959.680000000 6.200000000 231.196640014600
958.180000000 7.000000000 230.950378418000
958.430000000 8.400000000 230.755142211900
954.930000000 9.200000000 230.006546020500
959.930000000 8.200000000 229.614456176800
958.430000000 6.800000000 229.006210327100
958.930000000 6.000000000 228.951690673800
954.680000000 7.800000000 228.447219848600
954.680000000 8.600000000 228.368881225600
959.430000000 8.800000000 227.093872070300
956.680000000 8.600000000 226.767761230500
955.680000000 9.400000000 225.755065918000
956.430000000 8.600000000 224.796447753900
959.180000000 5.800000000 224.530517578100
955.430000000 9.600000000 224.302795410200
959.930000000 6.400000000 224.085067749000
960.180000000 6.800000000 223.730804443400
954.680000000 8.800000000 222.320999145500
959.680000000 8.600000000 222.285324096700
955.930000000 7.000000000 222.225112915000
954.680000000 7.600000000 222.140533447300
955.930000000 9.000000000 221.937637329100
959.430000000 5.800000000 221.736557006800
960.180000000 8.000000000 221.322723388700
958.680000000 8.600000000 220.975921630900
959.680000000 6.000000000 220.784683227500
958.680000000 6.200000000 220.163162231400
957.930000000 8.600000000 219.968978881800
960.430000000 7.400000000 219.199310302700
956.430000000 7.000000000 219.163055419900
958.930000000 8.800000000 219.112106323200
954.930000000 6.800000000 218.208450317400
957.180000000 6.800000000 217.907760620100
957.430000000 6.800000000 217.410247802700
958.930000000 5.800000000 217.404190063500
954.930000000 9.400000000 217.161010742200
960.430000000 7.200000000 217.075088501000
955.180000000 9.600000000 217.072463989300
960.430000000 7.600000000 216.638748168900
959.180000000 5.600000000 215.319000244100
960.180000000 6.600000000 214.742492675800
954.680000000 9.000000000 214.005783081100
959.930000000 6.200000000 213.910934448200
955.680000000 6.800000000 213.890304565400
956.180000000 7.000000000 213.554138183600
956.180000000 8.800000000 213.243209838900
954.680000000 7.400000000 213.046264648400
959.930000000 8.400000000 212.946716308600
957.680000000 6.800000000 212.870849609400
958.430000000 6.600000000 212.865905761700
959.430000000 5.600000000 212.726638793900
957.180000000 8.800000000 211.964828491200
956.930000000 6.800000000 211.786834716800
955.180000000 6.600000000 211.670822143600
957.430000000 8.800000000 211.511245727500
959.680000000 5.800000000 211.452972412100
960.430000000 7.800000000 211.445587158200
960.430000000 7.000000000 211.443817138700
959.180000000 9.000000000 210.904586792000
958.180000000 6.800000000 209.633209228500
955.680000000 9.600000000 209.118743896500
958.680000000 6.000000000 207.861465454100
959.430000000 9.000000000 207.704498291000
960.180000000 8.200000000 207.521255493200
957.930000000 6.800000000 207.461776733400
956.930000000 8.800000000 206.949676513700
958.180000000 8.600000000 206.742050170900
958.930000000 5.600000000 206.697784423800
955.430000000 9.800000000 206.418167114300
958.430000000 8.600000000 205.768920898400
960.180000000 6.400000000 205.751693725600
955.930000000 9.200000000 205.207977294900
959.930000000 6.000000000 204.990722656200
957.680000000 8.800000000 204.698211669900
955.430000000 6.600000000 204.284988403300
960.430000000 6.800000000 204.033966064500
959.680000000 8.800000000 204.008163452100
954.680000000 9.200000000 203.947631835900
954.930000000 9.600000000 203.577331543000
959.680000000 5.600000000 203.088714599600
954.680000000 7.200000000 202.453872680700
955.180000000 9.800000000 202.251815795900
956.680000000 6.800000000 201.715881347700
960.430000000 8.000000000 201.493103027300
956.680000000 8.800000000 200.566299438500
956.430000000 8.800000000 200.131103515600
954.930000000 6.600000000 199.897766113300
958.430000000 6.400000000 199.157699585000
960.180000000 6.200000000 197.657073974600
959.930000000 5.800000000 197.388107299800
960.430000000 6.600000000 196.751129150400
958.680000000 8.800000000 196.179000854500
958.680000000 5.800000000 196.085891723600
959.930000000 8.600000000 196.016372680700
955.930000000 6.800000000 194.545196533200
958.930000000 9.000000000 194.230453491200
954.680000000 9.400000000 193.783401489300
960.680000000 7.400000000 193.403549194300
957.930000000 8.800000000 192.845077514600
955.680000000 9.800000000 192.712417602500
960.180000000 8.400000000 192.368850708000
960.680000000 7.600000000 192.219161987300
960.680000000 7.200000000 192.207077026400
956.430000000 6.800000000 191.646621704100
956.180000000 9.000000000 191.606292724600
960.180000000 6.000000000 190.898910522500
959.930000000 5.600000000 190.880783081100
957.430000000 6.600000000 190.567794799800
954.680000000 7.000000000 190.442153930700
958.180000000 6.600000000 190.417724609400
955.930000000 9.400000000 189.909866333000
957.180000000 6.600000000 189.866149902300
960.430000000 6.400000000 189.794754028300
954.930000000 9.800000000 189.585571289100
955.430000000 10.000000000 188.905181884800
960.680000000 7.000000000 188.039611816400
960.430000000 8.200000000 187.815689086900
959.180000000 9.200000000 187.740219116200
959.430000000 9.200000000 187.692291259800
958.430000000 6.200000000 187.537109375000
955.180000000 10.000000000 187.338562011700
957.680000000 6.600000000 187.263336181600
956.180000000 6.800000000 187.143402099600
955.180000000 6.400000000 186.952743530300
960.680000000 7.800000000 186.909912109400
959.680000000 9.000000000 186.693069458000
955.680000000 6.600000000 186.442947387700
958.680000000 5.600000000 185.496643066400
954.430000000 8.400000000 185.482894897500
960.180000000 5.800000000 185.465942382800
957.180000000 9.000000000 185.013778686500
954.430000000 8.600000000 184.775802612300
956.930000000 6.600000000 184.654495239300
957.930000000 6.600000000 184.519088745100
954.430000000 8.200000000 183.963104248000
957.430000000 9.000000000 183.909469604500
960.430000000 6.200000000 183.903289794900
954.680000000 9.600000000 183.073486328100
960.680000000 6.800000000 182.407104492200
958.180000000 8.800000000 182.056289672900
958.430000000 8.800000000 181.793716430700
954.430000000 8.800000000 181.344558715800
954.430000000 8.000000000 181.241592407200
956.930000000 9.000000000 181.152420043900
960.180000000 5.600000000 181.116546630900
954.930000000 6.400000000 181.050796508800
959.930000000 8.800000000 179.880844116200
960.430000000 6.000000000 179.391815185500
954.680000000 6.800000000 178.426544189500
964.430000000 8.400000000 177.577651977500
956.430000000 9.000000000 177.447006225600
958.430000000 6.000000000 177.377166748000
957.680000000 9.000000000 177.335586547900
960.680000000 8.000000000 177.281951904300
955.430000000 6.400000000 177.166778564500
964.430000000 8.200000000 176.970870971700
955.680000000 10.000000000 176.699295043900
960.680000000 6.600000000 176.669418335000
964.430000000 8.600000000 176.616516113300
956.680000000 9.000000000 176.329711914100
956.680000000 6.600000000 176.329162597700
960.430000000 5.800000000 176.239486694300
960.180000000 8.600000000 175.853134155300
955.930000000 9.600000000 175.788116455100
954.430000000 7.800000000 175.613052368200
954.930000000 10.000000000 175.492233276400
954.430000000 9.000000000 175.369201660200
964.180000000 8.400000000 175.352844238300
964.180000000 8.600000000 174.845474243200
958.180000000 6.400000000 174.481872558600
960.430000000 5.600000000 174.259948730500
960.430000000 8.400000000 173.663162231400
956.180000000 9.200000000 173.414031982400
958.680000000 9.000000000 172.580474853500
960.680000000 6.400000000 171.749557495100
964.180000000 8.200000000 171.746856689500
954.680000000 9.800000000 171.516998291000
964.430000000 8.000000000 171.285949707000
964.430000000 8.800000000 171.061050415000
958.930000000 9.200000000 170.943695068400
959.680000000 9.200000000 170.685913085900
964.180000000 8.800000000 170.468582153300
959.430000000 9.400000000 169.871185302700
964.680000000 8.400000000 169.332321167000
964.680000000 8.200000000 169.113891601600
954.430000000 9.200000000 169.045303344700
955.930000000 6.600000000 168.971176147500
963.930000000 8.600000000 168.871444702100
964.680000000 8.600000000 168.522537231400
954.430000000 7.600000000 168.325592041000
963.930000000 8.400000000 168.291213989300
960.680000000 6.200000000 168.199920654300
958.430000000 5.800000000 167.989013671900
959.180000000 9.400000000 167.840637207000
954.680000000 6.600000000 167.819778442400
957.430000000 6.400000000 167.692092895500
956.430000000 6.600000000 167.546096801800
957.930000000 9.000000000 167.188232421900
960.680000000 5.600000000 166.901199340800
964.180000000 8.000000000 166.736099243200
957.180000000 6.400000000 166.667602539100
963.680000000 8.800000000 166.665283203100
963.930000000 8.800000000 166.383514404300
960.680000000 6.000000000 166.258605957000
963.430000000 8.800000000 165.995605468800
960.680000000 5.800000000 165.930511474600
960.680000000 8.200000000 165.872604370100
963.430000000 9.000000000 165.871612548800
957.680000000 6.400000000 165.777877807600
957.930000000 6.400000000 165.610992431600
963.680000000 9.000000000 165.493942260700
964.680000000 8.000000000 164.709671020500
963.930000000 8.200000000 164.700897216800
963.680000000 8.600000000 164.616165161100
959.930000000 9.000000000 163.912445068400
964.680000000 8.800000000 163.418014526400
955.180000000 6.200000000 163.269958496100
964.180000000 9.000000000 163.187042236300
956.180000000 6.600000000 162.679824829100
960.930000000 7.400000000 162.669662475600
955.930000000 9.800000000 162.616165161100
954.930000000 6.200000000 162.466903686500
963.680000000 8.400000000 162.421661377000
963.430000000 8.600000000 162.418731689500
964.430000000 9.000000000 162.118133544900
958.180000000 6.200000000 161.892120361300
963.430000000 9.200000000 161.723632812500
956.930000000 6.400000000 161.719375610400
964.430000000 7.800000000 161.493927002000
954.430000000 9.400000000 161.400634765600
957.180000000 9.200000000 161.398757934600
955.680000000 6.400000000 161.331085205100
960.930000000 7.600000000 161.198852539100
963.930000000 9.000000000 161.078750610400
960.930000000 7.200000000 161.025344848600
963.680000000 9.200000000 160.775527954100
954.430000000 7.400000000 159.987640380900
960.180000000 8.800000000 159.965026855500
957.430000000 9.200000000 159.904388427700
954.680000000 10.000000000 159.561309814500
958.430000000 9.000000000 159.349929809600
958.430000000 5.600000000 159.041427612300
956.180000000 9.400000000 158.765014648400
958.180000000 9.000000000 158.726394653300
954.680000000 6.400000000 158.539871215800
956.930000000 9.200000000 158.506210327100
960.430000000 8.600000000 158.421768188500
964.680000000 7.800000000 158.352508544900
963.930000000 8.000000000 158.283355712900
963.680000000 8.200000000 158.021804809600
956.430000000 9.200000000 157.818145752000
964.180000000 7.800000000 157.761230468800
960.930000000 7.000000000 157.541885376000
960.930000000 5.600000000 156.868484497100
960.930000000 7.800000000 156.775390625000
963.430000000 8.400000000 156.594696044900
964.680000000 9.000000000 155.680221557600
963.930000000 9.200000000 155.466903686500
956.680000000 9.200000000 155.218811035200
959.680000000 9.400000000 154.795455932600
963.430000000 9.400000000 154.258529663100
956.680000000 6.400000000 154.161834716800
964.180000000 9.200000000 154.082595825200
964.930000000 8.400000000 153.962738037100
960.930000000 6.800000000 153.530883789100
957.680000000 9.200000000 153.489456176800
964.930000000 8.600000000 153.398086547900
955.430000000 6.200000000 153.102233886700
963.680000000 9.400000000 153.067001342800
959.430000000 9.600000000 152.920379638700
964.930000000 8.200000000 152.858947753900
960.680000000 8.400000000 152.698562622100
960.930000000 5.800000000 152.563430786100
954.430000000 9.600000000 152.367675781200
963.680000000 8.000000000 152.175476074200
958.180000000 6.000000000 152.080276489300
963.180000000 8.800000000 151.555801391600
964.430000000 9.200000000 151.451904296900
958.680000000 9.200000000 151.432647705100
958.930000000 9.400000000 151.411071777300
963.180000000 9.000000000 151.023269653300
954.430000000 7.200000000 150.974868774400
963.430000000 8.200000000 150.957595825200
957.930000000 6.200000000 150.811462402300
964.430000000 7.600000000 150.810272216800
963.930000000 7.800000000 150.364562988300
955.930000000 10.000000000 150.181625366200
964.930000000 8.000000000 150.173507690400
960.930000000 6.600000000 150.101745605500
964.680000000 7.600000000 149.976715087900
960.930000000 8.000000000 149.843795776400
964.930000000 8.800000000 149.750427246100
960.930000000 6.000000000 149.304794311500
959.930000000 9.200000000 149.133819580100
957.430000000 6.200000000 149.026779174800
959.180000000 9.600000000 149.012680053700
957.680000000 6.200000000 148.645370483400
963.180000000 8.600000000 148.550277710000
960.930000000 6.400000000 148.006668090800
954.680000000 6.200000000 147.719253540000
960.930000000 6.200000000 147.708877563500
963.930000000 9.400000000 147.621185302700
957.180000000 6.200000000 147.515838623000
964.680000000 9.200000000 147.229019165000
955.930000000 6.400000000 146.972015380900
963.180000000 9.200000000 146.792724609400
956.430000000 6.400000000 146.349121093800
956.180000000 9.600000000 146.028106689500
964.180000000 7.600000000 145.932067871100
960.180000000 9.000000000 145.582550048800
963.430000000 9.600000000 145.410186767600
963.680000000 7.800000000 145.320922851600
964.930000000 7.800000000 145.300079345700
957.930000000 9.200000000 144.527206420900
963.430000000 8.000000000 144.519866943400
963.180000000 8.400000000 144.312683105500
958.180000000 5.800000000 144.241134643600
964.180000000 9.400000000 144.107101440400
964.930000000 9.000000000 143.941085815400
954.930000000 6.000000000 143.896133422900
963.680000000 9.600000000 143.619155883800
960.430000000 8.800000000 143.065521240200
956.930000000 6.200000000 142.733398437500
956.430000000 9.400000000 142.646759033200
954.430000000 9.800000000 142.471267700200
954.430000000 7.000000000 142.025253295900
956.180000000 6.400000000 141.713760376000
961.180000000 5.600000000 141.503768920900
963.930000000 7.600000000 141.488739013700
955.180000000 6.000000000 141.456024169900
959.680000000 9.600000000 141.290939331100
957.180000000 9.400000000 141.208007812500
964.430000000 9.400000000 141.149627685500
956.930000000 9.400000000 140.005859375000
964.680000000 7.400000000 139.774551391600
960.930000000 8.200000000 139.637420654300
955.680000000 6.200000000 139.583190918000
957.930000000 6.000000000 139.557037353500
963.180000000 9.400000000 139.511550903300
957.430000000 9.400000000 139.484298706100
958.430000000 9.200000000 139.445831298800
964.930000000 7.600000000 138.974227905300
964.430000000 7.400000000 138.726181030300
963.180000000 8.200000000 138.670547485400
956.680000000 9.400000000 138.537460327100
960.680000000 8.600000000 138.456451416000
963.930000000 9.600000000 138.443023681600
954.180000000 8.600000000 138.295059204100
963.430000000 7.800000000 138.169998168900
954.430000000 6.800000000 138.110458374000
954.180000000 8.400000000 137.969924926800
958.180000000 9.200000000 137.965957641600
963.680000000 7.600000000 137.633880615200
964.930000000 9.200000000 137.542312622100
958.180000000 5.600000000 137.537719726600
964.680000000 9.400000000 137.019027710000
959.430000000 9.800000000 136.548904418900
963.430000000 9.800000000 136.329406738300
959.930000000 9.400000000 136.246780395500
954.180000000 8.800000000 136.168167114300
956.680000000 6.200000000 135.704330444300
957.680000000 6.000000000 135.399856567400
954.180000000 8.200000000 135.350616455100
954.680000000 6.000000000 135.115646362300
965.180000000 8.400000000 134.983993530300
956.180000000 9.800000000 134.909820556600
965.180000000 8.600000000 134.744766235400
964.180000000 9.600000000 134.528076171900
961.180000000 5.800000000 134.371215820300
954.430000000 6.600000000 134.316329956100
957.430000000 6.000000000 134.230438232400
958.930000000 9.600000000 134.058288574200
965.180000000 8.200000000 133.984176635700
958.680000000 9.400000000 133.975814819300
963.680000000 9.800000000 133.842071533200
957.680000000 9.400000000 133.315765380900
954.180000000 9.000000000 133.195739746100
964.180000000 7.400000000 132.850509643600
965.180000000 8.800000000 132.538101196300
954.180000000 8.000000000 132.355255127000
963.430000000 7.600000000 132.286499023400
954.430000000 10.000000000 132.275405883800
955.430000000 6.000000000 132.218643188500
963.180000000 8.000000000 132.192901611300
965.180000000 8.000000000 132.153350830100
957.180000000 6.000000000 132.093154907200
959.180000000 9.800000000 132.052871704100
960.180000000 9.200000000 132.001525878900
964.930000000 7.400000000 131.768783569300
957.930000000 5.800000000 131.069229126000
964.430000000 9.600000000 131.022460937500
963.180000000 9.600000000 130.957336425800
963.930000000 7.400000000 130.852478027300
963.680000000 7.400000000 130.109497070300
956.430000000 9.600000000 129.754318237300
960.430000000 9.000000000 129.518600463900
964.680000000 7.200000000 129.322906494100
964.930000000 9.400000000 129.038421630900
963.930000000 9.800000000 128.981948852500
954.180000000 9.200000000 128.876052856400
965.180000000 7.800000000 128.860977172900
954.430000000 6.400000000 128.739822387700
956.430000000 6.200000000 128.644302368200
955.930000000 6.200000000 128.256484985400
959.680000000 9.800000000 128.222640991200
965.180000000 9.000000000 128.149368286100
961.180000000 6.000000000 127.969070434600
956.930000000 6.000000000 127.403816223100
960.930000000 8.400000000 127.384033203100
954.180000000 7.800000000 127.207183837900
963.430000000 10.000000000 126.972305297900
963.430000000 7.400000000 126.798278808600
964.680000000 9.600000000 126.431907653800
963.180000000 7.800000000 125.970718383800
964.430000000 7.200000000 125.949485778800
954.930000000 5.800000000 125.860450744600
957.930000000 9.400000000 125.856384277300
957.680000000 5.800000000 125.344558715800
964.180000000 9.800000000 125.307075500500
957.180000000 9.600000000 125.299385070800
961.180000000 7.400000000 125.072219848600
956.180000000 10.000000000 125.043693542500
960.680000000 8.800000000 125.016693115200
961.180000000 7.600000000 124.909851074200
963.680000000 10.000000000 124.882087707500
956.930000000 9.600000000 124.821205139200
956.180000000 6.200000000 124.603225708000
956.680000000 9.600000000 124.557472229000
957.930000000 5.600000000 124.509979248000
965.180000000 7.600000000 124.231315612800
961.180000000 7.200000000 124.137313842800
959.930000000 9.600000000 123.865852356000
964.930000000 7.200000000 123.395812988300
958.430000000 9.400000000 123.384277343800
962.930000000 8.600000000 123.191665649400
961.180000000 6.200000000 123.134620666500
954.180000000 9.400000000 122.921707153300
957.430000000 9.600000000 122.836807251000
959.430000000 10.000000000 122.772499084500
957.430000000 5.800000000 122.710327148400
955.180000000 5.800000000 122.506706237800
961.180000000 7.800000000 122.412612915000
962.930000000 8.800000000 122.230781555200
961.180000000 7.000000000 122.133514404300
963.680000000 7.200000000 122.036941528300
954.180000000 7.600000000 121.782203674300
963.180000000 9.800000000 121.720512390100
965.180000000 9.200000000 121.691421508800
955.680000000 6.000000000 121.534233093300
964.430000000 9.800000000 121.517181396500
963.430000000 7.200000000 121.481498718300
962.930000000 8.400000000 121.441551208500
954.430000000 6.200000000 121.312034606900
958.180000000 9.400000000 121.293426513700
954.680000000 5.800000000 121.065956115700
956.680000000 6.000000000 120.794692993200
963.180000000 7.600000000 120.684982299800
964.180000000 7.200000000 120.611007690400
961.430000000 5.600000000 120.315208435100
961.180000000 6.400000000 120.263916015600
961.180000000 6.800000000 120.231796264600
963.930000000 10.000000000 120.209121704100
957.180000000 5.800000000 119.836151123000
960.180000000 9.400000000 119.772155761700
962.930000000 9.000000000 119.523338317900
964.930000000 9.600000000 119.454658508300
961.180000000 6.600000000 119.401878356900
963.930000000 7.200000000 119.294075012200
958.680000000 9.600000000 119.034400939900
958.930000000 9.800000000 118.956520080600
956.430000000 9.800000000 118.873847961400
962.930000000 8.200000000 118.440521240200
964.680000000 7.000000000 118.351333618200
965.180000000 7.400000000 118.314178466800
957.680000000 5.600000000 117.730430603000
959.180000000 10.000000000 117.729225158700
957.680000000 9.600000000 117.189765930200
960.430000000 9.200000000 116.970291137700
961.180000000 8.000000000 116.840873718300
964.180000000 10.000000000 116.784072876000
963.180000000 7.400000000 116.568893432600
963.430000000 7.000000000 116.510673522900
964.680000000 9.800000000 116.496170043900
959.680000000 10.000000000 116.428283691400
954.180000000 9.600000000 115.851776123000
960.930000000 8.600000000 115.813766479500
954.180000000 7.400000000 115.685417175300
965.180000000 9.400000000 115.355621337900
956.930000000 5.800000000 115.139373779300
955.430000000 5.800000000 115.092163085900
962.930000000 9.200000000 114.604583740200
962.930000000 8.000000000 114.338424682600
956.430000000 6.000000000 114.301475524900
964.930000000 7.000000000 114.242927551300
957.430000000 5.600000000 113.947723388700
963.180000000 7.200000000 113.491905212400
964.430000000 7.000000000 113.466384887700
959.930000000 9.800000000 113.427932739300
963.680000000 7.000000000 113.211250305200
964.430000000 10.000000000 113.076629638700
955.930000000 6.000000000 113.031890869100
956.680000000 9.800000000 112.801200866700
954.430000000 6.000000000 112.657714843800
960.680000000 9.000000000 112.536308288600
961.430000000 5.800000000 112.081497192400
963.180000000 10.000000000 112.033645629900
956.930000000 9.800000000 111.928794860800
957.180000000 9.800000000 111.683418273900
965.430000000 8.400000000 111.570610046400
965.180000000 7.200000000 111.226844787600
963.180000000 7.000000000 111.072090148900
965.430000000 8.200000000 111.058654785200
963.430000000 6.800000000 110.974182128900
965.430000000 8.600000000 110.821876525900
957.930000000 9.600000000 110.689208984400
956.180000000 6.000000000 110.589714050300
957.180000000 5.600000000 110.334968566900
962.930000000 7.800000000 110.013076782200
964.930000000 9.800000000 109.835853576700
954.180000000 7.200000000 109.769836425800
965.430000000 8.800000000 109.735733032200
956.430000000 10.000000000 109.657432556200
958.430000000 9.600000000 109.617256164600
965.430000000 8.000000000 109.449264526400
954.930000000 5.600000000 109.260505676300
960.180000000 9.600000000 109.239685058600
957.430000000 9.800000000 109.081542968800
954.180000000 9.800000000 108.941749572800
956.680000000 5.800000000 108.890731811500
963.180000000 6.800000000 108.880508422900
961.180000000 8.200000000 108.506958007800
964.180000000 7.000000000 108.406867981000
963.930000000 7.000000000 108.130210876500
964.680000000 10.000000000 107.806686401400
965.180000000 9.600000000 107.798377990700
954.180000000 7.000000000 107.619514465300
962.930000000 9.400000000 107.428390502900
964.680000000 6.800000000 107.338218689000
955.680000000 5.800000000 107.149520874000
965.430000000 9.000000000 107.148567199700
958.180000000 9.600000000 107.138160705600
965.430000000 7.800000000 106.790069580100
963.180000000 6.600000000 106.692901611300
955.180000000 5.600000000 106.496810913100
954.680000000 5.600000000 106.451576232900
958.930000000 10.000000000 106.404998779300
958.680000000 9.800000000 106.148315429700
962.930000000 7.600000000 105.817657470700
960.430000000 9.400000000 105.476417541500
956.930000000 5.600000000 105.325569152800
954.180000000 6.800000000 105.197052002000
964.930000000 6.800000000 104.947380065900
963.430000000 6.600000000 104.793853759800
963.680000000 6.800000000 104.204193115200
961.430000000 6.000000000 104.180404663100
960.930000000 8.800000000 103.923194885300
963.180000000 6.400000000 103.858032226600
957.680000000 9.800000000 103.686332702600
959.930000000 10.000000000 103.530426025400
965.180000000 7.000000000 103.297309875500
965.430000000 7.600000000 103.054855346700
956.680000000 10.000000000 102.979583740200
965.430000000 9.200000000 102.910362243700
956.430000000 5.800000000 102.859931945800
954.430000000 5.800000000 102.779724121100
954.180000000 10.000000000 102.156105041500
964.430000000 6.800000000 102.108703613300
962.930000000 7.400000000 101.943977356000
955.430000000 5.600000000 101.586875915500
954.180000000 6.600000000 101.178924560500
956.930000000 10.000000000 101.090011596700
964.930000000 10.000000000 100.998229980500
955.930000000 5.800000000 100.934387207000
953.930000000 8.600000000 100.893028259300
960.680000000 9.200000000 100.887222290000
953.930000000 8.800000000 100.660911560100
953.930000000 8.400000000 100.653320312500
963.180000000 6.200000000 100.280296325700
957.180000000 10.000000000 100.094276428200
961.180000000 8.400000000 99.875953674300
965.180000000 9.800000000 99.466514587400
956.680000000 5.600000000 99.372764587400
960.180000000 9.800000000 99.370124816900
956.180000000 5.800000000 99.353668212900
962.930000000 9.600000000 98.880348205600
953.930000000 8.200000000 98.844009399400
962.930000000 7.200000000 98.631492614700
953.930000000 9.000000000 98.609375000000
963.430000000 6.400000000 98.538253784200
965.430000000 7.400000000 98.203933715800
957.930000000 9.800000000 97.761611938500
958.430000000 9.800000000 97.728630065900
961.430000000 6.200000000 97.656723022500
963.930000000 6.800000000 97.582321167000
961.680000000 5.600000000 97.520210266100
962.930000000 6.200000000 97.303802490200
957.430000000 10.000000000 97.292480468800
962.930000000 6.400000000 97.265411377000
965.430000000 9.400000000 97.084426879900
962.930000000 7.000000000 97.004432678200
964.180000000 6.800000000 96.930877685500
962.930000000 6.600000000 96.897491455100
964.680000000 6.600000000 96.711860656700
962.930000000 6.800000000 96.599693298300
962.930000000 6.000000000 96.501960754400
963.180000000 6.000000000 96.124885559100
955.680000000 5.600000000 95.969299316400
953.930000000 8.000000000 95.943367004400
954.180000000 6.400000000 95.941230773900
960.430000000 9.600000000 95.925956726100
963.680000000 6.600000000 95.536231994600
964.930000000 6.600000000 95.483779907200
958.680000000 10.000000000 95.470596313500
965.180000000 6.800000000 95.241699218800
953.930000000 9.200000000 95.022354126000
958.180000000 9.800000000 94.973205566400
962.930000000 5.800000000 94.918418884300
962.680000000 8.200000000 94.913398742700
962.680000000 8.400000000 94.421188354500
952.180000000 7.800000000 94.056564331100
952.180000000 8.000000000 93.856864929200
962.680000000 8.000000000 93.844711303700
956.430000000 5.600000000 93.759178161600
952.180000000 7.600000000 93.396080017100
951.930000000 7.600000000 93.038429260300
951.930000000 7.400000000 92.727790832500
962.680000000 8.600000000 92.546325683600
960.930000000 9.000000000 92.526992797900
961.430000000 6.400000000 92.512451171900
952.180000000 8.200000000 92.435661315900
953.930000000 7.800000000 92.387565612800
951.930000000 7.800000000 92.376678466800
965.430000000 7.200000000 92.316246032700
962.930000000 5.600000000 92.292144775400
957.680000000 10.000000000 92.158081054700
954.430000000 5.600000000 92.153450012200
962.680000000 7.800000000 91.980133056600
963.430000000 6.200000000 91.897247314500
952.180000000 7.400000000 91.501358032200
964.430000000 6.600000000 91.493049621600
951.930000000 7.200000000 91.471267700200
955.930000000 5.600000000 91.461753845200
963.180000000 5.800000000 91.316513061500
960.180000000 10.000000000 91.250320434600
965.180000000 10.000000000 91.131019592300
953.930000000 9.400000000 91.024856567400
951.930000000 8.000000000 90.733222961400
956.180000000 5.600000000 90.579177856400
960.680000000 9.400000000 90.510276794400
961.680000000 5.800000000 90.192123413100
961.180000000 8.600000000 90.142059326200
965.430000000 9.600000000 90.036064147900
954.180000000 6.200000000 89.946693420400
962.930000000 9.800000000 89.906700134300
952.180000000 8.400000000 89.871017456100
951.930000000 7.000000000 89.338035583500
962.680000000 7.600000000 89.233047485400
951.680000000 7.000000000 89.179656982400
961.430000000 6.600000000 89.017784118700
951.680000000 7.200000000 88.851921081500
952.180000000 7.200000000 88.839088439900
962.680000000 8.800000000 88.837997436500
951.680000000 6.800000000 88.743247985800
953.930000000 7.600000000 88.628150939900
951.430000000 6.600000000 88.457275390600
961.430000000 7.600000000 88.301071167000
951.430000000 6.400000000 88.291625976600
961.430000000 7.400000000 88.176124572800
952.430000000 8.000000000 88.044410705600
951.930000000 8.200000000 88.019989013700
962.680000000 5.600000000 87.957984924300
951.430000000 6.800000000 87.875022888200
951.680000000 7.400000000 87.701713562000
958.430000000 10.000000000 87.698989868200
963.930000000 6.600000000 87.677871704100
952.430000000 7.800000000 87.601020813000
961.430000000 7.200000000 87.535331726100
951.680000000 6.600000000 87.531272888200
952.430000000 8.200000000 87.481346130400
962.680000000 5.800000000 87.421340942400
961.430000000 6.800000000 87.311447143600
960.430000000 9.800000000 87.192062377900
951.180000000 6.200000000 87.139747619600
963.680000000 6.400000000 87.088203430200
961.430000000 7.000000000 87.073837280300
951.430000000 6.200000000 86.976455688500
951.180000000 6.400000000 86.896179199200
964.680000000 6.400000000 86.882217407200
952.180000000 8.600000000 86.879096984900
961.430000000 7.800000000 86.862747192400
965.180000000 6.600000000 86.857940673800
951.930000000 6.800000000 86.790840148900
957.930000000 10.000000000 86.788864135700
951.180000000 6.000000000 86.698158264200
953.930000000 9.600000000 86.668373107900
964.180000000 6.600000000 86.549644470200
952.430000000 7.600000000 86.539024353000
964.930000000 6.400000000 86.395042419400
963.180000000 5.600000000 86.273391723600
951.430000000 7.000000000 86.264297485400
962.680000000 7.400000000 86.260986328100
952.430000000 8.400000000 86.111824035600
951.680000000 7.600000000 86.023071289100
962.680000000 6.000000000 85.988456726100
965.430000000 7.000000000 85.795364379900
951.180000000 6.600000000 85.759086608900
952.180000000 7.000000000 85.718849182100
951.680000000 6.400000000 85.701606750500
965.680000000 8.600000000 85.380928039600
963.430000000 6.000000000 85.291084289600
965.680000000 8.400000000 85.288108825700
951.180000000 5.800000000 85.247596740700
951.930000000 8.400000000 84.984703064000
951.430000000 6.000000000 84.970443725600
953.930000000 7.400000000 84.787437439000
958.180000000 10.000000000 84.608131408700
952.430000000 7.400000000 84.520317077600
965.680000000 8.800000000 84.505493164100
965.680000000 8.200000000 84.418663024900
962.680000000 9.000000000 84.318778991700
951.930000000 6.600000000 84.042373657200
962.680000000 6.200000000 84.033073425300
951.430000000 7.200000000 84.006645202600
952.430000000 8.600000000 83.952568054200
951.180000000 6.800000000 83.938362121600
962.680000000 7.200000000 83.745056152300
951.680000000 7.800000000 83.630645752000
965.430000000 9.800000000 83.552680969200
954.180000000 6.000000000 83.383819580100
961.430000000 8.000000000 83.312713623000
952.180000000 8.800000000 83.158065795900
951.680000000 6.200000000 83.134979248000
951.180000000 5.600000000 83.063819885300
950.930000000 5.800000000 82.949378967300
950.930000000 6.000000000 82.868728637700
965.680000000 8.000000000 82.839530944800
961.680000000 6.000000000 82.786987304700
965.680000000 9.000000000 82.448143005400
950.930000000 5.600000000 82.417785644500
952.180000000 6.800000000 82.248870849600
950.930000000 6.200000000 82.199493408200
953.930000000 7.200000000 82.190650939900
962.680000000 6.400000000 82.113090515100
960.930000000 9.200000000 82.087409973100
951.430000000 5.800000000 82.006172180200
952.430000000 7.200000000 81.871719360400
964.430000000 6.400000000 81.836326599100
962.680000000 7.000000000 81.812583923300
960.680000000 9.600000000 81.749397277800
953.930000000 9.800000000 81.740982055700
962.930000000 10.000000000 81.582435607900
951.180000000 7.000000000 81.521797180200
951.930000000 8.600000000 81.338630676300
952.430000000 8.800000000 81.294158935500
951.930000000 6.400000000 81.096412658700
951.430000000 7.400000000 81.091102600100
950.930000000 6.400000000 81.046859741200
962.680000000 6.600000000 80.919517517100
953.930000000 7.000000000 80.839660644500
962.680000000 6.800000000 80.795120239300
951.680000000 8.000000000 80.768287658700
965.680000000 7.800000000 80.527290344200
961.180000000 8.800000000 80.085090637200
961.930000000 5.600000000 79.994567871100
965.680000000 9.200000000 79.940162658700
951.680000000 6.000000000 79.878044128400
960.430000000 10.000000000 79.467323303200
950.930000000 6.600000000 79.386238098100
963.680000000 6.200000000 79.280326843300
952.180000000 9.000000000 79.146690368700
963.430000000 5.800000000 79.125976562500
965.430000000 6.800000000 79.092720031700
952.180000000 6.600000000 78.951622009300
952.430000000 7.000000000 78.856597900400
963.930000000 6.400000000 78.753295898400
965.180000000 6.400000000 78.563331604000
951.430000000 5.600000000 78.501579284700
951.180000000 7.200000000 78.474601745600
962.430000000 5.600000000 78.464218139600
962.680000000 9.200000000 78.222320556600
953.680000000 8.600000000 78.181320190400
953.930000000 6.800000000 78.148612976100
952.430000000 9.000000000 77.945564270000
961.430000000 8.200000000 77.863838195800
951.930000000 6.200000000 77.851966857900
964.680000000 6.200000000 77.818489074700
951.430000000 7.600000000 77.796447753900
964.930000000 6.200000000 77.790702819800
951.680000000 8.200000000 77.533790588400
951.930000000 8.800000000 77.452262878400
953.680000000 8.400000000 77.440757751500
965.680000000 7.600000000 77.431587219200
953.680000000 8.800000000 77.407722473100
964.180000000 6.400000000 77.402336120600
950.930000000 6.800000000 77.252380371100
952.680000000 8.000000000 77.222686767600
952.680000000 8.200000000 77.164688110400
952.680000000 7.800000000 76.812294006300
952.680000000 8.400000000 76.788818359400
953.930000000 10.000000000 76.609230041500
965.430000000 10.000000000 76.591201782200
954.180000000 5.800000000 76.582809448200
965.680000000 9.400000000 76.446937561000
961.680000000 6.200000000 76.311370849600
953.680000000 9.000000000 76.185935974100
951.680000000 5.800000000 76.147758483900
952.180000000 6.400000000 75.917999267600
953.680000000 8.200000000 75.903923034700
962.430000000 5.800000000 75.898826599100
952.680000000 7.600000000 75.867027282700
952.680000000 8.600000000 75.662780761700
952.430000000 6.800000000 75.629310607900
952.180000000 9.200000000 75.175819397000
951.180000000 7.400000000 75.059722900400
950.930000000 7.000000000 74.600097656200
952.430000000 9.200000000 74.598426818800
950.680000000 5.600000000 74.570640564000
961.930000000 5.800000000 74.452598571800
952.680000000 7.400000000 74.399978637700
953.930000000 6.600000000 74.304351806600
952.680000000 8.800000000 74.240203857400
951.930000000 6.000000000 74.227272033700
951.430000000 7.800000000 74.206298828100
951.680000000 8.400000000 74.165412902800
953.680000000 9.200000000 74.144767761200
950.680000000 5.800000000 73.927207946800
960.680000000 9.800000000 73.866737365700
965.680000000 7.400000000 73.841156005900
963.430000000 5.600000000 73.685043335000
953.680000000 8.000000000 73.676681518600
951.930000000 9.000000000 73.618827819800
962.180000000 5.600000000 73.552513122600
960.930000000 9.400000000 73.284126281700
964.430000000 6.200000000 73.227439880400
950.680000000 6.000000000 73.094055175800
962.430000000 6.000000000 72.915550231900
952.180000000 6.200000000 72.514259338400
952.430000000 6.600000000 72.466773986800
952.680000000 7.200000000 72.391609191900
963.680000000 6.000000000 72.368278503400
950.680000000 6.200000000 72.150848388700
965.430000000 6.600000000 72.128128051800
952.680000000 9.000000000 72.048973083500
951.680000000 5.600000000 72.039077758800
961.430000000 8.400000000 71.995826721200
962.680000000 9.400000000 71.951240539600
952.180000000 9.400000000 71.806289672900
965.680000000 9.600000000 71.771278381300
950.930000000 7.200000000 71.497444152800
951.180000000 7.600000000 71.271842956500
953.680000000 9.400000000 71.145393371600
953.680000000 7.800000000 71.014419555700
950.680000000 6.400000000 70.997459411600
963.930000000 6.200000000 70.966072082500
952.430000000 9.400000000 70.950759887700
961.680000000 6.400000000 70.790596008300
965.180000000 6.200000000 70.755187988300
951.680000000 8.600000000 70.650238037100
951.430000000 8.000000000 70.595962524400
961.180000000 9.000000000 70.478881835900
962.430000000 8.000000000 70.342216491700
962.430000000 7.800000000 70.198867797900
951.930000000 9.200000000 70.187591552700
951.930000000 5.800000000 70.185585022000
962.430000000 6.200000000 70.059150695800
962.430000000 8.200000000 70.041656494100
952.680000000 7.000000000 69.856971740700
964.930000000 6.000000000 69.851005554200
952.680000000 9.200000000 69.794715881300
953.930000000 6.400000000 69.742805481000
954.180000000 5.600000000 69.721015930200
964.680000000 6.000000000 69.685897827100
962.180000000 5.800000000 69.638084411600
965.680000000 7.200000000 69.625076293900
966.680000000 8.400000000 69.483604431200
964.180000000 6.200000000 69.459403991700
950.680000000 6.600000000 69.421562194800
966.680000000 8.200000000 69.342445373500
952.430000000 6.400000000 69.221481323200
962.430000000 7.600000000 69.141258239700
966.680000000 8.600000000 69.067939758300
966.930000000 8.400000000 68.921165466300
952.180000000 9.600000000 68.901283264200
966.930000000 8.200000000 68.888107299800
961.930000000 6.000000000 68.638305664100
952.180000000 6.000000000 68.509819030800
950.930000000 7.400000000 68.191680908200
962.430000000 8.400000000 68.145492553700
966.680000000 8.000000000 68.083442688000
953.680000000 7.600000000 68.070594787600
966.930000000 8.000000000 67.998451232900
962.430000000 6.400000000 67.729240417500
966.680000000 8.800000000 67.725463867200
962.430000000 7.400000000 67.719993591300
966.930000000 8.600000000 67.648468017600
953.680000000 9.600000000 67.535545349100
950.680000000 6.800000000 67.459747314500
952.930000000 8.400000000 67.444900512700
951.180000000 7.800000000 67.339645385700
952.930000000 8.600000000 67.286491394000
952.430000000 9.600000000 67.265495300300
951.680000000 8.800000000 67.260421752900
951.930000000 9.400000000 67.143341064500
951.430000000 8.200000000 67.039489746100
952.930000000 8.200000000 66.964080810500
952.680000000 6.800000000 66.926856994600
952.680000000 9.400000000 66.909843444800
960.680000000 10.000000000 66.761573791500
952.930000000 8.800000000 66.655143737800
961.680000000 6.600000000 66.519813537600
966.930000000 7.800000000 66.503616333000
963.680000000 5.800000000 66.475219726600
962.430000000 7.200000000 66.413169860800
952.930000000 8.000000000 66.324798584000
965.680000000 9.800000000 66.229835510300
966.680000000 7.800000000 66.179878234900
962.430000000 6.600000000 66.162910461400
952.180000000 9.800000000 66.144943237300
965.930000000 8.800000000 66.102005004900
966.930000000 8.800000000 65.938880920400
965.930000000 8.600000000 65.866668701200
953.430000000 8.800000000 65.849685668900
951.930000000 5.600000000 65.827102661100
966.680000000 9.000000000 65.790550231900
953.430000000 8.600000000 65.769020080600
964.430000000 6.000000000 65.706520080600
953.430000000 8.400000000 65.651458740200
965.930000000 9.000000000 65.584327697800
962.430000000 7.000000000 65.581390380900
960.930000000 9.600000000 65.515190124500
962.180000000 6.000000000 65.472229003900
962.430000000 6.800000000 65.454696655300
965.930000000 8.400000000 65.381294250500
952.930000000 7.800000000 65.345512390100
952.430000000 6.200000000 65.328681945800
962.680000000 9.600000000 65.300552368200
965.430000000 6.400000000 65.289443969700
953.680000000 7.400000000 65.195167541500
950.680000000 7.000000000 65.115623474100
952.930000000 9.000000000 65.069488525400
961.430000000 8.600000000 64.962219238300
953.430000000 9.000000000 64.785743713400
965.680000000 7.000000000 64.766174316400
953.930000000 6.200000000 64.701011657700
966.680000000 9.200000000 64.693641662600
953.680000000 7.200000000 64.653251647900
962.430000000 8.600000000 64.569030761700
950.930000000 7.600000000 64.543380737300
966.430000000 8.600000000 64.537734985400
951.930000000 9.600000000 64.494049072300
952.930000000 7.600000000 64.440818786600
965.930000000 8.200000000 64.333740234400
963.930000000 6.000000000 64.325157165500
966.430000000 8.400000000 64.308349609400
966.930000000 7.600000000 64.276573181200
966.430000000 8.800000000 64.262748718300
953.430000000 8.200000000 64.252136230500
965.930000000 9.200000000 64.134696960400
952.180000000 5.800000000 64.102493286100
952.430000000 9.800000000 63.997005462600
951.680000000 9.000000000 63.938514709500
966.680000000 7.600000000 63.840911865200
965.180000000 6.000000000 63.719238281200
952.680000000 6.600000000 63.684928894000
952.680000000 9.600000000 63.680606842000
951.430000000 8.400000000 63.641033172600
953.680000000 9.800000000 63.638278961200
961.680000000 6.800000000 63.587524414100
966.430000000 9.000000000 63.538227081300
952.930000000 9.200000000 63.498359680200
966.680000000 9.400000000 63.443466186500
952.930000000 7.400000000 63.442016601600
952.180000000 10.000000000 63.383407592800
951.180000000 8.000000000 63.342990875200
961.930000000 6.200000000 63.319808960000
966.430000000 8.200000000 63.318607330300
966.930000000 9.000000000 63.273105621300
953.680000000 7.000000000 63.178264617900
953.180000000 8.600000000 63.049640655500
953.180000000 8.800000000 62.812278747600
965.930000000 8.000000000 62.795291900600
966.430000000 9.200000000 62.794067382800
953.430000000 9.200000000 62.766071319600
964.930000000 5.800000000 62.743633270300
953.180000000 8.400000000 62.731967926000
964.180000000 6.000000000 62.634010314900
964.680000000 5.800000000 62.592739105200
953.430000000 8.000000000 62.522674560500
950.680000000 7.200000000 62.454933166500
961.180000000 9.200000000 62.332202911400
952.930000000 7.200000000 62.081146240200
951.930000000 9.800000000 62.038978576700
967.180000000 8.200000000 61.919498443600
961.680000000 7.000000000 61.902820587200
953.180000000 8.200000000 61.822803497300
967.180000000 8.400000000 61.805774688700
966.930000000 9.200000000 61.805370330800
966.430000000 8.000000000 61.761104583700
963.680000000 5.600000000 61.734725952100
965.930000000 9.400000000 61.666694641100
966.930000000 7.400000000 61.661224365200
966.430000000 9.400000000 61.643093109100
966.680000000 9.600000000 61.570457458500
953.180000000 9.000000000 61.561298370400
962.180000000 6.200000000 61.545402526900
966.930000000 9.400000000 61.303009033200
952.430000000 10.000000000 61.234283447300
952.930000000 9.400000000 61.225223541300
961.680000000 7.200000000 61.224021911600
967.180000000 8.000000000 61.195903778100
961.680000000 7.400000000 61.129085540800
950.430000000 5.600000000 61.122024536100
961.680000000 7.600000000 61.030406951900
952.430000000 6.000000000 60.955928802500
966.680000000 7.400000000 60.951183319100
966.180000000 8.800000000 60.943962097200
965.680000000 10.000000000 60.941314697300
967.180000000 8.600000000 60.887157440200
950.930000000 7.800000000 60.881904602100
968.180000000 7.600000000 60.832015991200
966.930000000 9.600000000 60.831962585400
968.180000000 7.800000000 60.827861785900
951.680000000 9.200000000 60.777332305900
965.930000000 7.800000000 60.777091980000
966.180000000 9.000000000 60.776889801000
953.680000000 6.800000000 60.683170318600
951.430000000 8.600000000 60.559440612800
968.180000000 8.000000000 60.493789672900
966.180000000 8.600000000 60.465724945100
968.180000000 7.400000000 60.424488067600
953.180000000 8.000000000 60.421466827400
962.430000000 8.800000000 60.377758026100
952.680000000 9.800000000 60.340457916300
961.680000000 7.800000000 60.258579254200
953.430000000 7.800000000 60.197231292700
967.180000000 7.800000000 60.192180633500
952.930000000 7.000000000 60.137706756600
953.430000000 9.400000000 60.076084137000
950.430000000 5.800000000 60.058074951200
952.680000000 6.400000000 60.020076751700
966.180000000 9.200000000 59.968685150100
966.930000000 9.800000000 59.949806213400
968.180000000 8.200000000 59.905418396000
968.180000000 7.200000000 59.856857299800
966.430000000 9.600000000 59.829334259000
966.430000000 7.800000000 59.751033783000
953.680000000 10.000000000 59.710113525400
966.680000000 9.800000000 59.698963165300
951.930000000 10.000000000 59.692977905300
953.180000000 9.200000000 59.682998657200
967.930000000 7.800000000 59.681362152100
950.680000000 7.400000000 59.643909454300
952.180000000 5.600000000 59.618263244600
967.930000000 7.600000000 59.592002868700
967.180000000 9.400000000 59.590629577600
967.180000000 9.200000000 59.570819854700
966.180000000 8.400000000 59.564529418900
953.930000000 6.000000000 59.530513763400
965.680000000 6.800000000 59.517459869400
951.180000000 8.200000000 59.494876861600
967.930000000 8.000000000 59.465244293200
967.180000000 8.800000000 59.315723419200
968.180000000 8.400000000 59.297977447500
964.430000000 5.800000000 59.261791229200
967.180000000 9.600000000 59.216365814200
950.430000000 6.000000000 59.166954040500
965.930000000 9.600000000 59.115726470900
967.930000000 7.400000000 59.078075408900
967.930000000 8.200000000 59.077960968000
966.930000000 7.200000000 59.017463684100
967.180000000 9.000000000 58.965847015400
965.430000000 6.200000000 58.928867340100
968.430000000 7.400000000 58.907707214400
968.180000000 7.000000000 58.901229858400
968.430000000 7.600000000 58.858615875200
967.930000000 8.400000000 58.842674255400
966.930000000 10.000000000 58.812686920200
968.430000000 7.200000000 58.786632537800
962.680000000 9.800000000 58.783370971700
963.930000000 5.800000000 58.776008606000
967.180000000 7.600000000 58.710655212400
968.180000000 8.600000000 58.697631835900
967.180000000 9.800000000 58.690502166700
966.180000000 9.400000000 58.682765960700
953.180000000 7.800000000 58.661331176800
961.930000000 6.400000000 58.649894714400
960.930000000 9.800000000 58.645153045700
967.930000000 8.600000000 58.543289184600
968.430000000 7.800000000 58.470771789600
952.930000000 9.600000000 58.462337493900
950.430000000 6.200000000 58.337318420400
968.430000000 7.000000000 58.302627563500
961.680000000 8.000000000 58.255504608200
965.930000000 7.600000000 58.251239776600
962.180000000 6.400000000 58.183166503900
967.930000000 8.800000000 58.163692474400
966.180000000 8.200000000 58.134574890100
967.930000000 7.200000000 58.070308685300
951.430000000 8.800000000 58.043647766100
951.680000000 9.400000000 58.014091491700
968.180000000 8.800000000 57.956535339400
968.430000000 8.000000000 57.839012146000
953.430000000 7.600000000 57.810497283900
966.680000000 7.200000000 57.791355133100
953.180000000 9.400000000 57.684627533000
967.930000000 9.000000000 57.618408203100
967.430000000 9.200000000 57.615447998000
966.680000000 10.000000000 57.604244232200
965.180000000 5.800000000 57.565593719500
966.430000000 9.800000000 57.542552948000
952.930000000 6.800000000 57.537174224900
967.430000000 9.400000000 57.526824951200
961.430000000 8.800000000 57.490165710400
968.180000000 6.800000000 57.461765289300
950.430000000 6.400000000 57.457279205300
968.430000000 6.800000000 57.339591980000
967.180000000 10.000000000 57.323455810500
953.430000000 9.600000000 57.295021057100
953.680000000 6.600000000 57.209697723400
966.430000000 7.600000000 57.172561645500
967.430000000 9.000000000 57.132904052700
950.930000000 8.000000000 57.082473754900
952.680000000 10.000000000 57.066089630100
968.180000000 9.000000000 57.052799224900
967.680000000 8.800000000 57.049667358400
968.430000000 8.200000000 57.035755157500
967.180000000 7.400000000 57.030639648400
967.680000000 9.000000000 56.973178863500
967.930000000 7.000000000 56.966018676800
953.180000000 7.600000000 56.915275573700
964.180000000 5.800000000 56.906620025600
967.680000000 8.600000000 56.897731781000
967.430000000 8.800000000 56.827384948700
967.930000000 9.200000000 56.764221191400
967.430000000 9.600000000 56.720325470000
967.680000000 9.200000000 56.692874908400
967.680000000 8.400000000 56.681278228800
964.930000000 5.600000000 56.680320739700
950.680000000 7.600000000 56.656768798800
964.680000000 5.600000000 56.555835723900
967.680000000 8.200000000 56.495643615700
966.930000000 7.000000000 56.482505798300
966.180000000 9.600000000 56.466152191200
952.430000000 5.800000000 56.456169128400
967.680000000 7.800000000 56.444610595700
967.680000000 8.000000000 56.408260345500
967.680000000 9.400000000 56.408153533900
967.680000000 7.600000000 56.350383758500
968.430000000 8.400000000 56.345584869400
950.430000000 6.600000000 56.341194152800
967.430000000 8.600000000 56.287429809600
966.180000000 8.000000000 56.277538299600
967.430000000 9.800000000 56.112300872800
953.430000000 7.400000000 56.100303649900
953.180000000 7.400000000 56.012344360400
967.680000000 7.400000000 55.976352691700
952.680000000 6.200000000 55.970329284700
968.430000000 6.600000000 55.942428588900
967.930000000 9.400000000 55.941120147700
968.180000000 9.200000000 55.920547485400
951.180000000 8.400000000 55.864318847700
951.680000000 9.600000000 55.753173828100
951.430000000 9.000000000 55.750679016100
965.930000000 9.800000000 55.659568786600
953.430000000 7.200000000 55.632457733200
967.430000000 8.400000000 55.615364074700
968.180000000 6.600000000 55.603641510000
968.430000000 8.600000000 55.600299835200
962.180000000 6.600000000 55.571735382100
967.680000000 9.600000000 55.447956085200
952.930000000 9.800000000 55.430866241500
967.930000000 6.800000000 55.372680664100
967.180000000 7.200000000 55.360416412400
962.430000000 9.000000000 55.300666809100
965.930000000 7.400000000 55.203018188500
967.680000000 7.200000000 55.195995330800
953.180000000 7.200000000 55.162090301500
953.180000000 9.600000000 55.153419494600
950.430000000 6.800000000 55.075969696000
961.180000000 9.400000000 55.007530212400
967.430000000 8.200000000 54.988277435300
968.180000000 9.400000000 54.960552215600
966.430000000 10.000000000 54.907436370800
961.930000000 6.600000000 54.860622406000
961.680000000 8.200000000 54.801933288600
967.930000000 9.600000000 54.791198730500
968.430000000 8.800000000 54.745864868200
966.680000000 7.000000000 54.733097076400
967.430000000 10.000000000 54.658721923800
967.430000000 8.000000000 54.609611511200
953.930000000 5.800000000 54.515533447300
966.430000000 7.400000000 54.390716552700
953.430000000 9.800000000 54.357681274400
952.930000000 6.600000000 54.353195190400
968.430000000 6.400000000 54.314670562700
967.430000000 7.800000000 54.292373657200
963.930000000 5.600000000 54.230869293200
965.680000000 6.600000000 54.202503204300
953.430000000 7.000000000 54.194290161100
967.680000000 7.000000000 54.169807434100
966.180000000 9.800000000 54.155151367200
968.680000000 7.200000000 54.149158477800
966.180000000 7.800000000 54.054141998300
968.680000000 7.400000000 54.029190063500
966.930000000 6.800000000 54.001701355000
967.430000000 7.600000000 54.001472473100
967.680000000 9.800000000 53.988227844200
968.680000000 7.000000000 53.939998626700
964.430000000 5.600000000 53.850257873500
967.180000000 7.000000000 53.792751312300
962.180000000 6.800000000 53.783168792700
968.430000000 9.000000000 53.762023925800
951.680000000 9.800000000 53.742660522500
968.180000000 9.600000000 53.687465667700
967.430000000 7.400000000 53.624622345000
953.180000000 7.000000000 53.600120544400
968.180000000 6.400000000 53.593952179000
950.680000000 7.800000000 53.584373474100
968.680000000 7.600000000 53.520889282200
950.930000000 8.200000000 53.513431549100
968.680000000 6.800000000 53.493442535400
950.430000000 7.000000000 53.491813659700
951.430000000 9.200000000 53.441104888900
967.930000000 6.600000000 53.351890564000
965.430000000 6.000000000 53.274131774900
953.680000000 6.400000000 53.240261077900
967.430000000 7.200000000 53.175071716300
967.930000000 9.800000000 52.990779876700
951.180000000 8.600000000 52.918312072800
962.680000000 10.000000000 52.905189514200
968.430000000 9.200000000 52.887992858900
962.180000000 7.600000000 52.809104919400
967.680000000 6.800000000 52.808120727500
962.180000000 7.000000000 52.792755127000
962.180000000 7.800000000 52.716217041000
968.680000000 7.800000000 52.702987670900
968.680000000 6.600000000 52.661594390900
962.180000000 7.400000000 52.598873138400
967.180000000 6.800000000 52.575771331800
960.930000000 10.000000000 52.572708129900
967.430000000 7.000000000 52.528423309300
967.680000000 10.000000000 52.489303588900
968.430000000 6.200000000 52.482231140100
962.180000000 7.200000000 52.474117279100
962.180000000 8.000000000 52.412425994900
965.180000000 5.600000000 52.411842346200
952.930000000 10.000000000 52.313812255900
953.180000000 9.800000000 52.312080383300
964.180000000 5.600000000 52.163135528600
952.430000000 5.600000000 52.123558044400
961.930000000 6.800000000 52.064796447800
968.180000000 9.800000000 52.009590148900
968.430000000 9.400000000 51.942138671900
953.430000000 6.800000000 51.899211883500
968.680000000 8.000000000 51.881473541300
951.680000000 10.000000000 51.866970062300
950.430000000 7.200000000 51.779899597200
966.680000000 6.800000000 51.715244293200
952.680000000 6.000000000 51.712062835700
965.930000000 7.200000000 51.687610626200
966.930000000 6.600000000 51.642272949200
967.430000000 6.800000000 51.586662292500
968.680000000 6.400000000 51.533565521200
965.930000000 10.000000000 51.525737762500
966.180000000 7.600000000 51.498386383100
967.180000000 6.600000000 51.497623443600
968.180000000 6.200000000 51.384208679200
966.430000000 7.200000000 51.370048522900
967.930000000 10.000000000 51.290672302200
953.180000000 6.800000000 51.268878936800
953.430000000 10.000000000 51.268337249800
951.430000000 9.400000000 51.121238708500
967.930000000 6.400000000 51.119174957300
966.180000000 10.000000000 51.115852356000
962.180000000 8.200000000 51.056652069100
967.680000000 6.600000000 50.989360809300
961.680000000 8.400000000 50.982593536400
968.680000000 8.200000000 50.965255737300
951.180000000 8.800000000 50.892200470000
968.430000000 9.600000000 50.731769561800
952.930000000 6.400000000 50.706710815400
961.430000000 9.000000000 50.641181945800
968.180000000 10.000000000 50.515537262000
968.430000000 6.000000000 50.481845855700
950.680000000 8.000000000 50.423522949200
967.430000000 6.600000000 50.375228881800
961.930000000 7.000000000 50.313846588100
968.680000000 6.200000000 50.220848083500
967.180000000 6.400000000 50.169689178500
950.930000000 8.400000000 50.053607940700
962.430000000 9.200000000 50.016521453900
968.680000000 8.400000000 49.974250793500
950.430000000 7.400000000 49.761516571000
968.430000000 9.800000000 49.710506439200
953.930000000 5.600000000 49.670234680200
961.930000000 7.200000000 49.407676696800
966.930000000 6.400000000 49.375305175800
953.180000000 10.000000000 49.348155975300
951.180000000 9.000000000 49.182052612300
965.680000000 6.400000000 49.121768951400
967.680000000 6.400000000 49.037670135500
968.180000000 6.000000000 49.026645660400
961.930000000 7.400000000 48.978363037100
968.680000000 8.600000000 48.966350555400
953.680000000 6.200000000 48.961227417000
967.430000000 6.400000000 48.927295684800
961.930000000 7.600000000 48.846366882300
968.680000000 6.000000000 48.820087432900
951.430000000 9.600000000 48.807548522900
967.930000000 6.200000000 48.805633544900
966.680000000 6.600000000 48.779293060300
953.430000000 6.600000000 48.755989074700
966.180000000 7.400000000 48.659748077400
961.180000000 9.600000000 48.554653167700
967.180000000 6.200000000 48.539508819600
961.930000000 7.800000000 48.496223449700
965.430000000 5.800000000 48.454624176000
962.180000000 8.400000000 48.448005676300
968.430000000 5.800000000 48.419551849400
968.430000000 10.000000000 48.382373809800
953.180000000 6.600000000 48.212993621800
966.430000000 7.000000000 48.145305633500
968.680000000 8.800000000 47.972415924100
965.930000000 7.000000000 47.873973846400
950.430000000 7.600000000 47.682216644300
952.680000000 5.800000000 47.576503753700
951.180000000 9.200000000 47.484935760500
966.930000000 6.200000000 47.466285705600
950.680000000 8.200000000 47.431320190400
968.680000000 5.800000000 47.409652710000
961.930000000 8.000000000 47.402908325200
967.430000000 6.200000000 47.236236572300
968.680000000 9.000000000 47.172603607200
952.930000000 6.200000000 46.842838287400
967.680000000 6.200000000 46.834774017300
950.930000000 8.600000000 46.817749023400
967.180000000 6.000000000 46.634876251200
968.180000000 5.800000000 46.634674072300
951.430000000 9.800000000 46.510135650600
967.930000000 6.000000000 46.358154296900
950.180000000 5.600000000 46.351730346700
968.430000000 5.600000000 46.347465515100
968.680000000 9.200000000 46.327030181900
961.680000000 8.600000000 46.300994873000
966.680000000 6.400000000 45.974266052200
968.680000000 5.600000000 45.945396423300
951.180000000 9.400000000 45.761787414600
966.180000000 7.200000000 45.584152221700
966.930000000 6.000000000 45.544048309300
968.680000000 9.400000000 45.385520935100
950.180000000 5.800000000 45.364498138400
950.430000000 7.800000000 45.361423492400
967.430000000 6.000000000 45.321117401100
961.930000000 8.200000000 45.232166290300
953.430000000 6.400000000 45.173118591300
966.430000000 6.800000000 44.988487243700
962.430000000 9.400000000 44.968643188500
962.180000000 8.600000000 44.942024231000
953.180000000 6.400000000 44.756721496600
953.680000000 6.000000000 44.653839111300
950.180000000 6.000000000 44.645069122300
967.180000000 5.800000000 44.581115722700
968.680000000 9.600000000 44.564636230500
967.680000000 6.000000000 44.559661865200
965.680000000 6.200000000 44.527683258100
965.430000000 5.600000000 44.509525299100
950.680000000 8.400000000 44.486179351800
961.430000000 9.200000000 44.426170349100
950.930000000 8.800000000 44.386287689200
968.180000000 5.600000000 44.273822784400
951.430000000 10.000000000 44.240238189700
950.180000000 6.200000000 44.084545135500
965.930000000 6.800000000 44.024379730200
951.180000000 9.600000000 43.975070953400
967.930000000 5.800000000 43.891441345200
952.680000000 5.600000000 43.722602844200
968.680000000 9.800000000 43.660690307600
950.180000000 6.400000000 43.559814453100
966.930000000 5.800000000 43.513526916500
966.680000000 6.200000000 43.334564209000
967.430000000 5.800000000 43.207839965800
950.180000000 6.600000000 43.009117126500
950.430000000 8.000000000 43.003089904800
952.930000000 6.000000000 42.978919982900
961.180000000 9.800000000 42.952369689900
950.930000000 9.000000000 42.908058166500
968.680000000 10.000000000 42.579826355000
967.180000000 5.600000000 42.430995941200
950.180000000 6.800000000 42.389610290500
966.180000000 7.000000000 42.334045410200
967.680000000 5.800000000 42.241237640400
951.180000000 9.800000000 42.108726501500
961.930000000 8.400000000 42.107936859100
966.430000000 6.600000000 41.915710449200
950.680000000 8.600000000 41.669700622600
950.930000000 9.200000000 41.585071563700
950.180000000 7.000000000 41.542499542200
967.930000000 5.600000000 41.474044799800
966.930000000 5.600000000 41.442417144800
948.930000000 6.400000000 41.386528015100
953.430000000 6.200000000 41.344524383500
948.930000000 6.600000000 41.270576477100
962.180000000 8.800000000 41.187911987300
948.930000000 6.200000000 41.158206939700
961.680000000 8.800000000 41.107662200900
953.180000000 6.200000000 41.064857482900
967.430000000 5.600000000 41.011878967300
966.680000000 6.000000000 40.860031127900
948.930000000 6.000000000 40.779823303200
948.930000000 6.800000000 40.777381897000
950.430000000 8.200000000 40.636203765900
950.180000000 7.200000000 40.597801208500
965.680000000 6.000000000 40.567268371600
953.680000000 5.800000000 40.534500122100
962.430000000 9.600000000 40.278026580800
950.930000000 9.400000000 40.249172210700
965.930000000 6.600000000 40.182502746600
951.180000000 10.000000000 40.140884399400
948.930000000 5.800000000 40.132266998300
967.680000000 5.600000000 39.944290161100
948.930000000 7.000000000 39.885574340800
950.180000000 7.400000000 39.426239013700
948.930000000 5.600000000 39.424854278600
952.930000000 5.800000000 39.311805725100
950.680000000 8.800000000 39.026344299300
966.180000000 6.800000000 39.026336669900
966.430000000 6.400000000 38.943222045900
950.930000000 9.600000000 38.791484832800
961.930000000 8.600000000 38.774497985800
961.430000000 9.400000000 38.758029937700
948.930000000 7.200000000 38.643802642800
966.680000000 5.800000000 38.524265289300
950.430000000 8.400000000 38.223403930700
961.180000000 10.000000000 38.092098236100
950.180000000 7.600000000 37.972789764400
953.430000000 6.000000000 37.545391082800
953.180000000 6.000000000 37.419872283900
948.930000000 7.400000000 37.313358306900
965.680000000 5.800000000 37.308757782000
950.930000000 9.800000000 37.201587677000
962.180000000 9.000000000 36.982154846200
953.680000000 5.600000000 36.699031829800
950.680000000 9.000000000 36.618839263900
965.930000000 6.400000000 36.561954498300
950.180000000 7.800000000 36.433712005600
966.680000000 5.600000000 36.297679901100
966.430000000 6.200000000 36.220344543500
962.430000000 9.800000000 36.197280883800
961.680000000 9.000000000 36.191406250000
949.180000000 6.400000000 36.189910888700
949.180000000 6.200000000 36.086303710900
949.180000000 6.600000000 36.039176940900
952.930000000 5.600000000 35.932407379200
950.430000000 8.600000000 35.836292266800
966.180000000 6.600000000 35.811729431200
949.180000000 6.000000000 35.729896545400
948.930000000 7.600000000 35.702625274700
950.930000000 10.000000000 35.579566955600
949.180000000 6.800000000 35.571701049800
950.680000000 9.200000000 35.341770172100
949.180000000 5.800000000 35.120971679700
961.930000000 8.800000000 34.838821411100
949.180000000 7.000000000 34.777755737300
965.680000000 5.600000000 34.757854461700
950.180000000 8.000000000 34.732501983600
949.180000000 5.600000000 34.313030242900
950.680000000 9.400000000 34.213859558100
949.930000000 5.600000000 34.143505096400
953.180000000 5.800000000 33.979404449500
953.430000000 5.800000000 33.934471130400
948.930000000 7.800000000 33.862510681200
961.430000000 9.600000000 33.773410797100
966.430000000 6.000000000 33.746517181400
949.180000000 7.200000000 33.674850463900
950.430000000 8.800000000 33.567722320600
965.930000000 6.200000000 33.323993682900
949.930000000 5.800000000 33.202232360800
950.680000000 9.600000000 32.972236633300
950.180000000 8.200000000 32.861568450900
966.180000000 6.400000000 32.817611694300
962.180000000 9.200000000 32.804958343500
962.430000000 10.000000000 32.682353973400
949.930000000 6.000000000 32.491374969500
949.180000000 7.400000000 32.285659790000
949.930000000 6.200000000 31.959053039600
948.930000000 8.000000000 31.921382904100
961.680000000 9.200000000 31.708951950100
950.680000000 9.800000000 31.659294128400
949.930000000 6.400000000 31.557779312100
966.430000000 5.800000000 31.500850677500
950.430000000 9.000000000 31.434032440200
949.930000000 6.600000000 31.219474792500
950.180000000 8.400000000 30.915487289400
949.430000000 6.200000000 30.901977539100
949.930000000 6.800000000 30.869409561200
953.180000000 5.600000000 30.789934158300
949.430000000 6.000000000 30.786277771000
949.430000000 6.400000000 30.756828308100
949.180000000 7.600000000 30.729326248200
961.930000000 9.000000000 30.725959777800
953.430000000 5.600000000 30.586021423300
965.930000000 6.000000000 30.577882766700
949.430000000 5.800000000 30.430898666400
949.930000000 7.000000000 30.424848556500
950.680000000 10.000000000 30.366777420000
949.430000000 6.600000000 30.333684921300
948.930000000 8.200000000 30.184686660800
966.180000000 6.200000000 30.150770187400
949.430000000 5.600000000 29.922609329200
949.930000000 7.200000000 29.812053680400
949.430000000 6.800000000 29.635635376000
966.430000000 5.600000000 29.491477966300
961.430000000 9.800000000 29.490343093900
950.430000000 9.200000000 29.479095459000
949.180000000 7.800000000 29.187892913800
962.180000000 9.400000000 29.173234939600
949.930000000 7.400000000 29.085002899200
950.180000000 8.600000000 29.064559936500
949.430000000 7.000000000 28.674760818500
965.930000000 5.800000000 28.439165115400
948.930000000 8.400000000 28.391595840500
949.930000000 7.600000000 28.200544357300
949.680000000 5.600000000 28.065668106100
949.680000000 5.800000000 27.986667633100
966.180000000 6.000000000 27.871145248400
949.680000000 6.000000000 27.839260101300
950.430000000 9.400000000 27.810964584400
949.430000000 7.200000000 27.633443832400
961.680000000 9.400000000 27.545684814500
949.180000000 8.000000000 27.526834487900
949.680000000 6.200000000 27.510488510100
950.180000000 8.800000000 27.232923507700
961.930000000 9.200000000 27.110153198200
949.680000000 6.400000000 27.079185485800
949.930000000 7.800000000 27.072496414200
965.930000000 5.600000000 26.860374450700
950.430000000 9.600000000 26.839250564600
961.430000000 10.000000000 26.819484710700
948.930000000 8.600000000 26.732702255200
949.680000000 6.600000000 26.428329467800
949.430000000 7.400000000 26.411838531500
966.180000000 5.800000000 26.042304992700
962.180000000 9.600000000 25.891452789300
949.180000000 8.200000000 25.783906936600
950.430000000 9.800000000 25.782510757400
949.930000000 8.000000000 25.771141052200
949.680000000 6.800000000 25.560211181600
950.180000000 9.000000000 25.507804870600
948.930000000 8.800000000 25.319427490200
949.430000000 7.600000000 25.045364379900
950.430000000 10.000000000 24.792114257800
949.680000000 7.000000000 24.646629333500
966.180000000 5.600000000 24.615114212000
949.930000000 8.200000000 24.452852249100
949.180000000 8.400000000 24.348274231000
950.180000000 9.200000000 24.046398162800
948.930000000 9.000000000 23.921495437600
961.680000000 9.600000000 23.848930358900
961.930000000 9.400000000 23.755445480300
949.680000000 7.200000000 23.587261200000
949.430000000 7.800000000 23.572626113900
962.180000000 9.800000000 23.086566925000
949.930000000 8.400000000 23.021366119400
950.180000000 9.400000000 22.957664489700
949.180000000 8.600000000 22.907995224000
948.930000000 9.200000000 22.553541183500
949.680000000 7.400000000 22.411020278900
949.430000000 8.000000000 22.226352691700
950.180000000 9.600000000 22.163200378400
949.180000000 8.800000000 21.693542480500
949.930000000 8.600000000 21.574407577500
950.180000000 9.800000000 21.461921691900
948.930000000 9.400000000 21.225660324100
949.680000000 7.600000000 21.175554275500
961.680000000 9.800000000 21.078914642300
949.430000000 8.200000000 20.897609710700
950.180000000 10.000000000 20.777217865000
962.180000000 10.000000000 20.772129058800
961.680000000 10.000000000 20.757492065400
961.930000000 9.600000000 20.756521225000
949.180000000 9.000000000 20.616651535000
949.930000000 8.800000000 20.206258773800
949.680000000 7.800000000 20.026029586800
948.930000000 9.600000000 19.950317382800
949.430000000 8.400000000 19.623046875000
949.180000000 9.200000000 19.552190780600
949.930000000 9.000000000 18.995969772300
949.680000000 8.000000000 18.853771209700
948.930000000 9.800000000 18.730022430400
949.930000000 9.200000000 18.611743927000
949.430000000 8.600000000 18.565299987800
949.180000000 9.400000000 18.498706817600
961.930000000 9.800000000 18.206222534200
949.930000000 9.400000000 18.137176513700
949.680000000 8.200000000 17.719886779800
948.930000000 10.000000000 17.577468872100
949.930000000 9.600000000 17.566471099900
949.430000000 8.800000000 17.522554397600
949.180000000 9.600000000 17.459920883200
949.930000000 9.800000000 16.956527710000
949.680000000 8.400000000 16.739517211900
949.430000000 9.000000000 16.723491668700
949.180000000 9.800000000 16.433113098100
949.930000000 10.000000000 16.380950927700
961.930000000 10.000000000 16.108446121200
949.430000000 9.200000000 15.936816215500
949.680000000 8.600000000 15.778197288500
949.180000000 10.000000000 15.427781105000
949.430000000 9.400000000 15.151551246600
949.680000000 8.800000000 14.998064994800
949.430000000 9.600000000 14.366955757100
949.680000000 9.200000000 14.328569412200
949.680000000 9.000000000 14.310439109800
949.680000000 9.400000000 14.291419029200
949.680000000 9.600000000 14.206484794600
949.680000000 9.800000000 14.091965675400
949.680000000 10.000000000 13.969304084800
949.430000000 9.800000000 13.576712608300
949.430000000 10.000000000 12.785572052000
