935.860000000 8.200000000 20.060455322300
936.110000000 8.200000000 19.364408493000
945.860000000 8.000000000 18.785287857100
935.610000000 8.200000000 18.510021209700
945.610000000 8.000000000 18.344182968100
935.860000000 8.400000000 18.065216064500
938.360000000 8.000000000 18.043626785300
935.860000000 8.000000000 17.849195480300
945.860000000 7.800000000 17.808124542200
946.110000000 8.000000000 17.785436630200
936.360000000 8.200000000 17.656105041500
945.360000000 8.000000000 17.605499267600
945.610000000 7.800000000 17.583368301400
938.610000000 8.000000000 17.501399993900
945.110000000 8.000000000 17.204750061000
936.110000000 8.000000000 17.114202499400
936.110000000 8.400000000 17.106647491500
935.610000000 8.400000000 17.099311828600
945.360000000 7.800000000 17.062894821200
938.110000000 8.000000000 16.944934845000
945.110000000 7.800000000 16.942268371600
944.860000000 7.800000000 16.903318405200
944.860000000 8.000000000 16.803165435800
936.860000000 8.200000000 16.771436691300
936.610000000 8.200000000 16.744491577100
937.110000000 8.000000000 16.580915451000
946.110000000 7.800000000 16.557428360000
935.610000000 8.000000000 16.507127761800
938.860000000 8.000000000 16.398260116600
945.610000000 8.200000000 16.370780944800
937.110000000 8.200000000 16.234146118200
945.860000000 8.200000000 16.187305450400
944.610000000 7.800000000 16.160221099900
945.360000000 8.200000000 16.133829116800
936.860000000 8.000000000 16.051088333100
938.610000000 7.800000000 16.028533935500
945.110000000 8.200000000 15.887026786800
939.110000000 8.000000000 15.859728813200
938.860000000 7.800000000 15.817914962800
939.360000000 8.000000000 15.712515831000
936.360000000 8.000000000 15.649538993800
939.110000000 7.800000000 15.567263603200
935.360000000 8.200000000 15.561401367200
944.610000000 8.000000000 15.551246643100
939.360000000 7.800000000 15.499591827400
944.860000000 8.200000000 15.464734077500
937.360000000 8.000000000 15.457536697400
936.360000000 8.400000000 15.233426094100
936.610000000 8.000000000 15.215017318700
938.360000000 7.800000000 15.143187522900
946.360000000 8.000000000 15.117648124700
946.110000000 8.200000000 15.063615799000
939.610000000 7.800000000 14.925014495800
937.860000000 8.000000000 14.910952568100
939.610000000 8.000000000 14.896828651400
944.360000000 7.800000000 14.808709144600
935.360000000 8.400000000 14.768139839200
938.110000000 8.200000000 14.681184768700
938.360000000 8.200000000 14.533995628400
937.360000000 8.200000000 14.456677436800
944.610000000 8.200000000 14.207638740500
937.610000000 8.000000000 14.165634155300
945.610000000 7.600000000 14.093393325800
945.860000000 7.600000000 13.914242744400
944.110000000 7.800000000 13.887347221400
945.610000000 8.400000000 13.812940597500
945.360000000 8.400000000 13.802482605000
935.360000000 8.000000000 13.779253006000
945.360000000 7.600000000 13.753842353800
946.360000000 7.800000000 13.728588104200
937.860000000 8.200000000 13.719095230100
936.610000000 8.400000000 13.655610084500
945.110000000 7.600000000 13.552712440500
945.110000000 8.400000000 13.473230361900
944.860000000 7.600000000 13.461556434600
939.860000000 7.800000000 13.449788093600
943.860000000 7.800000000 13.427927017200
944.360000000 8.000000000 13.391379356400
945.860000000 8.400000000 13.380892753600
943.860000000 7.600000000 13.341879844700
944.110000000 7.600000000 13.315519332900
938.610000000 8.200000000 13.295098304700
944.610000000 7.600000000 13.271852493300
931.610000000 5.400000000 13.266963958700
931.860000000 5.400000000 13.243157386800
937.610000000 8.200000000 13.216847419700
946.360000000 8.200000000 13.165919303900
944.360000000 7.600000000 13.158133506800
935.860000000 8.600000000 13.049521446200
939.860000000 8.000000000 13.000820159900
935.110000000 8.200000000 12.980777740500
935.610000000 8.600000000 12.934434890700
935.860000000 7.800000000 12.888430595400
938.110000000 7.800000000 12.808746337900
931.360000000 5.400000000 12.788976669300
938.860000000 7.600000000 12.774177551300
939.110000000 7.600000000 12.756348609900
932.110000000 5.400000000 12.707477569600
944.860000000 8.400000000 12.690228462200
939.360000000 7.600000000 12.567610740700
946.610000000 8.000000000 12.561541557300
935.110000000 8.400000000 12.546961784400
946.110000000 7.600000000 12.519872665400
943.610000000 7.600000000 12.415097236600
946.110000000 8.400000000 12.407768249500
931.860000000 5.600000000 12.335051536600
936.860000000 8.400000000 12.331295967100
938.610000000 7.600000000 12.302925109900
931.610000000 5.600000000 12.212835311900
935.610000000 7.800000000 12.210096359300
943.610000000 7.800000000 12.162238121000
931.110000000 5.400000000 12.124869346600
938.860000000 8.200000000 12.114447593700
936.110000000 7.800000000 12.060549736000
939.610000000 7.600000000 12.024446487400
944.360000000 8.200000000 11.951516151400
936.110000000 8.600000000 11.930274963400
932.360000000 5.400000000 11.875411987300
932.110000000 5.600000000 11.852951049800
940.110000000 7.800000000 11.815907478300
934.860000000 8.200000000 11.788879394500
946.610000000 8.200000000 11.721940040600
937.110000000 7.800000000 11.716176986700
935.360000000 8.600000000 11.714612007100
939.110000000 8.200000000 11.702192306500
944.110000000 8.000000000 11.677894592300
946.860000000 8.000000000 11.662824630700
934.610000000 8.200000000 11.637819290200
946.860000000 8.200000000 11.583647728000
931.360000000 5.600000000 11.578516006500
939.360000000 8.200000000 11.562652587900
934.360000000 8.400000000 11.527050972000
930.860000000 5.400000000 11.507577896100
935.110000000 8.000000000 11.495307922400
934.860000000 8.400000000 11.434132576000
946.860000000 8.400000000 11.433466911300
946.360000000 8.400000000 11.422943115200
934.610000000 8.400000000 11.406848907500
947.110000000 8.000000000 11.368664741500
947.110000000 8.200000000 11.364109039300
934.360000000 8.200000000 11.309610366800
944.610000000 8.400000000 11.234528541600
946.610000000 8.400000000 11.226317405700
940.610000000 7.800000000 11.201607704200
936.860000000 7.800000000 11.183468818700
943.860000000 8.000000000 11.101703643800
940.360000000 7.800000000 11.100071907000
940.110000000 8.000000000 11.091873168900
939.860000000 7.600000000 11.080587387100
932.360000000 5.600000000 11.006319999700
948.360000000 7.000000000 10.997871398900
946.610000000 7.800000000 10.979585647600
937.360000000 7.800000000 10.978201866100
943.860000000 7.400000000 10.943200111400
934.110000000 6.400000000 10.919724464400
930.610000000 5.400000000 10.901361465500
936.360000000 7.800000000 10.859620094300
932.610000000 5.400000000 10.844344139100
931.110000000 5.600000000 10.831706047100
938.360000000 7.600000000 10.803862571700
933.860000000 6.400000000 10.777002334600
931.860000000 5.800000000 10.765351295500
935.360000000 7.800000000 10.719072341900
939.610000000 8.200000000 10.716137886000
947.110000000 8.400000000 10.663567543000
934.110000000 8.400000000 10.630535125700
940.860000000 7.800000000 10.624100685100
934.860000000 8.000000000 10.615606308000
937.110000000 8.400000000 10.596894264200
944.110000000 7.400000000 10.592301368700
934.110000000 6.200000000 10.589902877800
943.610000000 7.400000000 10.588579177900
936.610000000 7.800000000 10.521081924400
934.610000000 8.000000000 10.511303901700
931.610000000 5.800000000 10.508514404300
934.360000000 6.400000000 10.491476059000
932.110000000 5.800000000 10.485069274900
937.860000000 7.800000000 10.433205604600
933.860000000 6.200000000 10.425864219700
940.610000000 8.000000000 10.383277893100
940.360000000 8.000000000 10.375585556000
945.860000000 7.400000000 10.370491027800
943.610000000 8.000000000 10.356729507400
948.360000000 7.200000000 10.354397773700
934.360000000 8.000000000 10.325441360500
934.110000000 8.200000000 10.320896148700
935.110000000 8.600000000 10.276990890500
945.610000000 7.400000000 10.262763023400
930.860000000 5.600000000 10.240690231300
946.360000000 7.600000000 10.239895820600
933.860000000 6.600000000 10.237808227500
940.110000000 7.600000000 10.227067947400
934.110000000 6.600000000 10.219325065600
948.360000000 6.800000000 10.204483985900
943.360000000 7.600000000 10.195179939300
936.360000000 8.600000000 10.165328025800
945.110000000 8.600000000 10.137325286900
940.610000000 7.600000000 10.128695488000
945.360000000 8.600000000 10.080996513400
930.360000000 5.400000000 10.079270362900
934.360000000 6.200000000 10.066926956200
932.860000000 5.400000000 10.038930892900
946.860000000 8.600000000 10.019206047100
934.610000000 6.400000000 10.008825302100
940.360000000 7.600000000 9.982073783900
933.610000000 6.400000000 9.971231460600
944.360000000 7.400000000 9.968494415300
934.360000000 6.600000000 9.964901924100
932.610000000 5.600000000 9.923207283000
934.360000000 8.600000000 9.917125701900
931.360000000 5.800000000 9.887554168700
937.610000000 7.800000000 9.872701644900
944.110000000 8.200000000 9.871175766000
946.860000000 5.400000000 9.864673614500
948.110000000 7.000000000 9.862976074200
933.610000000 6.600000000 9.804203987100
946.860000000 7.800000000 9.783778190600
947.360000000 8.000000000 9.781858444200
934.610000000 6.600000000 9.745447158800
934.110000000 8.600000000 9.740937233000
945.610000000 8.600000000 9.738899231000
932.360000000 5.800000000 9.729557991000
930.610000000 5.600000000 9.725031852700
940.860000000 7.600000000 9.705595016500
934.860000000 6.400000000 9.654128074600
947.110000000 7.800000000 9.640527725200
933.610000000 6.200000000 9.639531135600
945.360000000 7.400000000 9.634311676000
944.860000000 8.600000000 9.587041854900
935.110000000 7.800000000 9.578889846800
934.110000000 8.000000000 9.550016403200
947.110000000 5.400000000 9.532837867700
943.360000000 7.800000000 9.530273437500
946.110000000 7.400000000 9.510517120400
948.110000000 7.200000000 9.504451751700
934.610000000 8.600000000 9.473775863600
934.110000000 6.000000000 9.457611084000
933.860000000 6.000000000 9.449829101600
934.860000000 6.600000000 9.445140838600
934.860000000 8.600000000 9.444702148400
934.610000000 7.800000000 9.420875549300
947.110000000 8.600000000 9.405916214000
940.860000000 8.000000000 9.376625061000
944.610000000 7.400000000 9.327747345000
934.610000000 6.200000000 9.314057350200
946.610000000 8.600000000 9.291071891800
934.860000000 7.800000000 9.281590461700
946.610000000 5.400000000 9.273318290700
947.360000000 8.200000000 9.266541481000
931.110000000 5.800000000 9.234879493700
934.360000000 7.800000000 9.213621139500
945.860000000 8.600000000 9.210706710800
939.110000000 7.400000000 9.200603485100
944.360000000 8.400000000 9.189866066000
933.610000000 6.800000000 9.155646324200
943.360000000 7.400000000 9.151974678000
935.110000000 6.400000000 9.133982658400
933.110000000 5.400000000 9.122469902000
945.110000000 7.400000000 9.112404823300
933.360000000 6.600000000 9.082259178200
935.610000000 7.600000000 9.079185485800
939.860000000 8.200000000 9.076398849500
938.860000000 7.400000000 9.067708969100
933.360000000 6.800000000 9.055697441100
933.860000000 6.800000000 9.035692215000
930.110000000 5.400000000 9.007568359400
944.860000000 7.400000000 8.992227554300
947.360000000 7.800000000 8.988651275600
943.860000000 8.200000000 8.988619804400
932.860000000 5.600000000 8.987402916000
948.110000000 6.800000000 8.969513893100
933.360000000 6.400000000 8.969009399400
935.860000000 7.600000000 8.958106994600
939.360000000 7.400000000 8.943246841400
934.860000000 6.200000000 8.927549362200
930.360000000 5.600000000 8.917553901700
947.360000000 5.400000000 8.906970977800
937.360000000 8.400000000 8.889616012600
933.860000000 8.400000000 8.860907554600
934.110000000 6.800000000 8.852840423600
933.860000000 8.200000000 8.847853660600
934.360000000 6.000000000 8.843319892900
935.360000000 7.600000000 8.841021537800
948.360000000 7.400000000 8.827630996700
934.110000000 7.800000000 8.800648689300
932.110000000 6.000000000 8.779099464400
931.860000000 6.000000000 8.769396781900
930.860000000 5.800000000 8.767477035500
933.610000000 6.000000000 8.767363548300
935.110000000 6.600000000 8.737433433500
933.360000000 7.000000000 8.735837936400
934.360000000 6.800000000 8.717980384800
935.110000000 6.200000000 8.708505630500
946.110000000 8.600000000 8.675033569300
932.610000000 5.800000000 8.670658111600
933.110000000 7.000000000 8.655602455100
934.610000000 6.800000000 8.644901275600
945.110000000 8.800000000 8.638472557100
933.360000000 6.200000000 8.629521369900
933.860000000 8.000000000 8.571183204700
943.610000000 8.200000000 8.550407409700
933.110000000 6.800000000 8.542132377600
946.860000000 5.600000000 8.532317161600
946.360000000 8.600000000 8.531743049600
948.110000000 7.400000000 8.511207580600
938.110000000 8.400000000 8.510098457300
944.860000000 8.800000000 8.493322372400
939.610000000 7.400000000 8.481629371600
938.110000000 7.600000000 8.475502967800
938.610000000 7.400000000 8.466441154500
943.360000000 8.000000000 8.450508117700
943.860000000 7.200000000 8.428058624300
937.860000000 8.400000000 8.427137374900
930.610000000 5.800000000 8.427124977100
935.110000000 7.600000000 8.403230667100
930.110000000 5.600000000 8.392017364500
934.860000000 6.800000000 8.374826431300
931.610000000 6.000000000 8.374633789100
934.360000000 7.600000000 8.351494789100
933.110000000 6.600000000 8.344918251000
946.610000000 5.600000000 8.332477569600
934.610000000 7.600000000 8.301097869900
944.610000000 8.600000000 8.277270317100
947.860000000 7.200000000 8.273696899400
935.360000000 6.400000000 8.256375312800
941.110000000 7.800000000 8.242666244500
947.360000000 8.400000000 8.239849090600
933.860000000 8.600000000 8.230235099800
932.360000000 6.000000000 8.229677200300
946.610000000 7.600000000 8.228314399700
935.360000000 6.200000000 8.218843460100
937.610000000 8.400000000 8.218405723600
936.610000000 8.600000000 8.210716247600
947.860000000 7.000000000 8.208498001100
933.110000000 5.600000000 8.200977325400
933.110000000 6.400000000 8.189348220800
934.860000000 7.600000000 8.189177513100
945.360000000 8.800000000 8.176053047200
947.110000000 5.600000000 8.172746658300
943.610000000 7.200000000 8.153463363600
930.360000000 5.800000000 8.143280983000
929.860000000 5.400000000 8.138488769500
944.110000000 7.200000000 8.132910728500
946.360000000 5.400000000 8.131682395900
946.860000000 8.800000000 8.127370834400
933.610000000 7.000000000 8.123888969400
941.110000000 7.600000000 8.098610878000
934.610000000 6.000000000 8.085402488700
945.110000000 9.000000000 8.084143638600
933.860000000 5.800000000 8.079273223900
933.360000000 5.400000000 8.076946258500
936.110000000 7.600000000 8.059893608100
947.610000000 5.400000000 8.038955688500
947.860000000 7.400000000 8.025147438000
933.110000000 7.200000000 8.018206596400
934.110000000 7.600000000 8.009575843800
948.110000000 6.600000000 8.002139091500
933.860000000 7.800000000 7.990596771200
948.360000000 7.600000000 7.977402210200
939.860000000 7.400000000 7.973457813300
946.360000000 7.400000000 7.970716953300
935.610000000 8.800000000 7.946465015400
934.110000000 5.800000000 7.924534797700
940.610000000 7.400000000 7.900166511500
930.110000000 5.800000000 7.893670082100
948.360000000 6.600000000 7.883028030400
938.360000000 8.400000000 7.877888679500
944.860000000 9.000000000 7.870153427100
933.360000000 6.000000000 7.839498519900
931.360000000 6.000000000 7.837594032300
940.860000000 7.400000000 7.824228286700
932.860000000 5.800000000 7.788403511000
934.360000000 7.000000000 7.785520076800
933.110000000 6.200000000 7.783129215200
940.110000000 8.200000000 7.747032642400
932.860000000 7.000000000 7.740520477300
947.360000000 5.600000000 7.736314773600
935.110000000 6.000000000 7.734134674100
934.860000000 6.000000000 7.732347011600
933.360000000 7.200000000 7.726852417000
947.860000000 6.600000000 7.720502853400
946.610000000 8.800000000 7.718911647800
945.610000000 8.800000000 7.712460517900
934.110000000 7.000000000 7.704870700800
935.360000000 6.600000000 7.679339408900
934.610000000 7.000000000 7.653657436400
933.860000000 7.000000000 7.651350975000
935.110000000 6.800000000 7.648710727700
935.860000000 8.800000000 7.642946720100
935.360000000 8.800000000 7.639925479900
940.360000000 7.400000000 7.639504432700
932.860000000 6.800000000 7.631376266500
944.610000000 8.800000000 7.628870964100
940.110000000 7.400000000 7.616954326600
935.360000000 6.000000000 7.608251094800
936.360000000 9.800000000 7.604351997400
932.860000000 6.400000000 7.598506927500
933.610000000 5.800000000 7.596439361600
936.610000000 9.600000000 7.595064163200
932.860000000 6.600000000 7.594300270100
936.610000000 9.400000000 7.587991714500
940.610000000 8.200000000 7.567886829400
934.360000000 7.400000000 7.567698955500
945.360000000 9.000000000 7.551939487500
947.360000000 7.600000000 7.533101081800
936.360000000 9.600000000 7.503730297100
940.360000000 8.200000000 7.498715877500
936.610000000 9.800000000 7.493097305300
946.360000000 5.600000000 7.489208698300
932.610000000 6.000000000 7.486827850300
944.360000000 7.200000000 7.479843616500
929.860000000 5.600000000 7.476888179800
947.110000000 8.800000000 7.474761962900
947.860000000 6.800000000 7.474716663400
934.610000000 7.400000000 7.473240375500
948.360000000 5.400000000 7.472508430500
947.860000000 5.400000000 7.437777996100
933.360000000 5.600000000 7.404651165000
943.110000000 7.600000000 7.403430461900
947.610000000 7.600000000 7.380445003500
936.860000000 9.600000000 7.354314327200
936.360000000 9.400000000 7.350700855300
932.860000000 6.200000000 7.345634460400
935.360000000 7.400000000 7.344583034500
931.110000000 6.000000000 7.342552661900
938.360000000 7.400000000 7.334742069200
935.610000000 6.200000000 7.308073520700
947.110000000 7.600000000 7.305644035300
934.860000000 7.000000000 7.301550388300
930.360000000 6.000000000 7.300942897800
930.110000000 6.000000000 7.296817302700
932.860000000 7.200000000 7.296114444700
946.860000000 7.600000000 7.294285774200
934.360000000 5.800000000 7.292395591700
934.110000000 8.800000000 7.290744304700
944.110000000 8.400000000 7.284163951900
948.360000000 7.800000000 7.279711246500
934.360000000 7.200000000 7.278484344500
943.360000000 8.200000000 7.277621269200
929.860000000 5.800000000 7.274512291000
948.110000000 5.400000000 7.271163940400
932.110000000 6.200000000 7.266823291800
948.110000000 7.600000000 7.265456676500
947.610000000 7.800000000 7.258268833200
933.110000000 5.800000000 7.257262706800
933.860000000 7.600000000 7.250374317200
934.110000000 7.400000000 7.245655059800
945.860000000 7.200000000 7.240084648100
935.610000000 6.400000000 7.232785701800
934.860000000 7.400000000 7.229312896700
935.610000000 7.400000000 7.229253768900
934.610000000 7.200000000 7.208776474000
935.110000000 7.400000000 7.204708576200
947.610000000 7.400000000 7.200593948400
936.860000000 9.400000000 7.191072464000
947.360000000 8.600000000 7.185604095500
945.860000000 8.800000000 7.179260253900
933.110000000 6.000000000 7.177383422900
930.610000000 6.000000000 7.159084320100
933.610000000 8.200000000 7.156529903400
931.860000000 6.200000000 7.154533863100
936.860000000 9.800000000 7.145824909200
943.360000000 7.200000000 7.141702652000
932.610000000 6.200000000 7.127927780200
930.860000000 6.000000000 7.123992919900
932.360000000 6.200000000 7.119781971000
932.860000000 6.000000000 7.059159278900
946.360000000 8.800000000 7.054076671600
948.110000000 6.400000000 7.051905155200
948.360000000 6.400000000 7.047392845200
935.110000000 8.800000000 7.036881446800
933.610000000 8.000000000 7.018401145900
934.360000000 8.800000000 7.013560295100
936.360000000 7.600000000 7.008103847500
932.610000000 6.400000000 7.002029418900
944.610000000 9.000000000 7.000907421100
937.110000000 9.600000000 6.995197773000
947.610000000 5.600000000 6.988841056800
934.110000000 7.200000000 6.988014698000
943.110000000 7.400000000 6.984568595900
945.610000000 7.200000000 6.979189395900
935.610000000 6.000000000 6.951380729700
933.360000000 5.800000000 6.950184345200
938.360000000 6.400000000 6.925834178900
938.610000000 8.400000000 6.923508167300
937.360000000 9.600000000 6.912571430200
936.110000000 9.800000000 6.904563903800
939.110000000 7.200000000 6.896720886200
929.860000000 6.000000000 6.892446517900
938.860000000 7.200000000 6.892190456400
937.110000000 9.800000000 6.879330158200
947.860000000 7.600000000 6.871558666200
945.110000000 9.200000000 6.861808300000
934.860000000 7.200000000 6.857964992500
946.110000000 8.800000000 6.856018066400
932.610000000 6.600000000 6.849549770400
941.110000000 7.400000000 6.845487117800
933.610000000 7.200000000 6.844994068100
936.610000000 9.200000000 6.836732387500
946.110000000 5.400000000 6.829655647300
933.610000000 8.400000000 6.815997600600
946.110000000 7.200000000 6.815666198700
936.110000000 9.600000000 6.806892871900
948.360000000 5.600000000 6.792559146900
947.110000000 5.800000000 6.786745548200
947.610000000 7.200000000 6.771536350300
935.110000000 7.000000000 6.750253677400
946.860000000 5.800000000 6.742921352400
933.860000000 8.800000000 6.736408710500
932.610000000 7.000000000 6.736320495600
936.110000000 8.800000000 6.734960556000
947.610000000 6.600000000 6.732827186600
934.610000000 5.800000000 6.726441860200
944.860000000 9.200000000 6.724293708800
939.360000000 7.200000000 6.723210811600
937.110000000 9.400000000 6.718149662000
932.610000000 6.800000000 6.717643261000
947.610000000 8.000000000 6.713756084400
938.610000000 6.400000000 6.713249206500
935.860000000 6.400000000 6.708137035400
933.860000000 7.200000000 6.705552578000
933.860000000 5.600000000 6.704042911500
935.610000000 6.600000000 6.703909397100
947.610000000 6.800000000 6.703723430600
938.110000000 6.400000000 6.698190689100
936.360000000 10.000000000 6.696652412400
935.360000000 6.800000000 6.694386482200
929.610000000 5.400000000 6.689929008500
943.360000000 9.800000000 6.689036369300
947.360000000 5.800000000 6.677975654600
944.610000000 7.200000000 6.652443409000
935.860000000 7.400000000 6.650174140900
937.610000000 9.600000000 6.643740177200
941.110000000 8.000000000 6.643556594800
938.110000000 9.200000000 6.637993812600
935.860000000 6.200000000 6.629956245400
933.860000000 7.400000000 6.627870082900
936.860000000 9.200000000 6.627371788000
931.610000000 6.200000000 6.626142978700
946.110000000 5.600000000 6.614256382000
930.610000000 6.200000000 6.608644008600
934.610000000 8.800000000 6.601792812300
937.860000000 9.400000000 6.600480556500
938.110000000 9.400000000 6.599932193800
939.360000000 8.400000000 6.595397472400
937.360000000 9.400000000 6.595194816600
937.110000000 7.600000000 6.592560768100
934.860000000 8.800000000 6.590700149500
935.110000000 5.800000000 6.590054988900
935.360000000 5.800000000 6.585733890500
932.360000000 6.400000000 6.583840847000
937.860000000 9.200000000 6.582026004800
933.610000000 5.400000000 6.580484867100
947.860000000 6.400000000 6.576765060400
940.860000000 8.200000000 6.573060989400
930.360000000 6.200000000 6.568674564400
930.860000000 6.200000000 6.567095756500
933.610000000 7.800000000 6.565836429600
936.860000000 7.600000000 6.562521934500
930.110000000 6.200000000 6.554479122200
937.610000000 9.400000000 6.552383899700
944.360000000 8.600000000 6.539009094200
946.610000000 7.400000000 6.524627685500
933.610000000 5.600000000 6.521234035500
934.860000000 5.800000000 6.516339302100
946.610000000 5.800000000 6.512476921100
937.360000000 9.800000000 6.508347988100
938.610000000 7.200000000 6.507945537600
943.110000000 7.800000000 6.506816864000
939.110000000 8.400000000 6.502237319900
943.610000000 9.800000000 6.497171402000
936.610000000 7.600000000 6.495630741100
938.860000000 8.400000000 6.494040012400
948.360000000 8.000000000 6.486811161000
945.610000000 9.000000000 6.476338863400
936.110000000 6.400000000 6.472935199700
931.110000000 6.200000000 6.453385829900
937.860000000 7.600000000 6.449021816300
947.860000000 5.600000000 6.442378521000
945.860000000 5.400000000 6.436925888100
943.110000000 9.800000000 6.429173469500
938.360000000 6.200000000 6.426010131800
935.110000000 7.200000000 6.425580024700
934.110000000 5.600000000 6.419726371800
932.610000000 7.200000000 6.419452190400
947.610000000 7.000000000 6.415981769600
938.360000000 9.200000000 6.409861564600
948.110000000 5.600000000 6.409552574200
936.610000000 10.000000000 6.407588005100
945.360000000 9.200000000 6.391156196600
945.110000000 9.400000000 6.390233039900
936.110000000 9.400000000 6.370649337800
944.360000000 8.800000000 6.370447158800
948.110000000 7.800000000 6.369425296800
940.110000000 9.200000000 6.365043640100
939.610000000 7.200000000 6.360855102500
943.860000000 8.400000000 6.359883785200
933.110000000 7.400000000 6.357879161800
929.860000000 6.200000000 6.349927425400
937.610000000 9.200000000 6.343218803400
936.360000000 9.200000000 6.322804451000
938.110000000 6.200000000 6.321302413900
935.860000000 6.600000000 6.317066669500
929.610000000 5.800000000 6.316793441800
936.110000000 10.000000000 6.316595077500
931.110000000 7.200000000 6.312942981700
943.360000000 10.000000000 6.310451030700
931.360000000 6.200000000 6.309046268500
931.360000000 7.200000000 6.298523426100
932.110000000 6.400000000 6.290823459600
940.360000000 9.200000000 6.275040149700
941.860000000 5.600000000 6.274085521700
938.360000000 6.600000000 6.271855354300
933.610000000 8.600000000 6.253748893700
946.860000000 9.000000000 6.251712799100
947.360000000 7.400000000 6.248979568500
937.110000000 9.200000000 6.247121334100
936.860000000 8.600000000 6.241016387900
935.860000000 6.000000000 6.239912509900
943.610000000 8.400000000 6.239603042600
945.360000000 7.200000000 6.234395980800
936.360000000 6.400000000 6.222419738800
938.360000000 9.400000000 6.222242355300
939.610000000 8.400000000 6.219944477100
938.610000000 6.600000000 6.217469215400
943.360000000 9.600000000 6.209911823300
932.360000000 7.000000000 6.197865009300
941.610000000 5.600000000 6.196581840500
929.610000000 5.600000000 6.195723056800
932.360000000 6.600000000 6.190938949600
931.610000000 7.200000000 6.186052799200
938.610000000 6.200000000 6.180640697500
948.360000000 5.800000000 6.162123680100
929.610000000 6.000000000 6.151233673100
936.110000000 6.200000000 6.150950908700
937.360000000 9.200000000 6.149465084100
935.610000000 5.800000000 6.146801471700
937.360000000 7.600000000 6.145529270200
937.860000000 9.600000000 6.139674663500
944.860000000 9.400000000 6.135310649900
936.110000000 6.600000000 6.134167194400
931.860000000 6.400000000 6.133444309200
933.610000000 7.600000000 6.120771408100
940.110000000 9.400000000 6.116290569300
931.860000000 7.200000000 6.110835552200
938.860000000 6.400000000 6.107001781500
947.610000000 5.800000000 6.106343269300
945.860000000 5.600000000 6.092597961400
943.110000000 10.000000000 6.072589874300
942.110000000 5.600000000 6.072023868600
939.860000000 9.200000000 6.058537006400
945.360000000 5.600000000 6.056156158400
932.360000000 7.200000000 6.054680347400
937.860000000 6.400000000 6.053613662700
932.110000000 7.200000000 6.051835060100
935.360000000 7.000000000 6.050901413000
943.110000000 9.600000000 6.050449371300
935.360000000 7.200000000 6.037094116200
943.610000000 10.000000000 6.034508228300
933.360000000 7.400000000 6.027951240500
945.610000000 5.600000000 6.020178794900
932.110000000 7.000000000 6.012385368300
930.110000000 6.400000000 6.011806488000
946.360000000 5.800000000 6.009989738500
946.360000000 7.200000000 6.007753372200
940.360000000 9.000000000 5.997901439700
932.360000000 6.800000000 5.997119903600
939.860000000 9.400000000 5.995747566200
941.360000000 5.600000000 5.987710952800
938.110000000 6.600000000 5.972828388200
930.360000000 6.400000000 5.965148448900
945.360000000 9.400000000 5.961231231700
938.610000000 9.200000000 5.958453655200
935.610000000 6.800000000 5.956242084500
943.610000000 9.600000000 5.956233024600
933.610000000 7.400000000 5.949232578300
931.860000000 7.000000000 5.939860343900
938.110000000 9.600000000 5.937087535900
944.610000000 9.200000000 5.934737682300
931.360000000 7.000000000 5.933732032800
930.610000000 6.400000000 5.930954933200
944.860000000 7.200000000 5.928033351900
931.610000000 7.000000000 5.927299499500
936.860000000 10.000000000 5.918417453800
939.860000000 7.200000000 5.908924102800
943.110000000 8.000000000 5.887293338800
940.610000000 7.200000000 5.886656284300
937.610000000 9.800000000 5.885306835200
941.610000000 5.800000000 5.881989955900
932.860000000 7.400000000 5.880208015400
936.360000000 6.200000000 5.878526687600
934.360000000 5.600000000 5.875142574300
941.860000000 5.800000000 5.870525836900
940.110000000 9.000000000 5.863397598300
945.110000000 5.600000000 5.862351417500
946.610000000 9.000000000 5.858203887900
940.610000000 9.200000000 5.849908351900
930.860000000 7.200000000 5.848050594300
943.860000000 9.800000000 5.840768814100
931.610000000 6.400000000 5.840405941000
947.110000000 6.000000000 5.839028358500
940.360000000 9.400000000 5.838595390300
941.610000000 9.200000000 5.832638263700
941.860000000 9.200000000 5.831822872200
930.860000000 6.400000000 5.812679767600
940.610000000 5.600000000 5.810680389400
944.360000000 9.000000000 5.806700229600
941.110000000 5.600000000 5.804471492800
943.360000000 8.400000000 5.803967475900
945.610000000 5.400000000 5.799082756000
936.110000000 7.400000000 5.788437366500
941.860000000 5.400000000 5.785291671800
942.860000000 9.800000000 5.782999992400
931.110000000 7.000000000 5.781608104700
945.110000000 5.800000000 5.780694961500
936.360000000 6.600000000 5.775416374200
940.860000000 5.600000000 5.767108440400
948.110000000 5.800000000 5.757787704500
947.360000000 8.800000000 5.752978324900
937.860000000 6.200000000 5.751817703200
937.610000000 7.600000000 5.747220993000
947.110000000 9.000000000 5.731578350100
947.360000000 6.000000000 5.722764492000
945.110000000 7.200000000 5.722709178900
947.610000000 8.200000000 5.721717357600
940.610000000 9.000000000 5.721601486200
946.860000000 7.400000000 5.720165729500
941.360000000 5.800000000 5.717765331300
945.360000000 5.800000000 5.715167999300
931.110000000 6.400000000 5.714276790600
938.860000000 6.600000000 5.712214946700
929.610000000 6.200000000 5.711269378700
932.110000000 6.600000000 5.710838317900
940.360000000 7.200000000 5.698754787400
947.610000000 6.400000000 5.689184188800
947.860000000 5.800000000 5.687320709200
929.860000000 6.400000000 5.679012775400
938.110000000 7.400000000 5.678859710700
938.860000000 6.200000000 5.673745632200
936.610000000 6.400000000 5.673737525900
943.110000000 7.200000000 5.670558452600
941.610000000 5.400000000 5.659944534300
947.110000000 7.400000000 5.650629043600
935.610000000 7.200000000 5.650334358200
940.860000000 7.200000000 5.646299362200
940.360000000 5.600000000 5.641465663900
940.110000000 7.200000000 5.637569904300
931.360000000 6.400000000 5.636797905000
942.110000000 5.400000000 5.632102966300
942.860000000 10.000000000 5.608554840100
944.860000000 5.800000000 5.593091487900
936.110000000 6.000000000 5.586718082400
935.860000000 5.800000000 5.572857379900
938.610000000 9.400000000 5.571793079400
941.860000000 9.000000000 5.564690113100
932.110000000 6.800000000 5.564261913300
939.610000000 9.200000000 5.562679767600
942.110000000 5.800000000 5.562503814700
941.360000000 7.600000000 5.553874969500
939.610000000 9.400000000 5.547082901000
945.110000000 9.600000000 5.537999630000
941.110000000 5.800000000 5.537155628200
933.860000000 5.400000000 5.522469997400
942.860000000 9.600000000 5.521615505200
931.110000000 7.400000000 5.520505905200
945.610000000 9.200000000 5.516742229500
934.610000000 5.600000000 5.503957271600
936.610000000 6.200000000 5.502667903900
931.860000000 6.600000000 5.500970363600
938.360000000 9.600000000 5.496921539300
935.860000000 9.800000000 5.493784904500
937.110000000 10.000000000 5.492382049600
946.860000000 6.000000000 5.486680984500
940.610000000 5.400000000 5.477331161500
938.860000000 9.200000000 5.476111412000
946.110000000 5.800000000 5.474706172900
935.110000000 5.600000000 5.473410129500
931.360000000 7.400000000 5.473268985700
945.610000000 5.800000000 5.471462726600
935.860000000 9.600000000 5.471168994900
940.860000000 5.800000000 5.466310501100
947.360000000 7.200000000 5.461522102400
935.860000000 6.800000000 5.459868907900
940.610000000 5.800000000 5.452328205100
941.610000000 9.000000000 5.450528144800
941.360000000 9.200000000 5.445527076700
944.860000000 9.600000000 5.440190315200
942.360000000 5.600000000 5.436971664400
938.360000000 7.200000000 5.425539016700
934.860000000 5.600000000 5.424705982200
940.360000000 5.400000000 5.423983573900
939.860000000 9.000000000 5.420995235400
941.360000000 5.400000000 5.414223194100
945.860000000 9.000000000 5.411484241500
931.860000000 6.800000000 5.409830570200
939.860000000 8.400000000 5.407926559400
944.860000000 5.600000000 5.392120838200
935.360000000 5.600000000 5.388738155400
931.610000000 7.400000000 5.382742404900
940.860000000 9.200000000 5.377396583600
947.860000000 7.800000000 5.377046108200
944.610000000 9.400000000 5.375240325900
929.360000000 5.800000000 5.371856689500
936.360000000 8.800000000 5.359995365100
936.610000000 9.000000000 5.357419967700
937.860000000 6.600000000 5.357069969200
943.860000000 10.000000000 5.350397110000
929.360000000 5.600000000 5.343600273100
943.860000000 7.000000000 5.327986717200
942.860000000 7.600000000 5.323165893600
940.610000000 9.400000000 5.317565441100
935.610000000 7.000000000 5.315173625900
931.610000000 6.600000000 5.314582347900
929.360000000 5.400000000 5.308928012800
940.860000000 5.400000000 5.305585861200
948.110000000 6.200000000 5.305349826800
945.860000000 5.800000000 5.305328369100
935.860000000 10.000000000 5.301946640000
933.610000000 8.800000000 5.301249027300
943.860000000 9.600000000 5.298664569900
947.610000000 6.000000000 5.294238090500
930.110000000 6.600000000 5.287282943700
931.610000000 6.800000000 5.284275531800
938.360000000 9.000000000 5.269374370600
931.860000000 7.400000000 5.268417358400
948.360000000 6.200000000 5.266557693500
948.110000000 8.000000000 5.264502048500
929.360000000 6.000000000 5.263850212100
938.110000000 9.000000000 5.263522625000
936.860000000 9.000000000 5.261352062200
948.360000000 8.200000000 5.261281967200
937.860000000 9.800000000 5.259386062600
940.360000000 5.800000000 5.255310058600
939.110000000 6.400000000 5.254373550400
941.110000000 5.400000000 5.249587059000
930.860000000 7.400000000 5.249204158800
948.360000000 6.000000000 5.241034030900
946.610000000 7.200000000 5.233057975800
933.360000000 8.200000000 5.232046604200
932.610000000 7.400000000 5.231621265400
938.360000000 6.000000000 5.228863716100
940.860000000 9.000000000 5.225123882300
929.610000000 6.400000000 5.221696853600
942.110000000 9.000000000 5.215349674200
936.360000000 6.000000000 5.210339069400
931.360000000 6.600000000 5.207090377800
947.360000000 6.600000000 5.203794002500
937.860000000 9.000000000 5.202967643700
938.110000000 6.000000000 5.202155113200
941.110000000 9.200000000 5.199963092800
939.360000000 9.200000000 5.198706626900
942.860000000 7.400000000 5.194321632400
943.610000000 7.000000000 5.193549633000
947.360000000 6.800000000 5.184239864300
944.610000000 5.800000000 5.182435035700
942.610000000 9.800000000 5.182355403900
937.610000000 6.400000000 5.179661274000
945.360000000 9.600000000 5.178051948500
939.110000000 9.200000000 5.172656536100
945.360000000 5.400000000 5.170137882200
930.860000000 7.000000000 5.162605285600
944.110000000 7.000000000 5.162028789500
936.110000000 9.200000000 5.156197071100
942.610000000 10.000000000 5.142723083500
930.360000000 6.600000000 5.139609813700
934.110000000 5.400000000 5.132808208500
941.860000000 8.800000000 5.129083156600
941.360000000 7.400000000 5.122785568200
946.360000000 9.000000000 5.116184234600
931.110000000 6.600000000 5.114776611300
946.860000000 10.000000000 5.104614734600
943.110000000 8.200000000 5.094530105600
932.110000000 7.400000000 5.093819141400
947.610000000 8.400000000 5.091578006700
942.110000000 9.200000000 5.089822769200
944.110000000 8.800000000 5.087055206300
936.610000000 6.600000000 5.082325458500
941.610000000 9.400000000 5.079889297500
929.860000000 6.600000000 5.077805042300
931.360000000 6.800000000 5.075546264600
945.610000000 9.400000000 5.067827224700
942.360000000 5.400000000 5.067191124000
933.360000000 8.400000000 5.066473960900
936.110000000 6.800000000 5.063384056100
930.860000000 6.600000000 5.062723159800
943.360000000 9.400000000 5.058757305100
944.110000000 8.600000000 5.057907581300
939.360000000 9.400000000 5.052636146500
941.360000000 9.000000000 5.051442623100
933.360000000 8.000000000 5.050729751600
947.110000000 10.000000000 5.042838096600
947.860000000 6.200000000 5.039584159900
935.860000000 9.400000000 5.037591457400
935.610000000 5.600000000 5.035173416100
947.110000000 6.200000000 5.030464649200
942.110000000 8.800000000 5.024049758900
935.860000000 7.200000000 5.022311210600
938.610000000 9.000000000 5.017318725600
930.610000000 6.600000000 5.011465072600
938.610000000 6.000000000 5.006189823200
944.860000000 6.000000000 5.004780292500
929.360000000 6.200000000 5.004129409800
937.360000000 10.000000000 5.002230644200
941.360000000 7.800000000 5.002072334300
938.860000000 9.400000000 4.997250556900
936.110000000 5.800000000 4.994768142700
940.110000000 5.600000000 4.990419864700
932.360000000 7.400000000 4.985480308500
947.360000000 7.000000000 4.962150573700
945.110000000 6.000000000 4.956766605400
937.610000000 6.200000000 4.939975261700
937.110000000 9.000000000 4.933417797100
936.860000000 6.400000000 4.924794673900
937.610000000 9.000000000 4.924402236900
936.360000000 7.400000000 4.915545463600
941.110000000 9.000000000 4.914575576800
942.610000000 9.600000000 4.911231041000
947.860000000 6.000000000 4.909533023800
936.610000000 6.000000000 4.905578613300
944.360000000 9.200000000 4.901905059800
936.860000000 6.200000000 4.897192955000
946.110000000 9.000000000 4.895377636000
940.610000000 8.400000000 4.893743991900
939.610000000 9.000000000 4.890684127800
940.110000000 5.400000000 4.886210441600
943.110000000 9.400000000 4.886003971100
941.360000000 9.400000000 4.885425090800
939.110000000 7.000000000 4.883763790100
948.110000000 6.000000000 4.883677959400
938.110000000 9.800000000 4.878117561300
936.360000000 9.000000000 4.875236988100
938.860000000 7.000000000 4.873277664200
938.610000000 6.800000000 4.865496158600
939.110000000 6.200000000 4.865074634600
944.110000000 9.800000000 4.860715389300
944.610000000 6.000000000 4.852655887600
941.860000000 9.600000000 4.848216056800
942.360000000 5.800000000 4.847962379500
944.610000000 9.600000000 4.846768379200
940.860000000 9.400000000 4.835547447200
947.360000000 6.200000000 4.834591865500
943.610000000 9.400000000 4.825600147200
940.110000000 8.400000000 4.824706554400
944.360000000 7.000000000 4.821161270100
945.110000000 5.400000000 4.818929672200
940.360000000 8.400000000 4.813161373100
946.610000000 10.000000000 4.810864448500
938.360000000 6.800000000 4.809239864300
939.110000000 9.400000000 4.808663845100
939.110000000 6.600000000 4.808660984000
937.860000000 6.000000000 4.806305408500
933.360000000 7.800000000 4.806212425200
947.110000000 7.200000000 4.803533077200
941.110000000 7.200000000 4.794605255100
941.860000000 9.400000000 4.786876678500
944.610000000 5.600000000 4.786799907700
933.360000000 7.600000000 4.778323650400
941.610000000 8.800000000 4.774399280500
946.860000000 7.200000000 4.773461341900
942.860000000 9.400000000 4.769680023200
942.360000000 9.800000000 4.753259658800
931.110000000 6.800000000 4.749790668500
937.360000000 9.000000000 4.745547294600
946.610000000 6.000000000 4.744716167400
929.110000000 5.400000000 4.739529132800
946.610000000 9.200000000 4.731953144100
941.610000000 9.600000000 4.730656623800
941.610000000 6.000000000 4.729080200200
938.610000000 9.600000000 4.719901084900
941.360000000 10.000000000 4.719060421000
938.860000000 9.000000000 4.707462787600
929.610000000 6.600000000 4.707424163800
939.860000000 9.600000000 4.703632354700
945.360000000 6.000000000 4.696781635300
942.110000000 9.600000000 4.695724010500
939.360000000 7.000000000 4.688792705500
941.110000000 9.400000000 4.684788703900
946.860000000 9.200000000 4.680552959400
937.110000000 8.600000000 4.678291320800
944.110000000 9.000000000 4.675251007100
943.360000000 7.000000000 4.670553207400
934.360000000 5.400000000 4.667391777000
940.360000000 8.800000000 4.655163288100
945.860000000 9.200000000 4.653957843800
935.860000000 5.600000000 4.652683734900
941.360000000 6.000000000 4.649734497100
940.110000000 9.600000000 4.647987842600
938.860000000 6.000000000 4.643791675600
940.110000000 5.800000000 4.639976024600
941.860000000 6.000000000 4.638909339900
944.360000000 9.400000000 4.630455970800
941.110000000 8.200000000 4.628125190700
929.110000000 5.600000000 4.627190589900
947.110000000 7.000000000 4.626396656000
946.110000000 7.000000000 4.621445179000
946.860000000 6.200000000 4.617543697400
942.360000000 9.600000000 4.613438129400
935.860000000 7.000000000 4.606447219800
929.360000000 6.400000000 4.603341102600
940.610000000 8.800000000 4.603179931600
946.860000000 7.000000000 4.603124141700
942.110000000 9.800000000 4.598462104800
944.360000000 5.800000000 4.589137554200
941.860000000 9.800000000 4.588703155500
947.360000000 10.000000000 4.586467742900
943.860000000 9.400000000 4.585733890500
936.360000000 5.800000000 4.579302787800
937.610000000 6.600000000 4.578886032100
943.360000000 9.200000000 4.573479175600
945.110000000 9.800000000 4.571699619300
941.110000000 10.000000000 4.571496009800
947.360000000 6.400000000 4.570998668700
942.610000000 7.600000000 4.567312240600
938.360000000 9.800000000 4.560797691300
930.860000000 6.800000000 4.558752059900
933.860000000 9.000000000 4.555724620800
944.860000000 9.800000000 4.547889232600
929.110000000 5.800000000 4.538161277800
943.110000000 9.200000000 4.535143375400
947.610000000 8.600000000 4.533887386300
936.360000000 6.800000000 4.532078266100
930.610000000 7.200000000 4.529604435000
942.610000000 9.400000000 4.527914524100
944.110000000 10.000000000 4.523776054400
946.610000000 7.000000000 4.520568847700
941.110000000 6.000000000 4.518756389600
938.860000000 6.800000000 4.510896682700
937.360000000 6.400000000 4.507559776300
934.110000000 9.000000000 4.503787040700
948.110000000 8.200000000 4.503633976000
943.610000000 9.200000000 4.498473644300
935.110000000 5.400000000 4.495946407300
934.860000000 5.400000000 4.494839668300
941.610000000 9.800000000 4.493295669600
939.360000000 9.000000000 4.482672214500
947.860000000 8.000000000 4.475494384800
936.860000000 6.000000000 4.475492000600
946.360000000 9.200000000 4.474768638600
944.360000000 6.000000000 4.472925663000
942.360000000 7.600000000 4.472576618200
933.360000000 8.600000000 4.470947265600
946.360000000 7.000000000 4.469467163100
945.860000000 7.000000000 4.464859008800
934.610000000 5.400000000 4.464463233900
938.110000000 6.800000000 4.459175586700
940.860000000 6.000000000 4.456413745900
942.860000000 7.200000000 4.455709934200
942.610000000 7.400000000 4.449013710000
947.610000000 6.200000000 4.448628425600
940.610000000 6.000000000 4.445677757300
939.610000000 7.000000000 4.438765525800
938.610000000 7.000000000 4.435552597000
942.360000000 9.000000000 4.423327922800
939.110000000 9.000000000 4.419689178500
937.110000000 6.400000000 4.416279315900
942.860000000 7.800000000 4.415402889300
939.610000000 9.600000000 4.415326595300
942.360000000 10.000000000 4.405024051700
942.360000000 8.800000000 4.396565437300
944.110000000 9.200000000 4.395738124800
947.360000000 9.000000000 4.392200946800
929.110000000 6.000000000 4.389608383200
937.110000000 6.200000000 4.385563373600
943.110000000 8.400000000 4.384270668000
942.860000000 9.200000000 4.377639770500
937.360000000 6.200000000 4.374738216400
942.610000000 5.600000000 4.372914314300
940.860000000 8.400000000 4.372242450700
935.610000000 9.800000000 4.363068103800
946.360000000 10.000000000 4.356544494600
940.110000000 8.800000000 4.353813171400
943.860000000 9.200000000 4.350119590800
943.860000000 8.600000000 4.347961425800
946.110000000 9.200000000 4.337633609800
944.860000000 5.400000000 4.337529659300
941.360000000 8.800000000 4.333398342100
946.860000000 9.800000000 4.327283382400
933.110000000 7.600000000 4.327015399900
940.860000000 8.800000000 4.326888561200
936.110000000 5.600000000 4.326589107500
935.610000000 10.000000000 4.325986385300
944.110000000 9.400000000 4.321809291800
936.860000000 6.600000000 4.320457458500
944.110000000 9.600000000 4.319353580500
937.610000000 10.000000000 4.319331169100
945.610000000 9.600000000 4.318504333500
941.610000000 10.000000000 4.315823078200
943.610000000 8.600000000 4.303508281700
940.360000000 6.000000000 4.300771236400
941.360000000 9.600000000 4.289893627200
935.360000000 5.400000000 4.289769649500
942.110000000 6.000000000 4.287159919700
947.110000000 9.800000000 4.285811424300
940.360000000 9.600000000 4.284571647600
936.110000000 7.200000000 4.279749393500
945.610000000 6.000000000 4.274065971400
930.610000000 7.400000000 4.271241664900
936.610000000 5.800000000 4.268447876000
940.610000000 7.000000000 4.267705917400
942.360000000 7.400000000 4.265847683000
929.860000000 6.800000000 4.263540267900
939.360000000 6.400000000 4.262209892300
944.360000000 5.400000000 4.249778747600
947.110000000 9.200000000 4.248179435700
937.610000000 6.000000000 4.247765541100
928.860000000 5.400000000 4.245127201100
930.610000000 6.800000000 4.240221023600
936.610000000 7.400000000 4.238760471300
942.110000000 9.400000000 4.234069347400
930.110000000 6.800000000 4.233212947800
943.360000000 8.600000000 4.230446338700
945.860000000 9.400000000 4.229638576500
939.860000000 7.000000000 4.220315933200
944.110000000 5.400000000 4.215904235800
935.610000000 9.600000000 4.204831600200
944.610000000 7.000000000 4.198418617200
944.360000000 9.600000000 4.185785293600
934.360000000 9.000000000 4.181697368600
940.360000000 7.000000000 4.172889709500
929.110000000 6.200000000 4.171370029400
941.110000000 8.800000000 4.156735897100
939.360000000 10.000000000 4.154582500500
944.360000000 5.600000000 4.150274276700
940.860000000 7.000000000 4.149155139900
941.360000000 9.800000000 4.141895771000
944.610000000 9.800000000 4.121591568000
940.110000000 7.000000000 4.119327545200
948.360000000 8.400000000 4.113620281200
929.360000000 6.600000000 4.113276481600
946.610000000 9.800000000 4.105821132700
933.610000000 9.000000000 4.099741935700
942.610000000 5.400000000 4.099322319000
946.360000000 6.000000000 4.097956657400
942.110000000 10.000000000 4.092618465400
943.860000000 8.800000000 4.085146904000
929.610000000 6.800000000 4.079393863700
939.110000000 6.000000000 4.072394847900
942.360000000 9.400000000 4.067726612100
928.860000000 5.600000000 4.065017700200
936.360000000 5.600000000 4.052071094500
937.110000000 6.000000000 4.050629138900
935.360000000 9.000000000 4.049263000500
946.860000000 9.400000000 4.048156738300
935.110000000 10.000000000 4.045005321500
945.360000000 9.800000000 4.040841102600
932.860000000 7.600000000 4.027341365800
941.860000000 10.000000000 4.023960113500
939.860000000 5.400000000 4.016271591200
928.860000000 5.800000000 4.016026496900
942.610000000 9.200000000 4.012204170200
942.110000000 7.600000000 4.009045124100
935.860000000 9.200000000 4.006099224100
937.860000000 7.400000000 4.000558853100
935.360000000 10.000000000 3.998771190600
946.610000000 9.400000000 3.992150783500
944.610000000 5.400000000 3.982326269100
930.360000000 6.800000000 3.981202840800
943.360000000 9.000000000 3.980909824400
935.110000000 9.000000000 3.979595899600
939.360000000 9.600000000 3.975938320200
939.110000000 10.000000000 3.967466116000
939.610000000 10.000000000 3.962549686400
937.360000000 6.600000000 3.962528705600
939.360000000 6.200000000 3.960103750200
936.860000000 7.400000000 3.956661701200
936.860000000 5.800000000 3.955798864400
947.110000000 9.400000000 3.954124927500
931.360000000 7.600000000 3.951512813600
935.610000000 9.000000000 3.950736522700
939.360000000 6.600000000 3.949854373900
947.360000000 9.800000000 3.949023723600
944.860000000 10.000000000 3.945652723300
943.110000000 6.000000000 3.944540023800
944.610000000 6.200000000 3.944113016100
944.360000000 6.200000000 3.942476749400
937.610000000 6.800000000 3.941724538800
931.110000000 7.600000000 3.938801527000
942.110000000 8.600000000 3.936417818100
944.360000000 9.800000000 3.933656692500
939.860000000 5.600000000 3.933133840600
944.110000000 6.000000000 3.933065652800
943.110000000 9.000000000 3.932028293600
938.610000000 9.800000000 3.931040287000
928.610000000 5.400000000 3.928876638400
937.360000000 6.000000000 3.928841829300
935.610000000 5.400000000 3.928692579300
937.860000000 6.800000000 3.925445795100
943.860000000 9.000000000 3.925311088600
944.110000000 5.800000000 3.924703121200
938.110000000 5.800000000 3.919750690500
934.610000000 9.000000000 3.919398307800
938.360000000 5.800000000 3.918269395800
936.110000000 7.000000000 3.918159008000
942.610000000 7.200000000 3.918123960500
945.610000000 7.000000000 3.917661905300
933.360000000 8.800000000 3.917441844900
944.860000000 6.200000000 3.914794683500
939.110000000 6.800000000 3.910523414600
943.610000000 9.000000000 3.910179138200
931.610000000 7.600000000 3.904796361900
945.860000000 6.000000000 3.901647329300
937.360000000 8.600000000 3.898601293600
942.360000000 9.200000000 3.890913724900
947.110000000 6.800000000 3.886860847500
947.110000000 6.400000000 3.885142564800
945.110000000 10.000000000 3.884431362200
938.360000000 8.800000000 3.884143352500
938.110000000 8.800000000 3.883251428600
937.860000000 8.600000000 3.880106449100
934.860000000 9.000000000 3.876922130600
929.110000000 6.400000000 3.875300884200
930.610000000 7.000000000 3.875202655800
942.110000000 7.400000000 3.873904228200
947.610000000 10.000000000 3.873094797100
946.110000000 6.000000000 3.864646673200
946.360000000 9.400000000 3.864632368100
938.860000000 9.600000000 3.862453699100
940.360000000 6.400000000 3.861936092400
928.860000000 6.000000000 3.856385946300
940.110000000 6.400000000 3.852429151500
936.110000000 9.000000000 3.850456237800
937.110000000 6.600000000 3.850240230600
947.860000000 10.000000000 3.849663972900
938.110000000 8.600000000 3.849597930900
928.610000000 5.800000000 3.848126411400
939.860000000 8.800000000 3.836249828300
940.110000000 6.000000000 3.832506179800
946.110000000 9.400000000 3.830759286900
938.110000000 7.200000000 3.829200267800
944.110000000 5.600000000 3.824452161800
946.860000000 6.400000000 3.823821067800
940.860000000 10.000000000 3.823743581800
936.610000000 6.800000000 3.822942495300
947.110000000 9.600000000 3.818680286400
948.110000000 10.000000000 3.816507101100
941.860000000 8.600000000 3.815794467900
940.610000000 9.600000000 3.812077760700
943.110000000 7.000000000 3.808879375500
938.610000000 8.800000000 3.808594465300
944.360000000 10.000000000 3.808045148800
946.610000000 6.200000000 3.808037996300
946.860000000 6.800000000 3.806042909600
941.360000000 7.200000000 3.805477857600
945.110000000 6.200000000 3.798286199600
943.110000000 6.200000000 3.796658515900
947.610000000 8.800000000 3.796633958800
936.610000000 5.600000000 3.788823127700
938.610000000 5.800000000 3.787284612700
928.610000000 5.600000000 3.785447835900
937.860000000 8.800000000 3.781522750900
946.110000000 10.000000000 3.779388189300
931.860000000 7.600000000 3.779159307500
942.360000000 7.200000000 3.778036356000
947.110000000 6.600000000 3.777513265600
943.110000000 5.800000000 3.777435302700
942.610000000 5.800000000 3.775902986500
942.360000000 8.600000000 3.773808002500
946.610000000 6.800000000 3.772768497500
942.860000000 6.000000000 3.772680282600
946.860000000 9.600000000 3.766790628400
935.610000000 9.400000000 3.766083478900
943.360000000 6.000000000 3.757961988400
937.860000000 5.800000000 3.756498575200
942.860000000 8.000000000 3.756343841600
930.860000000 7.600000000 3.752491951000
937.610000000 8.600000000 3.750534296000
947.860000000 9.800000000 3.743295192700
948.360000000 10.000000000 3.741061449100
936.610000000 8.800000000 3.738173723200
943.110000000 6.800000000 3.727068424200
943.110000000 8.600000000 3.722542047500
943.860000000 5.400000000 3.722080469100
943.110000000 6.400000000 3.720302820200
941.110000000 9.600000000 3.717710495000
942.860000000 9.000000000 3.715278863900
939.360000000 9.800000000 3.711188077900
928.610000000 6.000000000 3.710047483400
948.110000000 9.800000000 3.705332994500
944.610000000 10.000000000 3.703432798400
943.110000000 6.600000000 3.702412128400
940.110000000 6.600000000 3.698751211200
944.110000000 6.200000000 3.694583892800
942.860000000 6.200000000 3.693322658500
947.860000000 8.200000000 3.690646648400
941.610000000 7.400000000 3.688458919500
947.610000000 9.800000000 3.686493158300
939.110000000 9.800000000 3.671749115000
935.860000000 9.000000000 3.664158344300
939.110000000 9.600000000 3.661576271100
934.860000000 10.000000000 3.660005092600
935.110000000 9.800000000 3.659643650100
947.360000000 9.600000000 3.655238866800
937.110000000 5.800000000 3.649735212300
946.360000000 6.800000000 3.648748874700
938.860000000 8.800000000 3.646391391800
935.860000000 5.400000000 3.643763780600
946.360000000 9.800000000 3.639384746600
936.860000000 8.800000000 3.629938602400
941.360000000 8.000000000 3.628112316100
932.610000000 7.600000000 3.627120971700
939.860000000 5.800000000 3.623892307300
937.110000000 7.400000000 3.623182773600
937.860000000 10.000000000 3.622417688400
928.860000000 6.200000000 3.617620945000
939.610000000 6.400000000 3.615561962100
943.360000000 5.800000000 3.614993333800
942.860000000 7.000000000 3.613372325900
938.860000000 10.000000000 3.609010934800
935.360000000 9.800000000 3.607790947000
942.360000000 6.000000000 3.604644298600
943.360000000 6.800000000 3.598417282100
943.360000000 6.600000000 3.597857475300
942.610000000 6.000000000 3.593454361000
947.360000000 9.400000000 3.591598272300
942.860000000 6.400000000 3.591167450000
940.360000000 6.200000000 3.587946891800
942.610000000 8.800000000 3.587132453900
937.610000000 8.800000000 3.582447767300
942.860000000 5.800000000 3.580702304800
948.110000000 8.400000000 3.580295085900
932.110000000 7.600000000 3.576871871900
929.360000000 6.800000000 3.568471670200
943.610000000 8.800000000 3.568232536300
942.610000000 9.000000000 3.566947221800
933.110000000 8.400000000 3.566743612300
939.860000000 6.600000000 3.566347360600
947.360000000 9.200000000 3.565578460700
942.610000000 7.800000000 3.563681125600
939.860000000 6.400000000 3.560089349700
936.110000000 5.400000000 3.552979707700
948.360000000 9.800000000 3.552875280400
938.360000000 8.600000000 3.552690744400
942.860000000 6.800000000 3.547932148000
941.110000000 9.800000000 3.546929597900
936.360000000 7.200000000 3.545450449000
943.360000000 6.200000000 3.545068025600
941.110000000 7.000000000 3.544620275500
938.860000000 5.800000000 3.543419361100
942.860000000 6.600000000 3.542059421500
937.610000000 5.800000000 3.539883852000
943.360000000 6.400000000 3.537764310800
936.360000000 5.400000000 3.537744998900
936.860000000 5.600000000 3.533455610300
942.360000000 7.800000000 3.532267332100
939.610000000 6.600000000 3.532204866400
944.110000000 6.400000000 3.516953945200
943.860000000 6.000000000 3.512148380300
938.360000000 7.000000000 3.504227876700
941.610000000 8.600000000 3.500773906700
946.610000000 9.600000000 3.491048574400
948.360000000 9.600000000 3.489787817000
933.110000000 8.200000000 3.489021062900
945.360000000 10.000000000 3.483919858900
943.610000000 6.000000000 3.480026722000
937.360000000 5.800000000 3.477479457900
945.360000000 6.200000000 3.476101398500
940.860000000 9.600000000 3.475620985000
940.360000000 6.600000000 3.470549106600
942.110000000 7.200000000 3.469290494900
929.110000000 6.600000000 3.465331077600
938.860000000 9.800000000 3.463113308000
932.360000000 7.600000000 3.461894512200
939.610000000 9.800000000 3.461719751400
946.110000000 6.800000000 3.461584806400
944.860000000 7.000000000 3.459541320800
941.610000000 7.600000000 3.458055734600
937.360000000 6.800000000 3.454064130800
943.360000000 8.800000000 3.453673362700
944.360000000 6.400000000 3.450508356100
936.610000000 5.400000000 3.443754911400
943.860000000 5.800000000 3.442672014200
937.110000000 8.800000000 3.439806938200
947.610000000 9.600000000 3.438275337200
940.110000000 6.200000000 3.434451818500
939.360000000 6.800000000 3.433777093900
945.860000000 9.600000000 3.428858995400
943.860000000 5.600000000 3.426435709000
928.610000000 6.200000000 3.417747974400
943.860000000 6.400000000 3.417381525000
943.610000000 6.600000000 3.417206764200
939.110000000 8.800000000 3.412193298300
939.860000000 10.000000000 3.411619424800
937.360000000 8.800000000 3.411080122000
943.610000000 6.800000000 3.403599500700
948.110000000 9.600000000 3.402934551200
939.610000000 8.800000000 3.391690492600
941.860000000 7.400000000 3.388533115400
943.610000000 6.400000000 3.376507997500
943.610000000 5.800000000 3.373246908200
943.860000000 6.200000000 3.373079061500
942.610000000 8.600000000 3.366541385700
928.860000000 6.400000000 3.363827943800
933.110000000 8.600000000 3.355862617500
945.860000000 10.000000000 3.355306863800
947.860000000 9.600000000 3.343177795400
943.110000000 8.800000000 3.342318058000
940.610000000 6.200000000 3.336255312000
938.110000000 10.000000000 3.327583551400
943.860000000 6.600000000 3.326394796400
930.610000000 8.800000000 3.319233894300
937.110000000 5.600000000 3.306422948800
945.610000000 9.800000000 3.303309202200
943.610000000 6.200000000 3.302712678900
939.360000000 6.000000000 3.302520513500
945.360000000 7.000000000 3.298092126800
938.610000000 10.000000000 3.297701120400
948.360000000 8.600000000 3.296310663200
939.360000000 8.600000000 3.295660257300
933.110000000 8.000000000 3.294370651200
945.610000000 10.000000000 3.285074949300
946.610000000 6.400000000 3.269432306300
942.610000000 6.200000000 3.268675565700
944.610000000 6.400000000 3.266424655900
941.360000000 6.200000000 3.264226913500
941.610000000 6.200000000 3.260409355200
939.610000000 6.200000000 3.257313013100
939.360000000 8.800000000 3.256664753000
936.860000000 5.400000000 3.256366729700
933.360000000 9.000000000 3.255024671600
935.360000000 9.600000000 3.252871513400
941.860000000 7.600000000 3.249698638900
942.610000000 7.000000000 3.247030973400
936.360000000 7.000000000 3.245488405200
942.110000000 7.800000000 3.242729663800
940.610000000 6.400000000 3.242231845900
939.610000000 6.800000000 3.237791776700
948.360000000 9.400000000 3.235709428800
933.110000000 7.800000000 3.232640981700
942.860000000 8.800000000 3.229860067400
941.110000000 6.200000000 3.223771810500
943.860000000 6.800000000 3.215126514400
937.860000000 7.000000000 3.214023828500
938.610000000 8.600000000 3.213505029700
942.860000000 5.600000000 3.210868120200
939.860000000 6.800000000 3.210222244300
937.360000000 7.400000000 3.207982063300
944.110000000 6.600000000 3.207032203700
939.110000000 8.600000000 3.197459459300
940.860000000 6.200000000 3.193642616300
929.610000000 7.000000000 3.191358327900
930.610000000 7.600000000 3.180378198600
930.860000000 8.800000000 3.180160760900
940.110000000 6.800000000 3.174478054000
947.610000000 9.400000000 3.171869039500
941.610000000 7.200000000 3.170920610400
938.360000000 10.000000000 3.168990850400
941.360000000 8.600000000 3.161792278300
941.110000000 8.400000000 3.160536289200
948.360000000 8.800000000 3.157440185500
937.610000000 7.400000000 3.157052755400
937.610000000 7.000000000 3.153084516500
929.860000000 7.000000000 3.151155948600
939.610000000 8.600000000 3.143420457800
937.110000000 5.400000000 3.143228530900
939.860000000 6.200000000 3.139529705000
941.860000000 6.200000000 3.139334678600
942.610000000 6.400000000 3.136204719500
937.360000000 5.600000000 3.135786294900
944.860000000 6.400000000 3.135002136200
946.110000000 9.800000000 3.130350589800
934.860000000 9.800000000 3.126350879700
936.860000000 6.800000000 3.121902942700
939.110000000 5.800000000 3.120694398900
930.360000000 8.800000000 3.115577936200
942.610000000 6.800000000 3.114104270900
947.610000000 9.000000000 3.113404989200
945.860000000 6.800000000 3.104115486100
928.610000000 6.400000000 3.097922086700
929.360000000 7.000000000 3.092402696600
947.860000000 8.400000000 3.091378450400
938.860000000 8.600000000 3.088622570000
930.860000000 8.600000000 3.084746599200
942.860000000 5.400000000 3.082949161500
942.610000000 6.600000000 3.080439567600
930.610000000 8.600000000 3.078109026000
931.610000000 9.600000000 3.075990676900
931.360000000 9.600000000 3.060220718400
930.360000000 7.000000000 3.060189008700
945.110000000 7.000000000 3.058658123000
945.610000000 6.200000000 3.046105861700
928.860000000 6.600000000 3.045233488100
939.610000000 5.400000000 3.039740800900
939.860000000 9.800000000 3.036007404300
943.610000000 5.400000000 3.034452199900
939.860000000 6.000000000 3.034067153900
937.610000000 5.600000000 3.028767585800
941.860000000 7.200000000 3.028251409500
940.610000000 8.600000000 3.023685216900
931.610000000 9.800000000 3.020192384700
937.360000000 5.400000000 3.014823913600
942.360000000 6.200000000 3.007947921800
946.360000000 9.600000000 3.000578403500
945.110000000 6.400000000 3.000525236100
930.110000000 7.000000000 2.991668224300
940.110000000 9.800000000 2.987617492700
937.860000000 5.600000000 2.984633684200
930.610000000 9.000000000 2.983773946800
940.610000000 10.000000000 2.980129957200
943.110000000 5.600000000 2.979088306400
940.860000000 8.600000000 2.975239515300
948.110000000 9.400000000 2.973265171100
947.860000000 9.200000000 2.969365835200
931.110000000 9.600000000 2.968590021100
941.110000000 8.600000000 2.968575716000
935.610000000 9.200000000 2.966630458800
931.360000000 9.800000000 2.966237783400
947.610000000 9.200000000 2.964004039800
929.110000000 6.800000000 2.957659721400
942.860000000 8.200000000 2.953816413900
929.610000000 7.200000000 2.953621864300
938.110000000 5.600000000 2.948207616800
940.360000000 6.800000000 2.946523189500
931.860000000 9.600000000 2.944287300100
948.360000000 9.000000000 2.940439701100
944.110000000 6.800000000 2.939724445300
930.860000000 9.000000000 2.935712337500
942.860000000 8.600000000 2.932087898300
948.360000000 9.200000000 2.928551673900
938.110000000 7.000000000 2.926795721100
947.860000000 9.400000000 2.923061609300
946.110000000 9.600000000 2.913094759000
940.610000000 6.800000000 2.908668041200
941.360000000 6.400000000 2.906328678100
939.610000000 5.600000000 2.900771617900
938.360000000 5.600000000 2.898869991300
942.360000000 7.000000000 2.897866010700
936.610000000 7.200000000 2.893495559700
941.610000000 7.800000000 2.893319606800
940.860000000 9.800000000 2.889492034900
929.360000000 7.200000000 2.888493299500
948.110000000 8.600000000 2.877975463900
935.360000000 9.400000000 2.877427101100
940.360000000 8.600000000 2.876554727600
943.360000000 5.600000000 2.863597869900
944.360000000 6.600000000 2.863176584200
938.610000000 5.600000000 2.857100963600
933.110000000 8.800000000 2.854874849300
939.860000000 8.600000000 2.847103834200
937.610000000 5.400000000 2.846808910400
942.360000000 6.400000000 2.842604637100
942.360000000 8.400000000 2.840833187100
942.110000000 8.400000000 2.837256193200
930.860000000 9.600000000 2.835281133700
946.360000000 6.200000000 2.833511829400
930.360000000 9.000000000 2.830316543600
943.610000000 5.600000000 2.828256130200
942.110000000 6.200000000 2.828035831500
940.860000000 6.800000000 2.823309183100
940.110000000 10.000000000 2.822270155000
931.860000000 9.800000000 2.818268060700
941.110000000 6.400000000 2.811514139200
931.110000000 8.800000000 2.810629606200
946.860000000 6.600000000 2.809252977400
929.110000000 7.000000000 2.797435283700
930.110000000 9.600000000 2.797433376300
947.860000000 8.600000000 2.791583538100
933.860000000 9.200000000 2.780216455500
930.360000000 8.200000000 2.776515007000
945.860000000 9.800000000 2.775340557100
944.360000000 6.800000000 2.775318622600
948.110000000 9.200000000 2.774864435200
928.610000000 6.600000000 2.768994569800
942.860000000 8.400000000 2.760769128800
931.610000000 9.400000000 2.760666608800
942.360000000 6.600000000 2.750895738600
930.360000000 7.400000000 2.750669956200
928.610000000 10.000000000 2.747869730000
930.360000000 9.600000000 2.746875286100
940.610000000 6.600000000 2.741351366000
930.610000000 9.600000000 2.736156225200
931.110000000 8.600000000 2.735180616400
930.360000000 8.600000000 2.734607696500
941.610000000 6.400000000 2.733689546600
931.360000000 9.400000000 2.733268976200
934.610000000 10.000000000 2.731910705600
944.610000000 6.600000000 2.728009939200
935.110000000 9.600000000 2.727711439100
940.110000000 8.600000000 2.722099304200
933.610000000 9.200000000 2.721585750600
930.360000000 8.000000000 2.719113111500
938.860000000 5.600000000 2.715146303200
944.860000000 6.600000000 2.714202880900
930.110000000 8.800000000 2.713452816000
939.610000000 6.000000000 2.712583541900
930.360000000 7.200000000 2.705425024000
937.110000000 6.800000000 2.705040216400
931.110000000 9.800000000 2.703285217300
946.110000000 6.200000000 2.700995922100
941.360000000 6.600000000 2.697924137100
929.860000000 7.200000000 2.689158916500
940.360000000 9.800000000 2.688971757900
928.860000000 10.000000000 2.679410934400
929.860000000 9.600000000 2.675796508800
941.610000000 6.800000000 2.670207023600
941.360000000 8.200000000 2.666637182200
942.610000000 8.000000000 2.664797544500
941.360000000 6.800000000 2.662274837500
945.360000000 6.400000000 2.658653259300
937.860000000 5.400000000 2.657034874000
947.860000000 8.800000000 2.653904199600
928.610000000 7.000000000 2.648786068000
934.610000000 9.800000000 2.647640466700
931.110000000 9.000000000 2.647412776900
942.110000000 7.000000000 2.647318840000
941.610000000 7.000000000 2.645899295800
928.610000000 6.800000000 2.643570184700
934.860000000 9.600000000 2.643132209800
930.610000000 8.000000000 2.641999959900
931.860000000 9.400000000 2.639101266900
930.110000000 9.000000000 2.638900041600
942.610000000 8.400000000 2.637005806000
934.110000000 9.200000000 2.625527381900
930.610000000 9.200000000 2.624260664000
931.360000000 7.800000000 2.624220609700
941.610000000 6.600000000 2.620813131300
941.360000000 7.000000000 2.619031906100
937.360000000 7.000000000 2.617747306800
930.110000000 8.200000000 2.611844778100
941.860000000 6.800000000 2.608905553800
948.110000000 8.800000000 2.608890295000
930.860000000 9.200000000 2.605579853100
941.860000000 7.800000000 2.602524519000
941.860000000 8.400000000 2.601622581500
931.610000000 10.000000000 2.600076198600
930.610000000 8.200000000 2.599661588700
940.360000000 10.000000000 2.598335504500
942.360000000 6.800000000 2.595649004000
936.610000000 7.000000000 2.593420982400
944.860000000 6.800000000 2.590945005400
931.110000000 9.400000000 2.589550495100
928.860000000 6.800000000 2.585659980800
929.110000000 7.200000000 2.584652423900
929.860000000 10.000000000 2.582551479300
942.610000000 8.200000000 2.579120397600
941.860000000 7.000000000 2.575181484200
930.110000000 9.800000000 2.574182510400
931.360000000 10.000000000 2.573113203000
945.110000000 6.600000000 2.571384191500
942.110000000 6.800000000 2.570680618300
931.110000000 7.800000000 2.570457696900
948.110000000 9.000000000 2.570157527900
932.110000000 9.600000000 2.565480709100
947.860000000 9.000000000 2.563949823400
934.610000000 9.600000000 2.563935756700
939.610000000 5.800000000 2.559556484200
932.860000000 8.400000000 2.555320262900
931.610000000 7.800000000 2.555036544800
941.110000000 6.600000000 2.549385309200
931.860000000 10.000000000 2.546860456500
945.860000000 6.200000000 2.544690847400
942.110000000 6.600000000 2.544633626900
942.110000000 6.400000000 2.544406414000
930.110000000 10.000000000 2.542727232000
943.360000000 5.400000000 2.541114091900
930.360000000 9.800000000 2.540722370100
935.110000000 9.400000000 2.539719820000
928.860000000 7.000000000 2.536489009900
936.860000000 7.200000000 2.533864259700
943.110000000 5.400000000 2.530086278900
933.360000000 9.200000000 2.528084278100
941.860000000 6.400000000 2.524006128300
939.360000000 5.800000000 2.518299102800
930.110000000 8.000000000 2.515229463600
930.360000000 8.400000000 2.514344692200
930.860000000 9.800000000 2.511399507500
945.610000000 6.800000000 2.511031627700
941.860000000 6.600000000 2.510689973800
938.110000000 5.400000000 2.510316610300
930.610000000 9.800000000 2.500039815900
929.860000000 9.000000000 2.499378681200
944.610000000 6.800000000 2.496763467800
934.860000000 9.400000000 2.495129108400
941.110000000 6.800000000 2.488803148300
932.860000000 8.200000000 2.484536409400
934.360000000 10.000000000 2.481476545300
932.860000000 7.800000000 2.479699850100
933.110000000 9.000000000 2.473573446300
929.860000000 9.800000000 2.472911119500
946.360000000 6.400000000 2.472662925700
937.860000000 7.200000000 2.471800327300
940.860000000 6.400000000 2.469342708600
930.360000000 9.200000000 2.468292951600
932.860000000 8.600000000 2.464500904100
930.860000000 8.400000000 2.462794065500
930.110000000 8.400000000 2.453526973700
946.610000000 6.600000000 2.449035167700
942.360000000 8.000000000 2.438143730200
938.360000000 5.400000000 2.437785148600
940.610000000 9.800000000 2.437035083800
931.110000000 10.000000000 2.435652017600
929.610000000 9.000000000 2.434168815600
929.610000000 7.400000000 2.428823709500
945.110000000 6.800000000 2.426800966300
932.110000000 9.800000000 2.423934698100
930.360000000 7.800000000 2.422428607900
929.110000000 10.000000000 2.420482158700
930.360000000 10.000000000 2.415693283100
929.360000000 9.000000000 2.409322500200
931.860000000 7.800000000 2.408610582400
930.860000000 8.000000000 2.405690908400
930.610000000 7.800000000 2.401974439600
935.360000000 9.200000000 2.400794506100
928.610000000 9.800000000 2.393436431900
942.360000000 8.200000000 2.392326831800
931.360000000 9.200000000 2.389928579300
930.860000000 9.400000000 2.389806509000
939.110000000 5.600000000 2.383487463000
938.610000000 5.400000000 2.382503747900
929.610000000 9.200000000 2.380265235900
929.860000000 8.800000000 2.376147031800
930.860000000 7.800000000 2.365838527700
938.860000000 5.400000000 2.361923933000
934.360000000 9.200000000 2.360850095700
930.110000000 9.200000000 2.359353780700
929.860000000 9.200000000 2.356287241000
928.610000000 7.200000000 2.355201482800
930.610000000 8.400000000 2.354192733800
934.610000000 9.400000000 2.351196527500
942.110000000 8.000000000 2.345030784600
930.610000000 10.000000000 2.342921495400
929.360000000 9.200000000 2.338697910300
930.860000000 10.000000000 2.337348461200
930.610000000 9.400000000 2.336355686200
931.110000000 9.200000000 2.336229562800
930.110000000 9.400000000 2.334707021700
929.360000000 7.400000000 2.332452297200
932.110000000 9.400000000 2.329231739000
932.110000000 10.000000000 2.329023361200
929.110000000 9.000000000 2.317407369600
929.610000000 10.000000000 2.314387083100
928.860000000 7.200000000 2.306860923800
929.860000000 7.400000000 2.296366453200
929.610000000 9.600000000 2.293659210200
940.860000000 6.600000000 2.290868043900
930.360000000 9.400000000 2.285077333500
932.610000000 7.800000000 2.282054662700
930.860000000 8.200000000 2.279561042800
929.610000000 9.400000000 2.263927459700
930.110000000 8.600000000 2.263517618200
929.610000000 8.800000000 2.261094093300
946.360000000 6.600000000 2.260543584800
929.860000000 9.400000000 2.258293867100
932.110000000 7.800000000 2.258006095900
930.360000000 7.600000000 2.257232189200
934.360000000 9.800000000 2.257043838500
929.360000000 10.000000000 2.252798080400
931.360000000 8.800000000 2.251842021900
932.860000000 8.800000000 2.246748685800
930.110000000 7.800000000 2.239241600000
934.860000000 9.200000000 2.235881567000
934.610000000 9.200000000 2.234810352300
931.360000000 8.600000000 2.231786489500
941.610000000 8.400000000 2.230314493200
931.110000000 8.400000000 2.228435039500
931.610000000 9.200000000 2.226347446400
929.360000000 8.800000000 2.225067377100
939.360000000 5.400000000 2.223542928700
932.860000000 8.000000000 2.214872360200
939.110000000 5.400000000 2.214684724800
930.110000000 7.200000000 2.214076042200
929.360000000 9.400000000 2.211588144300
937.610000000 7.200000000 2.209442377100
933.110000000 9.200000000 2.198306322100
932.360000000 7.800000000 2.197809696200
937.110000000 7.200000000 2.194580078100
929.610000000 9.800000000 2.193905830400
935.110000000 9.200000000 2.189816951800
946.110000000 6.600000000 2.183840036400
929.860000000 8.200000000 2.181243896500
939.360000000 5.600000000 2.174450874300
929.110000000 8.800000000 2.173213958700
931.110000000 8.000000000 2.151302814500
929.110000000 9.800000000 2.141772508600
928.860000000 9.800000000 2.141572713900
929.110000000 9.200000000 2.140522241600
945.360000000 6.600000000 2.127008199700
929.860000000 8.000000000 2.115165710400
931.360000000 9.000000000 2.111743927000
929.360000000 9.600000000 2.103367805500
942.110000000 8.200000000 2.097878694500
929.860000000 8.400000000 2.095770835900
929.110000000 7.400000000 2.093828678100
941.360000000 8.400000000 2.085071325300
934.360000000 9.600000000 2.082384586300
945.610000000 6.400000000 2.063021421400
941.610000000 8.000000000 2.062712907800
929.360000000 9.800000000 2.036014080000
945.860000000 6.600000000 2.031642198600
928.860000000 9.000000000 2.025888443000
931.610000000 9.000000000 2.023631334300
936.860000000 7.000000000 2.001216411600
932.860000000 9.000000000 2.000682592400
941.860000000 8.000000000 1.997928142500
931.860000000 9.200000000 1.994320035000
946.110000000 6.400000000 1.990460753400
931.110000000 8.200000000 1.989187002200
930.110000000 7.400000000 1.970211029100
933.360000000 9.400000000 1.964808821700
928.860000000 8.800000000 1.962621927300
932.360000000 9.600000000 1.957915306100
932.360000000 9.800000000 1.956299781800
933.110000000 9.400000000 1.955317378000
945.360000000 6.800000000 1.954488515900
933.610000000 9.400000000 1.945113182100
929.860000000 8.600000000 1.942235112200
934.360000000 9.400000000 1.941975832000
929.110000000 9.400000000 1.936985135100
934.110000000 10.000000000 1.936394333800
932.610000000 8.400000000 1.927018880800
931.360000000 8.000000000 1.924965024000
932.610000000 8.600000000 1.905853152300
929.860000000 7.800000000 1.905154705000
928.610000000 7.400000000 1.902813315400
932.610000000 8.000000000 1.899952173200
928.860000000 7.400000000 1.899216294300
941.860000000 8.200000000 1.889730930300
932.860000000 9.400000000 1.889354705800
937.360000000 7.200000000 1.888448476800
932.360000000 10.000000000 1.885959982900
932.860000000 9.200000000 1.882367014900
945.860000000 6.400000000 1.876776337600
932.360000000 8.000000000 1.871726870500
932.360000000 9.400000000 1.866465807000
937.110000000 7.000000000 1.866463303600
931.610000000 8.600000000 1.847784161600
941.610000000 8.200000000 1.847364187200
930.110000000 7.600000000 1.844619751000
929.610000000 8.600000000 1.842904567700
931.360000000 8.400000000 1.837026238400
933.860000000 9.400000000 1.833464980100
928.610000000 9.600000000 1.825711846400
932.860000000 10.000000000 1.823599815400
932.360000000 8.600000000 1.820616602900
929.360000000 8.600000000 1.818413376800
933.110000000 10.000000000 1.806314945200
929.610000000 8.200000000 1.803895473500
931.860000000 9.000000000 1.799624681500
932.110000000 9.200000000 1.798342943200
929.110000000 8.600000000 1.797915697100
932.610000000 8.200000000 1.795336127300
931.360000000 8.200000000 1.781584739700
929.610000000 8.000000000 1.774770617500
932.610000000 8.800000000 1.769628286400
928.860000000 9.200000000 1.764927864100
928.610000000 9.400000000 1.760512709600
931.610000000 8.800000000 1.760021567300
932.610000000 9.400000000 1.757565736800
929.610000000 7.600000000 1.755181670200
932.110000000 8.600000000 1.741284966500
931.610000000 8.000000000 1.738954186400
932.360000000 8.400000000 1.738320469900
929.610000000 8.400000000 1.735730409600
929.110000000 9.600000000 1.724576830900
945.610000000 6.600000000 1.722876191100
934.110000000 9.800000000 1.711905002600
928.860000000 9.600000000 1.707584857900
932.610000000 9.600000000 1.705832243000
928.610000000 8.000000000 1.705729484600
932.610000000 10.000000000 1.705414533600
931.860000000 8.600000000 1.705041170100
929.860000000 7.600000000 1.700653076200
932.360000000 8.200000000 1.697363376600
932.610000000 9.200000000 1.694121480000
932.110000000 8.000000000 1.691483616800
929.360000000 7.600000000 1.688458919500
928.860000000 8.600000000 1.684236049700
932.110000000 8.200000000 1.675928235100
932.360000000 9.200000000 1.670558452600
933.360000000 10.000000000 1.662866950000
931.610000000 8.200000000 1.659394025800
932.610000000 9.000000000 1.652378439900
931.860000000 8.000000000 1.645701170000
929.360000000 8.200000000 1.641064882300
929.360000000 8.000000000 1.632401466400
929.610000000 7.800000000 1.631594419500
934.110000000 9.400000000 1.630134224900
931.860000000 8.200000000 1.629371404600
928.610000000 8.400000000 1.627961278000
928.860000000 8.200000000 1.623926162700
929.110000000 8.200000000 1.620383620300
929.110000000 8.000000000 1.613941550300
928.860000000 9.400000000 1.610015273100
928.860000000 8.400000000 1.608935475300
932.860000000 9.600000000 1.607933521300
928.610000000 8.200000000 1.598214030300
931.610000000 8.400000000 1.595584392500
928.860000000 8.000000000 1.588989853900
928.610000000 8.600000000 1.588795423500
932.360000000 8.800000000 1.583486318600
932.110000000 8.400000000 1.579897284500
932.110000000 9.000000000 1.571612954100
933.860000000 10.000000000 1.566913485500
929.360000000 8.400000000 1.566154360800
929.110000000 8.400000000 1.557471275300
931.860000000 8.800000000 1.545430779500
929.110000000 7.600000000 1.543359518100
928.610000000 8.800000000 1.541096210500
928.610000000 7.800000000 1.538512587500
929.110000000 7.800000000 1.533777475400
929.360000000 7.800000000 1.533711791000
928.610000000 9.000000000 1.529465436900
932.610000000 9.800000000 1.524937152900
928.610000000 7.600000000 1.516385674500
928.860000000 7.600000000 1.512767553300
934.110000000 9.600000000 1.507125854500
932.110000000 8.800000000 1.507069587700
932.360000000 9.000000000 1.503294110300
931.860000000 8.400000000 1.501173615500
928.860000000 7.800000000 1.487891435600
933.610000000 9.600000000 1.467782497400
928.610000000 9.200000000 1.460402488700
933.110000000 9.600000000 1.460280895200
933.360000000 9.600000000 1.428278923000
933.610000000 10.000000000 1.424120187800
933.860000000 9.600000000 1.398663640000
933.860000000 9.800000000 1.365199327500
932.860000000 9.800000000 1.334991335900
933.110000000 9.800000000 1.285404563000
933.610000000 9.800000000 1.173399567600
933.360000000 9.800000000 1.152639985100
