940.010000000 5.400000000 18.405847549400
939.760000000 5.400000000 17.871347427400
940.260000000 5.400000000 16.538856506300
940.010000000 5.600000000 16.501583099400
939.760000000 5.600000000 15.794772148100
939.510000000 5.400000000 15.377004623400
940.260000000 5.600000000 15.113725662200
940.510000000 5.400000000 13.878417968800
939.510000000 5.600000000 13.393469810500
939.260000000 5.400000000 12.851222991900
940.010000000 5.800000000 12.804908752400
940.510000000 5.600000000 12.782937049900
939.760000000 5.800000000 11.995317459100
940.760000000 5.400000000 11.962420463600
940.260000000 5.800000000 11.915685653700
939.010000000 5.400000000 11.341849327100
941.010000000 5.400000000 11.082186698900
938.510000000 5.400000000 11.016971588100
938.760000000 5.400000000 10.931825637800
938.260000000 5.400000000 10.853523254400
939.260000000 5.600000000 10.841502189600
941.260000000 5.400000000 10.830009460400
940.760000000 5.600000000 10.700865745500
941.510000000 5.400000000 10.633765220600
938.010000000 5.400000000 10.180508613600
941.760000000 5.400000000 10.178678512600
940.510000000 5.800000000 10.010091781600
939.510000000 5.800000000 9.969238281200
924.760000000 5.600000000 9.948979377700
924.760000000 5.400000000 9.683094024700
942.010000000 5.400000000 9.521679878200
941.010000000 5.600000000 9.519649505600
938.260000000 5.600000000 9.384226799000
939.010000000 5.600000000 9.290106773400
941.510000000 5.600000000 9.238440513600
941.760000000 5.600000000 9.220711708100
941.260000000 5.600000000 9.210452079800
938.010000000 5.600000000 9.168410301200
924.760000000 5.800000000 9.156044006300
925.010000000 5.600000000 9.136418342600
938.510000000 5.600000000 9.133253097500
925.010000000 5.400000000 9.079961776700
937.760000000 5.400000000 9.049875259400
942.010000000 5.600000000 8.975235939000
926.010000000 8.200000000 8.916618347200
940.010000000 6.000000000 8.892064094500
938.760000000 5.600000000 8.875981330900
926.260000000 8.200000000 8.769044876100
926.010000000 8.400000000 8.701117515600
926.010000000 8.000000000 8.589365959200
925.260000000 5.600000000 8.582288742100
926.260000000 8.400000000 8.552795410200
925.010000000 5.800000000 8.501976966900
943.010000000 7.400000000 8.500206947300
925.260000000 5.400000000 8.444214820900
942.260000000 5.400000000 8.425693512000
925.760000000 8.200000000 8.422941207900
942.760000000 7.400000000 8.336460113500
926.260000000 8.000000000 8.326511383100
937.760000000 5.600000000 8.309102058400
940.260000000 6.000000000 8.287964820900
939.760000000 6.000000000 8.213429451000
925.760000000 8.400000000 8.183014869700
940.760000000 5.800000000 8.174355506900
925.260000000 5.800000000 8.119415283200
925.760000000 8.000000000 8.087145805400
942.260000000 5.600000000 8.083907127400
935.510000000 5.400000000 8.004448890700
942.760000000 7.600000000 7.990246295900
935.760000000 5.400000000 7.964244365700
926.010000000 8.600000000 7.945560932200
939.260000000 5.800000000 7.911758899700
925.510000000 5.600000000 7.894999027300
935.260000000 5.400000000 7.894443512000
926.260000000 8.600000000 7.819796085400
943.010000000 7.600000000 7.813610553700
934.510000000 5.400000000 7.773353576700
935.010000000 5.400000000 7.762540340400
934.760000000 5.400000000 7.757606029500
924.760000000 6.000000000 7.742970466600
942.010000000 5.800000000 7.734304904900
936.010000000 5.400000000 7.728129386900
925.510000000 5.400000000 7.723453998600
926.510000000 8.200000000 7.723121643100
943.260000000 7.400000000 7.720169067400
942.510000000 7.400000000 7.710546016700
926.510000000 8.400000000 7.702901363400
941.760000000 5.800000000 7.694554805800
926.010000000 7.800000000 7.679388523100
926.260000000 7.200000000 7.628481864900
937.510000000 5.400000000 7.562717437700
926.510000000 7.200000000 7.529852390300
943.010000000 7.200000000 7.515530586200
925.510000000 5.800000000 7.476206302600
942.510000000 7.600000000 7.460659503900
926.260000000 7.800000000 7.443897247300
925.010000000 6.000000000 7.431008338900
944.510000000 5.600000000 7.387258529700
944.260000000 5.600000000 7.361790657000
925.510000000 8.200000000 7.344460964200
926.260000000 7.000000000 7.341555118600
941.510000000 5.800000000 7.332794666300
936.260000000 5.400000000 7.327113628400
926.510000000 8.000000000 7.321632862100
925.760000000 8.600000000 7.303339004500
925.760000000 7.800000000 7.292044162800
926.510000000 7.000000000 7.250182628600
925.260000000 6.000000000 7.214033603700
942.760000000 7.200000000 7.202179908800
943.260000000 7.200000000 7.178879261000
941.010000000 5.800000000 7.167838096600
942.260000000 7.400000000 7.167166233100
926.510000000 8.600000000 7.166132926900
944.510000000 5.400000000 7.120890617400
938.010000000 5.800000000 7.116012573200
934.260000000 5.400000000 7.107527732800
941.510000000 7.600000000 7.051949024200
941.260000000 5.800000000 7.032147407500
925.510000000 8.000000000 7.011715412100
942.260000000 5.800000000 7.008486747700
925.510000000 8.400000000 7.000001907300
941.260000000 7.800000000 6.997147083300
934.760000000 5.600000000 6.991059780100
941.760000000 7.600000000 6.970633506800
942.010000000 7.400000000 6.913952827500
944.260000000 5.400000000 6.908340930900
937.510000000 5.600000000 6.904103756000
935.010000000 5.600000000 6.900534153000
941.510000000 7.800000000 6.886042594900
940.510000000 6.000000000 6.877834320100
938.260000000 5.800000000 6.869925499000
934.510000000 5.600000000 6.860578537000
926.260000000 8.800000000 6.851340293900
943.260000000 7.600000000 6.844702720600
942.510000000 5.400000000 6.837517738300
936.510000000 5.400000000 6.820234298700
942.260000000 7.600000000 6.814003944400
926.010000000 8.800000000 6.806351661700
925.760000000 5.600000000 6.800373554200
944.010000000 5.600000000 6.784139633200
935.260000000 5.600000000 6.782224178300
925.760000000 5.400000000 6.730741500900
942.510000000 7.200000000 6.724056243900
939.510000000 6.000000000 6.715073108700
937.760000000 5.800000000 6.708319187200
926.260000000 7.400000000 6.697866916700
944.260000000 5.800000000 6.695564746900
935.510000000 5.600000000 6.693441391000
942.010000000 7.600000000 6.654898643500
925.510000000 6.000000000 6.651186943100
935.760000000 5.600000000 6.649063587200
926.510000000 7.400000000 6.638324260700
941.760000000 7.400000000 6.635591507000
939.010000000 5.800000000 6.624554157300
936.010000000 5.600000000 6.592313766500
926.010000000 7.000000000 6.577005386400
926.010000000 7.200000000 6.574320793200
926.510000000 7.800000000 6.567341804500
944.510000000 5.800000000 6.546739101400
926.010000000 7.600000000 6.542656421700
942.510000000 5.600000000 6.471007347100
939.760000000 9.600000000 6.457369804400
926.760000000 7.200000000 6.452102184300
944.010000000 5.800000000 6.438807964300
938.510000000 5.800000000 6.401885509500
939.760000000 9.800000000 6.396159172100
936.260000000 5.600000000 6.387476921100
925.760000000 5.800000000 6.371380329100
928.760000000 10.000000000 6.361493587500
942.260000000 7.200000000 6.360573291800
926.760000000 8.400000000 6.337609767900
943.510000000 7.400000000 6.328186512000
925.510000000 7.800000000 6.305041790000
926.260000000 7.600000000 6.301032543200
926.760000000 8.200000000 6.300411701200
926.760000000 7.000000000 6.297510147100
942.760000000 7.800000000 6.295834064500
941.260000000 8.000000000 6.261498451200
939.510000000 9.800000000 6.260020256000
941.260000000 7.600000000 6.257798671700
924.760000000 6.200000000 6.255415439600
926.510000000 8.800000000 6.251155853300
925.760000000 7.600000000 6.227233886700
925.010000000 6.200000000 6.225611209900
938.760000000 5.800000000 6.197282791100
926.260000000 6.800000000 6.195765018500
936.760000000 5.400000000 6.193657875100
942.010000000 6.000000000 6.186892032600
944.010000000 5.400000000 6.174932956700
926.760000000 8.800000000 6.174504756900
939.510000000 9.600000000 6.152679920200
925.260000000 6.200000000 6.150864601100
926.760000000 9.000000000 6.126729011500
940.010000000 9.800000000 6.095507621800
934.260000000 5.600000000 6.090384483300
940.010000000 9.600000000 6.078823089600
943.510000000 7.200000000 6.077775001500
936.510000000 5.600000000 6.050694465600
941.760000000 7.800000000 6.038349628400
925.760000000 8.800000000 6.036839008300
925.510000000 8.600000000 6.036670684800
941.760000000 6.000000000 6.025075435600
929.010000000 10.000000000 6.023970127100
928.510000000 10.000000000 6.019314289100
942.010000000 7.200000000 6.013760566700
937.260000000 5.400000000 6.011856555900
941.010000000 7.800000000 6.006616115600
926.510000000 6.800000000 5.996621131900
943.010000000 7.800000000 5.983366012600
941.010000000 8.000000000 5.976381301900
926.760000000 8.000000000 5.964789867400
926.760000000 8.600000000 5.940578460700
942.510000000 7.800000000 5.927825927700
939.760000000 9.400000000 5.923017978700
941.510000000 7.400000000 5.914713382700
934.760000000 5.800000000 5.911387920400
926.010000000 6.800000000 5.876659393300
939.760000000 10.000000000 5.875721931500
940.010000000 10.000000000 5.851699352300
927.010000000 9.000000000 5.833701610600
927.010000000 8.800000000 5.778672695200
926.010000000 7.400000000 5.775807380700
939.510000000 10.000000000 5.766750812500
935.010000000 5.800000000 5.747224807700
926.760000000 9.200000000 5.746994972200
940.260000000 10.000000000 5.744977951000
925.260000000 8.200000000 5.744613170600
934.510000000 5.800000000 5.743756771100
925.510000000 6.200000000 5.736976146700
943.760000000 5.600000000 5.735927581800
943.010000000 7.000000000 5.721715450300
928.760000000 9.800000000 5.700681209600
926.260000000 9.000000000 5.696716785400
943.760000000 5.800000000 5.686523437500
939.260000000 9.800000000 5.674515247300
925.760000000 6.000000000 5.667713642100
926.510000000 7.600000000 5.642882823900
940.010000000 9.400000000 5.629899501800
940.010000000 6.200000000 5.628112793000
926.760000000 7.400000000 5.621735096000
937.510000000 5.800000000 5.609651088700
926.510000000 9.000000000 5.603726387000
940.260000000 9.800000000 5.600691795300
934.010000000 5.400000000 5.578979015400
942.260000000 6.000000000 5.578721046400
940.760000000 6.000000000 5.571270942700
943.260000000 7.000000000 5.556555271100
940.510000000 10.000000000 5.528887271900
927.010000000 8.600000000 5.525809288000
935.260000000 5.800000000 5.521952152300
926.010000000 9.000000000 5.520724296600
936.760000000 5.600000000 5.519055366500
938.010000000 9.400000000 5.516320705400
928.510000000 9.800000000 5.511187076600
941.510000000 8.000000000 5.505112171200
942.760000000 7.000000000 5.493174552900
925.760000000 7.000000000 5.483181953400
927.010000000 9.200000000 5.481452941900
941.510000000 6.000000000 5.473734855700
925.260000000 8.000000000 5.468939304400
934.510000000 7.600000000 5.465131282800
926.760000000 7.800000000 5.460815906500
942.510000000 5.800000000 5.457871913900
939.510000000 9.400000000 5.451114654500
943.510000000 7.600000000 5.427697658500
936.010000000 5.800000000 5.425076007800
939.260000000 10.000000000 5.421355724300
925.510000000 7.600000000 5.405237674700
925.260000000 8.400000000 5.403443336500
934.760000000 7.600000000 5.399706840500
942.260000000 7.800000000 5.399312973000
926.010000000 5.400000000 5.399202346800
935.510000000 5.800000000 5.392006874100
942.010000000 7.800000000 5.387766361200
935.760000000 5.800000000 5.382448196400
938.010000000 9.600000000 5.368286132800
926.010000000 5.600000000 5.363140583000
929.010000000 9.800000000 5.362558364900
940.260000000 9.600000000 5.362359523800
936.260000000 5.800000000 5.361699581100
941.760000000 7.200000000 5.349045276600
944.260000000 6.000000000 5.346184730500
944.010000000 6.000000000 5.341402530700
937.260000000 5.600000000 5.338978767400
939.260000000 9.600000000 5.328327655800
937.760000000 9.400000000 5.326675415000
934.260000000 7.600000000 5.316897869100
937.010000000 5.400000000 5.313364982600
926.760000000 6.800000000 5.297958374000
925.760000000 7.200000000 5.283134937300
939.260000000 6.000000000 5.276820659600
934.510000000 7.800000000 5.260943412800
934.260000000 7.400000000 5.245179176300
938.260000000 9.600000000 5.244307041200
940.260000000 6.200000000 5.238940239000
925.760000000 6.800000000 5.235591411600
934.510000000 7.400000000 5.229851722700
942.510000000 7.000000000 5.226057529400
940.760000000 10.000000000 5.215473175000
934.760000000 7.800000000 5.208425998700
925.260000000 6.400000000 5.201208591500
927.010000000 8.400000000 5.201150417300
927.260000000 9.000000000 5.178642272900
937.760000000 9.200000000 5.178009986900
938.260000000 9.400000000 5.173445224800
939.760000000 6.200000000 5.170677185100
926.510000000 9.200000000 5.165987014800
925.010000000 6.400000000 5.144638538400
940.510000000 9.800000000 5.143527030900
927.260000000 8.800000000 5.134949207300
929.260000000 10.000000000 5.132585525500
938.010000000 9.200000000 5.131350517300
931.010000000 5.400000000 5.128287792200
937.760000000 9.600000000 5.118110179900
936.510000000 5.800000000 5.116970062300
943.260000000 7.800000000 5.101793289200
925.760000000 7.400000000 5.100123405500
944.510000000 6.000000000 5.055869579300
943.760000000 5.400000000 5.055576324500
942.760000000 5.400000000 5.055231094400
927.010000000 8.200000000 5.053426265700
928.260000000 10.000000000 5.039613723800
927.010000000 7.000000000 5.038040638000
942.260000000 7.000000000 5.030931472800
939.010000000 9.800000000 5.028257370000
934.760000000 7.400000000 5.016027927400
927.010000000 7.200000000 5.014499664300
931.010000000 5.600000000 5.008244514500
941.260000000 6.000000000 5.007826805100
924.760000000 6.400000000 4.991040229800
933.510000000 10.000000000 4.988758564000
931.010000000 9.600000000 4.988208293900
926.010000000 5.800000000 4.987423420000
934.260000000 5.800000000 4.981887340500
934.260000000 7.800000000 4.981677055400
943.760000000 6.000000000 4.972000122100
931.010000000 9.800000000 4.971856117200
925.510000000 6.400000000 4.970057964300
926.010000000 6.600000000 4.964136600500
925.760000000 6.200000000 4.962595939600
931.260000000 5.600000000 4.961625576000
941.010000000 6.000000000 4.957246780400
939.010000000 10.000000000 4.955910205800
930.760000000 9.800000000 4.949539661400
934.010000000 7.600000000 4.940087795300
943.510000000 7.000000000 4.939744949300
938.010000000 9.800000000 4.931868553200
925.260000000 7.800000000 4.925076484700
930.760000000 9.600000000 4.919149398800
927.260000000 9.200000000 4.918819427500
938.010000000 6.000000000 4.915087223100
927.260000000 8.600000000 4.911540508300
927.010000000 8.000000000 4.907049655900
926.760000000 9.400000000 4.895369529700
940.260000000 9.400000000 4.892232894900
926.260000000 6.600000000 4.889693737000
943.760000000 7.400000000 4.888303279900
935.010000000 7.600000000 4.888206481900
933.260000000 10.000000000 4.884951114700
943.760000000 7.200000000 4.883293628700
934.010000000 7.400000000 4.878147125200
939.760000000 9.200000000 4.869977474200
926.760000000 7.600000000 4.868471145600
941.010000000 7.600000000 4.867243766800
937.510000000 9.400000000 4.864044666300
931.260000000 5.400000000 4.860435485800
930.760000000 10.000000000 4.847514629400
931.010000000 10.000000000 4.843925952900
938.260000000 9.800000000 4.843407630900
928.760000000 9.600000000 4.843125820200
929.510000000 8.000000000 4.842968940700
941.010000000 10.000000000 4.837388038600
937.760000000 6.000000000 4.823981285100
940.760000000 8.000000000 4.817963123300
925.510000000 8.800000000 4.806595325500
943.760000000 10.000000000 4.798013210300
929.260000000 8.000000000 4.792106628400
934.260000000 7.200000000 4.788636207600
925.760000000 6.600000000 4.783812522900
929.260000000 9.800000000 4.783755779300
933.760000000 10.000000000 4.773616790800
937.760000000 9.800000000 4.763858795200
934.510000000 7.200000000 4.763498783100
937.510000000 9.200000000 4.759917259200
942.010000000 6.200000000 4.758028030400
931.260000000 10.000000000 4.751171112100
931.010000000 9.400000000 4.728930473300
940.010000000 9.200000000 4.727571487400
941.260000000 7.400000000 4.716104030600
938.510000000 9.600000000 4.713492870300
932.760000000 7.600000000 4.712946414900
928.510000000 9.600000000 4.712263584100
929.510000000 8.200000000 4.709696292900
935.010000000 7.800000000 4.704725742300
943.510000000 5.800000000 4.700994014700
942.010000000 7.000000000 4.700785160100
925.760000000 9.000000000 4.698863029500
931.260000000 9.800000000 4.696279048900
941.010000000 8.200000000 4.695645332300
924.760000000 9.600000000 4.694540977500
938.760000000 9.800000000 4.693956375100
934.010000000 5.600000000 4.690303802500
940.510000000 9.600000000 4.687539100600
927.010000000 9.400000000 4.686730384800
937.010000000 5.600000000 4.686621189100
935.510000000 10.000000000 4.679711341900
932.760000000 7.800000000 4.679146766700
935.510000000 9.800000000 4.677251339000
940.760000000 9.800000000 4.671823501600
930.510000000 10.000000000 4.671638965600
934.760000000 6.000000000 4.669791698500
925.510000000 7.000000000 4.669337272600
930.760000000 5.400000000 4.668633461000
938.510000000 9.800000000 4.656965732600
929.260000000 8.200000000 4.650508880600
929.510000000 7.800000000 4.649860382100
944.010000000 10.000000000 4.645583152800
930.760000000 9.400000000 4.642306327800
925.510000000 6.800000000 4.638812542000
933.010000000 7.600000000 4.636554718000
936.760000000 5.800000000 4.634806156200
930.510000000 9.800000000 4.628401756300
937.510000000 9.600000000 4.626027107200
927.260000000 8.400000000 4.623972415900
927.510000000 9.000000000 4.620771408100
931.260000000 5.800000000 4.618669509900
927.010000000 7.800000000 4.612252712200
929.760000000 8.000000000 4.610913276700
943.510000000 5.600000000 4.605520725300
932.510000000 7.800000000 4.603850841500
931.260000000 9.600000000 4.603578567500
925.260000000 8.600000000 4.596439838400
929.010000000 9.600000000 4.591193199200
935.760000000 9.800000000 4.582096099900
924.760000000 9.400000000 4.579945087400
934.510000000 8.000000000 4.577795982400
941.260000000 10.000000000 4.577715873700
939.010000000 9.600000000 4.575892448400
933.510000000 9.800000000 4.562013626100
941.260000000 8.200000000 4.560753345500
935.260000000 9.800000000 4.556368827800
925.510000000 6.600000000 4.554334163700
937.760000000 9.000000000 4.551885604900
935.760000000 10.000000000 4.551648140000
934.760000000 8.000000000 4.550567627000
925.760000000 6.400000000 4.550484657300
928.260000000 9.800000000 4.549882412000
941.760000000 6.200000000 4.548216342900
934.010000000 7.800000000 4.544766902900
931.510000000 10.000000000 4.543572902700
932.510000000 7.600000000 4.541862964600
925.260000000 6.600000000 4.536134243000
927.510000000 9.200000000 4.534136772200
934.510000000 6.000000000 4.530992031100
925.510000000 7.400000000 4.529969215400
942.760000000 5.600000000 4.525541305500
935.260000000 10.000000000 4.525135040300
943.510000000 10.000000000 4.524775028200
926.510000000 6.600000000 4.524718761400
933.010000000 7.800000000 4.519166946400
938.260000000 6.000000000 4.518046379100
942.760000000 10.000000000 4.516984462700
933.260000000 9.800000000 4.510828495000
929.260000000 7.800000000 4.510357379900
939.260000000 9.400000000 4.506563663500
935.010000000 6.000000000 4.505965709700
938.260000000 9.200000000 4.505250453900
935.010000000 7.400000000 4.504218578300
938.760000000 10.000000000 4.503732204400
933.760000000 7.600000000 4.497363567400
942.510000000 10.000000000 4.495272636400
927.510000000 8.800000000 4.493621349300
929.010000000 8.000000000 4.493216514600
930.760000000 5.600000000 4.492157936100
926.260000000 9.200000000 4.490328788800
929.760000000 8.200000000 4.482932567600
941.510000000 10.000000000 4.479525566100
941.760000000 8.000000000 4.476774215700
940.760000000 7.800000000 4.468892097500
926.010000000 6.000000000 4.461609840400
934.010000000 7.200000000 4.454336643200
929.760000000 7.800000000 4.451855182600
941.760000000 10.000000000 4.440960407300
930.510000000 9.600000000 4.439055919600
933.010000000 10.000000000 4.432094574000
933.760000000 7.400000000 4.421598911300
927.760000000 8.000000000 4.421294212300
931.510000000 5.600000000 4.417188644400
933.260000000 7.600000000 4.412075042700
938.010000000 10.000000000 4.409875392900
931.010000000 5.800000000 4.403224945100
932.760000000 7.400000000 4.399441719100
925.510000000 7.200000000 4.383071422600
931.510000000 5.800000000 4.377640724200
930.260000000 9.400000000 4.376430988300
933.760000000 9.800000000 4.375829696700
927.760000000 9.200000000 4.375554084800
934.010000000 10.000000000 4.374784946400
926.510000000 9.400000000 4.373474121100
925.010000000 6.600000000 4.372919559500
942.010000000 10.000000000 4.370151996600
939.010000000 6.000000000 4.366184711500
927.760000000 7.800000000 4.364318847700
927.010000000 6.800000000 4.356599330900
939.510000000 9.200000000 4.356309890700
938.760000000 9.600000000 4.355783462500
941.510000000 7.200000000 4.351761817900
940.510000000 6.200000000 4.350575447100
929.010000000 8.200000000 4.348082542400
930.260000000 9.200000000 4.347939968100
933.010000000 7.400000000 4.343871593500
932.260000000 7.800000000 4.341833591500
943.010000000 10.000000000 4.341515541100
938.510000000 9.400000000 4.338161945300
927.260000000 8.200000000 4.327253341700
942.760000000 8.000000000 4.327203273800
932.510000000 8.000000000 4.322415828700
930.510000000 9.400000000 4.320752620700
927.260000000 9.400000000 4.317290306100
927.010000000 7.400000000 4.316552639000
937.760000000 10.000000000 4.313458919500
937.260000000 5.800000000 4.311041355100
930.260000000 10.000000000 4.310904502900
927.760000000 9.000000000 4.310218811000
936.260000000 6.000000000 4.309207439400
931.260000000 9.400000000 4.307204723400
936.010000000 6.000000000 4.306341648100
935.260000000 6.000000000 4.304369926500
943.760000000 9.800000000 4.303560257000
934.260000000 8.000000000 4.303125381500
935.010000000 9.800000000 4.301716804500
925.260000000 6.800000000 4.298131942700
933.510000000 7.600000000 4.297119140600
943.260000000 10.000000000 4.290365696000
937.510000000 9.000000000 4.290205001800
938.260000000 10.000000000 4.287915706600
928.010000000 8.000000000 4.286764621700
942.260000000 6.200000000 4.285752296400
938.010000000 9.000000000 4.284729003900
927.510000000 8.600000000 4.281441211700
938.510000000 10.000000000 4.278031349200
925.260000000 7.000000000 4.275919914200
933.260000000 6.600000000 4.272940158800
931.760000000 10.000000000 4.271323204000
925.260000000 7.600000000 4.270875930800
929.260000000 9.600000000 4.268896102900
928.010000000 9.200000000 4.267509937300
942.760000000 9.800000000 4.265973091100
933.010000000 6.600000000 4.260749340100
926.010000000 9.200000000 4.257087230700
931.510000000 9.800000000 4.255351543400
941.010000000 9.800000000 4.255016326900
932.760000000 8.000000000 4.249088287400
927.010000000 7.600000000 4.247468471500
926.010000000 6.400000000 4.247274398800
933.510000000 6.600000000 4.246070385000
943.510000000 6.000000000 4.243336200700
937.510000000 9.800000000 4.239657878900
934.760000000 7.200000000 4.234687328300
942.510000000 9.800000000 4.230000019100
928.010000000 7.800000000 4.227912426000
942.260000000 10.000000000 4.221476078000
935.760000000 6.000000000 4.218384265900
930.510000000 9.200000000 4.217482090000
929.010000000 7.800000000 4.214260101300
933.260000000 7.800000000 4.212031364400
927.260000000 8.000000000 4.211719989800
932.510000000 7.400000000 4.208960533100
935.510000000 6.000000000 4.205871582000
930.010000000 9.400000000 4.204117775000
939.510000000 6.200000000 4.202986717200
931.010000000 9.200000000 4.199415206900
935.010000000 10.000000000 4.199202060700
928.010000000 6.200000000 4.194158554100
932.760000000 6.600000000 4.191323280300
929.510000000 7.600000000 4.190874099700
929.510000000 10.000000000 4.190320491800
932.260000000 7.600000000 4.188015937800
936.010000000 9.800000000 4.187639236500
942.510000000 6.000000000 4.187130451200
933.760000000 5.400000000 4.183881282800
929.510000000 9.800000000 4.183308601400
924.760000000 9.800000000 4.179327487900
933.260000000 7.400000000 4.179219245900
943.760000000 7.600000000 4.176873683900
930.260000000 9.600000000 4.174574852000
927.760000000 6.200000000 4.172333717300
932.260000000 8.000000000 4.169756412500
933.010000000 9.800000000 4.169378280600
931.510000000 5.400000000 4.167254924800
933.510000000 7.400000000 4.165047645600
937.260000000 9.400000000 4.159453868900
933.010000000 6.400000000 4.155950069400
928.010000000 6.000000000 4.155031204200
930.760000000 9.200000000 4.151833057400
929.510000000 8.400000000 4.149350643200
931.510000000 6.000000000 4.148961067200
929.760000000 7.600000000 4.148773193400
927.760000000 6.000000000 4.148354053500
943.010000000 9.800000000 4.146052360500
927.510000000 9.400000000 4.142812252000
926.260000000 5.400000000 4.139307498900
940.760000000 8.200000000 4.138758659400
933.260000000 6.400000000 4.137331485700
943.510000000 9.800000000 4.135479927100
940.260000000 9.200000000 4.133850574500
924.760000000 6.600000000 4.132063865700
940.510000000 9.400000000 4.130852699300
925.010000000 7.000000000 4.130228996300
928.010000000 9.000000000 4.127588272100
933.760000000 7.800000000 4.124874115000
930.260000000 9.800000000 4.124861717200
930.260000000 9.000000000 4.120421409600
930.010000000 9.600000000 4.116494178800
940.760000000 9.600000000 4.115766048400
928.760000000 8.400000000 4.115180492400
935.010000000 8.000000000 4.114970684100
937.510000000 6.000000000 4.112549781800
925.010000000 8.200000000 4.109607696500
938.510000000 6.000000000 4.108874797800
930.010000000 8.000000000 4.106865882900
925.010000000 6.800000000 4.106138229400
936.010000000 10.000000000 4.105143070200
929.760000000 8.400000000 4.101210594200
927.260000000 7.800000000 4.101083278700
937.260000000 9.200000000 4.098230838800
934.010000000 9.800000000 4.097443103800
927.760000000 6.400000000 4.097342014300
939.010000000 8.400000000 4.096131324800
929.260000000 8.400000000 4.096055030800
934.260000000 7.000000000 4.093037605300
933.510000000 6.400000000 4.090721607200
928.760000000 8.000000000 4.089837074300
932.760000000 6.400000000 4.088648796100
943.260000000 9.800000000 4.087396144900
936.510000000 6.000000000 4.085852146100
944.010000000 9.800000000 4.083271503400
927.760000000 9.400000000 4.081350803400
931.260000000 6.000000000 4.078005790700
929.010000000 8.400000000 4.071725368500
942.510000000 8.000000000 4.070782661400
943.760000000 7.000000000 4.069747924800
930.010000000 9.200000000 4.066414833100
927.510000000 8.400000000 4.066143512700
935.510000000 9.600000000 4.064861297600
927.510000000 7.800000000 4.064394950900
927.760000000 8.200000000 4.060549259200
933.760000000 7.200000000 4.057645320900
927.760000000 8.800000000 4.056295394900
928.260000000 9.200000000 4.054918289200
928.010000000 6.400000000 4.053501606000
928.760000000 9.400000000 4.048196315800
943.010000000 8.000000000 4.047823905900
927.760000000 5.800000000 4.046567916900
925.260000000 7.200000000 4.046094894400
927.510000000 8.000000000 4.045125484500
930.010000000 8.200000000 4.041095733600
934.510000000 7.000000000 4.038137912800
928.510000000 8.400000000 4.035972118400
935.760000000 9.600000000 4.033907890300
928.010000000 9.400000000 4.033867836000
933.510000000 5.400000000 4.032604694400
932.510000000 6.600000000 4.032173633600
941.260000000 9.800000000 4.031155586200
935.260000000 7.600000000 4.027047157300
929.510000000 9.600000000 4.026896953600
933.010000000 6.800000000 4.024479389200
933.260000000 6.800000000 4.021379470800
926.010000000 6.200000000 4.020265579200
941.760000000 7.000000000 4.019567012800
928.260000000 7.800000000 4.016931533800
925.010000000 7.200000000 4.016373634300
933.760000000 6.600000000 4.013792991600
938.760000000 6.000000000 4.013296604200
941.510000000 9.800000000 4.007941722900
939.260000000 8.400000000 4.005786418900
941.760000000 9.800000000 4.004873275800
943.510000000 7.800000000 4.002021789600
933.510000000 7.800000000 4.001026153600
928.760000000 7.800000000 3.999251842500
944.010000000 6.200000000 3.998926639600
931.510000000 9.600000000 3.997933387800
943.010000000 6.800000000 3.991187572500
929.760000000 8.600000000 3.990359783200
932.760000000 6.800000000 3.989815473600
934.760000000 9.800000000 3.988008976000
928.260000000 8.000000000 3.984139680900
942.760000000 6.800000000 3.979082584400
929.010000000 9.400000000 3.978816986100
934.260000000 10.000000000 3.976353883700
926.760000000 6.600000000 3.975635767000
928.010000000 5.800000000 3.975310087200
933.010000000 8.000000000 3.974951744100
929.510000000 8.600000000 3.964676380200
942.510000000 6.800000000 3.964342117300
933.510000000 5.600000000 3.963471889500
932.010000000 10.000000000 3.962850332300
941.510000000 6.200000000 3.962138891200
929.510000000 8.800000000 3.959518671000
943.510000000 5.400000000 3.956482887300
942.260000000 6.800000000 3.954864740400
928.760000000 8.600000000 3.954341888400
933.510000000 6.800000000 3.952802896500
930.010000000 7.800000000 3.948838949200
929.010000000 8.600000000 3.947542905800
928.010000000 8.200000000 3.943985700600
929.760000000 9.600000000 3.942169189500
933.760000000 5.600000000 3.936230897900
928.510000000 7.800000000 3.935296535500
935.260000000 9.600000000 3.931552171700
944.260000000 10.000000000 3.925854444500
943.260000000 5.800000000 3.925812721300
924.760000000 7.000000000 3.925112962700
929.760000000 9.400000000 3.923462867700
943.760000000 6.200000000 3.920749425900
926.260000000 5.600000000 3.918891191500
932.010000000 6.600000000 3.918833971000
924.760000000 7.200000000 3.918412685400
925.010000000 8.400000000 3.918356895400
925.010000000 8.000000000 3.917252302200
928.260000000 9.400000000 3.917093277000
939.260000000 8.200000000 3.915645837800
932.510000000 6.800000000 3.913190364800
931.760000000 6.600000000 3.913152456300
929.260000000 7.600000000 3.912096738800
934.260000000 6.000000000 3.912044763600
929.510000000 9.000000000 3.910701036500
933.510000000 9.600000000 3.910641908600
930.510000000 9.000000000 3.909998178500
933.260000000 9.600000000 3.907888650900
930.010000000 10.000000000 3.907836675600
937.010000000 5.800000000 3.905862569800
932.260000000 6.600000000 3.904334545100
932.010000000 6.800000000 3.902589082700
944.010000000 7.400000000 3.901236295700
927.760000000 7.600000000 3.896716117900
934.010000000 8.000000000 3.896237134900
931.760000000 5.800000000 3.895695209500
932.760000000 10.000000000 3.894459962800
932.510000000 6.400000000 3.893744468700
930.510000000 5.400000000 3.891101598700
935.260000000 7.800000000 3.890752315500
927.510000000 8.200000000 3.890752077100
934.760000000 10.000000000 3.890514135400
931.510000000 6.200000000 3.889719724700
928.510000000 8.000000000 3.888155221900
944.010000000 7.200000000 3.887588024100
927.760000000 6.600000000 3.887246370300
930.010000000 9.000000000 3.880895376200
930.760000000 5.800000000 3.880381822600
932.010000000 7.800000000 3.879105329500
939.010000000 8.200000000 3.875535249700
931.760000000 6.400000000 3.874143362000
931.760000000 6.000000000 3.873666286500
937.260000000 9.600000000 3.872987031900
933.760000000 6.400000000 3.872798919700
928.510000000 8.600000000 3.872408151600
928.260000000 9.000000000 3.872180700300
924.760000000 6.800000000 3.871558904600
934.010000000 7.000000000 3.871160268800
932.260000000 6.800000000 3.868472099300
942.260000000 9.800000000 3.864536523800
932.760000000 7.200000000 3.864479780200
934.260000000 9.800000000 3.863087177300
928.260000000 9.600000000 3.862628936800
931.760000000 6.800000000 3.860120296500
927.760000000 5.600000000 3.858284473400
928.510000000 9.400000000 3.858144998600
928.760000000 8.200000000 3.856681346900
932.260000000 7.400000000 3.854854345300
939.010000000 8.600000000 3.853751421000
927.260000000 7.600000000 3.851617336300
931.760000000 6.200000000 3.849987268400
929.760000000 8.800000000 3.849139928800
927.260000000 7.000000000 3.848574638400
929.260000000 9.400000000 3.846397161500
943.260000000 6.800000000 3.846076250100
933.010000000 6.200000000 3.844842672300
941.510000000 8.200000000 3.844664096800
931.760000000 9.800000000 3.839005231900
943.260000000 5.600000000 3.837827205700
942.010000000 9.800000000 3.835080862000
926.260000000 6.400000000 3.833282947500
931.760000000 5.600000000 3.831196069700
944.260000000 6.200000000 3.830708265300
932.760000000 6.200000000 3.830414772000
927.510000000 6.400000000 3.824421405800
927.510000000 6.000000000 3.822761058800
927.510000000 6.200000000 3.820332050300
929.260000000 8.600000000 3.819799184800
927.510000000 5.800000000 3.816033124900
930.510000000 5.600000000 3.812418937700
934.510000000 9.800000000 3.811534404800
930.010000000 8.400000000 3.810855150200
931.260000000 9.200000000 3.809782266600
924.760000000 9.200000000 3.805998563800
942.010000000 8.000000000 3.804977893800
933.010000000 7.200000000 3.804505586600
933.260000000 5.400000000 3.804174900100
929.510000000 9.200000000 3.803391695000
934.010000000 5.800000000 3.800406456000
933.510000000 7.200000000 3.799894571300
928.010000000 8.800000000 3.798174381300
942.010000000 6.400000000 3.796444177600
929.510000000 9.400000000 3.794911146200
938.760000000 8.400000000 3.794471263900
939.010000000 9.400000000 3.793071746800
928.010000000 7.600000000 3.789085388200
927.760000000 8.600000000 3.788032531700
929.260000000 9.200000000 3.787983179100
928.260000000 8.400000000 3.786027908300
934.510000000 10.000000000 3.785917043700
928.260000000 6.200000000 3.782372474700
933.510000000 5.800000000 3.780892849000
929.760000000 9.800000000 3.778158187900
929.760000000 9.200000000 3.777878999700
932.010000000 6.400000000 3.772173881500
928.510000000 8.200000000 3.770013570800
937.510000000 10.000000000 3.764826297800
930.260000000 8.800000000 3.764736175500
927.510000000 6.600000000 3.764496803300
933.760000000 5.800000000 3.762095689800
925.010000000 9.400000000 3.761825561500
930.010000000 8.800000000 3.758316993700
925.260000000 7.400000000 3.756486415900
936.010000000 9.600000000 3.754993915600
942.010000000 6.800000000 3.754646301300
933.260000000 6.200000000 3.752429723700
932.510000000 7.200000000 3.750382661800
929.260000000 9.000000000 3.748345613500
933.760000000 9.600000000 3.743731260300
932.010000000 8.000000000 3.743321657200
927.260000000 7.200000000 3.742342948900
932.760000000 9.800000000 3.739912748300
933.260000000 7.200000000 3.738641500500
928.010000000 6.600000000 3.738492488900
926.760000000 9.600000000 3.737680196800
938.760000000 9.400000000 3.737553596500
935.010000000 9.600000000 3.733425140400
932.260000000 6.400000000 3.732794761700
930.010000000 9.800000000 3.730759620700
928.260000000 6.000000000 3.727444410300
941.010000000 9.600000000 3.723036766100
932.010000000 7.600000000 3.723025083500
938.760000000 8.600000000 3.721272945400
930.010000000 7.600000000 3.720705986000
942.260000000 8.000000000 3.714672327000
929.760000000 9.000000000 3.711021423300
932.510000000 8.200000000 3.710563659700
928.010000000 5.600000000 3.704730749100
931.510000000 6.400000000 3.704521179200
933.010000000 9.600000000 3.702278852500
937.260000000 9.000000000 3.698793888100
924.760000000 7.400000000 3.697787284900
925.010000000 9.600000000 3.687715768800
935.010000000 7.200000000 3.687068224000
935.260000000 7.400000000 3.686163663900
927.510000000 5.600000000 3.682866811800
932.260000000 10.000000000 3.681529521900
929.760000000 10.000000000 3.681319236800
929.760000000 7.400000000 3.680198669400
939.760000000 9.000000000 3.679446697200
933.760000000 6.800000000 3.679000616100
942.760000000 9.600000000 3.677076339700
933.260000000 5.600000000 3.673144102100
928.010000000 10.000000000 3.672732114800
930.010000000 8.600000000 3.672453880300
930.260000000 8.600000000 3.671414852100
939.260000000 8.600000000 3.670742750200
932.510000000 6.200000000 3.668964147600
931.010000000 6.000000000 3.667993307100
928.260000000 6.400000000 3.663980722400
931.510000000 9.400000000 3.660008192100
936.760000000 6.000000000 3.652812242500
927.510000000 7.600000000 3.652500391000
931.760000000 7.000000000 3.648945331600
925.260000000 8.800000000 3.648134470000
928.260000000 8.600000000 3.647829771000
929.260000000 8.800000000 3.647673130000
928.510000000 9.200000000 3.646655798000
929.010000000 7.600000000 3.646000385300
925.510000000 9.000000000 3.640591621400
925.010000000 7.400000000 3.636833906200
932.260000000 8.200000000 3.634520053900
928.260000000 7.600000000 3.632994413400
932.010000000 7.000000000 3.631531715400
942.510000000 9.600000000 3.629907369600
927.510000000 5.400000000 3.628929615000
934.760000000 8.200000000 3.627195596700
938.510000000 9.200000000 3.627077102700
931.510000000 6.600000000 3.625236988100
940.010000000 9.000000000 3.623513221700
934.510000000 8.200000000 3.620180845300
927.010000000 9.600000000 3.619935035700
931.760000000 5.400000000 3.617137432100
933.510000000 6.200000000 3.615767955800
930.760000000 9.000000000 3.615298748000
937.760000000 8.800000000 3.613248109800
928.260000000 8.200000000 3.613212347000
940.510000000 8.000000000 3.612628459900
941.760000000 9.600000000 3.611913919400
932.010000000 6.200000000 3.609147071800
932.510000000 10.000000000 3.608903884900
933.260000000 8.000000000 3.605199098600
933.760000000 6.000000000 3.605187416100
939.510000000 8.200000000 3.597576856600
927.760000000 8.400000000 3.596970319700
927.510000000 6.800000000 3.596787929500
933.760000000 7.000000000 3.595640897800
926.260000000 5.800000000 3.591541051900
929.010000000 9.200000000 3.590729713400
943.010000000 9.600000000 3.588504314400
936.010000000 6.200000000 3.587446689600
932.510000000 5.400000000 3.587116956700
932.760000000 6.000000000 3.585619211200
942.760000000 5.800000000 3.585011720700
928.510000000 7.600000000 3.581766843800
927.260000000 6.600000000 3.580904007000
941.510000000 9.600000000 3.579799652100
931.260000000 6.200000000 3.579481124900
928.760000000 7.600000000 3.578416585900
927.260000000 5.400000000 3.577334880800
939.510000000 8.400000000 3.577167749400
927.010000000 6.600000000 3.574899911900
927.010000000 5.400000000 3.572335004800
927.260000000 6.800000000 3.572261095000
931.510000000 6.800000000 3.569365739800
940.760000000 6.200000000 3.566744566000
927.760000000 5.400000000 3.565083980600
939.260000000 9.200000000 3.564358472800
931.010000000 9.000000000 3.560617685300
933.760000000 8.000000000 3.559966325800
940.760000000 9.400000000 3.553962230700
927.760000000 6.800000000 3.551353693000
928.260000000 5.800000000 3.551044702500
941.260000000 9.600000000 3.550392150900
933.510000000 6.000000000 3.549550771700
943.760000000 9.600000000 3.547896385200
942.260000000 6.400000000 3.546814680100
932.010000000 9.800000000 3.544017791700
943.010000000 5.800000000 3.542653799100
925.010000000 7.800000000 3.541439294800
932.260000000 7.000000000 3.541084528000
938.260000000 9.000000000 3.538178205500
944.510000000 6.200000000 3.537183046300
932.010000000 6.000000000 3.535603046400
943.260000000 6.000000000 3.535315275200
932.010000000 5.800000000 3.534312009800
932.760000000 8.200000000 3.533854246100
932.010000000 5.600000000 3.533436775200
929.010000000 8.800000000 3.530086278900
928.260000000 8.800000000 3.528107643100
932.260000000 6.200000000 3.527912616700
927.260000000 7.400000000 3.527248621000
936.260000000 9.800000000 3.526580572100
943.010000000 5.600000000 3.526259899100
927.260000000 6.400000000 3.525934219400
934.760000000 7.000000000 3.525303125400
941.760000000 6.400000000 3.522779703100
932.260000000 5.400000000 3.522316455800
943.510000000 9.600000000 3.519830226900
929.510000000 7.400000000 3.518484115600
934.010000000 9.600000000 3.517274618100
932.510000000 5.600000000 3.516793727900
933.010000000 6.000000000 3.511905670200
926.510000000 6.400000000 3.511710882200
937.510000000 8.800000000 3.507925987200
925.760000000 9.200000000 3.506993770600
943.260000000 9.600000000 3.506497383100
926.760000000 6.400000000 3.505943775200
930.260000000 8.400000000 3.503520250300
932.510000000 6.000000000 3.502073764800
932.760000000 5.400000000 3.497618198400
934.760000000 9.600000000 3.492092371000
932.260000000 5.600000000 3.491811513900
932.260000000 7.200000000 3.489956378900
932.510000000 7.000000000 3.483549833300
928.010000000 8.400000000 3.482607364700
927.260000000 5.600000000 3.481304407100
938.510000000 8.600000000 3.476582765600
932.510000000 9.800000000 3.474931478500
927.260000000 9.600000000 3.473947286600
943.510000000 6.200000000 3.471212387100
928.010000000 8.600000000 3.469059228900
932.760000000 7.000000000 3.464146852500
940.510000000 9.200000000 3.463008642200
930.260000000 8.000000000 3.462388753900
934.760000000 6.200000000 3.462251424800
933.010000000 7.000000000 3.461627721800
927.260000000 6.200000000 3.458823680900
931.510000000 7.000000000 3.457833528500
930.510000000 8.800000000 3.456887722000
932.510000000 5.800000000 3.456514358500
942.010000000 6.600000000 3.456294059800
931.760000000 9.600000000 3.453518390700
935.760000000 6.200000000 3.452970981600
928.760000000 8.800000000 3.452844619800
933.260000000 7.000000000 3.451955795300
929.010000000 5.400000000 3.450489997900
925.010000000 8.600000000 3.447860479400
932.760000000 5.800000000 3.447202444100
925.760000000 9.400000000 3.446565628100
943.510000000 6.800000000 3.445910453800
927.510000000 9.600000000 3.445853471800
932.010000000 5.400000000 3.445723295200
925.010000000 7.600000000 3.445333957700
924.760000000 7.600000000 3.444775819800
932.760000000 9.600000000 3.444048881500
941.260000000 6.200000000 3.443632841100
938.760000000 8.200000000 3.442537069300
927.010000000 6.400000000 3.440438985800
942.260000000 6.600000000 3.439240932500
941.010000000 7.400000000 3.435696363400
932.760000000 5.600000000 3.434563159900
932.010000000 7.400000000 3.433004617700
930.260000000 8.200000000 3.431436538700
927.260000000 6.000000000 3.429907798800
940.760000000 7.600000000 3.425925970100
928.760000000 9.200000000 3.424107074700
924.760000000 10.000000000 3.424031019200
930.010000000 7.400000000 3.423921823500
932.260000000 5.800000000 3.423098325700
933.510000000 7.000000000 3.419923067100
928.510000000 9.000000000 3.414958000200
927.760000000 9.600000000 3.414946794500
932.260000000 9.800000000 3.414697170300
935.260000000 8.000000000 3.413250207900
929.260000000 5.400000000 3.411807537100
932.260000000 6.000000000 3.411138057700
933.510000000 8.000000000 3.410127639800
928.010000000 9.600000000 3.409984827000
936.260000000 10.000000000 3.405745267900
933.260000000 5.800000000 3.404021501500
925.260000000 9.400000000 3.403366327300
929.010000000 9.000000000 3.400198221200
942.010000000 9.600000000 3.398230791100
934.260000000 8.200000000 3.398197650900
944.260000000 9.800000000 3.397341489800
943.260000000 8.000000000 3.396420955700
944.010000000 7.600000000 3.394466638600
937.260000000 9.800000000 3.394268274300
926.510000000 9.600000000 3.393257379500
928.010000000 5.400000000 3.385864734600
939.260000000 8.000000000 3.385792732200
933.760000000 6.200000000 3.382827043500
928.260000000 6.600000000 3.382443904900
925.510000000 9.400000000 3.378360748300
928.510000000 8.800000000 3.371169328700
934.010000000 6.600000000 3.369538068800
938.510000000 8.400000000 3.369265317900
940.510000000 8.200000000 3.367527723300
930.510000000 8.600000000 3.363281250000
927.260000000 5.800000000 3.360806703600
934.510000000 6.200000000 3.356657266600
927.510000000 7.000000000 3.356406927100
934.010000000 6.000000000 3.348112106300
944.260000000 7.400000000 3.348031044000
934.260000000 9.600000000 3.347874164600
944.010000000 9.600000000 3.346196889900
935.010000000 6.200000000 3.346129894300
930.260000000 7.800000000 3.342459917100
930.510000000 5.800000000 3.339660644500
934.510000000 9.600000000 3.338806867600
926.760000000 5.400000000 3.337854385400
928.010000000 6.800000000 3.336740732200
944.010000000 7.000000000 3.335760593400
935.010000000 8.200000000 3.335365295400
926.260000000 9.400000000 3.331985235200
942.260000000 9.600000000 3.328042984000
934.260000000 6.800000000 3.324949026100
937.010000000 9.200000000 3.321673870100
933.260000000 6.000000000 3.314642190900
928.260000000 5.600000000 3.312574625000
926.010000000 9.400000000 3.311344623600
925.010000000 9.200000000 3.310699462900
939.510000000 9.000000000 3.306366205200
933.010000000 5.400000000 3.304445505100
938.760000000 8.800000000 3.297734499000
930.510000000 8.400000000 3.294941663700
938.260000000 8.600000000 3.293049335500
939.260000000 6.200000000 3.292916774700
936.260000000 6.200000000 3.292902469600
934.010000000 6.800000000 3.290815591800
937.010000000 9.400000000 3.284544944800
927.010000000 6.200000000 3.284186363200
941.010000000 6.200000000 3.283015966400
939.010000000 8.800000000 3.282260417900
943.260000000 5.400000000 3.279265880600
926.760000000 6.200000000 3.278800010700
941.260000000 7.200000000 3.277015924500
934.010000000 6.400000000 3.275275707200
933.260000000 9.400000000 3.274673700300
933.010000000 5.800000000 3.270606994600
931.760000000 7.200000000 3.270420551300
926.510000000 6.200000000 3.269930362700
927.510000000 7.400000000 3.269124507900
937.260000000 6.000000000 3.268587827700
930.260000000 5.600000000 3.268196344400
932.010000000 8.200000000 3.265470743200
932.510000000 9.600000000 3.263103961900
925.260000000 9.600000000 3.255732297900
943.010000000 5.400000000 3.248710632300
938.010000000 8.600000000 3.244775533700
928.760000000 5.400000000 3.238909959800
940.010000000 6.400000000 3.232791662200
930.260000000 5.400000000 3.232512950900
941.760000000 9.400000000 3.232105016700
944.260000000 7.200000000 3.231600046200
926.260000000 6.000000000 3.230148792300
942.510000000 6.200000000 3.228916645100
931.260000000 6.400000000 3.227050542800
939.010000000 8.000000000 3.226387500800
931.510000000 9.200000000 3.225764751400
933.510000000 9.400000000 3.225229501700
941.760000000 6.800000000 3.223520517300
935.260000000 6.200000000 3.223302364300
931.510000000 7.200000000 3.223083257700
938.510000000 8.800000000 3.221737861600
937.760000000 8.600000000 3.220498323400
926.260000000 6.200000000 3.219009399400
938.010000000 8.800000000 3.218841791200
933.010000000 9.400000000 3.216889858200
936.260000000 9.600000000 3.216612339000
941.010000000 9.400000000 3.215844869600
925.760000000 9.600000000 3.214540958400
935.510000000 7.600000000 3.210245847700
925.010000000 9.800000000 3.206017732600
931.760000000 7.800000000 3.202637195600
940.260000000 9.000000000 3.202605247500
939.510000000 8.000000000 3.200522661200
924.760000000 7.800000000 3.200143337200
933.010000000 5.600000000 3.198727369300
933.010000000 8.200000000 3.195803880700
927.760000000 7.400000000 3.194395780600
928.010000000 9.800000000 3.193849802000
927.010000000 5.600000000 3.192798137700
927.760000000 7.000000000 3.192753076600
931.260000000 9.000000000 3.192169189500
929.260000000 7.400000000 3.183813810300
939.510000000 8.600000000 3.183299541500
925.510000000 9.600000000 3.179688453700
941.510000000 9.400000000 3.179029464700
942.510000000 6.600000000 3.177542448000
932.010000000 7.200000000 3.174794912300
930.760000000 8.800000000 3.174659967400
935.510000000 6.200000000 3.166471958200
932.010000000 9.600000000 3.163741111800
932.760000000 9.400000000 3.162024974800
925.510000000 9.200000000 3.158051490800
926.760000000 10.000000000 3.157676935200
938.260000000 8.800000000 3.156086444900
940.510000000 7.800000000 3.153435945500
939.760000000 8.200000000 3.152114391300
934.010000000 6.200000000 3.150885820400
927.510000000 7.200000000 3.149973869300
934.510000000 6.800000000 3.148137807800
930.760000000 6.000000000 3.146136522300
934.010000000 8.200000000 3.144328832600
941.510000000 7.000000000 3.143703460700
926.760000000 5.600000000 3.141848325700
943.010000000 6.000000000 3.138745069500
930.510000000 8.200000000 3.127585411100
932.260000000 9.600000000 3.127448320400
928.010000000 7.400000000 3.122298717500
925.260000000 9.200000000 3.122046232200
944.510000000 8.000000000 3.121147632600
937.760000000 6.200000000 3.119871377900
944.510000000 7.400000000 3.117177248000
944.260000000 7.600000000 3.116284847300
927.010000000 6.000000000 3.116235971500
941.260000000 9.400000000 3.112425565700
944.510000000 7.600000000 3.112112283700
935.510000000 7.800000000 3.108995676000
931.760000000 9.400000000 3.108045578000
928.510000000 6.200000000 3.102320909500
937.510000000 8.600000000 3.101829052000
938.010000000 6.200000000 3.098637580900
943.760000000 7.800000000 3.097338676500
941.010000000 8.400000000 3.095712423300
930.260000000 7.600000000 3.089836835900
931.760000000 8.000000000 3.089106321300
936.510000000 7.400000000 3.085594415700
935.760000000 9.400000000 3.084954977000
931.760000000 7.600000000 3.081326961500
936.510000000 6.200000000 3.080124616600
937.260000000 8.800000000 3.076209306700
941.760000000 6.600000000 3.073306560500
926.010000000 9.600000000 3.073019743000
938.260000000 8.400000000 3.071409463900
928.510000000 6.400000000 3.071401357700
935.510000000 9.400000000 3.070048809100
931.010000000 6.200000000 3.066101074200
940.260000000 6.400000000 3.062477827100
929.760000000 7.200000000 3.061830282200
941.760000000 8.200000000 3.058975935000
931.260000000 6.600000000 3.056758165400
928.260000000 5.400000000 3.053120136300
939.010000000 9.200000000 3.052450656900
926.760000000 6.000000000 3.052447319000
931.260000000 7.000000000 3.052152156800
937.010000000 6.000000000 3.051950454700
928.760000000 9.000000000 3.051261663400
933.760000000 9.400000000 3.049394846000
936.010000000 6.400000000 3.046887159300
932.510000000 9.400000000 3.046142339700
938.760000000 9.200000000 3.045934200300
939.260000000 8.800000000 3.042432785000
944.510000000 7.800000000 3.041882038100
926.510000000 6.000000000 3.039478540400
935.260000000 7.200000000 3.038899898500
937.010000000 9.000000000 3.037968158700
928.510000000 6.000000000 3.035874366800
928.260000000 6.800000000 3.033332347900
928.510000000 5.400000000 3.031923294100
937.760000000 8.400000000 3.029173135800
931.260000000 6.800000000 3.028979063000
939.760000000 8.400000000 3.024950742700
942.010000000 9.400000000 3.015918493300
926.760000000 5.800000000 3.015682935700
935.760000000 6.400000000 3.013403654100
938.010000000 8.400000000 3.013264656100
930.010000000 7.200000000 3.008656024900
924.760000000 8.200000000 3.007975578300
926.510000000 5.400000000 3.003535747500
931.260000000 7.200000000 2.998387575100
924.760000000 8.400000000 2.997813463200
929.010000000 7.400000000 2.996169090300
928.260000000 7.400000000 2.989370584500
942.760000000 6.000000000 2.977009058000
936.510000000 7.200000000 2.974770784400
928.010000000 7.000000000 2.973413467400
929.510000000 5.400000000 2.969826698300
944.510000000 10.000000000 2.969245910600
935.510000000 7.400000000 2.964259147600
939.760000000 6.400000000 2.964053869200
931.010000000 8.800000000 2.963805675500
941.260000000 8.400000000 2.960837125800
927.010000000 10.000000000 2.960299730300
943.760000000 6.800000000 2.957633972200
935.260000000 9.400000000 2.957373857500
937.010000000 9.600000000 2.956320285800
933.760000000 8.200000000 2.955521822000
937.510000000 8.400000000 2.952780008300
936.260000000 7.400000000 2.952082157100
942.510000000 6.400000000 2.949253559100
940.760000000 9.200000000 2.948622942000
941.510000000 6.400000000 2.942506551700
936.510000000 7.600000000 2.940610170400
928.760000000 7.400000000 2.940360546100
942.760000000 6.600000000 2.937567234000
927.260000000 10.000000000 2.936399459800
932.760000000 9.200000000 2.932282686200
930.260000000 5.800000000 2.931849718100
927.010000000 5.800000000 2.930018425000
934.260000000 6.200000000 2.927667141000
928.510000000 7.400000000 2.927505970000
927.760000000 7.200000000 2.923264980300
928.510000000 6.600000000 2.919947385800
929.010000000 5.600000000 2.919809818300
930.510000000 8.000000000 2.919579744300
936.010000000 9.400000000 2.919429540600
928.510000000 5.800000000 2.917173385600
932.510000000 8.400000000 2.913427829700
928.260000000 7.200000000 2.912440300000
938.510000000 8.200000000 2.908154487600
943.260000000 6.200000000 2.903339386000
940.760000000 8.400000000 2.902212858200
926.510000000 5.800000000 2.899729490300
933.260000000 8.200000000 2.897298097600
936.260000000 7.600000000 2.896748065900
930.760000000 8.600000000 2.892167806600
930.260000000 7.400000000 2.889070272400
937.260000000 10.000000000 2.886625289900
943.760000000 6.400000000 2.886330604600
943.510000000 8.400000000 2.877196788800
944.510000000 8.200000000 2.875947475400
928.260000000 7.000000000 2.872891187700
925.010000000 8.800000000 2.871923446700
926.510000000 5.600000000 2.870883464800
931.760000000 7.400000000 2.868986129800
939.760000000 8.000000000 2.868815422100
940.260000000 8.200000000 2.865726947800
940.260000000 8.000000000 2.864036560100
944.510000000 7.200000000 2.864014625500
932.260000000 9.400000000 2.863312959700
930.510000000 7.800000000 2.862444639200
932.260000000 8.400000000 2.859906435000
930.010000000 5.600000000 2.859669923800
933.510000000 8.200000000 2.847540855400
931.510000000 7.400000000 2.840700149500
944.260000000 8.600000000 2.837410450000
932.010000000 9.400000000 2.836045503600
940.010000000 8.200000000 2.835051059700
934.010000000 9.400000000 2.833066701900
933.010000000 9.200000000 2.829506158800
943.510000000 8.200000000 2.826179742800
935.010000000 9.400000000 2.825584173200
936.260000000 7.200000000 2.823414325700
942.760000000 9.400000000 2.823135376000
928.010000000 7.200000000 2.817506551700
932.510000000 9.200000000 2.814429998400
939.260000000 9.000000000 2.813973903700
928.760000000 5.600000000 2.813689470300
924.760000000 8.000000000 2.813116312000
941.760000000 9.200000000 2.811719179200
924.760000000 8.600000000 2.809307575200
926.510000000 10.000000000 2.807943821000
935.260000000 6.800000000 2.805518150300
935.260000000 8.200000000 2.803648233400
937.260000000 8.600000000 2.803619146300
936.260000000 6.400000000 2.802812099500
944.510000000 8.600000000 2.802525758700
925.260000000 9.000000000 2.797912836100
929.260000000 5.600000000 2.796558380100
943.760000000 8.400000000 2.795393705400
942.760000000 8.200000000 2.791610002500
924.760000000 9.000000000 2.786468744300
938.260000000 6.200000000 2.783060312300
943.010000000 9.400000000 2.782965421700
931.260000000 7.400000000 2.782444238700
944.260000000 9.600000000 2.781984567600
928.510000000 5.600000000 2.777709722500
935.260000000 6.600000000 2.777626037600
944.010000000 6.400000000 2.776374816900
944.510000000 8.400000000 2.775776386300
944.260000000 8.400000000 2.775219917300
929.510000000 7.200000000 2.774471998200
938.510000000 9.000000000 2.772675991100
937.510000000 6.200000000 2.766791820500
942.510000000 9.400000000 2.765170335800
944.260000000 7.000000000 2.761808872200
935.010000000 7.000000000 2.761554241200
930.760000000 8.400000000 2.760248422600
943.510000000 8.600000000 2.757566452000
931.760000000 9.200000000 2.754474401500
933.260000000 9.200000000 2.753813982000
935.760000000 7.600000000 2.753039836900
943.760000000 9.400000000 2.752740621600
938.760000000 8.000000000 2.750721693000
941.510000000 9.200000000 2.750423193000
935.510000000 6.800000000 2.750031948100
930.510000000 7.600000000 2.748718500100
936.510000000 9.800000000 2.746414184600
935.260000000 7.000000000 2.744006156900
943.510000000 9.400000000 2.742723226500
944.260000000 7.800000000 2.741290330900
925.260000000 9.800000000 2.740152359000
943.260000000 9.400000000 2.739201545700
930.010000000 5.400000000 2.732862711000
925.010000000 10.000000000 2.724773645400
931.510000000 9.000000000 2.722727060300
935.510000000 7.000000000 2.722485780700
935.510000000 8.000000000 2.720286369300
943.010000000 6.600000000 2.717501401900
943.760000000 8.200000000 2.714818716000
939.010000000 6.200000000 2.714597463600
927.510000000 10.000000000 2.714439153700
932.760000000 8.400000000 2.713415145900
934.760000000 9.400000000 2.713014364200
943.760000000 8.600000000 2.712813854200
934.760000000 6.800000000 2.711668252900
931.760000000 8.200000000 2.708529710800
944.010000000 7.800000000 2.707653045700
936.010000000 7.600000000 2.705432415000
928.510000000 7.200000000 2.699007988000
940.510000000 9.000000000 2.698669910400
936.510000000 7.000000000 2.697916030900
937.260000000 8.400000000 2.696059703800
930.510000000 6.000000000 2.695506095900
934.760000000 8.400000000 2.694589614900
927.010000000 9.800000000 2.690546512600
936.760000000 6.200000000 2.689495563500
934.260000000 9.400000000 2.687556743600
941.010000000 9.200000000 2.687357425700
940.510000000 6.400000000 2.685890197800
943.510000000 6.400000000 2.685123682000
943.510000000 8.000000000 2.682894229900
932.260000000 9.200000000 2.682222127900
938.760000000 9.000000000 2.681534767200
928.510000000 6.800000000 2.681371212000
935.260000000 6.400000000 2.668670892700
935.510000000 6.600000000 2.668387174600
940.010000000 8.000000000 2.665333747900
934.510000000 9.400000000 2.661949157700
931.010000000 6.400000000 2.660547494900
941.260000000 9.200000000 2.655598878900
944.010000000 9.400000000 2.654644966100
939.760000000 8.800000000 2.654584646200
935.010000000 6.600000000 2.654343128200
936.010000000 7.400000000 2.653266668300
930.760000000 8.200000000 2.651257991800
925.760000000 9.800000000 2.649082183800
931.010000000 7.200000000 2.648737430600
935.760000000 7.800000000 2.642938375500
932.760000000 9.000000000 2.642022371300
933.510000000 9.200000000 2.640099048600
944.260000000 8.800000000 2.633709907500
926.260000000 9.600000000 2.633053302800
936.510000000 10.000000000 2.632149934800
931.010000000 7.400000000 2.631855011000
943.010000000 8.200000000 2.631648063700
925.510000000 9.800000000 2.630798339800
930.010000000 5.800000000 2.628774642900
928.510000000 7.000000000 2.627122402200
936.260000000 7.000000000 2.627120494800
927.260000000 9.800000000 2.622875690500
930.260000000 7.200000000 2.622566223100
935.010000000 6.400000000 2.622318029400
942.010000000 9.200000000 2.621523857100
934.510000000 8.400000000 2.621493101100
935.010000000 6.800000000 2.619871854800
936.260000000 7.800000000 2.615352630600
935.760000000 7.400000000 2.607778787600
931.260000000 8.800000000 2.606748342500
941.510000000 8.400000000 2.598060369500
942.510000000 8.200000000 2.594207048400
937.760000000 8.200000000 2.593019008600
926.760000000 9.800000000 2.591998577100
934.260000000 6.600000000 2.589217186000
936.510000000 7.800000000 2.588871479000
937.510000000 8.200000000 2.586227655400
939.760000000 8.600000000 2.582599639900
937.010000000 8.800000000 2.580507278400
932.010000000 8.400000000 2.578150272400
935.510000000 7.200000000 2.577399969100
940.010000000 8.400000000 2.573384285000
927.510000000 9.800000000 2.571590185200
936.010000000 6.600000000 2.567354440700
934.260000000 6.400000000 2.566932678200
938.260000000 8.200000000 2.566450119000
926.010000000 9.800000000 2.564405441300
935.510000000 6.400000000 2.563218116800
940.510000000 8.400000000 2.562996149100
936.760000000 9.200000000 2.561768293400
939.010000000 9.000000000 2.561498165100
927.760000000 10.000000000 2.558456897700
943.010000000 6.200000000 2.557930469500
935.010000000 8.400000000 2.555797815300
936.760000000 7.400000000 2.553723096800
942.260000000 9.400000000 2.553515911100
939.260000000 7.800000000 2.553500413900
940.010000000 8.800000000 2.553415298500
927.760000000 9.800000000 2.552503824200
939.510000000 8.800000000 2.552015066100
925.010000000 9.000000000 2.546332597700
932.010000000 9.200000000 2.546250343300
943.760000000 8.000000000 2.544302702000
930.760000000 6.200000000 2.544221162800
944.510000000 8.800000000 2.541824817700
942.010000000 8.200000000 2.540005922300
944.260000000 6.400000000 2.538986921300
936.010000000 7.800000000 2.535587787600
929.760000000 5.600000000 2.535219192500
936.260000000 6.600000000 2.528184652300
941.510000000 6.800000000 2.526859045000
944.260000000 8.200000000 2.524929046600
936.510000000 9.600000000 2.524078130700
938.010000000 8.200000000 2.522479534100
938.510000000 6.200000000 2.521462440500
929.260000000 7.200000000 2.519728660600
935.760000000 6.600000000 2.518396616000
930.760000000 7.600000000 2.517327308700
943.260000000 8.400000000 2.517213344600
936.260000000 9.400000000 2.516587257400
932.510000000 9.000000000 2.514966964700
931.010000000 7.000000000 2.514590501800
933.010000000 9.000000000 2.512567043300
931.010000000 8.600000000 2.511803150200
930.510000000 7.400000000 2.507211685200
924.760000000 8.800000000 2.505859613400
944.010000000 8.400000000 2.503466367700
935.760000000 6.800000000 2.499859809900
930.010000000 7.000000000 2.498379945800
943.260000000 8.200000000 2.495528936400
944.510000000 9.800000000 2.493160963100
936.260000000 6.800000000 2.493009090400
944.010000000 8.600000000 2.488957166700
944.010000000 6.800000000 2.488806963000
937.010000000 9.800000000 2.484372377400
943.760000000 8.800000000 2.482218027100
930.760000000 7.400000000 2.481547594100
936.010000000 7.200000000 2.480832815200
941.510000000 6.600000000 2.478591918900
938.760000000 6.200000000 2.477164268500
936.510000000 6.400000000 2.476984024000
939.510000000 7.800000000 2.475301981000
935.760000000 7.000000000 2.473891258200
936.760000000 7.200000000 2.468702077900
936.760000000 7.600000000 2.461714983000
936.760000000 9.400000000 2.459416627900
930.760000000 8.000000000 2.457260131800
934.260000000 8.400000000 2.457111597100
942.760000000 6.200000000 2.454995393800
943.260000000 6.600000000 2.454948902100
943.510000000 8.800000000 2.450236797300
933.760000000 9.200000000 2.448885202400
936.510000000 6.800000000 2.438440561300
941.260000000 6.400000000 2.437684059100
931.010000000 6.600000000 2.434480428700
936.760000000 9.000000000 2.431828975700
934.760000000 6.400000000 2.429480075800
937.260000000 6.200000000 2.428742647200
930.760000000 7.800000000 2.424207925800
931.010000000 7.600000000 2.423320531800
940.760000000 6.400000000 2.422702074100
939.510000000 6.400000000 2.421964883800
933.010000000 8.400000000 2.420614481000
944.260000000 8.000000000 2.416912555700
929.760000000 7.000000000 2.416502714200
926.510000000 9.800000000 2.412916421900
943.260000000 8.600000000 2.408517837500
942.760000000 6.400000000 2.407144069700
932.260000000 9.000000000 2.406353950500
931.260000000 7.600000000 2.404062509500
944.010000000 8.200000000 2.402701377900
931.010000000 6.800000000 2.401455640800
942.260000000 8.200000000 2.401196003000
928.760000000 6.400000000 2.399866104100
931.510000000 7.800000000 2.398882389100
940.260000000 8.400000000 2.398262500800
928.760000000 6.200000000 2.390722990000
929.760000000 5.800000000 2.386509180100
931.760000000 9.000000000 2.383941173600
937.260000000 8.200000000 2.383646011400
929.010000000 7.200000000 2.382334947600
944.010000000 8.800000000 2.380427360500
940.260000000 7.800000000 2.378327369700
929.010000000 5.800000000 2.377407789200
934.760000000 6.600000000 2.375069618200
930.260000000 6.000000000 2.370570182800
934.510000000 6.400000000 2.363730907400
931.510000000 8.000000000 2.362846612900
929.510000000 5.600000000 2.361728906600
937.010000000 6.200000000 2.360272884400
931.510000000 7.600000000 2.357988357500
933.260000000 9.000000000 2.357679367100
939.010000000 7.800000000 2.348873615300
929.760000000 5.400000000 2.347044706300
941.010000000 6.400000000 2.340090274800
940.510000000 7.600000000 2.339250326200
936.510000000 6.600000000 2.337343215900
928.760000000 6.600000000 2.336546182600
935.760000000 7.200000000 2.335327625300
940.760000000 7.400000000 2.334310770000
928.760000000 5.800000000 2.333402633700
937.010000000 8.600000000 2.332119941700
944.510000000 7.000000000 2.332063913300
928.760000000 6.000000000 2.331674814200
941.260000000 7.000000000 2.330550909000
936.010000000 7.000000000 2.328135490400
936.010000000 6.800000000 2.324534893000
930.510000000 7.200000000 2.324004888500
934.010000000 8.400000000 2.322386026400
926.260000000 10.000000000 2.317205190700
941.010000000 7.200000000 2.312707185700
929.260000000 5.800000000 2.312611579900
941.760000000 9.000000000 2.312596321100
943.260000000 6.400000000 2.305199146300
940.760000000 9.000000000 2.303326845200
925.260000000 10.000000000 2.302426338200
935.760000000 8.000000000 2.290810108200
932.010000000 9.000000000 2.289605140700
932.760000000 8.800000000 2.285003662100
930.760000000 7.200000000 2.281789302800
929.510000000 5.800000000 2.276640892000
928.760000000 7.200000000 2.276549816100
934.510000000 6.600000000 2.276035785700
936.760000000 7.000000000 2.271603107500
944.510000000 6.400000000 2.265047788600
929.260000000 6.000000000 2.262096166600
940.260000000 8.800000000 2.256558418300
930.760000000 7.000000000 2.256052255600
926.260000000 9.800000000 2.255219221100
937.260000000 7.400000000 2.253340005900
941.510000000 9.000000000 2.249701738400
929.010000000 6.000000000 2.247029304500
944.010000000 8.000000000 2.247023820900
934.010000000 9.200000000 2.246193409000
939.760000000 7.800000000 2.245740413700
930.260000000 7.000000000 2.244237184500
935.510000000 8.200000000 2.242091178900
931.510000000 8.800000000 2.240989923500
938.510000000 8.000000000 2.239556551000
937.010000000 8.400000000 2.239030122800
944.260000000 9.400000000 2.235436201100
933.260000000 8.400000000 2.234809398700
933.760000000 8.400000000 2.221992492700
931.760000000 8.400000000 2.217999935200
937.760000000 7.600000000 2.217984199500
932.260000000 8.600000000 2.217429399500
937.260000000 7.200000000 2.216833591500
931.010000000 8.400000000 2.216756105400
936.760000000 7.800000000 2.216417789500
935.260000000 8.400000000 2.216119766200
937.760000000 7.800000000 2.216104745900
929.510000000 6.000000000 2.213955402400
928.760000000 7.000000000 2.210824251200
938.010000000 7.600000000 2.210710525500
944.260000000 9.000000000 2.207999944700
932.510000000 8.800000000 2.206872224800
933.510000000 9.000000000 2.206860065500
937.010000000 7.200000000 2.205154657400
932.510000000 8.600000000 2.204961538300
929.260000000 6.200000000 2.204290390000
937.010000000 7.400000000 2.203848123600
930.510000000 7.000000000 2.200129270600
929.510000000 7.000000000 2.197273731200
936.260000000 8.000000000 2.194050550500
941.760000000 8.400000000 2.192048788100
933.010000000 8.800000000 2.191375494000
932.260000000 8.800000000 2.191024303400
928.760000000 6.800000000 2.190326690700
936.760000000 6.400000000 2.189765214900
937.260000000 7.600000000 2.189589977300
933.510000000 8.400000000 2.178709983800
943.510000000 6.600000000 2.177915334700
938.010000000 7.800000000 2.177086353300
930.760000000 6.800000000 2.173951864200
936.760000000 8.800000000 2.172272920600
936.010000000 8.000000000 2.171539306600
938.010000000 7.400000000 2.169663906100
929.510000000 6.200000000 2.169472456000
943.260000000 8.800000000 2.168313503300
936.760000000 9.600000000 2.167225837700
942.010000000 9.000000000 2.166414737700
937.510000000 7.600000000 2.163726329800
929.760000000 6.000000000 2.162084579500
931.510000000 8.200000000 2.161350965500
937.510000000 7.800000000 2.155936241100
944.510000000 9.000000000 2.154718637500
930.510000000 6.800000000 2.152732849100
930.010000000 6.000000000 2.152477026000
936.510000000 8.000000000 2.152019739200
929.010000000 6.200000000 2.146908998500
934.510000000 9.200000000 2.143567800500
941.260000000 9.000000000 2.143062830000
931.010000000 7.800000000 2.142892837500
935.010000000 9.200000000 2.137089967700
931.260000000 8.600000000 2.134387016300
930.510000000 6.200000000 2.134356498700
930.260000000 6.200000000 2.131619691800
929.760000000 6.200000000 2.131271362300
934.260000000 9.200000000 2.127318143800
944.010000000 9.000000000 2.126818180100
940.010000000 7.800000000 2.125110864600
941.010000000 9.000000000 2.124545335800
930.510000000 6.600000000 2.122705936400
937.010000000 7.000000000 2.121459245700
930.010000000 6.200000000 2.121059656100
930.760000000 6.400000000 2.120541811000
937.760000000 7.400000000 2.117876052900
932.010000000 8.800000000 2.116514921200
930.510000000 6.400000000 2.115121603000
937.510000000 7.400000000 2.106830596900
930.760000000 6.600000000 2.106356620800
943.760000000 9.000000000 2.104738712300
935.260000000 9.200000000 2.104261159900
943.760000000 6.600000000 2.097303628900
930.260000000 6.400000000 2.097070932400
942.260000000 9.200000000 2.096618413900
931.010000000 8.200000000 2.096416235000
937.010000000 7.600000000 2.096080541600
934.760000000 9.200000000 2.095897436100
937.260000000 7.000000000 2.093422651300
938.010000000 7.200000000 2.093416929200
932.010000000 8.600000000 2.090013504000
931.010000000 8.000000000 2.087385177600
932.760000000 8.600000000 2.086123466500
936.760000000 6.800000000 2.083456754700
929.260000000 7.000000000 2.074232101400
925.510000000 10.000000000 2.073086500200
925.760000000 10.000000000 2.070527315100
933.260000000 8.800000000 2.070467710500
936.760000000 9.800000000 2.069775581400
937.510000000 8.000000000 2.067629098900
931.760000000 8.800000000 2.067255973800
930.260000000 6.800000000 2.066757202100
930.260000000 6.600000000 2.065831899600
937.760000000 8.000000000 2.059824466700
931.260000000 7.800000000 2.059615135200
935.760000000 9.200000000 2.057102680200
943.760000000 9.200000000 2.054251670800
926.010000000 10.000000000 2.052616357800
935.510000000 9.200000000 2.050158023800
940.010000000 8.600000000 2.048616886100
943.010000000 6.400000000 2.047369003300
930.010000000 6.400000000 2.047130823100
937.010000000 10.000000000 2.044829368600
943.510000000 9.000000000 2.042554140100
936.760000000 6.600000000 2.041275501300
944.260000000 6.800000000 2.040863752400
938.260000000 7.600000000 2.037038087800
936.760000000 10.000000000 2.036326885200
937.260000000 7.800000000 2.034836530700
938.260000000 7.400000000 2.031389474900
938.010000000 7.000000000 2.028589010200
937.510000000 7.200000000 2.026020765300
944.010000000 9.200000000 2.025122642500
936.510000000 9.200000000 2.024826526600
941.260000000 8.600000000 2.020260095600
930.010000000 6.800000000 2.016245365100
929.760000000 6.400000000 2.015078783000
929.510000000 6.400000000 2.013471126600
931.260000000 8.000000000 2.011275768300
944.510000000 9.600000000 2.009033680000
933.760000000 9.000000000 2.003036022200
938.260000000 7.200000000 2.002522945400
936.510000000 9.000000000 2.002484083200
943.010000000 9.200000000 2.001950979200
938.010000000 8.000000000 1.991226673100
942.760000000 9.200000000 1.989939212800
937.010000000 8.200000000 1.989685297000
938.260000000 7.000000000 1.989294529000
943.510000000 9.200000000 1.987668156600
929.260000000 6.400000000 1.986617445900
937.760000000 7.200000000 1.984392762200
941.260000000 6.600000000 1.979471921900
939.010000000 7.000000000 1.979279756500
943.260000000 9.200000000 1.978092193600
939.260000000 7.000000000 1.977755427400
938.260000000 7.800000000 1.976755499800
933.010000000 8.600000000 1.975605964700
944.510000000 9.200000000 1.973459959000
929.760000000 6.800000000 1.972015142400
938.260000000 6.800000000 1.971997022600
930.010000000 6.600000000 1.970754265800
936.510000000 9.400000000 1.966894507400
937.010000000 6.400000000 1.965486407300
939.010000000 6.800000000 1.960447907400
938.010000000 6.800000000 1.956038236600
941.010000000 8.600000000 1.951672792400
938.760000000 6.800000000 1.950966596600
941.510000000 8.600000000 1.950830817200
938.260000000 8.000000000 1.945725441000
938.510000000 6.800000000 1.938730120700
937.010000000 6.800000000 1.938133955000
936.010000000 9.200000000 1.938042879100
938.760000000 7.800000000 1.936177253700
933.510000000 8.800000000 1.934068441400
940.510000000 7.000000000 1.933512806900
944.260000000 9.200000000 1.932455301300
940.760000000 7.000000000 1.931967020000
940.510000000 8.800000000 1.928874492600
937.260000000 8.000000000 1.927921056700
929.010000000 7.000000000 1.926229000100
942.510000000 9.200000000 1.924433231400
941.010000000 6.600000000 1.922818541500
941.260000000 6.800000000 1.920533299400
929.510000000 6.800000000 1.918606042900
936.760000000 8.000000000 1.918338179600
931.760000000 8.600000000 1.911385178600
933.260000000 8.600000000 1.908998131800
939.260000000 6.400000000 1.908845663100
931.510000000 8.400000000 1.905111551300
938.260000000 6.600000000 1.904500126800
937.510000000 7.000000000 1.902383685100
943.010000000 8.400000000 1.900448679900
938.760000000 7.000000000 1.899984002100
938.510000000 6.600000000 1.897902965500
938.510000000 7.000000000 1.897185683300
931.260000000 8.200000000 1.896532297100
937.010000000 7.800000000 1.895912051200
929.010000000 6.400000000 1.894547700900
935.760000000 8.200000000 1.893183827400
937.260000000 6.800000000 1.891257405300
936.760000000 8.600000000 1.890789628000
940.260000000 7.000000000 1.890130043000
931.510000000 8.600000000 1.888690233200
940.760000000 6.800000000 1.888311386100
940.510000000 6.800000000 1.882808685300
929.760000000 6.600000000 1.880340695400
935.010000000 8.600000000 1.879055619200
934.760000000 8.600000000 1.878818273500
939.260000000 6.800000000 1.878537893300
936.510000000 8.800000000 1.874079108200
939.510000000 7.000000000 1.873440861700
939.260000000 7.200000000 1.864630460700
937.760000000 7.000000000 1.863539576500
941.010000000 6.800000000 1.863050222400
941.010000000 7.000000000 1.857697725300
931.260000000 8.400000000 1.857011079800
938.760000000 6.600000000 1.852840066000
943.260000000 9.000000000 1.851207613900
944.010000000 6.600000000 1.844145417200
938.010000000 6.600000000 1.843315959000
942.010000000 8.400000000 1.843101382300
935.510000000 8.400000000 1.840724468200
940.760000000 6.600000000 1.837627768500
943.010000000 8.600000000 1.835690379100
929.260000000 6.800000000 1.827135801300
936.260000000 8.200000000 1.826387405400
938.260000000 6.400000000 1.826171517400
934.510000000 9.000000000 1.823451995800
934.010000000 9.000000000 1.821994543100
942.760000000 8.400000000 1.820516228700
937.760000000 6.400000000 1.820450782800
933.510000000 8.600000000 1.820317149200
929.510000000 6.600000000 1.818713069000
940.010000000 7.000000000 1.815910100900
937.260000000 6.400000000 1.814132690400
938.510000000 7.200000000 1.813274264300
939.510000000 7.200000000 1.812365174300
940.260000000 6.800000000 1.807635784100
939.010000000 7.200000000 1.807018160800
936.510000000 8.200000000 1.804026126900
936.010000000 8.200000000 1.803439736400
939.760000000 7.000000000 1.800796389600
944.510000000 6.600000000 1.799594163900
934.260000000 9.000000000 1.794171452500
938.510000000 6.400000000 1.793965816500
938.010000000 6.400000000 1.792065978100
940.760000000 8.600000000 1.787456989300
941.760000000 8.600000000 1.770290374800
938.510000000 7.400000000 1.768589139000
937.510000000 6.400000000 1.767129063600
937.760000000 6.800000000 1.765901684800
936.260000000 9.200000000 1.765465378800
936.260000000 9.000000000 1.764723777800
941.760000000 8.800000000 1.762566089600
934.510000000 8.600000000 1.760918259600
939.510000000 6.800000000 1.755450248700
944.510000000 9.400000000 1.753862381000
939.010000000 6.600000000 1.745746970200
940.510000000 7.200000000 1.743261218100
933.760000000 8.800000000 1.742318272600
938.510000000 7.600000000 1.742221593900
936.510000000 8.600000000 1.739348769200
938.760000000 7.200000000 1.737097382500
935.260000000 8.600000000 1.734358787500
942.260000000 9.000000000 1.731772661200
937.510000000 6.800000000 1.731529593500
939.760000000 7.200000000 1.730890750900
935.010000000 9.000000000 1.729911923400
940.260000000 7.200000000 1.729393601400
940.260000000 8.600000000 1.719024896600
941.510000000 8.800000000 1.718755602800
940.510000000 6.600000000 1.717822790100
936.760000000 8.200000000 1.714780926700
936.760000000 8.400000000 1.714480519300
940.010000000 6.800000000 1.709470510500
940.010000000 7.200000000 1.709061503400
929.260000000 6.600000000 1.708539843600
937.010000000 6.600000000 1.707045674300
934.760000000 9.000000000 1.704628109900
936.260000000 8.800000000 1.704287648200
940.260000000 7.600000000 1.695523977300
942.510000000 8.400000000 1.688500404400
940.260000000 6.600000000 1.685789227500
933.760000000 8.600000000 1.685251832000
943.010000000 8.800000000 1.684382081000
935.260000000 9.000000000 1.683241367300
936.510000000 8.400000000 1.680465698200
939.760000000 6.800000000 1.680305242500
940.760000000 7.200000000 1.676656723000
940.760000000 8.800000000 1.672327637700
942.010000000 8.800000000 1.668492674800
929.010000000 6.600000000 1.668077468900
940.010000000 6.600000000 1.666305184400
938.510000000 7.800000000 1.665904760400
939.260000000 7.600000000 1.657954335200
929.010000000 6.800000000 1.657420754400
940.510000000 8.600000000 1.656012654300
938.760000000 6.400000000 1.654049277300
936.010000000 9.000000000 1.651369571700
942.260000000 8.400000000 1.651019096400
936.260000000 8.400000000 1.649007558800
937.760000000 6.600000000 1.648254871400
941.260000000 8.800000000 1.646887898400
944.510000000 6.800000000 1.644442915900
934.260000000 8.600000000 1.640076279600
936.260000000 8.600000000 1.639278054200
937.010000000 8.000000000 1.638224601700
939.510000000 7.600000000 1.631391048400
935.760000000 8.400000000 1.622287988700
939.260000000 7.400000000 1.621202826500
937.260000000 6.600000000 1.620673775700
939.510000000 7.400000000 1.609589815100
944.260000000 6.600000000 1.604174256300
939.260000000 6.600000000 1.602946996700
936.010000000 8.800000000 1.599159002300
936.010000000 8.400000000 1.596004486100
941.010000000 8.800000000 1.578405499500
939.010000000 6.400000000 1.577670574200
938.760000000 7.400000000 1.575681448000
940.510000000 7.400000000 1.569130897500
934.010000000 8.800000000 1.567179322200
935.510000000 8.600000000 1.565444588700
934.010000000 8.600000000 1.565088629700
939.010000000 7.400000000 1.560591816900
936.010000000 8.600000000 1.556559562700
939.760000000 7.400000000 1.529450178100
935.760000000 9.000000000 1.524304270700
942.010000000 8.600000000 1.520731687500
939.760000000 6.600000000 1.509877443300
935.760000000 8.600000000 1.507085084900
937.510000000 6.600000000 1.506395578400
935.760000000 8.800000000 1.498873472200
939.010000000 7.600000000 1.491309762000
939.760000000 7.600000000 1.487134575800
938.760000000 7.600000000 1.484690070200
943.010000000 9.000000000 1.477962613100
935.010000000 8.800000000 1.461287379300
939.510000000 6.600000000 1.459049463300
940.010000000 7.400000000 1.457622051200
934.260000000 8.800000000 1.456492543200
940.010000000 7.600000000 1.441700220100
934.760000000 8.800000000 1.429863572100
935.510000000 9.000000000 1.417967557900
940.260000000 7.400000000 1.415913105000
934.510000000 8.800000000 1.414711117700
935.510000000 8.800000000 1.413913130800
935.260000000 8.800000000 1.387364029900
942.260000000 8.800000000 1.361153245000
942.760000000 8.600000000 1.348210692400
942.760000000 9.000000000 1.328831672700
942.260000000 8.600000000 1.300983309700
942.510000000 9.000000000 1.277315616600
942.760000000 8.800000000 1.223839879000
942.510000000 8.600000000 1.207741737400
942.510000000 8.800000000 1.004436850500
