1080.900000000 7.200000000 119.399986267100
1080.650000000 7.200000000 118.423721313500
1081.150000000 7.200000000 118.109893798800
1080.650000000 7.400000000 116.725379943800
1080.400000000 7.200000000 114.981414794900
1080.400000000 7.400000000 114.591361999500
1080.900000000 7.400000000 114.237548828100
1081.400000000 7.200000000 113.492004394500
1081.150000000 7.400000000 108.207977294900
1080.150000000 7.200000000 107.625389099100
1081.400000000 7.000000000 106.794105529800
1080.150000000 7.400000000 106.557800293000
1081.150000000 7.000000000 106.096267700200
1081.650000000 7.200000000 104.874641418500
1080.900000000 7.000000000 102.542320251500
1081.650000000 7.000000000 102.479270935100
1081.400000000 7.400000000 99.419044494600
1080.650000000 7.000000000 97.831947326700
1079.900000000 7.200000000 95.295539856000
1081.900000000 7.000000000 93.953880310100
1081.900000000 7.200000000 93.608688354500
1079.900000000 7.400000000 92.903892517100
1080.650000000 7.600000000 92.401596069300
1080.400000000 7.000000000 92.091400146500
1080.400000000 7.600000000 91.046882629400
1081.400000000 6.800000000 89.155509948700
1081.650000000 7.400000000 88.959625244100
1080.900000000 7.600000000 88.605270385700
1081.650000000 6.800000000 88.170074462900
1082.150000000 7.000000000 85.542694091800
1081.150000000 6.800000000 85.383834838900
1080.150000000 7.000000000 84.239219665500
1080.150000000 7.600000000 83.882698059100
1081.900000000 6.800000000 82.688980102500
1082.150000000 7.200000000 82.364913940400
1081.150000000 7.600000000 81.403724670400
1080.900000000 6.800000000 79.159454345700
1079.650000000 7.200000000 78.912170410200
1082.400000000 7.000000000 78.514244079600
1081.900000000 7.400000000 78.191246032700
1079.650000000 7.400000000 76.297142028800
1082.150000000 6.800000000 75.906280517600
1082.650000000 7.000000000 73.859878540000
1079.900000000 7.000000000 73.155433654800
1082.400000000 7.200000000 73.131309509300
1081.400000000 7.600000000 72.837944030800
1080.650000000 6.800000000 72.494216918900
1079.900000000 7.600000000 72.326278686500
1082.900000000 7.000000000 70.745162963900
1082.400000000 6.800000000 70.690177917500
1082.150000000 7.400000000 68.339401245100
1081.400000000 6.600000000 68.310012817400
1083.150000000 7.000000000 67.892784118700
1082.650000000 6.800000000 67.316871643100
1082.650000000 7.200000000 66.331123352100
1081.650000000 6.600000000 66.099617004400
1081.150000000 6.600000000 65.955886840800
1080.400000000 6.800000000 65.671615600600
1081.650000000 7.600000000 64.637382507300
1082.900000000 6.800000000 64.275810241700
1083.400000000 7.000000000 64.150802612300
1080.650000000 7.800000000 63.803127288800
1080.400000000 7.800000000 63.509078979500
1082.900000000 7.200000000 62.061473846400
1079.400000000 7.200000000 61.765659332300
1080.900000000 7.800000000 61.328941345200
1081.900000000 6.600000000 61.067985534700
1079.400000000 7.400000000 60.430469512900
1083.150000000 6.800000000 60.142601013200
1082.400000000 7.400000000 60.073673248300
1080.900000000 6.600000000 59.956516265900
1079.650000000 7.600000000 59.698902130100
1079.650000000 7.000000000 59.615345001200
1083.150000000 7.200000000 59.593292236300
1080.150000000 7.800000000 59.185218811000
1083.650000000 7.000000000 58.735469818100
1080.150000000 6.800000000 57.777095794700
1081.900000000 7.600000000 56.825252533000
1083.400000000 7.200000000 56.770370483400
1081.150000000 7.800000000 56.585563659700
1082.150000000 6.600000000 55.998008728000
1083.400000000 6.800000000 54.425605773900
1082.650000000 7.400000000 53.378105163600
1083.650000000 7.200000000 52.844001770000
1080.650000000 6.600000000 52.395801544200
1082.400000000 6.600000000 52.344985961900
1079.900000000 7.800000000 52.056072235100
1083.900000000 7.000000000 51.915176391600
1081.400000000 7.800000000 50.727836608900
1082.150000000 7.600000000 49.785514831500
1082.650000000 6.600000000 49.712409973100
1079.400000000 7.600000000 49.168411254900
1079.150000000 7.200000000 48.389488220200
1079.900000000 6.800000000 48.145233154300
1079.150000000 7.400000000 48.090694427500
1083.900000000 7.200000000 47.869678497300
1082.900000000 7.400000000 47.847061157200
1083.650000000 6.800000000 47.402233123800
1081.400000000 6.400000000 47.044086456300
1082.900000000 6.600000000 46.869300842300
1079.400000000 7.000000000 46.499969482400
1081.150000000 6.400000000 46.265293121300
1085.150000000 7.200000000 45.429199218800
1084.150000000 7.000000000 45.290451049800
1081.650000000 6.400000000 45.104335784900
1081.650000000 7.800000000 44.707248687700
1079.650000000 7.800000000 44.636569976800
1085.400000000 7.200000000 44.450435638400
1080.400000000 6.600000000 44.355613708500
1080.400000000 8.000000000 43.658931732200
1080.650000000 8.000000000 43.646945953400
1082.400000000 7.600000000 43.573104858400
1084.900000000 7.200000000 43.346443176300
1083.150000000 7.400000000 43.321048736600
1084.150000000 7.200000000 43.133094787600
1077.900000000 7.400000000 43.058158874500
1078.900000000 7.400000000 42.945556640600
1083.150000000 6.600000000 42.921051025400
1077.650000000 7.400000000 42.783935546900
1077.900000000 7.600000000 42.763961792000
1078.150000000 7.600000000 42.529628753700
1078.150000000 7.400000000 42.522434234600
1077.650000000 7.600000000 42.498199462900
1080.900000000 6.400000000 42.480278015100
1079.150000000 7.600000000 42.160804748500
1077.400000000 7.400000000 41.926380157500
1081.900000000 6.400000000 41.669391632100
1085.150000000 7.000000000 41.662738800000
1080.150000000 8.000000000 41.650810241700
1080.900000000 8.000000000 41.612121582000
1077.400000000 7.600000000 41.402774810800
1078.400000000 7.600000000 41.319747924800
1078.900000000 7.200000000 41.215690612800
1078.400000000 7.400000000 41.095737457300
1078.650000000 7.400000000 40.950210571300
1084.400000000 7.000000000 40.934608459500
1084.650000000 7.200000000 40.911350250200
1084.900000000 7.000000000 40.864685058600
1084.400000000 7.200000000 40.522449493400
1083.400000000 7.400000000 40.223033905000
1077.150000000 7.400000000 40.174434661900
1077.650000000 7.200000000 40.068004608200
1077.900000000 7.200000000 40.025436401400
1083.900000000 6.800000000 39.921295166000
1084.650000000 7.000000000 39.791114807100
1077.150000000 7.600000000 39.627410888700
1078.650000000 7.600000000 39.529373168900
1078.150000000 7.200000000 39.507205963100
1085.400000000 7.000000000 39.506793975800
1077.400000000 7.200000000 39.421398162800
1081.900000000 7.800000000 39.071922302200
1085.650000000 7.200000000 39.017581939700
1079.400000000 7.800000000 38.955867767300
1077.900000000 7.800000000 38.714626312300
1078.400000000 7.200000000 38.646827697800
1078.900000000 7.600000000 38.571201324500
1077.650000000 7.800000000 38.434867858900
1079.900000000 8.000000000 38.343582153300
1078.150000000 7.800000000 38.313766479500
1077.150000000 7.200000000 38.201828002900
1081.150000000 8.000000000 38.127010345500
1082.150000000 6.400000000 38.077709198000
1082.650000000 7.600000000 38.034538269000
1078.650000000 7.200000000 38.015995025600
1077.400000000 7.800000000 37.880958557100
1079.650000000 6.800000000 37.842033386200
1083.400000000 6.600000000 37.676181793200
1079.150000000 7.000000000 37.380325317400
1077.150000000 7.800000000 36.938793182400
1076.900000000 7.600000000 36.844566345200
1076.900000000 7.400000000 36.792758941700
1078.400000000 7.800000000 36.753448486300
1083.650000000 7.400000000 36.731342315700
1085.150000000 7.400000000 36.674571991000
1080.650000000 6.400000000 36.451934814500
1085.400000000 7.400000000 36.273479461700
1077.400000000 7.000000000 36.264560699500
1077.650000000 7.000000000 36.249073028600
1080.150000000 6.600000000 36.012313842800
1079.150000000 7.800000000 35.734477996800
1077.900000000 7.000000000 35.689777374300
1076.900000000 7.200000000 35.616233825700
1077.150000000 7.000000000 35.354942321800
1082.400000000 6.400000000 35.160133361800
1076.900000000 7.800000000 35.096645355200
1079.650000000 8.000000000 34.721302032500
1078.900000000 7.800000000 34.575267791700
1078.650000000 7.800000000 34.551971435500
1084.900000000 7.400000000 34.297004699700
1078.150000000 7.000000000 34.141296386700
1081.400000000 8.000000000 33.972351074200
1082.150000000 7.800000000 33.914527893100
1084.150000000 6.800000000 33.386329650900
1085.650000000 7.000000000 33.232025146500
1083.900000000 7.400000000 33.141349792500
1082.900000000 7.600000000 33.047012329100
1082.650000000 6.400000000 33.006351470900
1076.900000000 7.000000000 32.992862701400
1076.650000000 7.600000000 32.644134521500
1077.400000000 6.800000000 32.334095001200
1077.650000000 6.800000000 32.250904083300
1085.650000000 7.400000000 32.213508606000
1078.900000000 7.000000000 32.204280853300
1078.400000000 7.000000000 32.191547393800
1076.650000000 7.400000000 31.971403121900
1076.650000000 7.800000000 31.934480667100
1081.400000000 6.200000000 31.810832977300
1077.150000000 6.800000000 31.731750488300
1083.650000000 6.600000000 31.529067993200
1079.400000000 8.000000000 31.432111740100
1077.150000000 8.000000000 31.379552841200
1084.650000000 7.400000000 31.274845123300
1077.400000000 8.000000000 31.244707107500
1076.650000000 7.200000000 31.049224853500
1082.900000000 6.400000000 31.041894912700
1077.900000000 6.800000000 30.897361755400
1077.650000000 8.000000000 30.843223571800
1078.650000000 7.000000000 30.805568695100
1081.650000000 6.200000000 30.795347213700
1081.150000000 6.200000000 30.790279388400
1076.900000000 8.000000000 30.778049469000
1084.150000000 7.400000000 30.416336059600
1077.900000000 8.000000000 30.228481292700
1080.400000000 8.200000000 30.191129684400
1076.900000000 6.800000000 30.156318664600
1085.900000000 7.200000000 30.077810287500
1081.650000000 8.000000000 29.760564804100
1080.650000000 8.200000000 29.653354644800
1084.400000000 7.400000000 29.621410369900
1080.150000000 8.200000000 29.440290451000
1076.650000000 7.000000000 29.364219665500
1077.400000000 6.600000000 29.363626480100
1084.400000000 6.800000000 29.308050155600
1077.150000000 6.600000000 29.245325088500
1080.400000000 6.400000000 29.236923217800
1078.150000000 8.000000000 29.173439025900
1085.150000000 6.800000000 29.171531677200
1079.400000000 6.800000000 29.153978347800
1082.400000000 7.800000000 29.121568679800
1084.900000000 6.800000000 29.009180069000
1079.150000000 8.000000000 28.696065902700
1076.650000000 8.000000000 28.688503265400
1083.150000000 7.600000000 28.557598114000
1081.900000000 6.200000000 28.520595550500
1083.150000000 6.400000000 28.459890365600
1077.650000000 6.600000000 28.434782028200
1076.900000000 6.600000000 28.357662200900
1078.150000000 6.800000000 28.255767822300
1084.650000000 6.800000000 28.233240127600
1080.900000000 8.200000000 27.988304138200
1079.900000000 6.600000000 27.904802322400
1080.900000000 6.200000000 27.802331924400
1078.900000000 8.000000000 27.801488876300
1078.400000000 8.000000000 27.740421295200
1079.900000000 8.200000000 27.698934555100
1076.400000000 7.800000000 27.674282074000
1076.650000000 6.800000000 27.669433593800
1078.650000000 8.000000000 27.613210678100
1076.400000000 7.600000000 27.059146881100
1077.150000000 6.400000000 27.035429000900
1076.900000000 6.400000000 26.965211868300
1076.650000000 6.600000000 26.901475906400
1085.400000000 6.800000000 26.564437866200
1077.400000000 6.400000000 26.325567245500
1076.650000000 6.400000000 26.217891693100
1077.900000000 6.600000000 26.202245712300
1076.400000000 7.400000000 26.038902282700
1082.150000000 6.200000000 26.008569717400
1081.900000000 8.000000000 25.759416580200
1081.150000000 8.200000000 25.606712341300
1079.650000000 8.200000000 25.520278930700
1085.900000000 7.400000000 25.487100601200
1083.900000000 6.600000000 25.361360549900
1088.900000000 6.400000000 25.114198684700
1076.400000000 8.000000000 25.033840179400
1076.400000000 7.200000000 25.032537460300
1078.400000000 6.800000000 25.013227462800
1083.400000000 7.600000000 24.982748031600
1076.400000000 6.600000000 24.970285415600
1083.400000000 6.400000000 24.837572097800
1076.400000000 6.400000000 24.764411926300
1082.650000000 7.800000000 24.636625289900
1077.650000000 6.400000000 24.559049606300
1088.650000000 6.400000000 24.504407882700
1076.400000000 7.000000000 24.495843887300
1076.400000000 6.800000000 24.352203369100
1085.150000000 7.600000000 24.344795227100
1085.900000000 7.000000000 24.266256332400
1076.900000000 6.200000000 24.094562530500
1085.400000000 7.600000000 24.093105316200
1088.900000000 6.600000000 24.078447341900
1082.400000000 6.200000000 23.908479690600
1077.150000000 6.200000000 23.723472595200
1088.900000000 6.200000000 23.675949096700
1077.150000000 8.200000000 23.675050735500
1076.900000000 8.200000000 23.663425445600
1076.650000000 6.200000000 23.621082305900
1079.150000000 6.800000000 23.572322845500
1088.650000000 6.600000000 23.513086319000
1079.400000000 8.200000000 23.376241684000
1080.650000000 6.200000000 23.366790771500
1077.400000000 8.200000000 23.053359985400
1081.400000000 8.200000000 22.896835327100
1088.650000000 6.200000000 22.889333725000
1088.400000000 6.400000000 22.830284118700
1078.150000000 6.600000000 22.735118866000
1084.900000000 7.600000000 22.713233947800
1076.150000000 6.400000000 22.627075195300
1076.650000000 8.200000000 22.570394516000
1083.650000000 7.600000000 22.561683654800
1077.400000000 6.200000000 22.517774581900
1076.150000000 6.600000000 22.516769409200
1076.400000000 6.200000000 22.449735641500
1082.650000000 6.200000000 22.397945404100
1078.650000000 6.800000000 22.340707778900
1088.400000000 6.600000000 22.319492340100
1077.650000000 8.200000000 22.067342758200
1082.150000000 8.000000000 21.959766387900
1081.400000000 6.000000000 21.900232315100
1080.150000000 6.400000000 21.867424011200
1088.900000000 7.600000000 21.835395813000
1076.150000000 7.800000000 21.821777343800
1081.650000000 6.000000000 21.664243698100
1088.900000000 6.000000000 21.631080627400
1077.900000000 6.400000000 21.618402481100
1085.650000000 7.600000000 21.549921035800
1079.150000000 8.200000000 21.490449905400
1078.900000000 6.800000000 21.389280319200
1079.650000000 6.600000000 21.380041122400
1085.650000000 6.800000000 21.341745376600
1088.900000000 7.800000000 21.295736312900
1076.150000000 6.800000000 21.231088638300
1088.900000000 7.400000000 21.155059814500
1082.900000000 6.200000000 21.116632461500
1088.400000000 6.200000000 21.097572326700
1088.900000000 6.800000000 21.056707382200
1077.900000000 8.200000000 20.868301391600
1076.150000000 7.600000000 20.820295333900
1088.650000000 6.800000000 20.811021804800
1076.150000000 6.200000000 20.764043808000
1088.150000000 6.600000000 20.693531036400
1083.900000000 7.600000000 20.671173095700
1088.150000000 6.400000000 20.669151306200
1082.900000000 7.800000000 20.535705566400
1081.150000000 6.000000000 20.532556533800
1083.650000000 6.400000000 20.490606308000
1086.150000000 7.200000000 20.484319686900
1084.650000000 7.600000000 20.464797973600
1077.650000000 6.200000000 20.459609985400
1076.150000000 8.000000000 20.446247100800
1081.900000000 6.000000000 20.433851242100
1084.150000000 6.600000000 20.340623855600
1088.650000000 6.000000000 20.276010513300
1076.400000000 8.200000000 20.209836959800
1076.900000000 6.000000000 20.167118072500
1088.650000000 7.400000000 20.137020111100
1088.900000000 7.200000000 20.073259353600
1088.900000000 5.800000000 20.066135406500
1080.400000000 8.400000000 20.038387298600
1088.650000000 7.600000000 20.011808395400
1081.650000000 8.200000000 19.977508544900
1076.150000000 7.000000000 19.968765258800
1075.900000000 6.400000000 19.961097717300
1078.900000000 8.200000000 19.895542144800
1076.650000000 6.000000000 19.892320632900
1088.400000000 6.800000000 19.845811843900
1080.150000000 8.400000000 19.695755004900
1077.150000000 6.000000000 19.687200546300
1088.900000000 7.000000000 19.637422561600
1078.150000000 8.200000000 19.589412689200
1080.650000000 8.400000000 19.571977615400
1083.150000000 6.200000000 19.571062088000
1075.900000000 6.600000000 19.479150772100
1076.150000000 7.400000000 19.475376129200
1084.150000000 7.600000000 19.403564453100
1078.650000000 8.200000000 19.370109558100
1078.400000000 8.200000000 19.241231918300
1088.650000000 7.200000000 19.188547134400
1084.400000000 7.600000000 19.131931304900
1088.900000000 8.000000000 19.096263885500
1088.650000000 7.800000000 18.949363708500
1076.400000000 6.000000000 18.941171646100
1076.150000000 7.200000000 18.936643600500
1088.650000000 7.000000000 18.888948440600
1082.150000000 6.000000000 18.882900238000
1078.400000000 6.600000000 18.810802459700
1080.900000000 8.400000000 18.802129745500
1088.400000000 7.400000000 18.789781570400
1088.150000000 6.200000000 18.777324676500
1075.900000000 6.200000000 18.714717865000
1087.900000000 6.600000000 18.697727203400
1079.900000000 8.400000000 18.635831832900
1088.400000000 6.000000000 18.594289779700
1088.650000000 5.800000000 18.512744903600
1087.900000000 6.400000000 18.485986709600
1077.400000000 6.000000000 18.478721618700
1088.400000000 7.200000000 18.413206100500
1088.900000000 5.600000000 18.397201538100
1080.400000000 6.200000000 18.345115661600
1082.400000000 8.000000000 18.303119659400
1088.150000000 6.800000000 18.207967758200
1086.150000000 7.400000000 18.154748916600
1075.900000000 6.800000000 18.150907516500
1088.150000000 7.200000000 18.035434722900
1087.900000000 7.200000000 17.984510421800
1078.150000000 6.400000000 17.965694427500
1080.900000000 6.000000000 17.804821014400
1088.400000000 7.600000000 17.750282287600
1087.650000000 7.200000000 17.736417770400
1076.150000000 6.000000000 17.719154357900
1088.400000000 7.000000000 17.686958313000
1088.150000000 7.400000000 17.581151962300
1081.150000000 8.400000000 17.533226013200
1077.900000000 6.200000000 17.529438018800
1082.400000000 6.000000000 17.477277755700
1083.400000000 6.200000000 17.470176696800
1085.900000000 7.600000000 17.446903228800
1084.400000000 6.600000000 17.395307540900
1085.150000000 6.600000000 17.330690383900
1088.650000000 5.600000000 17.285757064800
1076.150000000 8.200000000 17.265375137300
1084.900000000 6.600000000 17.237714767500
1079.650000000 8.400000000 17.216110229500
1075.650000000 6.400000000 17.072496414200
1081.900000000 8.200000000 17.060455322300
1083.150000000 7.800000000 16.985919952400
1088.900000000 5.400000000 16.948364257800
1079.400000000 6.600000000 16.928461074800
1088.400000000 5.800000000 16.912246704100
1088.650000000 8.000000000 16.911504745500
1087.900000000 7.400000000 16.727945327800
1084.650000000 6.600000000 16.676830291700
1076.900000000 8.400000000 16.643575668300
1075.900000000 6.000000000 16.623725891100
1077.650000000 6.000000000 16.614774704000
1087.400000000 7.200000000 16.538227081300
1088.150000000 6.000000000 16.532617569000
1087.650000000 6.600000000 16.517768859900
1075.900000000 7.000000000 16.516435623200
1087.650000000 6.400000000 16.495964050300
1088.150000000 7.000000000 16.456787109400
1076.650000000 5.800000000 16.409961700400
1082.650000000 6.000000000 16.400171279900
1087.900000000 6.200000000 16.394647598300
1075.650000000 6.200000000 16.363691330000
1076.650000000 8.400000000 16.350931167600
1076.900000000 5.800000000 16.291027069100
1088.650000000 5.400000000 16.279245376600
1077.150000000 8.400000000 16.262491226200
1075.900000000 7.800000000 16.230901718100
1083.900000000 6.400000000 16.223606109600
1088.400000000 7.800000000 16.181327819800
1087.900000000 6.800000000 16.135963439900
1076.400000000 5.800000000 15.999824523900
1087.650000000 7.400000000 15.973659515400
1075.650000000 6.600000000 15.949824333200
1075.900000000 8.000000000 15.929843902600
1088.400000000 5.600000000 15.866578102100
1079.900000000 6.400000000 15.823061943100
1086.150000000 7.000000000 15.820929527300
1081.650000000 5.800000000 15.801103591900
1081.400000000 8.400000000 15.798789024400
1079.400000000 8.400000000 15.783697128300
1087.900000000 7.000000000 15.781553268400
1085.400000000 6.600000000 15.734648704500
1077.150000000 5.800000000 15.724081993100
1078.650000000 6.600000000 15.615665435800
1088.150000000 7.600000000 15.587347030600
1081.400000000 5.800000000 15.587256431600
1088.900000000 8.200000000 15.581777572600
1082.900000000 6.000000000 15.548486709600
1076.400000000 8.400000000 15.483275413500
1088.900000000 5.200000000 15.415078163100
1087.650000000 7.000000000 15.388398170500
1077.400000000 8.400000000 15.388333320600
1085.900000000 6.800000000 15.340589523300
1075.900000000 7.200000000 15.327506065400
1081.900000000 5.800000000 15.215384483300
1088.150000000 5.800000000 15.153233528100
1076.150000000 5.800000000 15.108983039900
1083.400000000 7.800000000 15.106790542600
1075.650000000 6.000000000 15.075017929100
1088.650000000 5.200000000 15.010686874400
1083.650000000 6.200000000 14.871922493000
1082.650000000 8.000000000 14.858045578000
1075.900000000 7.600000000 14.856855392500
1088.400000000 5.400000000 14.831845283500
1077.400000000 5.800000000 14.812661171000
1085.400000000 7.800000000 14.802032470700
1087.400000000 7.400000000 14.770854950000
1083.150000000 6.000000000 14.704388618500
1085.150000000 7.800000000 14.646660804700
1087.400000000 6.400000000 14.599521637000
1075.900000000 7.400000000 14.552300453200
1079.150000000 8.400000000 14.483636856100
1079.150000000 6.600000000 14.439594268800
1087.150000000 7.200000000 14.398690223700
1080.650000000 6.000000000 14.394980430600
1075.650000000 6.800000000 14.345579147300
1075.900000000 8.200000000 14.306048393200
1082.150000000 5.800000000 14.304103851300
1087.400000000 7.000000000 14.298136711100
1081.150000000 5.800000000 14.293011665300
1087.900000000 6.000000000 14.253498077400
1087.650000000 6.200000000 14.250734329200
1078.400000000 6.400000000 14.236028671300
1077.900000000 6.000000000 14.209737777700
1077.650000000 8.400000000 14.187247276300
1078.150000000 6.200000000 14.180093765300
1082.150000000 8.200000000 14.173255920400
1087.400000000 6.600000000 14.154845237700
1076.150000000 8.400000000 14.148324012800
1083.650000000 7.800000000 14.127983093300
1075.400000000 6.400000000 14.080709457400
1088.400000000 8.000000000 14.063013076800
1078.900000000 6.600000000 14.033173561100
1088.150000000 5.600000000 13.986753463700
1075.400000000 6.200000000 13.885634422300
1087.900000000 7.600000000 13.821043968200
1085.650000000 7.800000000 13.795077323900
1081.650000000 8.400000000 13.788825988800
1084.900000000 7.800000000 13.763870239300
1077.650000000 5.800000000 13.745402336100
1083.400000000 6.000000000 13.636774063100
1087.650000000 6.800000000 13.633986473100
1075.900000000 5.800000000 13.569086074800
1088.650000000 8.200000000 13.547709465000
1088.400000000 5.200000000 13.529603004500
1086.400000000 7.200000000 13.477251052900
1082.400000000 5.800000000 13.425285339400
1083.900000000 7.800000000 13.402187347400
1078.900000000 8.400000000 13.296961784400
1080.150000000 6.200000000 13.287951469400
1088.150000000 7.800000000 13.274381637600
1088.650000000 5.000000000 13.021492958100
1076.400000000 5.600000000 13.006090164200
1076.650000000 5.600000000 12.970777511600
1077.900000000 8.400000000 12.961283683800
1075.400000000 6.000000000 12.960391044600
1086.150000000 7.600000000 12.920451164200
1087.900000000 5.800000000 12.900993347200
1080.900000000 8.600000000 12.892219543500
1075.650000000 5.800000000 12.886392593400
1084.650000000 7.800000000 12.875761032100
1080.650000000 8.600000000 12.851612091100
1084.150000000 6.400000000 12.818770408600
1081.400000000 8.600000000 12.787723541300
1081.150000000 8.600000000 12.787524223300
1088.900000000 5.000000000 12.753117561300
1084.150000000 7.800000000 12.725418090800
1082.650000000 5.800000000 12.707319259600
1085.650000000 6.600000000 12.690018653900
1087.150000000 7.000000000 12.681675910900
1075.650000000 7.000000000 12.669172287000
1088.150000000 5.400000000 12.646697044400
1076.900000000 5.600000000 12.609074592600
1083.650000000 6.000000000 12.540740013100
1081.650000000 8.600000000 12.528611183200
1076.150000000 5.600000000 12.507695198100
1075.900000000 8.400000000 12.501742363000
1088.400000000 5.000000000 12.501276969900
1081.900000000 8.400000000 12.470031738300
1087.150000000 6.400000000 12.457313537600
1087.150000000 7.400000000 12.455196380600
1084.400000000 7.800000000 12.441020965600
1080.400000000 8.600000000 12.370785713200
1087.400000000 6.200000000 12.362874984700
1086.400000000 7.400000000 12.353367805500
1083.900000000 6.200000000 12.325590133700
1078.650000000 8.400000000 12.296587944000
1086.900000000 7.200000000 12.244256019600
1081.650000000 8.800000000 12.233535766600
1075.400000000 6.600000000 12.232468605000
1079.650000000 6.400000000 12.225430488600
1077.900000000 5.800000000 12.222111702000
1087.650000000 7.600000000 12.184306144700
1081.900000000 8.800000000 12.154950141900
1087.900000000 4.800000000 12.128784179700
1082.900000000 5.800000000 12.125962257400
1081.900000000 8.600000000 12.120514869700
1077.150000000 5.600000000 12.115813255300
1081.400000000 8.800000000 12.108504295300
1088.150000000 5.000000000 12.107322692900
1080.150000000 8.600000000 12.087942123400
1082.900000000 8.000000000 12.087860107400
1088.150000000 4.800000000 12.085799217200
1087.900000000 5.000000000 12.029004097000
1078.150000000 8.400000000 11.988109588600
1087.650000000 6.000000000 11.972703933700
1080.900000000 5.800000000 11.943598747300
1078.400000000 8.400000000 11.935485839800
1081.150000000 8.800000000 11.903513908400
1088.400000000 4.800000000 11.888165473900
1088.150000000 5.200000000 11.814023971600
1076.650000000 8.600000000 11.807048797600
1087.650000000 4.800000000 11.800334930400
1075.650000000 7.200000000 11.768266677900
1085.900000000 7.800000000 11.752456665000
1081.650000000 9.000000000 11.732634544400
1088.900000000 8.400000000 11.724217414900
1082.400000000 8.200000000 11.687967300400
1076.400000000 8.600000000 11.672023773200
1075.400000000 5.800000000 11.670365333600
1082.150000000 8.800000000 11.643158912700
1087.650000000 5.000000000 11.629272460900
1083.150000000 5.800000000 11.628511428800
1087.900000000 5.600000000 11.591442108200
1077.400000000 5.600000000 11.583289146400
1082.150000000 8.600000000 11.581764221200
1078.150000000 6.000000000 11.577897071800
1081.400000000 9.000000000 11.564284324600
1081.900000000 9.000000000 11.563941955600
1076.900000000 8.600000000 11.538251876800
1079.900000000 8.600000000 11.518029213000
1075.650000000 8.000000000 11.477899551400
1086.650000000 7.200000000 11.419279098500
1082.150000000 8.400000000 11.410607338000
1080.900000000 8.800000000 11.362653732300
1088.650000000 4.800000000 11.357765197800
1087.150000000 6.600000000 11.351973533600
1075.900000000 5.600000000 11.313301086400
1081.650000000 5.600000000 11.264344215400
1075.150000000 6.200000000 11.250980377200
1078.650000000 6.400000000 11.243330955500
1076.150000000 8.600000000 11.234468460100
1075.150000000 6.400000000 11.206795692400
1087.900000000 5.200000000 11.173523902900
1081.150000000 9.000000000 11.164817810100
1083.400000000 5.800000000 11.113669395400
1075.650000000 7.800000000 11.091136932400
1086.900000000 7.000000000 11.060988426200
1075.650000000 7.400000000 11.053692817700
1083.900000000 6.000000000 11.032990455600
1081.900000000 5.600000000 11.019271850600
1081.400000000 5.600000000 10.997308731100
1077.650000000 5.600000000 10.982597351100
1080.400000000 6.000000000 10.982010841400
1078.400000000 6.200000000 10.978071212800
1082.150000000 9.000000000 10.954442024200
1086.400000000 7.000000000 10.952341079700
1087.400000000 4.800000000 10.950865745500
1075.650000000 8.200000000 10.946147918700
1088.400000000 8.200000000 10.890903472900
1087.400000000 6.800000000 10.878520965600
1077.150000000 8.600000000 10.859790802000
1088.150000000 8.000000000 10.856751442000
1087.400000000 5.000000000 10.764010429400
1087.650000000 5.200000000 10.738286018400
1082.400000000 8.800000000 10.718746185300
1084.400000000 6.400000000 10.711712837200
1082.400000000 8.600000000 10.678662300100
1079.650000000 8.600000000 10.662452697800
1081.650000000 9.200000000 10.580988884000
1080.900000000 9.000000000 10.572526931800
1088.900000000 4.800000000 10.560018539400
1082.150000000 5.600000000 10.550444603000
1085.150000000 6.400000000 10.520048141500
1081.900000000 9.200000000 10.510132789600
1083.150000000 8.000000000 10.503770828200
1075.150000000 6.000000000 10.497970581100
1080.650000000 8.800000000 10.497097015400
1087.900000000 7.800000000 10.486683845500
1082.400000000 8.400000000 10.468521118200
1079.900000000 6.200000000 10.461528778100
1087.150000000 6.200000000 10.432459831200
1081.400000000 9.200000000 10.424912452700
1087.650000000 5.800000000 10.423093795800
1087.900000000 5.400000000 10.395969390900
1075.900000000 8.600000000 10.363995552100
1083.650000000 5.800000000 10.354691505400
1075.400000000 6.800000000 10.351902961700
1085.400000000 6.400000000 10.280823707600
1078.150000000 5.800000000 10.254504203800
1075.650000000 7.600000000 10.221753120400
1075.650000000 8.400000000 10.217358589200
1084.150000000 6.200000000 10.196728706400
1087.400000000 7.600000000 10.193798065200
1081.150000000 9.200000000 10.164507865900
1075.650000000 5.600000000 10.155925750700
1084.900000000 6.400000000 10.137302398700
1081.150000000 5.600000000 10.106383323700
1079.400000000 6.400000000 10.096186637900
1082.400000000 5.600000000 10.054895401000
1086.900000000 7.400000000 10.044061660800
1077.900000000 5.600000000 10.040211677600
1086.650000000 7.000000000 10.034129142800
1082.150000000 9.200000000 9.952576637300
1084.650000000 6.400000000 9.942240715000
1087.400000000 5.200000000 9.932696342500
1082.400000000 9.000000000 9.926128387500
1088.650000000 8.400000000 9.920475959800
1087.400000000 6.000000000 9.896933555600
1087.150000000 4.800000000 9.854348182700
1083.400000000 8.000000000 9.843545913700
1077.400000000 8.600000000 9.794529914900
1082.650000000 8.200000000 9.771688461300
1086.900000000 6.400000000 9.769261360200
1080.650000000 9.000000000 9.769088745100
1086.150000000 6.800000000 9.767768859900
1075.150000000 5.800000000 9.753030777000
1085.900000000 6.200000000 9.692333221400
1087.150000000 5.000000000 9.690374374400
1079.400000000 8.600000000 9.686056137100
1080.900000000 9.200000000 9.684832572900
1085.650000000 6.200000000 9.652416229200
1079.650000000 6.200000000 9.636246681200
1082.650000000 8.600000000 9.600304603600
1082.650000000 5.600000000 9.570398330700
1086.650000000 7.400000000 9.564656257600
1085.400000000 8.000000000 9.562125206000
1082.650000000 8.800000000 9.534121513400
1080.150000000 6.000000000 9.523798942600
1085.900000000 6.600000000 9.514402389500
1078.900000000 6.400000000 9.510403633100
1083.650000000 8.000000000 9.510105133100
1080.650000000 5.800000000 9.485786438000
1085.900000000 6.000000000 9.439517021200
1082.650000000 8.400000000 9.430135726900
1076.400000000 5.400000000 9.416714668300
1085.150000000 8.000000000 9.410746574400
1084.150000000 6.000000000 9.368494033800
1076.650000000 5.400000000 9.341833114600
1080.400000000 8.800000000 9.337917327900
1075.400000000 5.600000000 9.334465026900
1085.650000000 8.000000000 9.309525489800
1085.650000000 6.000000000 9.292601585400
1075.150000000 6.600000000 9.280786514300
1087.650000000 5.400000000 9.269799232500
1083.900000000 5.800000000 9.249524116500
1085.650000000 6.400000000 9.242659568800
1083.900000000 8.000000000 9.229762077300
1081.650000000 9.400000000 9.224969863900
1076.150000000 5.400000000 9.214541435200
1085.400000000 6.200000000 9.191253662100
1081.400000000 9.400000000 9.170111656200
1087.650000000 5.600000000 9.169889450100
1079.150000000 6.400000000 9.155385971100
1086.150000000 7.800000000 9.135993957500
1079.900000000 6.000000000 9.124350547800
1081.900000000 9.400000000 9.092829704300
1075.400000000 7.000000000 9.083296775800
1082.900000000 5.600000000 9.073485374500
1076.900000000 5.400000000 9.072035789500
1078.400000000 6.000000000 9.070090293900
1086.400000000 7.600000000 9.063222885100
1084.900000000 8.000000000 9.045024871800
1087.150000000 5.200000000 9.011486053500
1081.150000000 9.400000000 9.008746147200
1080.650000000 9.200000000 8.985161781300
1086.150000000 6.000000000 8.940927505500
1086.150000000 6.200000000 8.915296554600
1082.400000000 9.200000000 8.882449150100
1075.650000000 8.600000000 8.869736671400
1084.150000000 8.000000000 8.846655845600
1080.900000000 9.400000000 8.751912117000
1080.400000000 9.000000000 8.726988792400
1079.150000000 8.600000000 8.725770950300
1084.400000000 6.200000000 8.722094535800
1075.900000000 5.400000000 8.715775489800
1087.400000000 5.400000000 8.708161354100
1077.150000000 5.400000000 8.692745208700
1084.650000000 8.000000000 8.690008163500
1085.400000000 6.000000000 8.686014175400
1088.900000000 8.600000000 8.660107612600
1082.650000000 9.000000000 8.659902572600
1086.900000000 5.000000000 8.654820442200
1075.400000000 7.200000000 8.646571159400
1078.150000000 5.600000000 8.639611244200
1082.150000000 9.400000000 8.632980346700
1086.900000000 4.800000000 8.629582405100
1085.900000000 6.400000000 8.589320182800
1079.650000000 6.000000000 8.589166641200
1083.150000000 5.600000000 8.573019981400
1085.150000000 6.200000000 8.551966667200
1080.900000000 5.600000000 8.547704696700
1077.650000000 8.600000000 8.545945167500
1076.400000000 8.800000000 8.519923210100
1074.900000000 6.200000000 8.518922805800
1079.400000000 6.200000000 8.512464523300
1085.900000000 8.000000000 8.506608009300
1084.400000000 8.000000000 8.502054214500
1074.900000000 6.400000000 8.484064102200
1082.900000000 8.600000000 8.425925254800
1082.900000000 8.400000000 8.417425155600
1078.650000000 6.200000000 8.389120101900
1076.650000000 8.800000000 8.383810997000
1080.650000000 9.400000000 8.341631889300
1077.400000000 5.400000000 8.305131912200
1076.150000000 8.800000000 8.303294181800
1086.900000000 6.600000000 8.286597251900
1082.900000000 8.200000000 8.282749176000
1082.900000000 8.800000000 8.276726722700
1088.150000000 8.200000000 8.266997337300
1084.400000000 6.000000000 8.241666793800
1087.150000000 6.800000000 8.214797020000
1086.900000000 6.200000000 8.166712760900
1086.900000000 5.200000000 8.133377075200
1075.650000000 5.400000000 8.129368782000
1087.150000000 5.400000000 8.122784614600
1080.150000000 8.800000000 8.103136062600
1080.400000000 9.200000000 8.090724945100
1083.400000000 5.600000000 8.084381103500
1078.400000000 5.800000000 8.081114769000
1087.400000000 5.800000000 8.079504966700
1075.400000000 7.400000000 8.070707321200
1075.150000000 5.600000000 8.060971260100
1084.900000000 6.200000000 8.047311782800
1084.650000000 6.200000000 8.043641090400
1074.900000000 6.000000000 8.039973259000
1087.900000000 8.000000000 8.024625778200
1085.150000000 6.000000000 8.000237464900
1075.400000000 8.400000000 7.978322506000
1087.650000000 7.800000000 7.963437557200
1087.150000000 7.600000000 7.953170776400
1086.400000000 6.000000000 7.940455913500
1087.400000000 5.600000000 7.937602520000
1084.150000000 5.800000000 7.929100513500
1077.650000000 5.400000000 7.908972740200
1076.900000000 8.800000000 7.892669677700
1088.400000000 8.400000000 7.874700069400
1075.900000000 8.800000000 7.870315074900
1078.900000000 8.600000000 7.863956451400
1075.400000000 8.200000000 7.824737548800
1079.400000000 6.000000000 7.765780925800
1085.900000000 5.800000000 7.757149219500
1082.400000000 9.400000000 7.730666637400
1086.150000000 5.800000000 7.729081630700
1087.150000000 5.600000000 7.724586486800
1087.150000000 6.000000000 7.707658767700
1081.150000000 9.600000000 7.695370674100
1081.400000000 9.600000000 7.683156490300
1080.400000000 9.400000000 7.682213783300
1083.150000000 8.200000000 7.678141593900
1086.650000000 5.000000000 7.670532703400
1080.900000000 9.600000000 7.656280040700
1081.650000000 9.600000000 7.650119781500
1075.400000000 8.000000000 7.632508754700
1086.150000000 6.400000000 7.596796989400
1084.650000000 6.000000000 7.596220016500
1074.900000000 5.800000000 7.590754509000
1084.900000000 6.000000000 7.556242942800
1081.900000000 9.600000000 7.550873756400
1082.650000000 9.200000000 7.531237125400
1083.150000000 8.400000000 7.529030799900
1087.150000000 5.800000000 7.519261837000
1075.400000000 7.600000000 7.501709461200
1086.400000000 6.200000000 7.480000972700
1080.150000000 9.000000000 7.479656219500
1080.650000000 9.600000000 7.468816757200
1075.400000000 5.400000000 7.462447643300
1083.650000000 5.600000000 7.461905479400
1079.150000000 6.200000000 7.438542366000
1086.900000000 5.400000000 7.429767608600
1077.900000000 8.600000000 7.427691459700
1080.400000000 5.800000000 7.423294067400
1072.150000000 7.000000000 7.421606540700
1086.650000000 4.800000000 7.418164253200
1072.150000000 7.200000000 7.417164325700
1088.650000000 8.600000000 7.400511741600
1071.900000000 7.000000000 7.393491268200
1085.650000000 5.800000000 7.375461578400
1086.650000000 5.200000000 7.374407768200
1082.900000000 9.000000000 7.369919300100
1077.900000000 5.400000000 7.320896625500
1083.150000000 8.600000000 7.303236961400
1074.900000000 6.600000000 7.302050590500
1081.650000000 5.400000000 7.262145519300
1072.400000000 7.200000000 7.254660606400
1082.150000000 9.600000000 7.244277477300
1081.900000000 5.400000000 7.243697643300
1072.400000000 7.000000000 7.235878467600
1075.400000000 8.600000000 7.219621181500
1083.400000000 8.200000000 7.214993476900
1086.400000000 5.800000000 7.195965290100
1072.150000000 7.400000000 7.166390419000
1071.900000000 7.200000000 7.161203861200
1078.650000000 8.600000000 7.159480094900
1086.900000000 5.600000000 7.125621795700
1077.150000000 8.800000000 7.121958255800
1081.400000000 5.400000000 7.115694046000
1080.150000000 5.800000000 7.094306945800
1083.150000000 8.800000000 7.093950271600
1075.400000000 7.800000000 7.091551303900
1086.150000000 8.000000000 7.087543964400
1075.650000000 8.800000000 7.072244167300
1080.150000000 9.200000000 7.055294513700
1072.400000000 7.400000000 7.045723438300
1071.900000000 6.800000000 7.040391445200
1082.150000000 5.400000000 7.039094448100
1075.150000000 6.800000000 7.029494285600
1072.150000000 6.800000000 7.027157783500
1071.650000000 7.000000000 7.025388717700
1085.650000000 8.200000000 7.009359359700
1080.400000000 9.600000000 7.000496864300
1079.900000000 5.800000000 6.992842674300
1079.150000000 6.000000000 6.969347477000
1080.650000000 5.600000000 6.963451862300
1085.400000000 8.200000000 6.952094554900
1086.400000000 6.800000000 6.944640636400
1086.900000000 5.800000000 6.930653572100
1084.400000000 5.800000000 6.924234867100
1078.650000000 6.000000000 6.902201175700
1086.900000000 6.800000000 6.900907039600
1079.900000000 8.800000000 6.895237445800
1071.900000000 7.400000000 6.891082286800
1088.900000000 8.800000000 6.881422996500
1072.650000000 7.000000000 6.880018711100
1083.650000000 8.200000000 6.863487720500
1072.650000000 7.200000000 6.857795238500
1072.400000000 6.800000000 6.840046405800
1086.650000000 5.400000000 6.834331035600
1078.400000000 5.600000000 6.826777458200
1083.400000000 8.400000000 6.811489105200
1085.400000000 5.800000000 6.803312301600
1071.650000000 6.800000000 6.788368701900
1086.400000000 5.000000000 6.788144111600
1083.900000000 8.200000000 6.780606269800
1078.900000000 6.200000000 6.761900425000
1086.900000000 6.000000000 6.760326862300
1078.150000000 8.600000000 6.756345272100
1079.650000000 5.800000000 6.749604702000
1076.150000000 5.200000000 6.749339580500
1085.150000000 8.200000000 6.737009525300
1082.400000000 5.400000000 6.735950470000
1075.900000000 5.200000000 6.735085010500
1086.650000000 7.600000000 6.731009006500
1072.650000000 7.400000000 6.726282596600
1085.900000000 8.200000000 6.724388599400
1080.150000000 9.400000000 6.720508098600
1086.650000000 6.400000000 6.718187809000
1078.400000000 8.600000000 6.690526962300
1076.400000000 5.200000000 6.676755428300
1081.150000000 5.400000000 6.670784473400
1083.900000000 5.600000000 6.636883258800
1072.150000000 7.600000000 6.619489669800
1086.400000000 5.200000000 6.617703914600
1072.400000000 7.600000000 6.606009960200
1086.150000000 6.600000000 6.564124584200
1074.900000000 5.600000000 6.554433345800
1082.400000000 9.600000000 6.544000625600
1074.650000000 6.400000000 6.542563438400
1084.150000000 8.200000000 6.540034771000
1075.650000000 5.200000000 6.538579940800
1084.900000000 8.200000000 6.536976337400
1075.150000000 5.400000000 6.531197071100
1071.650000000 7.200000000 6.531124591800
1076.650000000 5.200000000 6.524662971500
1072.650000000 6.800000000 6.512272357900
1086.650000000 6.000000000 6.504603385900
1086.400000000 7.800000000 6.492896080000
1075.150000000 7.000000000 6.475490570100
1086.900000000 7.600000000 6.445056915300
1084.650000000 8.200000000 6.439139366100
1086.650000000 5.600000000 6.437626838700
1082.650000000 9.400000000 6.435133457200
1072.650000000 7.600000000 6.420991897600
1084.400000000 8.200000000 6.404318332700
1083.400000000 8.600000000 6.396188736000
1072.900000000 7.200000000 6.396156787900
1082.650000000 5.400000000 6.388142108900
1086.400000000 4.800000000 6.386989593500
1072.900000000 7.000000000 6.380822181700
1078.150000000 5.400000000 6.377129554700
1072.150000000 8.200000000 6.371216774000
1071.900000000 7.600000000 6.361747741700
1072.900000000 7.400000000 6.359464645400
1086.650000000 6.800000000 6.342854499800
1086.400000000 5.600000000 6.326754093200
1079.400000000 5.800000000 6.313213825200
1072.400000000 8.200000000 6.296594142900
1074.650000000 6.200000000 6.293457031200
1085.150000000 5.800000000 6.293448925000
1076.900000000 5.200000000 6.291652679400
1072.150000000 8.400000000 6.284289360000
1072.150000000 6.600000000 6.280223846400
1086.400000000 5.400000000 6.279455184900
1071.900000000 8.200000000 6.270452022600
1084.650000000 5.800000000 6.265753269200
1086.650000000 5.800000000 6.264837265000
1072.400000000 7.800000000 6.256547927900
1083.650000000 8.400000000 6.251606941200
1071.400000000 7.000000000 6.242277145400
1071.900000000 6.600000000 6.234630584700
1088.650000000 8.800000000 6.229359626800
1087.900000000 8.200000000 6.216695785500
1072.150000000 7.800000000 6.213922977400
1086.150000000 5.600000000 6.209664821600
1077.400000000 8.800000000 6.204914569900
1082.900000000 9.200000000 6.200917244000
1083.150000000 9.000000000 6.200761795000
1071.900000000 8.400000000 6.200055122400
1071.400000000 6.800000000 6.185642719300
1080.150000000 9.600000000 6.174397468600
1079.900000000 9.000000000 6.163756370500
1072.400000000 8.400000000 6.151810646100
1076.150000000 9.000000000 6.147028446200
1072.650000000 7.800000000 6.143612861600
1075.400000000 5.200000000 6.142495632200
1072.400000000 8.000000000 6.140063762700
1072.900000000 7.600000000 6.130697250400
1075.150000000 7.200000000 6.124896049500
1071.650000000 7.400000000 6.120799541500
1072.150000000 8.000000000 6.119378089900
1072.650000000 8.200000000 6.114148616800
1072.400000000 6.600000000 6.098870277400
1086.400000000 6.400000000 6.092240810400
1088.400000000 8.600000000 6.082623004900
1072.900000000 6.800000000 6.077112197900
1078.650000000 5.800000000 6.073157787300
1071.650000000 6.600000000 6.072740078000
1083.400000000 8.800000000 6.071891307800
1084.900000000 5.800000000 6.064935684200
1074.650000000 6.000000000 6.060260295900
1076.400000000 9.000000000 6.040182113600
1086.650000000 6.200000000 6.037843704200
1072.650000000 8.000000000 6.033173561100
1080.900000000 5.400000000 6.029667854300
1073.150000000 7.400000000 6.024005889900
1075.400000000 8.800000000 6.020262718200
1082.900000000 5.400000000 6.014585018200
1075.900000000 9.000000000 5.999768734000
1078.900000000 5.800000000 5.988484859500
1078.900000000 6.000000000 5.981842517900
1077.150000000 5.200000000 5.981712818100
1073.150000000 7.200000000 5.972773551900
1071.900000000 7.800000000 5.967891216300
1086.150000000 5.000000000 5.960683345800
1079.150000000 5.800000000 5.955511570000
1088.150000000 8.400000000 5.953256130200
1086.150000000 8.200000000 5.946887493100
1072.650000000 8.400000000 5.945121288300
1071.900000000 8.000000000 5.944475174000
1087.400000000 7.800000000 5.938021183000
1071.650000000 8.200000000 5.937969207800
1079.900000000 9.200000000 5.927917957300
1088.900000000 9.000000000 5.918384075200
1071.650000000 8.400000000 5.899740219100
1072.900000000 7.800000000 5.898662090300
1079.650000000 8.800000000 5.883010864300
1072.900000000 8.200000000 5.854421138800
1073.900000000 7.600000000 5.842530727400
1073.150000000 7.600000000 5.823696613300
1073.900000000 7.400000000 5.812801837900
1073.150000000 7.000000000 5.810174465200
1072.900000000 8.000000000 5.797482490500
1083.900000000 8.400000000 5.789801597600
1085.900000000 5.600000000 5.781507492100
1072.650000000 6.600000000 5.763267517100
1073.400000000 7.400000000 5.762218952200
1074.650000000 5.800000000 5.757824897800
1072.900000000 8.400000000 5.757153034200
1086.150000000 5.200000000 5.757015228300
1074.150000000 7.400000000 5.749679088600
1074.650000000 6.600000000 5.748301029200
1071.400000000 6.600000000 5.741698265100
1073.650000000 7.600000000 5.741616725900
1083.650000000 8.600000000 5.731557846100
1074.150000000 7.600000000 5.722307682000
1085.900000000 8.400000000 5.713892936700
1071.650000000 7.600000000 5.712099552200
1076.650000000 9.000000000 5.706346511800
1087.650000000 8.000000000 5.703543663000
1085.650000000 8.400000000 5.697416782400
1073.650000000 7.400000000 5.694653511000
1075.150000000 7.400000000 5.694383621200
1074.900000000 8.200000000 5.691198825800
1075.150000000 8.000000000 5.686302185100
1088.650000000 9.000000000 5.680638790100
1075.150000000 8.200000000 5.680355072000
1074.900000000 8.000000000 5.677541256000
1075.150000000 7.600000000 5.675582408900
1071.400000000 7.200000000 5.675392150900
1084.150000000 5.600000000 5.674812793700
1075.150000000 8.400000000 5.667818069500
1071.150000000 6.800000000 5.641223907500
1073.400000000 7.200000000 5.630176067400
1086.400000000 9.600000000 5.616837024700
1075.650000000 9.000000000 5.616454601300
1073.400000000 7.600000000 5.612547874500
1086.150000000 5.400000000 5.604396343200
1086.650000000 9.600000000 5.604358673100
1086.150000000 4.800000000 5.600290298500
1083.150000000 5.400000000 5.599698543500
1071.650000000 8.000000000 5.592763423900
1074.650000000 8.000000000 5.592367649100
1077.400000000 5.200000000 5.577724456800
1073.150000000 6.800000000 5.576416015600
1073.150000000 7.800000000 5.574160099000
1079.150000000 5.600000000 5.564389705700
1073.150000000 8.400000000 5.561655521400
1075.150000000 7.800000000 5.561106681800
1080.400000000 5.600000000 5.556907653800
1075.150000000 5.200000000 5.551057338700
1074.400000000 7.400000000 5.546075344100
1071.900000000 6.400000000 5.545510292100
1088.400000000 8.800000000 5.542758941700
1074.900000000 6.800000000 5.539052963300
1079.900000000 9.400000000 5.536536693600
1074.150000000 7.800000000 5.532210826900
1072.150000000 8.600000000 5.525577545200
1073.150000000 8.200000000 5.512311458600
1072.150000000 6.400000000 5.511208534200
1078.900000000 5.600000000 5.508280754100
1074.400000000 7.600000000 5.505527973200
1071.900000000 8.600000000 5.503118038200
1074.650000000 8.200000000 5.497966766400
1074.900000000 7.800000000 5.487914085400
1074.150000000 7.200000000 5.485156059300
1073.900000000 7.200000000 5.484627246900
1073.900000000 7.800000000 5.482294082600
1074.400000000 7.800000000 5.480052948000
1072.400000000 8.600000000 5.477205753300
1074.650000000 7.400000000 5.466140747100
1074.900000000 7.600000000 5.460003852800
1085.150000000 9.600000000 5.459352970100
1085.400000000 8.400000000 5.454542636900
1071.650000000 7.800000000 5.451413154600
1074.650000000 7.800000000 5.450634002700
1074.900000000 7.400000000 5.447660923000
1073.150000000 8.000000000 5.445551872300
1075.150000000 8.600000000 5.444266319300
1079.400000000 5.600000000 5.437469959300
1086.400000000 9.400000000 5.433098316200
1086.150000000 9.600000000 5.432867050200
1072.650000000 8.600000000 5.421995163000
1074.400000000 8.000000000 5.417653083800
1085.400000000 9.600000000 5.403395652800
1082.650000000 9.600000000 5.403376579300
1086.650000000 9.400000000 5.399185657500
1086.650000000 6.600000000 5.398678779600
1071.400000000 8.200000000 5.396015167200
1084.900000000 9.600000000 5.392967701000
1074.650000000 7.200000000 5.382656574200
1072.900000000 6.600000000 5.382380008700
1084.150000000 8.400000000 5.381115913400
1074.400000000 7.200000000 5.377270221700
1074.900000000 5.400000000 5.369017124200
1073.650000000 7.200000000 5.367566108700
1074.650000000 7.600000000 5.356719017000
1087.150000000 7.800000000 5.350022316000
1073.400000000 7.000000000 5.344523429900
1072.900000000 8.600000000 5.333733558700
1086.150000000 8.400000000 5.322697162600
1083.400000000 9.000000000 5.319392204300
1071.400000000 8.400000000 5.318287372600
1087.400000000 8.000000000 5.315850257900
1085.650000000 9.600000000 5.305621147200
1074.900000000 7.200000000 5.305246830000
1079.400000000 8.800000000 5.301099777200
1084.400000000 8.400000000 5.299446106000
1085.900000000 9.600000000 5.295705318500
1084.650000000 8.400000000 5.290671825400
1074.900000000 8.400000000 5.282362937900
1071.150000000 7.000000000 5.277690410600
1085.150000000 8.400000000 5.277195930500
1084.900000000 8.400000000 5.276106834400
1073.400000000 7.800000000 5.274152278900
1073.650000000 7.800000000 5.271451950100
1071.650000000 8.600000000 5.269707202900
1077.650000000 8.800000000 5.268091678600
1083.900000000 8.600000000 5.267347335800
1071.150000000 6.600000000 5.258907318100
1073.400000000 8.400000000 5.252470016500
1083.650000000 8.800000000 5.249522209200
1074.400000000 6.400000000 5.249317646000
1071.650000000 6.400000000 5.246048450500
1086.150000000 9.400000000 5.241158962200
1079.650000000 5.600000000 5.238060474400
1085.900000000 8.600000000 5.223079681400
1075.900000000 5.000000000 5.220446586600
1080.650000000 5.400000000 5.220004558600
1086.400000000 9.200000000 5.202435493500
1084.650000000 9.600000000 5.202351093300
1086.400000000 8.000000000 5.195985794100
1076.900000000 9.000000000 5.195899009700
1075.650000000 5.000000000 5.178075790400
1086.150000000 8.600000000 5.174590110800
1086.900000000 9.600000000 5.170078754400
1088.400000000 9.000000000 5.168818473800
1071.400000000 8.000000000 5.166682243300
1072.400000000 6.400000000 5.163249015800
1088.900000000 9.200000000 5.160876274100
1086.650000000 9.200000000 5.159270763400
1079.650000000 9.000000000 5.150703907000
1074.150000000 8.000000000 5.150174617800
1077.650000000 5.200000000 5.149427413900
1076.150000000 5.000000000 5.144874095900
1073.150000000 8.600000000 5.144368171700
1085.650000000 5.600000000 5.141798019400
1078.650000000 5.600000000 5.132870197300
1078.400000000 5.400000000 5.131867408800
1085.900000000 5.000000000 5.131203174600
1085.150000000 9.400000000 5.125527858700
1074.400000000 8.200000000 5.115458488500
1083.400000000 5.400000000 5.103131771100
1086.400000000 9.000000000 5.101978778800
1074.650000000 5.600000000 5.100325107600
1079.900000000 9.600000000 5.098753452300
1085.400000000 9.400000000 5.087410450000
1079.900000000 5.600000000 5.067684650400
1073.400000000 8.600000000 5.063586235000
1073.400000000 8.200000000 5.061224937400
1073.650000000 7.000000000 5.054376125300
1075.400000000 9.000000000 5.053916931200
1073.400000000 6.800000000 5.053025722500
1074.650000000 8.400000000 5.052457332600
1085.900000000 9.400000000 5.051763534500
1083.150000000 9.200000000 5.051366806000
1085.900000000 4.800000000 5.035078048700
1086.400000000 8.800000000 5.030273437500
1086.150000000 9.200000000 5.030112743400
1076.400000000 5.000000000 5.029642581900
1073.400000000 8.000000000 5.028589248700
1073.150000000 6.600000000 5.025259971600
1087.650000000 8.200000000 5.022719860100
1086.150000000 8.800000000 5.021103858900
1084.900000000 9.400000000 5.017764091500
1085.650000000 9.400000000 5.010069370300
1085.650000000 8.600000000 4.998170852700
1071.400000000 7.400000000 4.998123645800
1070.900000000 6.800000000 4.982387542700
1082.900000000 9.400000000 4.979479789700
1080.150000000 5.600000000 4.978991508500
1075.400000000 5.000000000 4.978751182600
1086.900000000 9.400000000 4.975875854500
1074.150000000 7.000000000 4.958736896500
1086.150000000 9.000000000 4.958317279800
1086.650000000 9.000000000 4.951710701000
1073.900000000 7.000000000 4.943923473400
1084.900000000 8.600000000 4.939805030800
1074.150000000 9.600000000 4.938609123200
1084.400000000 9.600000000 4.934893608100
1074.400000000 7.000000000 4.928756713900
1084.650000000 8.600000000 4.919167518600
1074.400000000 6.200000000 4.906466960900
1088.150000000 8.800000000 4.901546001400
1073.900000000 9.600000000 4.901475429500
1084.150000000 8.600000000 4.898121357000
1075.150000000 8.800000000 4.880641460400
1076.650000000 5.000000000 4.865087509200
1085.150000000 8.600000000 4.853076934800
1074.650000000 7.000000000 4.849201679200
1085.150000000 9.200000000 4.845045089700
1085.900000000 8.800000000 4.839261531800
1085.400000000 8.600000000 4.833276748700
1085.900000000 9.200000000 4.832410812400
1073.900000000 8.000000000 4.828682899500
1086.900000000 9.200000000 4.819437503800
1088.150000000 8.600000000 4.812119483900
1085.900000000 5.200000000 4.808530330700
1086.400000000 8.600000000 4.808263778700
1085.400000000 9.200000000 4.804569721200
1074.400000000 6.600000000 4.800233840900
1088.650000000 9.200000000 4.796511650100
1079.150000000 5.400000000 4.791624069200
1084.650000000 9.400000000 4.789839744600
1074.900000000 5.200000000 4.789354801200
1071.400000000 7.800000000 4.788623809800
1079.650000000 9.200000000 4.785105228400
1071.400000000 6.400000000 4.784502983100
1087.150000000 8.000000000 4.782158851600
1086.400000000 6.600000000 4.776126861600
1077.900000000 5.200000000 4.775876522100
1073.650000000 8.400000000 4.767670154600
1084.400000000 5.600000000 4.760067939800
1085.650000000 9.200000000 4.752939701100
1085.900000000 5.400000000 4.750614643100
1074.900000000 7.000000000 4.750208377800
1079.400000000 5.400000000 4.749951839400
1073.650000000 8.600000000 4.743485450700
1085.900000000 9.000000000 4.736457347900
1072.650000000 6.400000000 4.727557182300
1084.900000000 9.200000000 4.722668170900
1086.900000000 7.800000000 4.719700336500
1084.900000000 8.800000000 4.717288017300
1074.900000000 8.600000000 4.716568470000
1084.400000000 8.600000000 4.711650848400
1074.400000000 8.400000000 4.707368373900
1070.900000000 6.600000000 4.701361179400
1071.400000000 8.600000000 4.696439743000
1073.650000000 9.600000000 4.694832325000
1086.650000000 8.800000000 4.693172454800
1076.900000000 5.000000000 4.691983223000
1085.150000000 9.000000000 4.690399169900
1073.650000000 8.000000000 4.685411453200
1087.400000000 8.200000000 4.683470726000
1079.150000000 8.800000000 4.683273792300
1070.900000000 7.000000000 4.676157951400
1073.400000000 6.600000000 4.671457290600
1071.400000000 7.600000000 4.665795803100
1085.150000000 8.800000000 4.665529727900
1074.400000000 6.000000000 4.661363601700
1074.150000000 8.200000000 4.659817218800
1084.150000000 9.600000000 4.654861450200
1086.400000000 8.200000000 4.650200367000
1083.900000000 8.800000000 4.645084857900
1085.650000000 8.800000000 4.641173839600
1085.400000000 9.000000000 4.638200283100
1071.150000000 7.200000000 4.631779193900
1073.650000000 6.800000000 4.630529880500
1074.400000000 9.600000000 4.625939846000
1075.150000000 5.000000000 4.622015953100
1084.900000000 9.000000000 4.618679046600
1074.150000000 6.400000000 4.618181705500
1085.650000000 9.000000000 4.616484165200
1083.650000000 5.400000000 4.614448070500
1084.650000000 8.800000000 4.595682621000
1079.650000000 5.400000000 4.588477134700
1085.400000000 8.800000000 4.582749366800
1078.900000000 5.400000000 4.576670169800
1077.150000000 9.000000000 4.575947284700
1082.900000000 9.600000000 4.561976432800
1075.900000000 9.200000000 4.557974338500
1074.650000000 8.600000000 4.553331852000
1085.650000000 4.800000000 4.552995204900
1074.400000000 5.800000000 4.550741672500
1086.400000000 8.400000000 4.539160728500
1071.150000000 8.000000000 4.538756370500
1072.900000000 8.800000000 4.533028602600
1073.650000000 6.400000000 4.531632423400
1072.650000000 8.800000000 4.530929088600
1088.150000000 9.000000000 4.525367736800
1071.150000000 8.200000000 4.524559974700
1073.650000000 8.200000000 4.523499012000
1084.400000000 9.400000000 4.523267746000
1083.150000000 9.600000000 4.519248008700
1087.900000000 8.400000000 4.512947559400
1071.900000000 6.200000000 4.508695125600
1072.400000000 8.800000000 4.505661010700
1077.150000000 5.000000000 4.504189491300
1074.650000000 6.800000000 4.499802112600
1072.150000000 8.800000000 4.496529579200
1083.650000000 9.000000000 4.494582653000
1073.400000000 6.400000000 4.493500709500
1085.400000000 5.600000000 4.489883899700
1076.150000000 9.200000000 4.483533382400
1073.900000000 6.400000000 4.478407383000
1079.900000000 5.400000000 4.454327106500
1071.900000000 8.800000000 4.450811862900
1073.150000000 8.800000000 4.449725151100
1070.650000000 6.800000000 4.443798542000
1072.150000000 6.200000000 4.442542076100
1083.900000000 9.600000000 4.434959888500
1072.900000000 6.400000000 4.431007862100
1084.650000000 9.200000000 4.429192543000
1080.400000000 5.400000000 4.423620224000
1080.150000000 5.400000000 4.422400474500
1077.900000000 8.800000000 4.417875289900
1087.650000000 8.400000000 4.410910129500
1086.900000000 9.000000000 4.410470485700
1086.650000000 7.800000000 4.410339355500
1075.650000000 9.200000000 4.407881736800
1083.400000000 9.600000000 4.401093483000
1071.150000000 8.400000000 4.399506092100
1074.150000000 9.400000000 4.396451473200
1084.650000000 9.000000000 4.383783817300
1075.150000000 9.000000000 4.374555587800
1070.650000000 6.600000000 4.374076366400
1074.650000000 5.400000000 4.351360797900
1073.900000000 6.800000000 4.350273609200
1079.650000000 9.400000000 4.348843097700
1074.400000000 8.600000000 4.348651886000
1078.150000000 5.200000000 4.344501972200
1083.650000000 9.600000000 4.344422817200
1074.150000000 6.200000000 4.341476440400
1079.400000000 9.000000000 4.340634822800
1076.150000000 4.800000000 4.335951805100
1071.150000000 6.400000000 4.320972919500
1075.900000000 4.800000000 4.315670490300
1088.400000000 9.200000000 4.310136795000
1074.150000000 8.400000000 4.308911323500
1073.900000000 9.400000000 4.303629875200
1084.400000000 8.800000000 4.301105022400
1087.150000000 9.600000000 4.299212932600
1085.650000000 5.000000000 4.296888351400
1084.150000000 9.400000000 4.287625312800
1073.650000000 6.600000000 4.285101413700
1074.150000000 6.800000000 4.284666538200
1073.900000000 8.200000000 4.271919250500
1074.150000000 6.600000000 4.271269798300
1079.650000000 9.600000000 4.260389804800
1074.900000000 8.800000000 4.259638309500
1073.400000000 8.800000000 4.256537437400
1071.650000000 6.200000000 4.256429672200
1074.400000000 6.800000000 4.251301288600
1071.150000000 7.800000000 4.243287086500
1084.150000000 8.800000000 4.241915226000
1077.400000000 5.000000000 4.233474254600
1076.400000000 4.800000000 4.232071399700
1071.650000000 8.800000000 4.226270198800
1086.650000000 8.600000000 4.225142955800
1073.150000000 6.400000000 4.225127220200
1081.650000000 5.200000000 4.224500656100
1074.400000000 9.400000000 4.221926212300
1069.900000000 6.600000000 4.219244480100
1070.400000000 6.600000000 4.217333316800
1073.650000000 6.200000000 4.204734325400
1073.400000000 9.600000000 4.200938701600
1073.900000000 6.200000000 4.200887203200
1070.150000000 6.600000000 4.199885845200
1083.150000000 9.400000000 4.198856830600
1074.900000000 5.000000000 4.198299408000
1070.400000000 6.800000000 4.188334465000
1086.900000000 8.000000000 4.186878204300
1073.900000000 8.600000000 4.186170578000
1073.900000000 8.400000000 4.186007499700
1087.150000000 9.200000000 4.176863670300
1087.400000000 8.400000000 4.175191879300
1081.900000000 5.200000000 4.174873828900
1087.150000000 9.400000000 4.173388481100
1076.400000000 9.200000000 4.173050880400
1081.400000000 5.200000000 4.167280197100
1087.150000000 8.200000000 4.165372371700
1070.650000000 7.000000000 4.163193225900
1078.900000000 8.800000000 4.154005050700
1075.400000000 9.200000000 4.153773784600
1074.650000000 9.600000000 4.148666858700
1074.650000000 8.800000000 4.145049095200
1075.650000000 4.800000000 4.139958381700
1072.400000000 6.200000000 4.135708808900
1070.900000000 7.200000000 4.134369850200
1069.650000000 6.600000000 4.132163524600
1083.900000000 9.400000000 4.128749370600
1083.400000000 9.400000000 4.118316650400
1084.650000000 5.600000000 4.105444908100
1071.150000000 5.600000000 4.105302810700
1074.400000000 5.600000000 4.104501724200
1087.900000000 8.800000000 4.104470729800
1073.400000000 6.200000000 4.100297927900
1073.650000000 8.800000000 4.093482017500
1071.150000000 7.400000000 4.091332435600
1086.900000000 8.800000000 4.090036392200
1081.150000000 5.200000000 4.089803695700
1073.900000000 6.600000000 4.087940216100
1083.400000000 9.200000000 4.081052303300
1079.400000000 9.200000000 4.078713893900
1083.650000000 9.400000000 4.073949813800
1074.150000000 8.600000000 4.072678566000
1070.150000000 6.800000000 4.069279193900
1084.400000000 9.200000000 4.068621158600
1082.150000000 5.200000000 4.063276290900
1071.400000000 5.600000000 4.061901569400
1088.900000000 9.400000000 4.060107708000
1085.400000000 4.800000000 4.060069084200
1078.650000000 5.400000000 4.049229145100
1072.650000000 4.800000000 4.041233062700
1073.650000000 9.400000000 4.039210796400
1070.900000000 6.400000000 4.030344009400
1071.150000000 7.600000000 4.009330749500
1083.900000000 5.400000000 4.008619308500
1085.150000000 5.600000000 4.007973194100
1076.650000000 4.800000000 4.005970478100
1072.900000000 4.800000000 4.004394531200
1069.900000000 6.800000000 4.001667976400
1084.400000000 9.000000000 3.999810457200
1074.650000000 5.200000000 3.987515211100
1079.400000000 5.200000000 3.984694719300
1069.900000000 6.400000000 3.982458353000
1074.400000000 8.800000000 3.980539321900
1074.150000000 6.000000000 3.967666149100
1079.150000000 5.200000000 3.965538501700
1074.650000000 9.400000000 3.953793287300
1069.900000000 8.400000000 3.941981554000
1075.400000000 4.800000000 3.940400838900
1069.650000000 8.400000000 3.938419580500
1071.150000000 5.400000000 3.931272983600
1070.150000000 6.400000000 3.930623531300
1082.400000000 5.200000000 3.926406860400
1080.900000000 5.200000000 3.925410032300
1077.400000000 9.000000000 3.916446447400
1070.900000000 7.600000000 3.911628723100
1073.150000000 6.000000000 3.911495447200
1070.650000000 6.400000000 3.904621839500
1070.900000000 7.400000000 3.899768590900
1070.650000000 7.400000000 3.899474859200
1073.150000000 6.200000000 3.898618221300
1073.400000000 6.000000000 3.898594856300
1087.900000000 8.600000000 3.894301414500
1074.150000000 5.800000000 3.894002437600
1075.150000000 9.200000000 3.891957998300
1069.650000000 6.400000000 3.887360811200
1077.650000000 5.000000000 3.883725166300
1079.650000000 5.200000000 3.882668972000
1069.650000000 8.600000000 3.882506609000
1073.150000000 5.800000000 3.879991769800
1070.650000000 7.200000000 3.879001379000
1070.900000000 5.600000000 3.876838207200
1073.400000000 5.800000000 3.873945713000
1070.400000000 6.400000000 3.871643543200
1070.400000000 7.000000000 3.869515419000
1070.150000000 8.400000000 3.867271661800
1069.900000000 8.600000000 3.866965293900
1085.650000000 5.200000000 3.866878747900
1070.900000000 7.800000000 3.866292476700
1070.650000000 7.600000000 3.857514858200
1074.900000000 9.000000000 3.856493234600
1084.900000000 5.600000000 3.849837064700
1069.400000000 8.400000000 3.847803115800
1069.650000000 6.800000000 3.846264123900
1085.650000000 5.400000000 3.836547851600
1071.400000000 5.400000000 3.832019090700
1087.900000000 9.000000000 3.818782568000
1071.400000000 6.200000000 3.818600416200
1070.150000000 8.600000000 3.816429376600
1073.650000000 6.000000000 3.815516948700
1069.400000000 6.600000000 3.812009573000
1078.650000000 8.800000000 3.811599493000
1072.400000000 4.800000000 3.793727159500
1083.900000000 9.000000000 3.792051076900
1079.900000000 5.200000000 3.789855718600
1073.150000000 4.800000000 3.788316488300
1088.650000000 9.400000000 3.786338329300
1074.650000000 5.000000000 3.783692598300
1076.900000000 4.800000000 3.783539772000
1080.400000000 5.200000000 3.781530380200
1073.900000000 6.000000000 3.781434059100
1078.400000000 5.200000000 3.776843071000
1070.400000000 8.600000000 3.775050878500
1069.400000000 8.600000000 3.774524450300
1082.650000000 5.200000000 3.771509647400
1080.150000000 5.200000000 3.769290924100
1071.150000000 8.600000000 3.765434980400
1072.650000000 6.200000000 3.765008211100
1070.400000000 8.400000000 3.763871192900
1084.150000000 9.200000000 3.759821176500
1086.650000000 8.000000000 3.747102499000
1073.650000000 5.800000000 3.743064403500
1076.650000000 9.200000000 3.741918087000
1074.150000000 8.800000000 3.738925218600
1069.150000000 8.400000000 3.738545179400
1072.900000000 6.000000000 3.738222360600
1078.150000000 8.800000000 3.735959291500
1087.150000000 8.400000000 3.735849618900
1070.900000000 5.400000000 3.734320402100
1074.900000000 9.400000000 3.734147310300
1080.650000000 5.200000000 3.733605146400
1073.900000000 8.800000000 3.733343839600
1074.650000000 9.000000000 3.729168653500
1086.900000000 8.200000000 3.728704690900
1087.150000000 9.000000000 3.727532625200
1070.650000000 8.600000000 3.715256452600
1074.900000000 9.600000000 3.712511777900
1071.650000000 5.600000000 3.712255001100
1075.150000000 4.800000000 3.704054355600
1079.400000000 9.400000000 3.703563213300
1070.900000000 8.000000000 3.691178083400
1072.900000000 5.800000000 3.688219785700
1071.400000000 8.800000000 3.684429168700
1070.400000000 7.400000000 3.682116985300
1078.900000000 5.200000000 3.679918050800
1087.650000000 8.600000000 3.679393291500
1073.900000000 5.800000000 3.675090551400
1073.150000000 9.600000000 3.671232938800
1073.150000000 5.600000000 3.670378446600
1087.400000000 9.600000000 3.660684108700
1072.900000000 6.200000000 3.659430980700
1086.650000000 8.400000000 3.655224561700
1075.650000000 9.400000000 3.654046773900
1071.900000000 5.600000000 3.653522253000
1070.150000000 7.000000000 3.645994186400
1069.150000000 8.600000000 3.644916772800
1070.650000000 8.400000000 3.644814252900
1074.900000000 9.200000000 3.640624046300
1070.400000000 7.200000000 3.632467508300
1075.150000000 9.400000000 3.632051467900
1073.400000000 5.600000000 3.627676725400
1075.400000000 9.400000000 3.625767707800
1074.400000000 5.400000000 3.622330188800
1071.900000000 5.400000000 3.618455171600
1077.150000000 4.800000000 3.612847805000
1070.400000000 7.600000000 3.611794710200
1088.150000000 9.200000000 3.609722614300
1073.400000000 9.400000000 3.607139587400
1074.150000000 5.600000000 3.605497598600
1086.650000000 8.200000000 3.598914146400
1084.150000000 9.000000000 3.588886022600
1075.900000000 9.400000000 3.586283922200
1082.900000000 5.200000000 3.582044124600
1069.400000000 6.400000000 3.579921484000
1070.900000000 8.600000000 3.579582929600
1071.150000000 5.800000000 3.573679685600
1083.900000000 9.200000000 3.570985317200
1079.150000000 9.000000000 3.553531646700
1070.650000000 5.600000000 3.541305780400
1074.400000000 9.000000000 3.531268358200
1078.400000000 8.800000000 3.522446394000
1072.150000000 5.600000000 3.519976139100
1085.150000000 4.800000000 3.515507459600
1073.400000000 4.800000000 3.512941837300
1083.650000000 9.200000000 3.507324934000
1072.900000000 5.600000000 3.503736019100
1069.650000000 8.200000000 3.502952575700
1071.650000000 5.400000000 3.502457618700
1079.150000000 9.200000000 3.502420902300
1070.650000000 7.800000000 3.500960826900
1085.400000000 5.000000000 3.499997139000
1069.400000000 6.800000000 3.496302843100
1070.900000000 8.400000000 3.494763374300
1073.650000000 5.600000000 3.494320869400
1071.400000000 5.800000000 3.494284391400
1069.900000000 8.200000000 3.494064331100
1070.900000000 8.200000000 3.493118286100
1070.150000000 5.600000000 3.489764928800
1071.900000000 5.200000000 3.489096164700
1086.900000000 8.600000000 3.488483429000
1072.150000000 5.400000000 3.483074665100
1069.900000000 7.000000000 3.482710123100
1072.150000000 9.600000000 3.468203067800
1087.650000000 8.800000000 3.458123445500
1069.900000000 5.600000000 3.454494237900
1079.400000000 9.600000000 3.450529098500
1069.400000000 8.200000000 3.447268247600
1077.400000000 4.800000000 3.440862655600
1077.900000000 5.000000000 3.438624382000
1073.900000000 5.600000000 3.436738729500
1069.900000000 6.200000000 3.435060501100
1075.150000000 9.600000000 3.433902978900
1074.900000000 4.800000000 3.429624319100
1070.900000000 5.800000000 3.427597045900
1070.400000000 5.600000000 3.421852350200
1071.900000000 5.800000000 3.421457529100
1072.400000000 9.600000000 3.420688390700
1070.650000000 5.400000000 3.419274330100
1087.400000000 8.600000000 3.418733835200
1071.900000000 5.000000000 3.418319702100
1086.900000000 8.400000000 3.415979385400
1070.150000000 6.200000000 3.405448913600
1072.650000000 9.000000000 3.399503707900
1071.650000000 5.800000000 3.397264242200
1072.150000000 4.800000000 3.396919250500
1070.150000000 8.200000000 3.395223856000
1072.400000000 9.000000000 3.393727064100
1071.150000000 6.200000000 3.393640279800
1074.650000000 9.200000000 3.392385006000
1072.900000000 9.000000000 3.383475542100
1074.400000000 5.200000000 3.382820606200
1070.150000000 5.800000000 3.376562595400
1070.150000000 7.400000000 3.374334812200
1071.650000000 5.000000000 3.370972394900
1072.150000000 5.200000000 3.370463371300
1074.400000000 5.000000000 3.369897842400
1072.650000000 6.000000000 3.365812540100
1070.150000000 7.200000000 3.363173961600
1072.150000000 9.000000000 3.362429857300
1072.900000000 9.600000000 3.360122442200
1070.400000000 5.800000000 3.359148740800
1071.650000000 5.200000000 3.351701974900
1079.150000000 9.400000000 3.346628904300
1084.150000000 5.400000000 3.338124990500
1070.400000000 6.200000000 3.337609052700
1069.150000000 8.200000000 3.335006237000
1069.650000000 6.200000000 3.332905769300
1069.650000000 8.800000000 3.332163095500
1087.400000000 9.200000000 3.331253767000
1069.900000000 8.800000000 3.330076456100
1083.150000000 5.200000000 3.329966306700
1072.400000000 5.600000000 3.329227685900
1073.150000000 9.000000000 3.328243255600
1076.150000000 9.400000000 3.328068971600
1072.150000000 5.800000000 3.324681997300
1070.400000000 8.800000000 3.323658227900
1072.650000000 9.600000000 3.319428920700
1070.150000000 8.800000000 3.318856716200
1070.900000000 5.200000000 3.317166805300
1072.150000000 9.400000000 3.314832210500
1072.650000000 5.800000000 3.313606262200
1069.900000000 5.800000000 3.308735132200
1069.650000000 7.000000000 3.308012723900
1071.150000000 5.200000000 3.304213523900
1076.900000000 9.200000000 3.301466941800
1070.650000000 8.800000000 3.297912359200
1071.900000000 6.000000000 3.296432495100
1071.900000000 9.600000000 3.296040773400
1070.650000000 5.800000000 3.294273376500
1069.150000000 7.200000000 3.293713569600
1073.150000000 5.000000000 3.293461084400
1075.400000000 9.600000000 3.291757583600
1070.150000000 7.600000000 3.290882110600
1071.650000000 4.800000000 3.288255691500
1073.150000000 5.400000000 3.284119367600
1069.900000000 7.400000000 3.282680273100
1070.650000000 6.200000000 3.280626297000
1070.400000000 8.200000000 3.280169963800
1077.650000000 9.000000000 3.278536319700
1074.400000000 9.200000000 3.276867389700
1070.900000000 6.200000000 3.272270679500
1072.900000000 5.000000000 3.264983892400
1071.900000000 9.000000000 3.263797283200
1069.400000000 8.800000000 3.259671926500
1074.150000000 9.000000000 3.258646249800
1073.400000000 5.400000000 3.255973815900
1074.650000000 4.800000000 3.253245115300
1073.400000000 5.000000000 3.252324342700
1069.150000000 6.600000000 3.243827104600
1087.650000000 9.000000000 3.238021373700
1072.400000000 5.400000000 3.228079557400
1088.400000000 9.400000000 3.227131605100
1073.650000000 4.800000000 3.227124691000
1074.150000000 5.400000000 3.227069854700
1087.650000000 9.600000000 3.220797300300
1071.150000000 9.600000000 3.220429420500
1073.400000000 9.000000000 3.219949960700
1069.150000000 7.000000000 3.218610525100
1072.400000000 9.400000000 3.218419551800
1072.150000000 6.000000000 3.216159820600
1072.150000000 5.000000000 3.213294029200
1077.650000000 4.800000000 3.207653999300
1071.650000000 6.000000000 3.205708265300
1072.400000000 5.800000000 3.199919939000
1069.400000000 7.200000000 3.199345827100
1071.900000000 4.800000000 3.196181058900
1087.400000000 9.400000000 3.195099592200
1072.650000000 5.000000000 3.192362785300
1073.150000000 9.400000000 3.191759347900
1069.650000000 7.400000000 3.191525936100
1072.650000000 5.600000000 3.188587188700
1074.150000000 9.200000000 3.183176279100
1069.650000000 5.600000000 3.181239843400
1070.650000000 8.200000000 3.172734737400
1087.400000000 9.000000000 3.171441793400
1075.650000000 9.600000000 3.170696020100
1070.900000000 9.600000000 3.170622587200
1072.900000000 5.400000000 3.168562650700
1073.650000000 5.400000000 3.165734052700
1070.650000000 5.200000000 3.162758112000
1070.900000000 8.800000000 3.162610530900
1077.400000000 9.400000000 3.160480022400
1070.400000000 5.400000000 3.155646801000
1069.900000000 7.200000000 3.155535936400
1079.400000000 5.000000000 3.147119998900
1087.150000000 8.600000000 3.131800890000
1070.150000000 5.400000000 3.127897262600
1087.150000000 8.800000000 3.124301910400
1077.650000000 9.400000000 3.119951725000
1069.650000000 5.800000000 3.117089510000
1073.650000000 5.000000000 3.117082595800
1073.900000000 5.400000000 3.115189313900
1071.400000000 4.800000000 3.112308502200
1071.900000000 9.400000000 3.110570192300
1072.400000000 5.200000000 3.102505683900
1078.900000000 9.200000000 3.097291708000
1087.400000000 8.800000000 3.095894098300
1079.650000000 5.000000000 3.095852136600
1077.150000000 9.400000000 3.093584537500
1069.150000000 6.400000000 3.092338800400
1074.400000000 4.800000000 3.092318296400
1076.400000000 9.400000000 3.091264963200
1076.400000000 9.600000000 3.085783720000
1074.150000000 5.000000000 3.081667423200
1069.900000000 5.400000000 3.079609394100
1079.150000000 5.000000000 3.079242467900
1078.650000000 5.200000000 3.077847003900
1071.400000000 5.000000000 3.076918602000
1070.400000000 7.800000000 3.070263147400
1073.650000000 9.000000000 3.067614078500
1069.150000000 7.400000000 3.064791202500
1078.900000000 9.400000000 3.061687707900
1073.900000000 4.800000000 3.060072660400
1069.400000000 6.200000000 3.056487560300
1077.400000000 9.200000000 3.052537441300
1069.150000000 8.800000000 3.052533626600
1069.400000000 7.000000000 3.045683145500
1071.400000000 5.200000000 3.044504642500
1088.900000000 9.600000000 3.043357610700
1085.400000000 5.200000000 3.041710138300
1079.150000000 9.600000000 3.039844274500
1074.150000000 4.800000000 3.039542913400
1083.400000000 5.200000000 3.036107540100
1069.650000000 5.400000000 3.034794807400
1071.400000000 6.000000000 3.033794879900
1072.650000000 9.400000000 3.032477378800
1079.900000000 5.000000000 3.030241489400
1074.150000000 5.200000000 3.029485940900
1073.400000000 5.200000000 3.027856826800
1077.900000000 9.400000000 3.022338151900
1069.650000000 7.200000000 3.021280050300
1071.650000000 9.000000000 3.020677804900
1069.900000000 7.600000000 3.019945859900
1085.400000000 5.400000000 3.015765190100
1071.400000000 9.600000000 3.014475822400
1073.900000000 5.000000000 3.011284828200
1072.650000000 5.400000000 3.009963035600
1077.150000000 9.200000000 3.004769086800
1084.900000000 4.800000000 3.002769947100
1077.650000000 9.200000000 3.000838756600
1087.900000000 9.200000000 2.999649047900
1078.150000000 5.000000000 2.998018741600
1080.150000000 5.000000000 2.997835636100
1073.150000000 5.200000000 2.995634317400
1073.900000000 9.200000000 2.995604515100
1073.650000000 5.200000000 2.994899034500
1077.900000000 4.800000000 2.993667364100
1076.650000000 9.600000000 2.993619918800
1072.900000000 9.400000000 2.985544920000
1072.400000000 6.000000000 2.983664035800
1080.400000000 5.000000000 2.983190536500
1072.400000000 5.000000000 2.981696844100
1078.900000000 9.000000000 2.973518610000
1076.900000000 9.400000000 2.966869831100
1075.900000000 9.600000000 2.962629795100
1073.900000000 9.000000000 2.958878517200
1070.650000000 8.000000000 2.957472086000
1070.400000000 5.200000000 2.956677436800
1070.650000000 5.000000000 2.954771995500
1069.150000000 6.800000000 2.951517820400
1073.900000000 5.200000000 2.944937229200
1069.400000000 7.400000000 2.943058967600
1070.900000000 5.000000000 2.939155578600
1069.150000000 5.200000000 2.939100742300
1077.400000000 9.600000000 2.938989162400
1069.400000000 5.600000000 2.938505888000
1077.900000000 9.200000000 2.930874586100
1069.400000000 5.400000000 2.928996324500
1078.150000000 9.400000000 2.919189930000
1080.650000000 5.000000000 2.910379171400
1076.150000000 9.600000000 2.904567956900
1077.150000000 9.600000000 2.903931856200
1072.400000000 9.200000000 2.893060445800
1077.650000000 9.600000000 2.891624927500
1070.150000000 6.000000000 2.887579917900
1071.150000000 8.800000000 2.882168531400
1072.650000000 9.200000000 2.873099088700
1078.650000000 9.400000000 2.872252702700
1078.650000000 9.200000000 2.865916252100
1078.900000000 5.000000000 2.859660863900
1069.900000000 6.000000000 2.857671499300
1069.650000000 7.600000000 2.854417562500
1076.900000000 9.600000000 2.854166269300
1072.650000000 5.200000000 2.850121974900
1072.900000000 5.200000000 2.849136829400
1069.150000000 5.000000000 2.846497297300
1078.150000000 9.200000000 2.846060276000
1078.400000000 9.400000000 2.842988729500
1071.650000000 9.600000000 2.840342044800
1070.400000000 6.000000000 2.839967250800
1078.150000000 4.800000000 2.831740140900
1070.400000000 5.000000000 2.827306747400
1070.650000000 6.000000000 2.826705217400
1076.650000000 9.400000000 2.821761608100
1071.150000000 6.000000000 2.812799215300
1069.400000000 8.000000000 2.807300090800
1077.900000000 9.600000000 2.800209283800
1069.400000000 5.200000000 2.798226356500
1070.150000000 5.200000000 2.796706914900
1070.900000000 6.000000000 2.793841838800
1085.150000000 5.000000000 2.787783145900
1069.650000000 8.000000000 2.786921978000
1087.650000000 9.200000000 2.784830570200
1069.900000000 8.000000000 2.783973932300
1070.150000000 7.800000000 2.780812263500
1070.650000000 9.600000000 2.780754566200
1078.400000000 9.200000000 2.776793003100
1069.400000000 7.600000000 2.772737741500
1069.400000000 5.000000000 2.763613700900
1069.650000000 5.200000000 2.754187583900
1069.400000000 5.800000000 2.752278566400
1069.150000000 8.000000000 2.749097585700
1069.650000000 6.000000000 2.747611761100
1071.150000000 5.000000000 2.735429048500
1069.900000000 5.200000000 2.734122753100
1070.150000000 8.000000000 2.729945182800
1069.150000000 6.200000000 2.729436159100
1084.400000000 5.400000000 2.722839355500
1088.650000000 9.600000000 2.708054542500
1073.650000000 9.200000000 2.706202507000
1069.150000000 5.400000000 2.701803445800
1077.900000000 9.000000000 2.701622486100
1078.150000000 9.600000000 2.694440126400
1071.150000000 4.800000000 2.691997051200
1080.900000000 5.000000000 2.691310644100
1083.650000000 5.200000000 2.688349008600
1069.150000000 7.600000000 2.678288459800
1070.150000000 5.000000000 2.673890829100
1078.400000000 4.800000000 2.672280788400
1087.900000000 9.600000000 2.670728683500
1078.650000000 9.000000000 2.662490367900
1070.400000000 8.000000000 2.662205457700
1069.650000000 5.000000000 2.658766746500
1070.900000000 9.400000000 2.646888971300
1078.400000000 5.000000000 2.643475771000
1070.400000000 9.000000000 2.642258167300
1078.900000000 9.600000000 2.642031908000
1072.150000000 9.200000000 2.639432907100
1072.900000000 9.200000000 2.635683774900
1069.150000000 4.800000000 2.626350402800
1084.650000000 4.800000000 2.614387035400
1069.900000000 5.000000000 2.613944530500
1070.150000000 9.000000000 2.612325191500
1071.150000000 9.400000000 2.604653358500
1070.650000000 9.000000000 2.603656292000
1070.650000000 4.800000000 2.601376771900
1069.150000000 6.000000000 2.598213434200
1069.400000000 6.000000000 2.596494197800
1070.400000000 4.800000000 2.592430591600
1071.650000000 9.400000000 2.586862802500
1078.400000000 9.600000000 2.585466623300
1088.150000000 9.400000000 2.585258483900
1069.900000000 9.000000000 2.566503286400
1071.400000000 9.000000000 2.562174797100
1078.150000000 9.000000000 2.549805641200
1078.400000000 9.000000000 2.542089700700
1069.400000000 4.800000000 2.536157131200
1078.650000000 4.800000000 2.530390977900
1069.900000000 7.800000000 2.529218673700
1078.650000000 9.600000000 2.525194883300
1069.650000000 9.000000000 2.518969535800
1081.150000000 5.000000000 2.514499425900
1070.150000000 4.800000000 2.505802631400
1069.150000000 5.600000000 2.503162384000
1069.150000000 5.800000000 2.470327854200
1070.900000000 4.800000000 2.468352556200
1087.650000000 9.400000000 2.457985878000
1069.650000000 4.800000000 2.448439836500
1081.400000000 5.000000000 2.446187496200
1078.650000000 5.000000000 2.445321798300
1070.900000000 9.000000000 2.443546056700
1069.400000000 9.000000000 2.442477464700
1085.150000000 5.400000000 2.437952280000
1069.900000000 4.800000000 2.435555934900
1070.650000000 9.400000000 2.388233900100
1071.400000000 9.400000000 2.385733127600
1085.150000000 5.200000000 2.385385274900
1084.400000000 4.800000000 2.383975029000
1073.400000000 9.200000000 2.382661581000
1069.650000000 7.800000000 2.376708030700
1078.900000000 4.800000000 2.342809438700
1081.650000000 5.000000000 2.329090118400
1069.150000000 9.000000000 2.323456287400
1069.400000000 7.800000000 2.314397811900
1073.150000000 9.200000000 2.314286470400
1084.650000000 5.400000000 2.306241035500
1083.900000000 5.200000000 2.287292957300
1084.150000000 4.800000000 2.286184787800
1083.900000000 4.800000000 2.285756588000
1069.150000000 7.800000000 2.265539884600
1083.650000000 4.800000000 2.263791322700
1079.150000000 4.800000000 2.262920618100
1079.400000000 4.800000000 2.259579896900
1088.400000000 9.600000000 2.242154359800
1087.900000000 9.400000000 2.239364624000
1079.650000000 4.800000000 2.222069025000
1084.900000000 5.000000000 2.216062545800
1071.900000000 9.200000000 2.212663888900
1082.900000000 5.000000000 2.204745769500
1083.150000000 5.000000000 2.202732086200
1081.900000000 5.000000000 2.202682972000
1088.150000000 9.600000000 2.197944164300
1084.900000000 5.400000000 2.197469711300
1083.400000000 5.000000000 2.188783407200
1079.900000000 4.800000000 2.183310508700
1082.650000000 5.000000000 2.164438247700
1071.150000000 9.000000000 2.160751104400
1070.400000000 9.600000000 2.157330274600
1083.400000000 4.800000000 2.149271011400
1080.150000000 4.800000000 2.147042512900
1082.150000000 5.000000000 2.118197202700
1082.400000000 5.000000000 2.112513542200
1083.650000000 5.000000000 2.104962348900
1070.400000000 9.400000000 2.088383674600
1080.400000000 4.800000000 2.083843946500
1071.650000000 9.200000000 1.997931838000
1070.150000000 9.400000000 1.996493101100
1080.650000000 4.800000000 1.987668037400
1070.650000000 9.200000000 1.985949873900
1070.400000000 9.200000000 1.946508050000
1083.900000000 5.000000000 1.943228840800
1069.150000000 9.400000000 1.927637815500
1069.150000000 9.600000000 1.927095294000
1083.150000000 4.800000000 1.918380022000
1069.150000000 9.200000000 1.915668845200
1070.150000000 9.200000000 1.913262128800
1084.900000000 5.200000000 1.913163065900
1084.150000000 5.200000000 1.911618351900
1084.650000000 5.200000000 1.898768425000
1069.900000000 9.200000000 1.859173297900
1084.400000000 5.200000000 1.855522751800
1070.900000000 9.200000000 1.853403687500
1084.650000000 5.000000000 1.841885805100
1069.900000000 9.400000000 1.837159037600
1069.400000000 9.200000000 1.826554060000
1080.900000000 4.800000000 1.802681922900
1069.650000000 9.200000000 1.791971802700
1084.400000000 5.000000000 1.767419457400
1084.150000000 5.000000000 1.766554236400
1069.400000000 9.400000000 1.747251153000
1081.150000000 4.800000000 1.728835225100
1069.400000000 9.600000000 1.723444223400
1082.900000000 4.800000000 1.687694430400
1071.400000000 9.200000000 1.687643289600
1069.650000000 9.400000000 1.656300425500
1071.150000000 9.200000000 1.641822695700
1069.650000000 9.600000000 1.616486787800
1082.650000000 4.800000000 1.605271220200
1070.150000000 9.600000000 1.555801391600
1069.900000000 9.600000000 1.547734856600
1081.400000000 4.800000000 1.543556809400
1082.400000000 4.800000000 1.442147731800
1081.650000000 4.800000000 1.312776088700
1082.150000000 4.800000000 1.240375995600
1081.900000000 4.800000000 1.138453841200
