930.390000000 8.400000000 117.625991821300
930.640000000 8.400000000 114.027526855500
930.140000000 8.400000000 113.432350158700
930.890000000 8.400000000 104.879402160600
929.890000000 8.400000000 102.847908020000
930.390000000 8.200000000 102.277603149400
930.390000000 8.600000000 100.728782653800
930.640000000 8.200000000 99.724189758300
930.140000000 8.200000000 98.861030578600
930.640000000 8.600000000 98.103553772000
930.140000000 8.600000000 97.934776306200
934.640000000 8.600000000 95.771163940400
934.640000000 8.400000000 95.762031555200
934.890000000 8.600000000 94.313697814900
934.890000000 8.400000000 94.287269592300
934.390000000 8.600000000 93.827728271500
931.140000000 8.400000000 93.647140502900
930.890000000 8.200000000 93.247413635300
930.890000000 8.600000000 91.716987609900
935.140000000 8.600000000 91.708389282200
934.390000000 8.400000000 90.937469482400
929.640000000 8.400000000 90.281051635700
929.890000000 8.600000000 90.116981506300
929.890000000 8.200000000 89.901687622100
935.140000000 8.400000000 89.049079895000
934.640000000 8.800000000 88.409431457500
934.890000000 8.800000000 87.403671264600
935.390000000 8.600000000 87.217918396000
934.140000000 8.600000000 87.053436279300
934.390000000 8.800000000 86.915649414100
934.640000000 8.200000000 86.076995849600
934.890000000 8.200000000 85.665649414100
931.140000000 8.200000000 84.649238586400
935.140000000 8.800000000 84.018020629900
931.140000000 8.600000000 83.553283691400
931.390000000 8.400000000 82.851058960000
934.140000000 8.800000000 82.630821228000
935.390000000 8.400000000 82.352676391600
934.390000000 8.200000000 81.915893554700
934.140000000 8.400000000 81.580139160200
935.640000000 8.600000000 80.934356689500
935.390000000 8.800000000 80.545463562000
935.140000000 8.200000000 80.369697570800
929.640000000 8.600000000 79.943176269500
929.390000000 8.400000000 79.593086242700
929.640000000 8.200000000 78.968086242700
933.890000000 8.600000000 75.890449523900
931.390000000 8.200000000 75.108253479000
933.890000000 8.800000000 74.974540710400
935.640000000 8.800000000 74.879753112800
931.390000000 8.600000000 74.858451843300
935.640000000 8.400000000 74.785552978500
934.640000000 9.000000000 74.612609863300
931.640000000 8.400000000 73.380424499500
934.890000000 9.000000000 73.182228088400
934.390000000 9.000000000 73.056533813500
935.890000000 8.600000000 72.932395935100
934.140000000 8.200000000 72.401794433600
929.140000000 8.400000000 71.820632934600
935.390000000 8.200000000 71.633430481000
934.640000000 8.000000000 71.143989563000
934.890000000 8.000000000 70.542709350600
930.390000000 8.000000000 70.521095275900
930.640000000 8.000000000 70.497611999500
929.390000000 8.600000000 70.356056213400
930.390000000 8.800000000 69.546569824200
933.890000000 8.400000000 69.321807861300
929.390000000 8.200000000 69.318122863800
935.140000000 9.000000000 69.095863342300
934.140000000 9.000000000 68.762077331500
930.140000000 8.800000000 68.418487548800
930.640000000 8.800000000 68.311546325700
930.140000000 8.000000000 67.775634765600
930.890000000 8.000000000 67.706336975100
935.890000000 8.400000000 67.330940246600
935.890000000 8.800000000 67.309684753400
935.140000000 8.000000000 66.247566223100
931.640000000 8.600000000 66.242294311500
931.640000000 8.200000000 65.796836853000
934.390000000 8.000000000 65.776954650900
928.890000000 8.400000000 65.739196777300
930.890000000 8.800000000 65.562438964800
931.890000000 8.400000000 64.912994384800
929.890000000 8.800000000 64.336982727100
933.640000000 8.800000000 64.312889099100
935.390000000 9.000000000 64.137283325200
936.140000000 8.600000000 64.027755737300
933.640000000 8.600000000 63.011360168500
935.640000000 8.200000000 62.991535186800
929.890000000 8.000000000 62.760055542000
931.140000000 8.000000000 62.670925140400
929.140000000 8.600000000 62.576835632300
933.890000000 9.000000000 62.236259460400
929.140000000 8.200000000 61.582355499300
931.140000000 8.800000000 61.558116912800
936.140000000 8.400000000 60.417770385700
935.390000000 8.000000000 60.108173370400
933.890000000 8.200000000 59.906974792500
928.640000000 8.400000000 59.407444000200
935.640000000 9.000000000 59.299415588400
936.140000000 8.800000000 58.513683319100
931.890000000 8.600000000 57.999099731400
929.640000000 8.800000000 57.991065979000
931.890000000 8.200000000 57.449810028100
932.140000000 8.400000000 56.974990844700
933.640000000 8.400000000 56.849746704100
935.890000000 8.200000000 56.301177978500
931.390000000 8.000000000 56.175701141400
931.390000000 8.800000000 56.158790588400
928.890000000 8.600000000 56.048572540300
929.640000000 8.000000000 56.046218872100
934.140000000 8.000000000 55.918468475300
936.390000000 8.600000000 55.417259216300
928.890000000 8.200000000 54.577602386500
934.640000000 9.200000000 54.565158844000
934.890000000 7.800000000 54.281539917000
933.640000000 9.000000000 54.007575988800
934.890000000 9.200000000 53.956748962400
936.390000000 8.400000000 53.854915618900
935.890000000 9.000000000 52.994564056400
934.390000000 9.200000000 52.985168457000
934.640000000 7.800000000 52.981651306200
933.390000000 8.800000000 52.650177002000
935.640000000 8.000000000 52.133827209500
928.390000000 8.400000000 51.696319580100
933.390000000 8.600000000 51.483158111600
935.140000000 9.200000000 51.384029388400
935.140000000 7.800000000 51.328250885000
929.390000000 8.800000000 50.894622802700
936.140000000 8.200000000 50.551471710200
932.140000000 8.600000000 50.387561798100
932.140000000 8.200000000 50.040191650400
932.390000000 8.400000000 49.731098175000
928.640000000 8.600000000 49.635948181200
934.140000000 9.200000000 49.586189270000
936.390000000 8.800000000 49.498855590800
931.640000000 8.800000000 49.485504150400
931.640000000 8.000000000 49.181320190400
929.390000000 8.000000000 48.274841308600
933.640000000 8.200000000 47.881565094000
936.640000000 8.600000000 47.727554321300
935.390000000 9.200000000 47.603580474900
934.390000000 7.800000000 47.223606109600
936.640000000 8.400000000 47.191017150900
928.640000000 8.200000000 47.173465728800
933.390000000 8.400000000 47.006969451900
935.390000000 7.800000000 46.006687164300
926.640000000 8.400000000 45.843765258800
936.140000000 9.000000000 45.671264648400
936.390000000 8.200000000 45.055583953900
933.890000000 8.000000000 44.949775695800
933.390000000 9.000000000 44.869335174600
933.890000000 9.200000000 44.807945251500
935.890000000 8.000000000 44.487354278600
929.140000000 8.800000000 44.060989379900
926.390000000 8.400000000 44.044254303000
932.390000000 8.600000000 44.007724762000
932.640000000 8.400000000 43.961540222200
928.140000000 8.400000000 43.469940185500
932.390000000 8.200000000 43.415111541700
930.390000000 9.000000000 43.399738311800
935.640000000 9.200000000 43.305469512900
930.640000000 7.800000000 43.298118591300
933.140000000 8.600000000 43.265632629400
930.640000000 9.000000000 43.167354583700
930.390000000 7.800000000 43.112907409700
928.390000000 8.600000000 42.766517639200
930.140000000 9.000000000 42.563785553000
931.890000000 8.000000000 42.483860015900
933.140000000 8.800000000 42.476264953600
931.890000000 8.800000000 42.306720733600
926.890000000 8.400000000 42.123004913300
930.890000000 7.800000000 42.104373931900
930.890000000 9.000000000 42.060745239300
930.140000000 7.800000000 41.707168579100
933.140000000 8.400000000 41.542995452900
936.640000000 8.800000000 41.322174072300
936.890000000 8.600000000 40.883380889900
932.890000000 8.400000000 40.804378509500
929.890000000 9.000000000 40.457958221400
929.140000000 8.000000000 40.292675018300
936.890000000 8.400000000 40.257194519000
935.640000000 7.800000000 40.205986022900
926.640000000 8.200000000 40.131271362300
931.140000000 9.000000000 40.043941497800
932.640000000 8.600000000 39.928298950200
928.390000000 8.200000000 39.663669586200
931.140000000 7.800000000 39.498367309600
932.890000000 8.600000000 39.385948181200
926.640000000 8.600000000 39.223857879600
936.640000000 8.200000000 39.178279876700
933.390000000 8.200000000 39.164016723600
934.140000000 7.800000000 39.095252990700
936.140000000 8.000000000 39.041061401400
933.640000000 9.200000000 38.924907684300
929.890000000 7.800000000 38.855587005600
935.890000000 9.200000000 38.662326812700
927.890000000 8.400000000 38.652961731000
926.390000000 8.600000000 38.530811309800
936.390000000 9.000000000 38.246219635000
932.640000000 8.200000000 38.007911682100
928.890000000 8.800000000 37.691783905000
926.390000000 8.200000000 37.573760986300
927.140000000 8.400000000 37.209800720200
926.890000000 8.200000000 37.209072113000
929.640000000 9.000000000 37.061035156200
934.890000000 7.600000000 36.920078277600
931.390000000 9.000000000 36.804080963100
935.140000000 7.600000000 36.621891021700
928.140000000 8.600000000 36.517559051500
932.140000000 8.000000000 36.442676544200
933.140000000 9.000000000 36.194366455100
931.390000000 7.800000000 35.913242340100
932.140000000 8.800000000 35.908790588400
933.640000000 8.000000000 35.725811004600
926.890000000 8.600000000 35.574546814000
932.890000000 8.800000000 35.465637207000
926.140000000 8.400000000 35.385372161900
927.640000000 8.400000000 35.279758453400
934.890000000 9.400000000 35.263324737500
934.640000000 7.600000000 35.201686859100
933.140000000 8.200000000 34.889400482200
937.140000000 8.600000000 34.847244262700
932.890000000 8.200000000 34.800430297900
934.640000000 9.400000000 34.792716980000
936.890000000 8.800000000 34.735649108900
935.140000000 9.400000000 34.713649749800
935.890000000 7.800000000 34.710147857700
927.390000000 8.400000000 34.539413452100
935.390000000 7.600000000 34.481735229500
929.640000000 7.800000000 34.195621490500
936.390000000 8.000000000 33.952590942400
937.140000000 8.400000000 33.455375671400
936.140000000 9.200000000 33.452190399200
934.390000000 9.400000000 33.396434783900
928.140000000 8.200000000 33.354618072500
935.390000000 9.400000000 33.228950500500
928.890000000 8.000000000 33.006919860800
936.890000000 8.200000000 32.857849121100
927.890000000 8.600000000 32.842468261700
929.390000000 9.000000000 32.689376831100
931.640000000 9.000000000 32.655158996600
933.390000000 9.200000000 32.472064971900
927.140000000 8.200000000 32.387096405000
932.390000000 8.800000000 32.322746276900
932.640000000 8.800000000 32.170555114700
926.140000000 8.600000000 32.022830963100
931.640000000 7.800000000 31.917745590200
934.390000000 7.600000000 31.718406677200
928.640000000 8.800000000 31.674097061200
936.640000000 9.000000000 31.650596618700
927.140000000 8.600000000 31.445184707600
932.390000000 8.000000000 31.264305114700
935.640000000 7.600000000 31.246814727800
934.140000000 9.400000000 31.187919616700
933.890000000 7.800000000 31.116897583000
935.640000000 9.400000000 30.920953750600
929.390000000 7.800000000 30.862838745100
927.640000000 8.600000000 30.218391418500
937.390000000 8.600000000 30.072668075600
937.140000000 8.800000000 29.989688873300
936.140000000 7.800000000 29.753765106200
927.390000000 8.600000000 29.502607345600
932.890000000 9.000000000 29.485483169600
933.390000000 8.000000000 29.405553817700
936.640000000 8.000000000 29.377183914200
926.140000000 8.200000000 29.367233276400
927.890000000 8.200000000 29.240873336800
926.640000000 8.000000000 28.980606079100
926.390000000 8.000000000 28.956535339400
927.390000000 8.200000000 28.785968780500
931.890000000 9.000000000 28.746143341100
929.140000000 7.800000000 28.514034271200
933.890000000 9.400000000 28.362083435100
931.890000000 7.800000000 27.886632919300
929.140000000 9.000000000 27.846277236900
935.890000000 9.400000000 27.780672073400
927.640000000 8.200000000 27.678281784100
937.390000000 8.400000000 27.668210983300
936.390000000 9.200000000 27.595031738300
935.890000000 7.600000000 27.488082885700
932.640000000 8.000000000 27.400844574000
929.640000000 7.600000000 27.400480270400
928.640000000 8.000000000 27.151878356900
937.640000000 8.600000000 27.076974868800
929.390000000 7.600000000 27.011518478400
934.140000000 7.600000000 26.949312210100
937.390000000 8.800000000 26.896039962800
926.140000000 8.000000000 26.760904312100
926.890000000 8.000000000 26.698160171500
937.140000000 8.200000000 26.678951263400
933.140000000 9.200000000 26.484302520800
929.890000000 7.600000000 26.403223037700
930.640000000 9.200000000 26.366897583000
936.890000000 9.000000000 26.363531112700
930.890000000 9.200000000 26.124683380100
933.140000000 8.000000000 26.063943862900
928.390000000 8.800000000 26.028181076000
930.390000000 9.200000000 25.953659057600
928.890000000 7.800000000 25.867954254200
937.890000000 8.600000000 25.842191696200
936.390000000 7.800000000 25.835706710800
938.390000000 8.600000000 25.775365829500
932.140000000 9.000000000 25.751140594500
938.140000000 8.600000000 25.716730117800
925.890000000 8.400000000 25.625818252600
928.390000000 8.000000000 25.599235534700
932.640000000 9.000000000 25.582263946500
929.140000000 7.600000000 25.533510208100
932.890000000 8.000000000 25.495838165300
938.640000000 8.600000000 25.358570098900
931.140000000 9.200000000 25.138940811200
937.640000000 8.800000000 25.070125579800
930.140000000 9.200000000 25.054927825900
930.390000000 7.600000000 24.899066925000
933.640000000 9.400000000 24.787384033200
928.140000000 8.000000000 24.663337707500
933.640000000 7.800000000 24.621536254900
935.390000000 7.400000000 24.551939010600
930.140000000 7.600000000 24.539667129500
935.140000000 7.400000000 24.512304306000
932.390000000 9.000000000 24.487489700300
936.890000000 8.000000000 24.454654693600
926.140000000 7.800000000 24.378000259400
938.890000000 8.600000000 24.293682098400
930.640000000 7.600000000 24.269483566300
937.890000000 8.800000000 24.164278030400
926.390000000 7.800000000 24.145122528100
932.140000000 7.800000000 24.063722610500
927.140000000 8.000000000 24.054283142100
938.640000000 8.400000000 24.009403228800
928.640000000 7.800000000 23.917783737200
938.140000000 8.800000000 23.883358001700
927.890000000 8.000000000 23.836702346800
937.640000000 8.400000000 23.821056366000
936.140000000 9.400000000 23.819021225000
938.390000000 8.800000000 23.806558609000
938.890000000 8.400000000 23.742952346800
934.890000000 7.400000000 23.735986709600
928.890000000 7.600000000 23.728124618500
935.640000000 7.400000000 23.682952880900
936.140000000 7.600000000 23.641811370800
929.890000000 9.200000000 23.566146850600
931.390000000 9.200000000 23.497039794900
938.390000000 8.400000000 23.435058593800
925.890000000 8.000000000 23.388120651200
938.640000000 8.800000000 23.353881835900
930.890000000 7.600000000 23.249568939200
927.640000000 8.000000000 23.205928802500
927.390000000 8.000000000 23.153772354100
926.390000000 8.800000000 23.147584915200
925.890000000 8.600000000 23.009023666400
928.390000000 7.800000000 22.976060867300
928.890000000 9.000000000 22.953920364400
927.890000000 7.800000000 22.848583221400
927.640000000 7.800000000 22.818145752000
939.140000000 8.600000000 22.808193206800
928.140000000 7.800000000 22.804611206100
926.640000000 7.800000000 22.608551025400
925.890000000 7.800000000 22.566440582300
939.140000000 8.400000000 22.565959930400
938.140000000 8.400000000 22.516363143900
927.390000000 7.800000000 22.497400283800
934.640000000 7.400000000 22.463987350500
937.140000000 9.000000000 22.422178268400
928.640000000 7.600000000 22.369804382300
937.890000000 8.400000000 22.275577545200
936.640000000 9.200000000 22.229391098000
929.390000000 7.400000000 22.122068405200
938.890000000 8.800000000 22.093072891200
931.140000000 7.600000000 22.065998077400
933.890000000 7.600000000 21.971433639500
932.890000000 9.200000000 21.966686248800
927.140000000 7.800000000 21.939744949300
935.890000000 7.400000000 21.926824569700
936.640000000 7.800000000 21.923280715900
929.140000000 7.400000000 21.876119613600
926.640000000 8.800000000 21.827432632400
926.890000000 7.800000000 21.739627838100
928.390000000 7.600000000 21.739452362100
929.640000000 7.400000000 21.644933700600
928.140000000 7.600000000 21.552343368500
929.640000000 9.200000000 21.549140930200
935.140000000 9.600000000 21.545572280900
925.390000000 7.200000000 21.542797088600
931.640000000 9.200000000 21.539854049700
937.390000000 8.200000000 21.477899551400
925.390000000 7.000000000 21.380449295000
934.890000000 9.600000000 21.326015472400
925.140000000 7.000000000 21.264106750500
927.890000000 7.600000000 21.257232666000
925.640000000 7.200000000 21.233921051000
935.390000000 9.600000000 21.171056747400
928.890000000 7.400000000 21.165836334200
928.140000000 8.800000000 21.111217498800
939.390000000 8.400000000 21.105724334700
939.390000000 8.600000000 21.062856674200
926.140000000 8.800000000 20.901351928700
931.390000000 7.600000000 20.893480300900
936.390000000 7.600000000 20.849555969200
926.140000000 7.600000000 20.808097839400
934.390000000 7.400000000 20.797760009800
933.390000000 9.400000000 20.747550964400
932.390000000 7.800000000 20.707416534400
934.640000000 9.600000000 20.576480865500
925.890000000 7.600000000 20.543178558300
925.890000000 8.200000000 20.478094101000
927.640000000 7.600000000 20.463941574100
929.890000000 7.400000000 20.359714508100
928.640000000 7.400000000 20.316102981600
939.140000000 8.800000000 20.192329406700
933.390000000 7.800000000 20.153072357200
935.640000000 9.600000000 20.150249481200
925.640000000 7.400000000 19.931442260700
925.140000000 7.200000000 19.903768539400
936.140000000 7.400000000 19.868389129600
938.890000000 8.200000000 19.812040329000
925.890000000 7.400000000 19.786357879600
925.640000000 7.000000000 19.783514022800
931.890000000 9.200000000 19.741292953500
926.390000000 7.600000000 19.735439300500
937.390000000 9.000000000 19.710577011100
931.640000000 7.600000000 19.570945739700
928.390000000 7.400000000 19.519859314000
937.140000000 8.000000000 19.514131546000
925.890000000 7.200000000 19.505428314200
936.390000000 7.400000000 19.372091293300
938.640000000 8.200000000 19.355514526400
936.640000000 7.400000000 19.302225112900
934.390000000 9.600000000 19.299919128400
932.640000000 9.200000000 19.294906616200
927.390000000 7.600000000 19.269104003900
936.390000000 9.400000000 19.266269683800
936.640000000 7.600000000 19.199525833100
925.390000000 7.400000000 19.170846939100
924.890000000 7.000000000 19.153362274200
939.140000000 8.200000000 19.116243362400
929.390000000 9.200000000 19.100811004600
925.640000000 8.000000000 18.967021942100
939.640000000 8.400000000 18.950496673600
925.640000000 7.600000000 18.848899841300
925.640000000 7.800000000 18.822902679400
926.890000000 8.800000000 18.767753601100
928.140000000 7.400000000 18.744762420700
936.890000000 7.400000000 18.739160537700
925.140000000 6.800000000 18.727209091200
934.140000000 7.400000000 18.664970397900
939.640000000 8.600000000 18.621437072800
926.140000000 7.400000000 18.599554061900
932.140000000 9.200000000 18.537284851100
935.890000000 9.600000000 18.487775802600
936.640000000 7.200000000 18.417755127000
936.890000000 7.800000000 18.393999099700
926.640000000 7.600000000 18.382884979200
936.890000000 7.200000000 18.371801376300
930.140000000 7.400000000 18.345579147300
938.640000000 9.000000000 18.340885162400
928.640000000 9.000000000 18.333408355700
929.140000000 7.200000000 18.332128524800
932.640000000 7.800000000 18.283124923700
932.390000000 9.200000000 18.275234222400
938.390000000 9.000000000 18.273267746000
927.140000000 7.600000000 18.172700882000
928.890000000 7.200000000 18.144763946500
937.640000000 9.000000000 18.134571075400
927.890000000 8.800000000 18.116340637200
924.890000000 6.800000000 18.110876083400
936.890000000 9.200000000 18.106679916400
938.390000000 8.200000000 18.048786163300
937.140000000 7.400000000 18.013593673700
939.390000000 8.800000000 18.001638412500
936.890000000 7.600000000 17.993362426800
937.640000000 8.200000000 17.959497451800
931.890000000 7.600000000 17.932998657200
927.890000000 7.400000000 17.895423889200
936.390000000 7.200000000 17.894779205300
937.140000000 7.200000000 17.867879867600
934.140000000 9.600000000 17.843902587900
933.140000000 7.800000000 17.831628799400
938.140000000 9.000000000 17.810607910200
929.390000000 7.200000000 17.699609756500
926.890000000 7.600000000 17.690746307400
925.390000000 6.800000000 17.601085662800
937.890000000 9.000000000 17.589475631700
938.890000000 9.000000000 17.575233459500
939.390000000 8.200000000 17.525655746500
925.890000000 7.000000000 17.515233993500
933.640000000 7.600000000 17.487815856900
926.140000000 7.200000000 17.408611297600
936.140000000 7.200000000 17.355424881000
932.890000000 7.800000000 17.337125778200
928.640000000 7.200000000 17.333135604900
933.140000000 9.400000000 17.328935623200
935.890000000 7.200000000 17.292739868200
926.390000000 7.400000000 17.289535522500
936.890000000 7.000000000 17.258689880400
923.390000000 8.600000000 17.200538635300
937.640000000 6.600000000 17.189853668200
924.890000000 7.200000000 17.157999038700
935.640000000 7.200000000 17.146244049100
937.390000000 6.600000000 17.129684448200
937.140000000 7.000000000 17.092773437500
925.140000000 7.400000000 17.050535202000
927.640000000 7.400000000 17.044584274300
938.140000000 6.400000000 17.021717071500
937.890000000 6.400000000 16.997280120800
938.390000000 6.400000000 16.992557525600
937.890000000 6.600000000 16.986364364600
923.140000000 8.600000000 16.865070343000
936.640000000 7.000000000 16.862110137900
937.390000000 6.800000000 16.841110229500
923.640000000 8.600000000 16.835083007800
937.640000000 6.400000000 16.810710907000
938.140000000 6.600000000 16.797985076900
937.140000000 6.800000000 16.760723114000
938.640000000 6.400000000 16.750289917000
938.140000000 8.200000000 16.741399765000
930.640000000 9.400000000 16.638198852500
938.390000000 6.600000000 16.583305358900
926.640000000 7.400000000 16.544654846200
935.390000000 7.200000000 16.512641906700
926.890000000 7.200000000 16.499399185200
937.390000000 7.200000000 16.491416931200
937.140000000 6.600000000 16.465442657500
937.890000000 8.200000000 16.456205368000
930.390000000 9.400000000 16.454746246300
937.390000000 7.400000000 16.444936752300
937.640000000 6.800000000 16.439706802400
937.140000000 7.600000000 16.426401138300
927.390000000 7.400000000 16.402923584000
929.640000000 7.200000000 16.401662826500
925.390000000 7.600000000 16.393785476700
939.890000000 8.400000000 16.378183364900
922.890000000 8.600000000 16.376001358000
929.140000000 9.200000000 16.362583160400
927.140000000 8.800000000 16.359941482500
925.640000000 8.200000000 16.356386184700
937.390000000 7.000000000 16.342367172200
926.640000000 7.200000000 16.340156555200
930.890000000 9.400000000 16.323455810500
936.890000000 6.800000000 16.300836563100
928.390000000 7.200000000 16.297183990500
923.390000000 8.400000000 16.277179718000
936.140000000 9.600000000 16.240842819200
938.640000000 6.600000000 16.235336303700
927.140000000 7.200000000 16.220102310200
927.640000000 8.800000000 16.211217880200
926.390000000 7.200000000 16.210748672500
922.390000000 8.600000000 16.191175460800
922.640000000 8.600000000 16.168827056900
926.890000000 7.400000000 16.159267425500
933.890000000 9.600000000 16.158643722500
937.390000000 6.400000000 16.142887115500
927.140000000 7.400000000 16.107751846300
932.140000000 7.600000000 16.073505401600
925.890000000 8.800000000 16.054344177200
933.890000000 7.400000000 16.032768249500
922.140000000 8.600000000 15.986366272000
923.140000000 8.400000000 15.957451820400
939.140000000 9.000000000 15.950626373300
938.890000000 6.400000000 15.948418617200
922.140000000 8.400000000 15.939785957300
931.140000000 9.400000000 15.839571952800
936.390000000 7.000000000 15.835079193100
922.390000000 8.400000000 15.825311660800
939.640000000 8.200000000 15.813368797300
923.640000000 8.400000000 15.812302589400
938.890000000 6.600000000 15.798265457200
930.390000000 7.400000000 15.797644615200
937.890000000 6.800000000 15.787395477300
938.140000000 6.200000000 15.746364593500
924.640000000 7.000000000 15.716935157800
924.640000000 6.800000000 15.715630531300
925.640000000 8.400000000 15.702387809800
938.390000000 6.200000000 15.694916725200
927.390000000 7.200000000 15.674232482900
923.890000000 8.600000000 15.666908264200
939.890000000 8.600000000 15.624170303300
930.140000000 9.400000000 15.618388176000
937.890000000 6.200000000 15.596915245100
935.140000000 7.200000000 15.578203201300
925.640000000 6.800000000 15.564301490800
922.890000000 8.400000000 15.542658805800
927.390000000 8.800000000 15.534801483200
922.640000000 8.400000000 15.517887115500
926.140000000 7.000000000 15.492009162900
920.890000000 6.400000000 15.440700531000
928.140000000 7.200000000 15.380990982100
939.640000000 8.800000000 15.370262146000
938.640000000 6.200000000 15.363723754900
931.390000000 9.400000000 15.281982421900
921.890000000 8.400000000 15.281794548000
921.140000000 6.400000000 15.247854232800
937.390000000 8.000000000 15.240868568400
923.640000000 6.800000000 15.216322898900
927.640000000 7.200000000 15.209673881500
936.640000000 9.400000000 15.167130470300
923.640000000 10.000000000 15.158501625100
926.890000000 7.000000000 15.146203041100
920.640000000 6.400000000 15.133330345200
921.890000000 8.600000000 15.128660202000
925.390000000 7.800000000 15.110549926800
923.890000000 10.000000000 15.108522415200
937.640000000 6.200000000 15.108466148400
923.890000000 6.800000000 15.088342666600
938.140000000 6.800000000 15.079041481000
937.640000000 7.000000000 15.062988281200
936.640000000 6.800000000 15.057168960600
927.140000000 7.000000000 15.037326812700
927.890000000 7.200000000 15.034956932100
923.390000000 6.800000000 15.028470039400
932.890000000 9.400000000 14.965038299600
924.390000000 6.600000000 14.933287620500
937.140000000 7.800000000 14.920495033300
936.890000000 6.600000000 14.910479545600
924.640000000 6.600000000 14.881997108500
924.140000000 6.800000000 14.850862503100
937.140000000 9.200000000 14.746284484900
929.890000000 7.200000000 14.723196983300
937.390000000 7.600000000 14.689472198500
931.640000000 9.400000000 14.684429168700
937.140000000 6.400000000 14.676014900200
926.640000000 7.000000000 14.665904045100
939.140000000 6.600000000 14.648068428000
924.390000000 6.800000000 14.643377304100
934.890000000 7.200000000 14.599388122600
936.140000000 7.000000000 14.537126541100
921.390000000 6.400000000 14.513817787200
938.890000000 6.200000000 14.464197158800
920.390000000 6.400000000 14.444747924800
939.140000000 6.400000000 14.439512252800
937.640000000 7.200000000 14.433264732400
924.140000000 6.600000000 14.432400703400
938.390000000 6.800000000 14.424142837500
924.140000000 10.000000000 14.416416168200
920.890000000 6.200000000 14.406459808300
920.640000000 6.200000000 14.372364044200
926.390000000 7.000000000 14.347474098200
927.390000000 7.000000000 14.338343620300
928.890000000 7.000000000 14.281690597500
925.390000000 8.000000000 14.276626586900
928.390000000 9.000000000 14.268906593300
929.140000000 7.000000000 14.210306167600
933.640000000 9.600000000 14.173710823100
932.390000000 7.600000000 14.173056602500
923.890000000 8.400000000 14.171646118200
925.140000000 7.600000000 14.162369728100
923.140000000 6.800000000 14.149819374100
924.890000000 6.600000000 14.108772277800
937.390000000 6.200000000 14.076204299900
924.890000000 7.400000000 14.056509017900
931.890000000 9.400000000 14.038359642000
933.390000000 7.600000000 14.033185958900
923.390000000 10.000000000 14.029215812700
923.640000000 8.800000000 14.014571189900
929.890000000 9.400000000 14.002025604200
937.640000000 7.400000000 13.979730606100
925.640000000 8.600000000 13.974324226400
939.390000000 9.000000000 13.967042923000
939.890000000 8.200000000 13.954478263900
921.140000000 6.200000000 13.919511795000
920.390000000 6.200000000 13.887851715100
921.140000000 10.000000000 13.867671966600
924.140000000 8.600000000 13.856198310900
924.390000000 10.000000000 13.808415412900
938.640000000 6.800000000 13.793649673500
934.640000000 7.200000000 13.756679534900
923.390000000 8.800000000 13.747076034500
940.140000000 10.000000000 13.746481895400
940.140000000 8.400000000 13.695284843400
924.640000000 7.200000000 13.675870895400
920.890000000 10.000000000 13.667262077300
923.640000000 6.600000000 13.648092269900
923.390000000 6.600000000 13.626206398000
921.390000000 10.000000000 13.620325088500
925.890000000 6.800000000 13.612525939900
938.890000000 8.000000000 13.601716995200
932.640000000 9.400000000 13.576949119600
937.890000000 7.000000000 13.571299552900
921.640000000 8.400000000 13.567052841200
936.390000000 9.600000000 13.549011230500
923.890000000 8.800000000 13.530310630800
928.890000000 9.200000000 13.527330398600
928.640000000 7.000000000 13.509985923800
923.890000000 6.600000000 13.498774528500
927.640000000 7.000000000 13.497117042500
924.640000000 10.000000000 13.495933532700
935.890000000 7.000000000 13.449982643100
921.640000000 8.600000000 13.443346977200
924.390000000 7.000000000 13.409288406400
932.140000000 9.400000000 13.403467178300
939.890000000 10.000000000 13.394269943200
924.140000000 6.400000000 13.381568908700
923.140000000 8.800000000 13.358916282700
939.140000000 8.000000000 13.355580329900
929.390000000 7.000000000 13.332475662200
924.390000000 6.400000000 13.325032234200
924.140000000 7.000000000 13.284477233900
921.640000000 6.400000000 13.280366897600
925.140000000 6.600000000 13.274331092800
922.390000000 8.800000000 13.233880996700
922.640000000 8.800000000 13.229571342500
923.890000000 9.800000000 13.225893020600
923.890000000 7.000000000 13.219841003400
921.140000000 6.600000000 13.208592414900
936.390000000 6.800000000 13.196329116800
922.890000000 8.800000000 13.194294929500
924.890000000 10.000000000 13.192325592000
933.640000000 7.400000000 13.164403915400
921.390000000 6.600000000 13.119224548300
923.640000000 9.800000000 13.111136436500
930.640000000 7.400000000 13.064598083500
921.640000000 10.000000000 13.057492256200
934.390000000 7.200000000 13.042740821800
940.140000000 8.200000000 13.008580207800
932.390000000 9.400000000 13.006587982200
920.640000000 10.000000000 13.005523681600
938.390000000 6.000000000 12.999632835400
939.640000000 10.000000000 12.990729332000
938.890000000 6.800000000 12.986021041900
922.140000000 8.800000000 12.966813087500
938.640000000 8.000000000 12.951147079500
923.140000000 6.600000000 12.946606636000
924.140000000 9.800000000 12.910963058500
921.390000000 9.800000000 12.906369209300
938.140000000 6.000000000 12.887701034500
921.140000000 9.800000000 12.878077507000
921.390000000 6.200000000 12.877908706700
923.640000000 7.000000000 12.877149581900
940.140000000 8.000000000 12.875566482500
930.140000000 7.200000000 12.859431266800
939.140000000 6.200000000 12.822555542000
938.640000000 6.000000000 12.821674346900
922.140000000 8.200000000 12.804327964800
939.390000000 10.000000000 12.796460151700
920.890000000 6.600000000 12.794905662500
939.390000000 6.600000000 12.768228530900
939.140000000 10.000000000 12.753124237100
925.140000000 10.000000000 12.728081703200
927.890000000 7.000000000 12.719193458600
921.890000000 8.200000000 12.713043212900
935.140000000 9.800000000 12.688643455500
935.390000000 9.800000000 12.671485900900
920.890000000 9.800000000 12.649576187100
921.640000000 9.800000000 12.647483825700
928.390000000 7.000000000 12.645739555400
934.890000000 10.000000000 12.627255439800
937.890000000 6.000000000 12.599408149700
936.640000000 6.600000000 12.570712089500
924.640000000 6.400000000 12.559855461100
922.890000000 6.800000000 12.559495925900
935.140000000 10.000000000 12.549997329700
932.640000000 7.600000000 12.546641349800
925.390000000 8.200000000 12.546558380100
923.390000000 7.000000000 12.484126091000
938.890000000 10.000000000 12.478537559500
936.890000000 6.400000000 12.445932388300
923.890000000 6.400000000 12.438720703100
923.390000000 5.800000000 12.429929733300
924.390000000 9.800000000 12.424275398300
939.390000000 8.000000000 12.422597885100
921.640000000 6.600000000 12.411485672000
934.640000000 10.000000000 12.410779953000
939.890000000 8.800000000 12.407836914100
922.390000000 8.200000000 12.396740913400
935.640000000 7.000000000 12.371341705300
934.890000000 9.800000000 12.355370521500
940.140000000 8.600000000 12.353140831000
935.640000000 9.800000000 12.352933883700
928.140000000 7.000000000 12.342616081200
938.140000000 7.000000000 12.338831901600
937.140000000 6.200000000 12.325169563300
937.390000000 9.200000000 12.316431999200
937.640000000 8.000000000 12.286969184900
934.140000000 7.200000000 12.282805442800
935.390000000 10.000000000 12.262047767600
921.890000000 8.800000000 12.261463165300
921.890000000 10.000000000 12.252702713000
923.390000000 9.800000000 12.236561775200
926.140000000 6.800000000 12.197232246400
933.390000000 9.600000000 12.195103645300
920.640000000 6.600000000 12.175274848900
920.640000000 9.800000000 12.171765327500
925.390000000 10.000000000 12.160295486500
938.890000000 6.000000000 12.145148277300
929.640000000 9.400000000 12.141158103900
925.140000000 7.800000000 12.138603210400
934.640000000 9.800000000 12.127431869500
939.140000000 6.800000000 12.120421409600
939.390000000 6.400000000 12.113215446500
937.890000000 7.200000000 12.097063064600
933.140000000 7.600000000 12.053249359100
937.640000000 7.600000000 12.052645683300
937.640000000 6.000000000 12.033180236800
921.890000000 6.400000000 12.028121948200
930.890000000 7.400000000 12.007781982400
925.390000000 6.600000000 11.993227958700
922.640000000 8.200000000 11.975827217100
924.640000000 9.800000000 11.971191406200
920.390000000 10.000000000 11.960465431200
923.140000000 8.200000000 11.945402145400
938.890000000 9.200000000 11.945099830600
921.890000000 9.800000000 11.942091941800
924.890000000 7.600000000 11.936758041400
923.140000000 10.000000000 11.909393310500
923.140000000 5.800000000 11.890908241300
924.140000000 8.800000000 11.872768402100
922.890000000 6.600000000 11.868560791000
934.390000000 10.000000000 11.853216171300
922.890000000 8.200000000 11.847346305800
937.390000000 7.800000000 11.846524238600
938.640000000 9.200000000 11.846123695400
929.640000000 7.000000000 11.833815574600
923.390000000 8.200000000 11.823985099800
935.640000000 10.000000000 11.823611259500
935.890000000 9.800000000 11.796998024000
931.140000000 7.400000000 11.788919448900
936.890000000 9.400000000 11.787680625900
923.140000000 6.000000000 11.782254219100
931.390000000 7.400000000 11.774464607200
938.390000000 8.000000000 11.773960113500
931.640000000 7.400000000 11.770881652800
939.890000000 8.000000000 11.770426750200
921.640000000 8.200000000 11.753362655600
922.890000000 5.800000000 11.732487678500
923.390000000 6.000000000 11.683276176500
923.640000000 5.800000000 11.676672935500
940.140000000 9.800000000 11.669295311000
932.890000000 7.600000000 11.663970947300
923.140000000 7.000000000 11.650513649000
921.140000000 9.600000000 11.643973350500
924.890000000 9.800000000 11.636352539100
939.640000000 9.000000000 11.627370834400
931.890000000 7.400000000 11.588337898300
926.890000000 6.800000000 11.569305419900
920.390000000 6.600000000 11.556869506800
924.890000000 6.400000000 11.549242973300
924.140000000 8.400000000 11.548792839100
921.890000000 6.600000000 11.545943260200
934.390000000 9.800000000 11.530112266500
939.890000000 9.800000000 11.529632568400
920.890000000 9.600000000 11.503929138200
938.640000000 10.000000000 11.497815132100
925.640000000 10.000000000 11.493437767000
935.390000000 7.000000000 11.432683944700
939.140000000 9.200000000 11.432222366300
927.140000000 6.800000000 11.363362312300
926.640000000 6.800000000 11.356926918000
933.890000000 7.200000000 11.355265617400
921.640000000 6.200000000 11.351663589500
925.140000000 9.800000000 11.337330818200
921.390000000 9.600000000 11.332509040800
920.390000000 9.800000000 11.330032348600
926.390000000 6.800000000 11.309119224500
939.640000000 8.000000000 11.272641181900
922.640000000 5.800000000 11.268677711500
935.890000000 10.000000000 11.262269973800
938.390000000 9.200000000 11.257714271500
938.390000000 7.000000000 11.225623130800
922.640000000 6.800000000 11.204024314900
922.640000000 6.600000000 11.201809883100
936.140000000 6.800000000 11.195722580000
922.140000000 10.000000000 11.127470016500
922.140000000 6.600000000 11.125207901000
939.640000000 9.800000000 11.112142562900
922.890000000 6.000000000 11.108016014100
924.640000000 7.400000000 11.082392692600
932.140000000 7.400000000 11.065087318400
939.390000000 6.800000000 11.062545776400
921.640000000 8.800000000 11.053875923200
920.890000000 6.000000000 11.034120559700
934.140000000 10.000000000 11.032251358000
936.140000000 9.800000000 11.000414848300
921.390000000 8.600000000 10.980955123900
928.140000000 9.000000000 10.974478721600
937.890000000 7.400000000 10.972743034400
923.640000000 8.200000000 10.967759132400
920.640000000 6.000000000 10.959855079700
937.390000000 6.000000000 10.956164360000
922.140000000 6.400000000 10.953669548000
920.640000000 9.600000000 10.946336746200
922.390000000 6.600000000 10.927312851000
925.390000000 9.800000000 10.924419403100
930.390000000 7.200000000 10.917032241800
937.890000000 8.000000000 10.912203788800
938.140000000 8.000000000 10.904603958100
937.640000000 9.200000000 10.903697013900
921.390000000 8.400000000 10.900432586700
923.140000000 9.800000000 10.895933151200
939.140000000 6.000000000 10.888209343000
924.390000000 8.600000000 10.878386497500
923.640000000 6.400000000 10.868612289400
940.140000000 7.800000000 10.817687988300
925.640000000 8.800000000 10.806643486000
936.640000000 9.600000000 10.789669990500
923.640000000 6.000000000 10.783539772000
928.640000000 9.200000000 10.771799087500
920.390000000 6.000000000 10.728469848600
927.390000000 6.800000000 10.715297699000
935.140000000 7.000000000 10.700082778900
922.140000000 9.800000000 10.694342613200
921.140000000 6.000000000 10.686635971100
933.390000000 7.400000000 10.661147117600
938.140000000 9.200000000 10.641836166400
939.390000000 6.200000000 10.640077590900
939.390000000 9.800000000 10.637415885900
921.640000000 9.600000000 10.632720947300
932.640000000 6.200000000 10.622213363600
930.640000000 9.600000000 10.619062423700
925.890000000 10.000000000 10.610588073700
921.140000000 9.400000000 10.600163459800
932.390000000 6.200000000 10.585453033400
936.140000000 10.000000000 10.583623886100
934.140000000 9.800000000 10.572500228900
925.640000000 6.600000000 10.549118995700
933.140000000 9.600000000 10.541000366200
923.890000000 5.800000000 10.534656524700
930.890000000 9.600000000 10.497376442000
939.390000000 9.200000000 10.485983848600
929.390000000 9.400000000 10.484634399400
925.140000000 6.400000000 10.465128898600
924.390000000 7.200000000 10.441416740400
937.890000000 9.200000000 10.419156074500
932.890000000 6.200000000 10.413869857800
932.140000000 6.200000000 10.403186798100
930.390000000 9.600000000 10.397094726600
925.140000000 8.000000000 10.360612869300
921.390000000 9.400000000 10.344633102400
933.640000000 7.200000000 10.323083877600
924.140000000 7.200000000 10.309638023400
925.640000000 9.800000000 10.293356895400
920.890000000 9.400000000 10.286988258400
932.640000000 6.400000000 10.268679618800
932.390000000 6.400000000 10.245450019800
933.140000000 6.800000000 10.240179061900
939.640000000 6.600000000 10.239189147900
932.390000000 7.400000000 10.230807304400
934.890000000 7.000000000 10.228937149000
932.890000000 6.800000000 10.226399421700
931.140000000 9.600000000 10.225347518900
922.890000000 7.000000000 10.215173721300
936.390000000 9.800000000 10.209400177000
922.640000000 6.000000000 10.177915573100
920.390000000 9.600000000 10.170579910300
929.890000000 7.000000000 10.162382125900
922.390000000 6.400000000 10.155756950400
933.390000000 6.800000000 10.139328002900
931.890000000 6.200000000 10.138500213600
923.390000000 6.400000000 10.125390052800
939.140000000 9.800000000 10.119172096300
933.890000000 10.000000000 10.113457679700
938.640000000 7.000000000 10.089674949600
932.890000000 6.600000000 10.081024169900
933.140000000 6.600000000 10.046230316200
931.390000000 9.600000000 10.040674209600
932.890000000 6.400000000 10.037618637100
933.640000000 6.800000000 10.022217750500
934.640000000 7.000000000 10.015069961500
932.640000000 6.800000000 10.006649971000
927.640000000 6.800000000 10.005007743800
938.140000000 7.200000000 9.963229179400
932.140000000 6.400000000 9.949405670200
934.390000000 7.000000000 9.948293685900
923.140000000 6.400000000 9.945586204500
936.390000000 6.600000000 9.944895744300
932.640000000 6.600000000 9.930893898000
933.890000000 6.800000000 9.920800209000
933.390000000 6.600000000 9.901149749800
923.890000000 7.200000000 9.893640518200
934.140000000 7.000000000 9.888149261500
921.390000000 8.200000000 9.884342193600
926.390000000 6.400000000 9.882085800200
936.890000000 6.200000000 9.879327774000
922.390000000 5.800000000 9.857412338300
928.890000000 6.800000000 9.840028762800
933.140000000 6.200000000 9.821910858200
922.890000000 10.000000000 9.814105987500
926.640000000 6.600000000 9.812304496800
931.640000000 6.200000000 9.800505638100
936.390000000 10.000000000 9.799652099600
933.890000000 7.000000000 9.781408309900
923.890000000 6.000000000 9.775357246400
922.390000000 6.800000000 9.761739730800
924.890000000 7.800000000 9.760376930200
934.140000000 6.800000000 9.759800910900
930.140000000 9.600000000 9.751200676000
920.640000000 9.400000000 9.750650405900
926.640000000 6.400000000 9.745216369600
933.140000000 7.000000000 9.726656913800
921.890000000 6.200000000 9.724597930900
932.890000000 7.000000000 9.721641540500
922.890000000 6.400000000 9.718154907200
921.390000000 6.000000000 9.715774536100
924.640000000 7.600000000 9.693715095500
938.640000000 5.800000000 9.692287445100
931.640000000 9.600000000 9.687448501600
933.640000000 7.000000000 9.683245658900
928.140000000 6.600000000 9.679080009500
933.390000000 7.000000000 9.669981002800
921.890000000 9.600000000 9.666382789600
933.890000000 9.800000000 9.665326118500
933.640000000 6.600000000 9.664775848400
938.390000000 10.000000000 9.655767440800
929.140000000 6.800000000 9.652787208600
926.390000000 6.600000000 9.639660835300
922.640000000 6.400000000 9.634856224100
921.390000000 8.800000000 9.627840995800
927.890000000 6.600000000 9.614164352400
926.890000000 6.200000000 9.607946395900
931.890000000 6.000000000 9.606455802900
922.390000000 10.000000000 9.604108810400
936.640000000 6.400000000 9.599034309400
926.140000000 6.400000000 9.590459823600
939.640000000 9.200000000 9.585795402500
928.640000000 6.800000000 9.580263137800
928.140000000 6.400000000 9.576040267900
927.140000000 6.200000000 9.573626518200
924.140000000 6.000000000 9.567841529800
926.890000000 6.600000000 9.562653541600
921.140000000 9.200000000 9.544588089000
932.140000000 6.000000000 9.531380653400
931.640000000 6.000000000 9.529204368600
933.140000000 6.400000000 9.517517089800
939.640000000 6.800000000 9.516777992200
932.640000000 7.000000000 9.515173912000
935.890000000 6.800000000 9.510348320000
938.890000000 5.800000000 9.509023666400
921.390000000 6.800000000 9.507541656500
932.390000000 6.800000000 9.504358291600
927.890000000 6.400000000 9.496582984900
939.890000000 7.800000000 9.486342430100
928.390000000 6.400000000 9.484810829200
932.390000000 6.000000000 9.479310989400
932.390000000 6.600000000 9.475955963100
936.640000000 9.800000000 9.473102569600
926.890000000 6.000000000 9.467446327200
924.140000000 6.200000000 9.464022636400
932.640000000 6.000000000 9.462875366200
928.390000000 6.600000000 9.454320907600
938.390000000 5.800000000 9.451315879800
926.140000000 10.000000000 9.448874473600
933.390000000 7.200000000 9.442615509000
932.640000000 7.400000000 9.434153556800
934.390000000 6.800000000 9.427904129000
921.640000000 9.400000000 9.423598289500
925.890000000 9.800000000 9.415790557900
927.890000000 6.800000000 9.412663459800
923.140000000 6.200000000 9.406284332300
931.890000000 6.400000000 9.401126861600
932.890000000 9.600000000 9.389595985400
939.640000000 6.400000000 9.380301475500
920.890000000 9.200000000 9.379822731000
939.890000000 9.000000000 9.376362800600
925.890000000 6.600000000 9.370075225800
933.890000000 6.600000000 9.344034194900
927.140000000 6.400000000 9.326584816000
932.890000000 6.000000000 9.323983192400
931.390000000 6.200000000 9.321314811700
921.390000000 9.200000000 9.317877769500
924.390000000 8.800000000 9.317877769500
940.140000000 8.800000000 9.315405845600
921.140000000 9.000000000 9.305068969700
938.890000000 9.800000000 9.304264068600
920.640000000 5.800000000 9.301804542500
937.640000000 7.800000000 9.282820701600
922.890000000 6.200000000 9.278947830200
924.140000000 5.800000000 9.278169632000
927.140000000 6.000000000 9.268098831200
937.140000000 6.000000000 9.266451835600
921.640000000 6.800000000 9.260853767400
923.890000000 8.200000000 9.259196281400
920.390000000 9.400000000 9.258435249300
927.640000000 6.400000000 9.257843017600
927.640000000 6.600000000 9.257368087800
921.140000000 6.800000000 9.252654075600
926.140000000 9.000000000 9.251250267000
925.390000000 6.400000000 9.246735572800
931.640000000 7.200000000 9.237035751300
924.390000000 6.200000000 9.233452796900
933.640000000 10.000000000 9.221203804000
939.390000000 6.000000000 9.212094306900
926.890000000 6.400000000 9.205316543600
928.390000000 6.800000000 9.191752433800
931.890000000 9.600000000 9.185033798200
940.140000000 9.400000000 9.183572769200
933.140000000 7.400000000 9.183305740400
929.140000000 9.400000000 9.182368278500
920.890000000 9.000000000 9.169995307900
928.140000000 6.800000000 9.167674064600
923.640000000 7.200000000 9.153098106400
928.640000000 6.600000000 9.151754379300
920.390000000 5.800000000 9.148238182100
931.390000000 7.200000000 9.147394180300
939.890000000 9.400000000 9.146707534800
923.640000000 9.600000000 9.146291732800
928.640000000 6.400000000 9.134423255900
926.640000000 6.200000000 9.120299339300
923.890000000 6.200000000 9.115613937400
923.390000000 9.600000000 9.105961799600
926.640000000 6.000000000 9.104813575700
927.140000000 6.600000000 9.079134941100
932.390000000 7.000000000 9.078138351400
920.890000000 5.800000000 9.072711944600
923.640000000 9.000000000 9.065319061300
931.390000000 6.000000000 9.064299583400
929.390000000 6.800000000 9.060207366900
923.390000000 6.200000000 9.054703712500
920.640000000 9.200000000 9.041566848800
938.140000000 5.800000000 9.041406631500
927.390000000 6.400000000 9.036031723000
939.640000000 9.400000000 9.035183906600
931.890000000 7.200000000 9.034376144400
931.890000000 5.800000000 9.034347534200
926.140000000 6.600000000 9.007246017500
931.640000000 5.800000000 9.005672454800
923.390000000 9.000000000 8.997678756700
922.390000000 9.800000000 8.991525650000
922.140000000 6.800000000 8.989233017000
932.140000000 6.600000000 8.988279342700
925.140000000 8.200000000 8.980801582300
921.140000000 8.800000000 8.980612754800
930.640000000 7.200000000 8.975323677100
925.890000000 6.400000000 8.973069191000
932.890000000 7.400000000 8.968173027000
927.390000000 6.200000000 8.960429191600
937.140000000 9.400000000 8.957899093600
928.140000000 6.200000000 8.946815490700
933.390000000 6.400000000 8.943513870200
933.140000000 7.200000000 8.926827430700
936.640000000 10.000000000 8.920494079600
934.140000000 6.600000000 8.911162376400
933.140000000 6.000000000 8.901147842400
934.640000000 6.800000000 8.900092124900
921.890000000 6.800000000 8.878576278700
938.890000000 7.000000000 8.873976707500
936.890000000 9.600000000 8.872217178300
922.640000000 9.000000000 8.869509697000
932.390000000 7.200000000 8.860154151900
921.890000000 9.400000000 8.853269577000
940.140000000 9.600000000 8.850788116500
922.390000000 9.000000000 8.844182968100
922.640000000 7.000000000 8.838759422300
926.390000000 9.000000000 8.838369369500
927.890000000 6.200000000 8.831925392200
923.140000000 9.000000000 8.830224037200
929.890000000 9.600000000 8.821244239800
927.390000000 6.600000000 8.820752143900
939.140000000 5.800000000 8.818509101900
937.890000000 7.600000000 8.816832542400
928.390000000 6.200000000 8.816666603100
924.390000000 6.000000000 8.814639091500
932.640000000 7.200000000 8.814179420500
922.890000000 9.000000000 8.805238723800
932.140000000 5.800000000 8.792109489400
939.890000000 9.600000000 8.786930084200
921.390000000 9.000000000 8.783075332600
932.890000000 7.200000000 8.771755218500
932.640000000 9.600000000 8.770257949800
928.890000000 6.600000000 8.762111663800
932.140000000 7.200000000 8.759270668000
932.140000000 9.600000000 8.758009910600
931.640000000 6.400000000 8.755275726300
922.140000000 9.600000000 8.724967002900
922.140000000 9.000000000 8.718206405600
933.390000000 6.200000000 8.715137481700
931.140000000 7.200000000 8.714173317000
922.890000000 9.800000000 8.711083412200
939.390000000 9.400000000 8.705055236800
920.640000000 9.000000000 8.690742492700
923.890000000 9.600000000 8.672101974500
920.390000000 9.200000000 8.671926498400
933.640000000 9.800000000 8.670018196100
927.640000000 6.200000000 8.665760040300
932.140000000 6.800000000 8.661160469100
939.890000000 9.200000000 8.658757209800
936.890000000 9.800000000 8.653687477100
923.890000000 9.000000000 8.652479171800
924.140000000 7.400000000 8.645904541000
920.890000000 6.800000000 8.627263069200
931.640000000 7.000000000 8.606117248500
932.390000000 9.600000000 8.606023788500
920.890000000 8.800000000 8.595005989100
931.390000000 5.800000000 8.589763641400
924.390000000 8.400000000 8.589118957500
930.140000000 7.000000000 8.585543632500
925.390000000 8.400000000 8.583250999500
924.390000000 7.400000000 8.579310417200
926.890000000 5.800000000 8.578598976100
921.640000000 9.200000000 8.563817024200
924.640000000 6.000000000 8.550034523000
921.890000000 8.000000000 8.540946960400
927.890000000 9.000000000 8.538629531900
931.140000000 6.200000000 8.535866737400
924.890000000 6.000000000 8.530724525500
939.640000000 9.600000000 8.521676063500
922.140000000 6.200000000 8.509000778200
927.390000000 6.000000000 8.495755195600
928.890000000 6.400000000 8.494157791100
921.890000000 9.000000000 8.491823196400
925.890000000 9.000000000 8.490507125900
931.390000000 7.000000000 8.477024078400
939.640000000 7.800000000 8.471651077300
937.890000000 5.800000000 8.467849731400
926.390000000 6.000000000 8.467165947000
932.140000000 7.000000000 8.462586402900
935.640000000 6.800000000 8.460846900900
931.890000000 7.000000000 8.441391944900
933.640000000 6.400000000 8.423857688900
923.140000000 9.600000000 8.422880172700
932.390000000 5.800000000 8.418737411500
931.890000000 6.600000000 8.414557457000
926.390000000 6.200000000 8.411728858900
922.390000000 6.000000000 8.410332679700
924.640000000 6.200000000 8.409981727600
925.140000000 6.000000000 8.408272743200
922.140000000 8.000000000 8.401998519900
933.390000000 10.000000000 8.400447845500
923.640000000 6.200000000 8.368936538700
922.640000000 6.200000000 8.364428520200
926.640000000 5.800000000 8.362654686000
928.640000000 6.200000000 8.353142738300
939.640000000 6.200000000 8.348152160600
924.140000000 9.600000000 8.337124824500
921.640000000 8.000000000 8.334139823900
926.140000000 9.800000000 8.329623222400
930.890000000 7.000000000 8.326217651400
927.140000000 5.800000000 8.302243232700
934.890000000 6.800000000 8.296285629300
931.140000000 7.000000000 8.293241500900
934.390000000 6.600000000 8.290693283100
930.890000000 7.200000000 8.287868499800
921.140000000 5.800000000 8.286052703900
920.390000000 9.000000000 8.270749092100
921.640000000 6.000000000 8.263148307800
940.140000000 9.200000000 8.230366706800
928.390000000 9.200000000 8.216519355800
924.890000000 6.200000000 8.204349517800
937.140000000 9.600000000 8.194428443900
926.390000000 10.000000000 8.189037323000
925.390000000 6.000000000 8.185272216800
938.140000000 9.400000000 8.180110931400
923.890000000 7.400000000 8.164937973000
937.390000000 9.400000000 8.163921356200
929.140000000 6.600000000 8.162271499600
922.390000000 8.000000000 8.143740654000
924.390000000 5.800000000 8.135570526100
925.640000000 6.400000000 8.127731323200
937.890000000 9.400000000 8.126003265400
923.390000000 7.200000000 8.121927261400
925.140000000 6.200000000 8.110544204700
931.140000000 6.800000000 8.104021072400
939.390000000 9.600000000 8.102424621600
932.640000000 5.800000000 8.099611282300
929.640000000 6.800000000 8.098912239100
921.140000000 8.200000000 8.092952728300
938.390000000 7.200000000 8.087700843800
921.140000000 8.600000000 8.085649490400
938.390000000 9.400000000 8.082534790000
937.640000000 9.400000000 8.082300186200
926.140000000 6.200000000 8.074132919300
924.390000000 9.600000000 8.062440872200
924.640000000 5.800000000 8.059122085600
922.140000000 9.400000000 8.058148384100
939.890000000 6.800000000 8.057090759300
931.140000000 6.000000000 8.056200981100
920.640000000 8.800000000 8.054385185200
921.140000000 8.400000000 8.054301261900
933.390000000 6.000000000 8.034451484700
939.890000000 6.600000000 8.028712272600
931.390000000 6.400000000 8.012878418000
924.890000000 5.800000000 8.011729240400
930.890000000 6.800000000 7.991006374400
930.640000000 7.000000000 7.989453315700
925.890000000 6.200000000 7.977177143100
939.140000000 9.400000000 7.964416027100
928.890000000 9.400000000 7.960169315300
931.390000000 6.800000000 7.959779262500
933.390000000 9.800000000 7.958069801300
920.640000000 6.800000000 7.947732925400
926.140000000 6.000000000 7.947638988500
922.140000000 5.800000000 7.946592330900
935.390000000 6.800000000 7.945612907400
936.890000000 10.000000000 7.945091247600
924.640000000 7.800000000 7.942344665500
938.640000000 9.800000000 7.921000480700
925.640000000 6.000000000 7.919821739200
922.640000000 8.000000000 7.909747123700
922.390000000 9.600000000 7.904228687300
938.140000000 7.400000000 7.902751445800
940.140000000 7.000000000 7.898693561600
935.140000000 6.800000000 7.897496223400
926.390000000 5.800000000 7.892932415000
925.390000000 6.200000000 7.892235279100
927.640000000 6.000000000 7.872394561800
921.640000000 9.000000000 7.848512649500
925.140000000 5.800000000 7.847717762000
938.140000000 9.600000000 7.840879917100
939.140000000 7.000000000 7.832705497700
937.140000000 9.800000000 7.824806213400
925.390000000 8.600000000 7.812832832300
937.390000000 9.600000000 7.800749301900
922.640000000 10.000000000 7.797183036800
938.890000000 7.800000000 7.781252861000
937.640000000 5.800000000 7.780914783500
925.890000000 6.000000000 7.776964187600
931.640000000 6.800000000 7.773371696500
927.890000000 6.000000000 7.770062923400
938.640000000 9.400000000 7.758337020900
924.640000000 8.600000000 7.750754356400
937.890000000 9.600000000 7.748505115500
922.390000000 6.200000000 7.746860981000
922.890000000 8.000000000 7.744934558900
931.140000000 5.800000000 7.738431930500
931.140000000 6.600000000 7.734901905100
938.390000000 9.600000000 7.733451843300
932.890000000 5.800000000 7.726212978400
939.390000000 5.800000000 7.721365451800
928.140000000 6.000000000 7.714465618100
926.890000000 9.000000000 7.713050842300
933.890000000 6.400000000 7.701529026000
920.390000000 8.800000000 7.701293468500
926.640000000 9.000000000 7.675931930500
925.640000000 6.200000000 7.672112464900
931.390000000 6.600000000 7.668310165400
937.640000000 9.600000000 7.665975570700
933.140000000 10.000000000 7.665231227900
939.140000000 7.800000000 7.665014743800
929.640000000 9.600000000 7.660241603900
931.890000000 6.800000000 7.646538734400
929.140000000 6.400000000 7.644632339500
924.140000000 7.600000000 7.635429859200
927.140000000 9.000000000 7.633654594400
940.140000000 7.600000000 7.633255481700
927.390000000 5.800000000 7.629716396300
938.640000000 7.800000000 7.626141071300
928.890000000 6.200000000 7.614476680800
924.640000000 9.600000000 7.599977493300
937.890000000 7.800000000 7.597486019100
936.140000000 6.600000000 7.588259220100
924.140000000 9.000000000 7.579426288600
939.890000000 7.000000000 7.575494766200
929.390000000 6.600000000 7.573291778600
925.390000000 5.800000000 7.570200443300
933.140000000 9.800000000 7.544027805300
931.640000000 6.600000000 7.543045520800
923.140000000 8.000000000 7.529840469400
921.390000000 8.000000000 7.523521900200
930.890000000 6.600000000 7.522450447100
928.390000000 6.000000000 7.516304016100
939.640000000 7.000000000 7.496080398600
939.390000000 7.800000000 7.471817016600
939.140000000 9.600000000 7.467353344000
926.140000000 5.800000000 7.465965271000
921.890000000 9.200000000 7.461666107200
940.140000000 6.800000000 7.447821617100
930.640000000 6.800000000 7.446717739100
939.390000000 7.000000000 7.438941001900
934.640000000 6.600000000 7.438557148000
939.640000000 6.000000000 7.427815914200
924.390000000 7.600000000 7.420591354400
938.140000000 10.000000000 7.397536277800
938.640000000 9.600000000 7.377068996400
920.390000000 6.800000000 7.361250877400
927.390000000 9.000000000 7.359915733300
938.890000000 9.400000000 7.351050853700
922.390000000 7.000000000 7.331313133200
920.890000000 8.600000000 7.315792560600
929.890000000 6.800000000 7.310432434100
938.390000000 7.800000000 7.292961120600
923.890000000 7.600000000 7.269571781200
925.640000000 5.800000000 7.268289089200
925.890000000 5.800000000 7.255869388600
926.890000000 9.200000000 7.234184265100
930.890000000 6.200000000 7.231045723000
927.140000000 9.200000000 7.229951858500
931.140000000 6.400000000 7.221842765800
930.390000000 7.000000000 7.213890075700
922.640000000 9.800000000 7.196854114500
924.890000000 9.600000000 7.192496776600
937.390000000 9.800000000 7.182339191400
940.140000000 9.000000000 7.176572799700
936.890000000 6.000000000 7.170753002200
926.640000000 10.000000000 7.170719623600
924.890000000 8.000000000 7.167346000700
926.390000000 9.800000000 7.159242153200
926.640000000 9.200000000 7.154411315900
933.140000000 5.800000000 7.143720150000
922.890000000 9.600000000 7.142438888500
933.640000000 6.200000000 7.131188869500
936.640000000 6.200000000 7.120491504700
932.890000000 9.800000000 7.119625091600
938.140000000 7.800000000 7.107844352700
921.390000000 5.800000000 7.094493389100
927.390000000 9.200000000 7.094373703000
938.140000000 9.800000000 7.088137626600
929.640000000 6.600000000 7.078370571100
924.140000000 8.200000000 7.064828872700
938.390000000 9.800000000 7.064300537100
923.640000000 7.400000000 7.054751396200
930.140000000 6.800000000 7.052264213600
939.890000000 7.600000000 7.046602249100
932.890000000 10.000000000 7.031634807600
930.890000000 6.400000000 7.026645660400
938.140000000 7.600000000 7.021329402900
923.140000000 7.200000000 7.019633293200
927.640000000 5.800000000 7.012614250200
923.390000000 8.000000000 7.010953426400
928.640000000 6.000000000 7.005519390100
939.890000000 6.400000000 7.001429081000
926.390000000 9.200000000 6.995074749000
937.390000000 5.800000000 6.985825061800
924.140000000 8.000000000 6.959321022000
937.890000000 9.800000000 6.958761692000
927.140000000 10.000000000 6.950703144100
927.640000000 9.000000000 6.945386409800
937.140000000 10.000000000 6.945346832300
930.640000000 6.600000000 6.936089992500
930.890000000 9.800000000 6.920034408600
927.390000000 10.000000000 6.908399105100
937.640000000 9.800000000 6.907303333300
924.140000000 7.800000000 6.906570434600
934.140000000 6.400000000 6.904569149000
940.140000000 7.200000000 6.901032447800
925.640000000 9.000000000 6.884160041800
938.890000000 9.600000000 6.874895095800
931.140000000 9.800000000 6.861593246500
938.640000000 7.200000000 6.856170177500
921.890000000 6.000000000 6.855829238900
936.390000000 6.400000000 6.843143463100
929.640000000 10.000000000 6.824879646300
928.640000000 9.400000000 6.817058563200
930.390000000 6.800000000 6.810215473200
930.640000000 9.800000000 6.808864593500
926.890000000 10.000000000 6.798048019400
929.140000000 6.200000000 6.795718193100
925.140000000 9.600000000 6.788214683500
929.390000000 10.000000000 6.783693790400
929.890000000 6.600000000 6.783438682600
922.390000000 9.400000000 6.779476165800
927.640000000 10.000000000 6.779089450800
924.390000000 8.000000000 6.768196582800
920.640000000 8.600000000 6.765388488800
924.390000000 8.200000000 6.764492034900
929.390000000 6.400000000 6.757066726700
927.640000000 9.200000000 6.756245136300
925.390000000 8.800000000 6.755103111300
924.390000000 7.800000000 6.724437713600
926.140000000 9.200000000 6.695626258900
924.640000000 8.800000000 6.683820724500
939.640000000 7.600000000 6.681033134500
931.390000000 10.000000000 6.680078506500
922.640000000 9.600000000 6.678352832800
922.140000000 9.200000000 6.658155918100
939.390000000 7.200000000 6.652214527100
931.390000000 9.800000000 6.651385784100
931.140000000 10.000000000 6.650728702500
939.640000000 7.200000000 6.644536495200
938.390000000 7.600000000 6.640875339500
927.890000000 10.000000000 6.629410743700
923.890000000 7.800000000 6.626792430900
922.390000000 9.200000000 6.626010894800
933.640000000 6.000000000 6.611141204800
939.890000000 7.200000000 6.611012935600
932.640000000 9.800000000 6.603794097900
921.140000000 8.000000000 6.601700305900
920.890000000 8.400000000 6.591421127300
930.390000000 9.800000000 6.579325199100
938.390000000 7.400000000 6.572080135300
930.640000000 6.400000000 6.569516181900
921.640000000 5.800000000 6.568919658700
940.140000000 6.600000000 6.548232078600
939.640000000 5.800000000 6.545130729700
927.390000000 9.400000000 6.544782638500
930.890000000 6.000000000 6.529168605800
932.640000000 10.000000000 6.528354167900
927.890000000 5.800000000 6.526504516600
925.390000000 9.600000000 6.517596721600
927.140000000 9.400000000 6.510770320900
929.890000000 10.000000000 6.505942821500
930.890000000 5.800000000 6.497636318200
931.640000000 10.000000000 6.497432708700
938.640000000 7.600000000 6.493546485900
929.140000000 10.000000000 6.484081745100
922.140000000 6.000000000 6.470799446100
920.390000000 8.600000000 6.461131572700
928.140000000 10.000000000 6.454788208000
930.140000000 6.600000000 6.449306011200
923.890000000 8.000000000 6.436091423000
934.890000000 6.600000000 6.433710098300
926.890000000 9.400000000 6.431795597100
927.640000000 9.400000000 6.428178310400
939.390000000 7.600000000 6.370696544600
939.890000000 6.200000000 6.365843772900
922.640000000 9.400000000 6.365497589100
926.640000000 9.400000000 6.354518413500
928.890000000 6.000000000 6.353739738500
930.890000000 10.000000000 6.348779678300
920.890000000 8.200000000 6.347737312300
921.890000000 7.000000000 6.342633724200
933.390000000 5.800000000 6.330843925500
924.640000000 8.400000000 6.312929153400
931.640000000 9.800000000 6.310581207300
938.890000000 7.600000000 6.306073188800
929.640000000 6.400000000 6.294716358200
925.640000000 9.600000000 6.285438060800
929.390000000 9.600000000 6.280993461600
939.140000000 7.200000000 6.274482250200
931.890000000 10.000000000 6.256955623600
930.140000000 9.800000000 6.249711990400
938.890000000 7.200000000 6.246299743700
927.890000000 9.200000000 6.244743347200
929.390000000 6.200000000 6.230500698100
926.390000000 9.400000000 6.216245651200
932.390000000 10.000000000 6.208724021900
922.640000000 9.200000000 6.203784465800
923.140000000 9.400000000 6.202486038200
928.390000000 10.000000000 6.181198120100
940.140000000 6.400000000 6.178312778500
922.140000000 7.000000000 6.173880100300
925.890000000 9.200000000 6.172462940200
923.640000000 7.600000000 6.171467304200
927.890000000 9.400000000 6.169506073000
938.640000000 7.400000000 6.160202026400
932.390000000 9.800000000 6.157600879700
939.140000000 7.600000000 6.149305343600
937.390000000 10.000000000 6.140329361000
922.890000000 9.200000000 6.129154205300
928.140000000 5.800000000 6.124129772200
932.140000000 10.000000000 6.124125480700
926.640000000 9.800000000 6.120254516600
924.640000000 8.200000000 6.115759849500
923.390000000 9.400000000 6.113456249200
924.640000000 8.000000000 6.096561431900
931.890000000 9.800000000 6.096485137900
930.390000000 6.600000000 6.090209960900
930.640000000 6.200000000 6.086280345900
922.890000000 7.200000000 6.062330246000
923.140000000 9.200000000 6.061539650000
921.640000000 7.000000000 6.051990985900
930.640000000 10.000000000 6.049942970300
928.890000000 10.000000000 6.046130180400
921.890000000 5.800000000 6.045950889600
924.390000000 9.000000000 6.041632175400
934.390000000 6.400000000 6.033964157100
923.640000000 9.200000000 6.024494171100
923.640000000 8.000000000 6.006708622000
922.890000000 9.400000000 5.989823341400
932.140000000 9.800000000 5.985852241500
923.890000000 9.200000000 5.973963260700
928.140000000 9.200000000 5.967971324900
924.890000000 8.200000000 5.946760177600
929.640000000 9.800000000 5.942543029800
930.390000000 6.400000000 5.933109760300
939.890000000 6.000000000 5.922164440200
937.140000000 5.800000000 5.910204410600
938.890000000 7.400000000 5.903749465900
925.890000000 9.600000000 5.885585308100
935.890000000 6.600000000 5.883121490500
923.390000000 9.200000000 5.880568027500
921.390000000 7.000000000 5.878360748300
926.140000000 9.400000000 5.861904621100
925.140000000 8.400000000 5.854384899100
929.140000000 6.000000000 5.842767238600
930.140000000 10.000000000 5.842254161800
929.890000000 9.800000000 5.817708969100
933.890000000 6.200000000 5.815295219400
929.890000000 6.400000000 5.810529708900
923.640000000 9.400000000 5.799456119500
927.890000000 9.600000000 5.794126510600
928.140000000 9.400000000 5.794086456300
927.640000000 9.600000000 5.793540000900
937.890000000 10.000000000 5.788353443100
928.390000000 5.800000000 5.787074089100
921.140000000 7.000000000 5.776463985400
924.140000000 9.200000000 5.775803089100
929.390000000 9.800000000 5.770984649700
939.140000000 7.400000000 5.755229950000
937.640000000 10.000000000 5.752816677100
923.890000000 9.400000000 5.731255531300
925.390000000 9.000000000 5.724512100200
927.390000000 9.600000000 5.709818363200
924.890000000 8.400000000 5.706688404100
923.390000000 7.400000000 5.701392173800
928.640000000 10.000000000 5.696234226200
923.640000000 7.800000000 5.674621105200
928.140000000 9.600000000 5.664814472200
940.140000000 6.200000000 5.654334545100
924.140000000 9.400000000 5.650204658500
939.390000000 7.400000000 5.649948120100
930.390000000 10.000000000 5.648258686100
924.890000000 8.600000000 5.638228416400
920.890000000 7.000000000 5.600042343100
927.140000000 9.600000000 5.586427211800
930.390000000 6.200000000 5.577790737200
925.140000000 8.800000000 5.561789989500
928.390000000 9.400000000 5.542724132500
924.390000000 9.200000000 5.512720584900
939.640000000 7.400000000 5.509823322300
924.390000000 9.400000000 5.508614540100
935.140000000 6.600000000 5.497610569000
929.640000000 6.200000000 5.486908912700
926.890000000 9.600000000 5.457638740500
927.890000000 9.800000000 5.456901550300
927.640000000 9.800000000 5.453840255700
920.640000000 8.400000000 5.451027393300
925.140000000 8.600000000 5.446979999500
924.640000000 9.400000000 5.436038017300
925.640000000 9.200000000 5.432905197100
927.390000000 9.800000000 5.431659221600
926.890000000 9.800000000 5.429995536800
928.140000000 9.800000000 5.416803836800
929.140000000 9.800000000 5.398066043900
920.640000000 7.000000000 5.393522739400
939.890000000 5.800000000 5.390039444000
924.890000000 9.400000000 5.385871410400
927.140000000 9.800000000 5.380824089100
920.890000000 8.000000000 5.352332592000
929.140000000 9.600000000 5.326624393500
928.640000000 5.800000000 5.326600551600
926.640000000 9.600000000 5.307874202700
920.390000000 8.400000000 5.305044174200
926.140000000 9.600000000 5.288217067700
929.390000000 6.000000000 5.287204265600
940.140000000 7.400000000 5.284805774700
939.890000000 7.400000000 5.280466556500
922.140000000 7.200000000 5.270740032200
930.140000000 6.400000000 5.248873233800
933.640000000 5.800000000 5.230151653300
925.140000000 9.400000000 5.228601932500
928.390000000 9.600000000 5.216591358200
924.640000000 9.200000000 5.193381309500
922.640000000 7.200000000 5.188953399700
925.890000000 9.400000000 5.173126697500
928.390000000 9.800000000 5.172607898700
921.890000000 7.200000000 5.170305728900
920.390000000 8.200000000 5.160064220400
930.640000000 6.000000000 5.110265731800
926.390000000 9.600000000 5.060618400600
920.640000000 8.200000000 5.055522918700
936.640000000 6.000000000 5.045478820800
934.640000000 6.400000000 5.038141250600
930.640000000 5.800000000 5.026115417500
920.390000000 7.000000000 5.012094974500
935.640000000 6.600000000 5.001351833300
922.390000000 7.200000000 4.985424518600
925.140000000 9.000000000 4.979997158100
928.890000000 9.800000000 4.974192142500
925.390000000 9.400000000 4.962243557000
940.140000000 6.000000000 4.955333709700
921.640000000 7.200000000 4.940706729900
924.890000000 9.200000000 4.929998397800
935.390000000 6.600000000 4.928905963900
920.640000000 8.000000000 4.912963867200
930.140000000 6.200000000 4.902203559900
924.890000000 8.800000000 4.882183551800
933.890000000 6.000000000 4.862319469500
920.390000000 8.000000000 4.856250286100
928.890000000 5.800000000 4.838146686600
928.640000000 9.800000000 4.755553722400
928.890000000 9.600000000 4.717116832700
923.390000000 7.600000000 4.710975170100
924.640000000 9.000000000 4.703920841200
925.140000000 9.200000000 4.691313743600
930.390000000 6.000000000 4.629466056800
934.140000000 6.200000000 4.629427433000
929.890000000 6.200000000 4.606252193500
925.390000000 9.200000000 4.605926036800
925.640000000 9.400000000 4.605091571800
936.890000000 5.800000000 4.602517604800
936.390000000 6.200000000 4.582459926600
936.140000000 6.400000000 4.571119308500
940.140000000 5.800000000 4.545058727300
929.640000000 6.000000000 4.536429405200
928.640000000 9.600000000 4.501089096100
923.390000000 7.800000000 4.465209007300
920.640000000 7.800000000 4.464233875300
921.390000000 7.200000000 4.416964054100
921.640000000 7.800000000 4.408593654600
929.140000000 5.800000000 4.405115604400
920.390000000 7.800000000 4.400512695300
921.890000000 7.800000000 4.392146110500
923.140000000 7.400000000 4.389387607600
924.890000000 9.000000000 4.352319240600
922.140000000 7.800000000 4.297482490500
920.890000000 7.200000000 4.243072509800
920.890000000 7.800000000 4.231259822800
922.390000000 7.800000000 4.207188129400
921.390000000 7.800000000 4.201097011600
921.140000000 7.200000000 4.190188884700
920.640000000 7.200000000 4.185318470000
922.640000000 7.800000000 4.116508483900
930.140000000 6.000000000 4.007935524000
934.890000000 6.400000000 4.003248214700
922.890000000 7.800000000 4.000393390700
929.390000000 5.800000000 3.995523452800
920.890000000 7.400000000 3.964154243500
920.390000000 7.200000000 3.959429979300
933.890000000 5.800000000 3.950450658800
920.640000000 7.400000000 3.943940401100
923.140000000 7.800000000 3.928536653500
920.640000000 7.600000000 3.832240819900
923.140000000 7.600000000 3.814351320300
920.390000000 7.600000000 3.806348800700
922.890000000 7.400000000 3.770798206300
922.140000000 7.400000000 3.767326831800
921.140000000 7.400000000 3.719799995400
930.390000000 5.800000000 3.686064958600
921.140000000 7.800000000 3.685072422000
920.390000000 7.400000000 3.678949832900
921.890000000 7.400000000 3.662714242900
921.390000000 7.400000000 3.652489423800
922.390000000 7.400000000 3.631385803200
920.890000000 7.600000000 3.630424976300
934.390000000 6.200000000 3.589798927300
921.640000000 7.400000000 3.580533742900
922.640000000 7.400000000 3.578626632700
929.890000000 6.000000000 3.569243669500
929.640000000 5.800000000 3.434571266200
922.890000000 7.600000000 3.418465852700
922.140000000 7.600000000 3.331715107000
922.390000000 7.600000000 3.320552110700
922.640000000 7.600000000 3.311269521700
934.140000000 6.000000000 3.300951480900
921.140000000 7.600000000 3.282845974000
936.640000000 5.800000000 3.269198656100
936.390000000 6.000000000 3.263483285900
935.890000000 6.400000000 3.197019577000
921.890000000 7.600000000 3.106095552400
930.140000000 5.800000000 3.094022035600
935.140000000 6.400000000 3.082717657100
934.640000000 6.200000000 3.050863504400
934.890000000 6.200000000 3.008321285200
934.140000000 5.800000000 2.872822284700
921.390000000 7.600000000 2.867173433300
936.390000000 5.800000000 2.852121830000
921.640000000 7.600000000 2.833124637600
936.140000000 6.200000000 2.792609930000
935.140000000 6.200000000 2.778541803400
929.890000000 5.800000000 2.775753736500
935.640000000 6.400000000 2.769735097900
936.140000000 5.800000000 2.687969923000
936.140000000 6.000000000 2.677945375400
935.390000000 6.400000000 2.664968729000
934.890000000 6.000000000 2.602533578900
934.640000000 6.000000000 2.599883794800
935.890000000 5.800000000 2.596531629600
935.640000000 5.800000000 2.454664945600
934.390000000 6.000000000 2.443898677800
935.140000000 6.000000000 2.429382324200
935.390000000 6.200000000 2.390757560700
935.890000000 6.200000000 2.355561733200
935.890000000 6.000000000 2.331087827700
935.640000000 6.200000000 2.310780286800
934.390000000 5.800000000 2.222358465200
935.390000000 5.800000000 2.206643343000
935.640000000 6.000000000 2.201188564300
935.390000000 6.000000000 2.119174003600
935.140000000 5.800000000 2.068723201800
934.890000000 5.800000000 1.976216316200
934.640000000 5.800000000 1.791588902500
