973.840000000 8.200000000 51.543140411400
973.590000000 8.200000000 51.315643310500
973.590000000 8.400000000 47.670505523700
973.590000000 8.000000000 47.308658599900
973.840000000 8.000000000 46.680519104000
973.340000000 8.200000000 46.402309417700
974.090000000 8.200000000 46.077640533400
973.340000000 8.400000000 45.948783874500
973.340000000 8.000000000 44.914913177500
973.590000000 7.800000000 44.262699127200
974.090000000 8.000000000 43.637969970700
973.840000000 8.400000000 43.533821106000
975.590000000 8.000000000 43.426479339600
973.340000000 7.800000000 43.235050201400
975.840000000 8.000000000 42.210575103800
973.840000000 7.800000000 41.566688537600
975.340000000 8.000000000 41.294593811000
973.590000000 7.600000000 41.164234161400
975.840000000 7.800000000 40.859268188500
973.340000000 7.600000000 40.839851379400
975.590000000 7.800000000 39.796882629400
974.340000000 8.000000000 39.682884216300
973.090000000 8.400000000 39.640766143800
975.090000000 8.000000000 39.305831909200
973.090000000 8.200000000 39.078926086400
973.090000000 8.000000000 38.964374542200
974.340000000 8.200000000 38.401771545400
973.840000000 7.600000000 38.114253997800
973.090000000 7.800000000 38.091545105000
976.090000000 7.800000000 37.955837249800
973.090000000 7.600000000 37.666496276900
974.090000000 7.800000000 37.397731781000
976.090000000 8.000000000 37.265205383300
974.840000000 8.000000000 37.205356597900
974.590000000 8.000000000 37.069942474400
973.340000000 8.600000000 36.843093872100
973.340000000 7.400000000 36.821945190400
974.090000000 8.400000000 36.618915557900
975.340000000 7.800000000 36.195110321000
973.090000000 8.600000000 36.030639648400
973.590000000 7.400000000 35.763088226300
975.340000000 8.200000000 35.096874237100
975.590000000 8.200000000 35.045516967800
975.090000000 7.800000000 34.740264892600
973.090000000 7.400000000 34.735469818100
974.340000000 7.800000000 33.870903015100
975.090000000 8.200000000 33.590915679900
973.590000000 8.600000000 33.422054290800
972.840000000 7.600000000 33.204319000200
974.590000000 8.200000000 33.135189056400
976.340000000 7.800000000 32.945823669400
975.840000000 8.200000000 32.913017272900
974.840000000 7.800000000 32.858016967800
974.090000000 7.600000000 32.692283630400
973.840000000 7.400000000 32.400894165000
974.590000000 7.800000000 32.248851776100
974.840000000 8.200000000 31.872676849400
972.840000000 8.400000000 31.693519592300
976.340000000 8.000000000 31.454524993900
972.840000000 8.600000000 31.108642578100
972.840000000 8.200000000 31.022258758500
974.340000000 8.400000000 30.689504623400
972.840000000 7.800000000 30.567131042500
972.840000000 8.000000000 30.311847686800
972.840000000 7.400000000 29.223588943500
976.590000000 7.800000000 28.666656494100
973.840000000 8.600000000 28.656091690100
976.090000000 8.200000000 28.623695373500
973.340000000 7.200000000 28.381256103500
975.840000000 7.600000000 28.331779480000
973.590000000 7.200000000 28.259708404500
974.090000000 7.400000000 27.793331146200
975.590000000 7.600000000 27.657758712800
976.090000000 7.600000000 27.652549743700
974.340000000 7.600000000 27.528440475500
974.590000000 8.400000000 27.013437271100
976.590000000 8.000000000 26.990962982200
973.090000000 7.200000000 26.680994033800
974.840000000 7.600000000 26.359449386600
975.090000000 7.600000000 26.337144851700
976.840000000 7.800000000 26.316133499100
972.840000000 8.800000000 26.079042434700
977.590000000 7.800000000 25.999176025400
973.090000000 8.800000000 25.918228149400
973.840000000 7.200000000 25.910121917700
974.590000000 7.600000000 25.834184646600
975.340000000 7.600000000 25.770469665500
977.340000000 7.800000000 25.739164352400
977.090000000 7.800000000 25.584802627600
977.840000000 7.800000000 25.384813308700
974.840000000 8.400000000 25.210252761800
972.590000000 7.600000000 25.165756225600
977.840000000 8.000000000 24.664184570300
974.090000000 8.600000000 24.657735824600
972.590000000 8.600000000 24.640495300300
976.340000000 7.600000000 24.615491867100
975.090000000 8.400000000 24.578653335600
975.340000000 8.400000000 24.457098007200
976.840000000 8.000000000 24.452911377000
972.590000000 7.800000000 24.318628311200
977.590000000 8.000000000 24.204654693600
975.590000000 8.400000000 24.052522659300
976.340000000 8.200000000 23.858501434300
977.340000000 8.000000000 23.768247604400
978.090000000 7.800000000 23.761859893800
972.590000000 8.400000000 23.692638397200
977.090000000 8.000000000 23.567605972300
973.340000000 8.800000000 23.464641571000
972.590000000 8.800000000 23.267633438100
972.840000000 7.200000000 23.158157348600
974.340000000 7.400000000 23.148406982400
978.090000000 8.000000000 22.964559555100
975.840000000 8.400000000 22.521982193000
974.090000000 7.200000000 22.420589447000
972.590000000 8.200000000 22.371250152600
973.340000000 7.000000000 21.814752578700
972.590000000 7.400000000 21.802423477200
972.590000000 8.000000000 21.730281829800
974.340000000 8.600000000 21.653995513900
973.590000000 7.000000000 21.570198059100
976.590000000 7.600000000 21.254722595200
973.590000000 8.800000000 20.614637374900
973.090000000 7.000000000 20.604143142700
974.590000000 7.400000000 20.326517105100
977.840000000 7.600000000 20.288896560700
974.840000000 7.400000000 20.193668365500
976.590000000 8.200000000 20.180095672600
977.590000000 7.600000000 20.172851562500
976.090000000 8.400000000 19.746957778900
975.090000000 7.400000000 19.440292358400
977.340000000 7.600000000 19.412120819100
972.090000000 8.000000000 19.350664138800
974.590000000 8.600000000 19.340124130200
973.840000000 7.000000000 19.302564621000
976.840000000 7.600000000 19.283540725700
974.340000000 7.200000000 19.069818496700
977.590000000 8.200000000 18.934259414700
977.090000000 7.600000000 18.926700592000
972.590000000 7.200000000 18.919605255100
972.840000000 7.000000000 18.901584625200
972.340000000 8.800000000 18.888177871700
978.340000000 7.800000000 18.858078002900
978.090000000 7.600000000 18.743154525800
972.590000000 9.000000000 18.565090179400
972.340000000 8.000000000 18.533012390100
977.840000000 8.200000000 18.499362945600
971.840000000 8.000000000 18.442975997900
972.340000000 8.600000000 18.400150299100
972.340000000 7.800000000 18.365062713600
977.340000000 8.200000000 18.328514099100
973.840000000 8.800000000 18.272953033400
978.340000000 8.000000000 18.270381927500
972.090000000 7.800000000 18.248901367200
971.840000000 8.200000000 18.233819961500
976.840000000 8.200000000 18.209371566800
975.840000000 7.400000000 17.906604766800
972.090000000 8.200000000 17.888500213600
977.090000000 8.200000000 17.787689209000
972.840000000 9.000000000 17.769277572600
975.590000000 7.400000000 17.737623214700
974.840000000 8.600000000 17.733314514200
972.340000000 9.000000000 17.552305221600
975.340000000 7.400000000 17.548328399700
972.340000000 7.600000000 17.301267623900
974.590000000 7.200000000 17.218311309800
971.590000000 8.200000000 17.211309433000
975.090000000 8.600000000 16.904251098600
982.590000000 8.200000000 16.879356384300
972.090000000 7.600000000 16.835983276400
971.840000000 7.800000000 16.790809631300
976.090000000 7.400000000 16.745153427100
982.840000000 8.000000000 16.738851547200
976.340000000 8.400000000 16.723295211800
982.590000000 8.000000000 16.665925979600
974.090000000 7.000000000 16.658023834200
978.090000000 8.200000000 16.621360778800
975.340000000 8.600000000 16.556758880600
972.340000000 8.200000000 16.485383987400
982.340000000 8.000000000 16.360128402700
982.840000000 8.200000000 16.357904434200
972.590000000 7.000000000 16.312391281100
971.590000000 8.000000000 16.301715850800
974.090000000 8.800000000 16.269634246800
972.340000000 8.400000000 16.264015197800
973.090000000 9.000000000 16.238330841100
982.340000000 8.200000000 16.223194122300
972.090000000 7.400000000 16.071296691900
975.590000000 8.600000000 16.062299728400
974.840000000 7.200000000 16.010900497400
972.340000000 7.400000000 15.889563560500
971.840000000 7.600000000 15.714521408100
982.590000000 7.800000000 15.689103126500
972.340000000 7.200000000 15.574496269200
982.090000000 8.000000000 15.500562667800
982.840000000 7.800000000 15.457695961000
982.090000000 8.200000000 15.306022644000
983.090000000 8.000000000 15.259345054600
971.840000000 7.400000000 15.238095283500
972.090000000 7.000000000 15.211762428300
973.090000000 6.800000000 15.205203056300
980.340000000 8.000000000 15.193735122700
972.090000000 7.200000000 15.160695076000
974.340000000 7.000000000 15.117572784400
972.090000000 8.800000000 15.111843109100
976.340000000 7.400000000 14.962372779800
975.840000000 8.600000000 14.943214416500
971.340000000 8.200000000 14.939988136300
972.090000000 9.000000000 14.858111381500
973.340000000 9.000000000 14.826330184900
972.340000000 7.000000000 14.719721794100
978.340000000 7.600000000 14.704050064100
972.840000000 6.800000000 14.602745056200
982.340000000 7.800000000 14.585657119800
981.840000000 8.000000000 14.558065414400
980.340000000 7.800000000 14.521740913400
972.340000000 9.200000000 14.519569397000
972.090000000 9.200000000 14.511030197100
976.590000000 8.400000000 14.510346412700
988.090000000 8.000000000 14.496195793200
973.340000000 6.800000000 14.484349250800
971.590000000 7.800000000 14.483946800200
980.090000000 8.000000000 14.451610565200
974.590000000 7.000000000 14.435098648100
975.090000000 7.200000000 14.406284332300
980.590000000 8.000000000 14.394810676600
971.840000000 7.000000000 14.391528129600
980.090000000 7.800000000 14.372675895700
981.840000000 8.200000000 14.371656417800
971.590000000 8.400000000 14.362257957500
974.340000000 8.800000000 14.337727546700
972.090000000 6.800000000 14.295465469400
971.840000000 8.400000000 14.174625396700
971.840000000 7.200000000 13.890435218800
983.090000000 7.800000000 13.876322746300
981.590000000 8.000000000 13.866278648400
983.090000000 8.200000000 13.834868431100
971.840000000 6.800000000 13.782532692000
975.340000000 7.200000000 13.720932006800
980.590000000 7.800000000 13.717346191400
973.590000000 9.000000000 13.653141975400
971.340000000 8.400000000 13.648104667700
972.090000000 8.600000000 13.644349098200
981.590000000 7.800000000 13.625494957000
971.340000000 8.000000000 13.615878105200
977.590000000 8.400000000 13.545283317600
982.590000000 7.600000000 13.520467758200
981.840000000 7.800000000 13.482601165800
972.090000000 8.400000000 13.477827072100
971.590000000 7.600000000 13.469211578400
976.840000000 8.400000000 13.419677734400
977.340000000 8.400000000 13.419530868500
982.090000000 7.800000000 13.419405937200
981.340000000 7.800000000 13.413219451900
981.590000000 8.200000000 13.404934883100
976.090000000 8.600000000 13.385393142700
978.340000000 8.200000000 13.377852439900
972.340000000 6.800000000 13.373315811200
976.590000000 7.400000000 13.357313156100
972.590000000 9.200000000 13.324047088600
980.340000000 8.200000000 13.297927856400
981.340000000 8.000000000 13.272499084500
974.840000000 7.000000000 13.266290664700
988.090000000 7.800000000 13.250029563900
982.340000000 7.600000000 13.228110313400
977.090000000 8.400000000 13.207633972200
982.840000000 7.600000000 13.174423217800
971.590000000 7.400000000 13.165052413900
977.840000000 8.400000000 13.036172866800
975.590000000 7.200000000 13.002066612200
982.090000000 7.600000000 12.994173049900
971.840000000 9.200000000 12.993319511400
981.840000000 7.600000000 12.989563942000
978.590000000 8.000000000 12.939910888700
973.590000000 6.800000000 12.926565170300
980.090000000 8.200000000 12.926513671900
981.590000000 7.600000000 12.881399154700
981.090000000 7.800000000 12.837030410800
983.340000000 8.000000000 12.787131309500
980.840000000 7.800000000 12.783422470100
979.840000000 7.800000000 12.776444435100
979.840000000 8.000000000 12.759346962000
980.840000000 8.000000000 12.756433486900
974.590000000 8.800000000 12.733087539700
977.590000000 7.400000000 12.722894668600
977.840000000 7.400000000 12.707833290100
982.340000000 8.400000000 12.636132240300
982.590000000 8.400000000 12.612412452700
978.590000000 7.800000000 12.572188377400
982.340000000 7.400000000 12.561578750600
981.090000000 8.000000000 12.533411026000
982.590000000 7.400000000 12.498998642000
981.340000000 8.200000000 12.466447830200
981.340000000 7.600000000 12.457707405100
972.590000000 6.800000000 12.454091072100
979.590000000 7.800000000 12.415028572100
973.840000000 9.000000000 12.409250259400
982.340000000 7.200000000 12.376018524200
971.590000000 7.000000000 12.362647056600
976.840000000 7.400000000 12.354495048500
971.840000000 6.600000000 12.340500831600
981.090000000 7.600000000 12.286404609700
982.090000000 7.400000000 12.273809433000
977.340000000 7.400000000 12.261763572700
980.590000000 8.200000000 12.261719703700
971.590000000 7.200000000 12.248523712200
988.090000000 8.200000000 12.163266181900
982.590000000 7.200000000 12.157436370800
982.090000000 7.200000000 12.145368576000
971.840000000 9.000000000 12.141777992200
981.840000000 7.400000000 12.129565239000
972.090000000 6.600000000 12.059420585600
979.340000000 7.800000000 12.058417320300
972.840000000 9.200000000 12.051812171900
980.840000000 7.600000000 12.050871849100
980.590000000 7.600000000 12.033601760900
977.090000000 7.400000000 12.025563240100
976.340000000 8.600000000 11.962941169700
971.590000000 6.800000000 11.952437400800
971.090000000 8.200000000 11.916570663500
980.340000000 7.600000000 11.912435531600
981.590000000 7.400000000 11.896291732800
975.840000000 7.200000000 11.869981765700
983.340000000 7.800000000 11.854113578800
974.840000000 8.800000000 11.844776153600
981.090000000 8.200000000 11.833821296700
983.090000000 7.600000000 11.831597328200
981.340000000 7.400000000 11.790439605700
980.840000000 8.200000000 11.753972053500
975.090000000 7.000000000 11.750248909000
982.090000000 8.400000000 11.734354019200
971.340000000 7.800000000 11.709986686700
979.590000000 7.600000000 11.704504966700
971.090000000 8.400000000 11.703537941000
979.840000000 7.600000000 11.671549797100
971.840000000 9.400000000 11.652283668500
980.090000000 7.600000000 11.630328178400
975.090000000 8.800000000 11.608288765000
981.840000000 7.200000000 11.603656768800
981.090000000 7.400000000 11.590919494600
971.590000000 6.600000000 11.579374313400
975.340000000 8.800000000 11.542599678000
971.840000000 8.800000000 11.535887718200
973.840000000 6.800000000 11.524735450700
982.840000000 7.400000000 11.483565330500
978.090000000 8.400000000 11.422043800400
978.090000000 7.400000000 11.418031692500
971.340000000 6.400000000 11.399807930000
982.840000000 7.200000000 11.397523880000
985.340000000 7.600000000 11.354621887200
973.090000000 9.200000000 11.301220893900
972.090000000 9.400000000 11.290447235100
981.840000000 8.400000000 11.259711265600
971.590000000 6.400000000 11.219032287600
981.590000000 8.400000000 11.202592849700
975.590000000 8.800000000 11.194444656400
979.340000000 8.000000000 11.164167404200
981.590000000 7.200000000 11.146878242500
985.090000000 7.600000000 11.120278358500
979.840000000 8.200000000 11.076818466200
979.340000000 7.600000000 11.036178588900
982.340000000 7.000000000 11.035002708400
975.340000000 7.000000000 11.026425361600
976.590000000 8.600000000 11.009159088100
979.590000000 8.000000000 11.004796981800
981.340000000 7.200000000 10.979282379200
982.090000000 7.000000000 10.977850914000
982.840000000 8.400000000 10.976927757300
985.590000000 7.600000000 10.950990676900
973.340000000 9.200000000 10.920602798500
974.090000000 9.000000000 10.866966247600
981.340000000 8.400000000 10.859026908900
971.590000000 9.400000000 10.822979927100
980.840000000 7.400000000 10.795871734600
981.090000000 7.200000000 10.756494522100
982.590000000 7.000000000 10.752613067600
971.090000000 8.000000000 10.715143203700
971.590000000 9.200000000 10.687249183700
983.340000000 8.200000000 10.684165954600
979.090000000 7.800000000 10.667033195500
984.590000000 8.000000000 10.636762619000
974.090000000 6.800000000 10.610421180700
972.340000000 6.600000000 10.599837303200
984.340000000 8.000000000 10.547307968100
975.840000000 8.800000000 10.523244857800
981.840000000 7.000000000 10.523023605300
981.090000000 8.400000000 10.519250869800
971.090000000 6.400000000 10.480188369800
976.840000000 8.600000000 10.479280471800
974.340000000 6.800000000 10.476513862600
985.590000000 7.800000000 10.448970794700
971.340000000 7.600000000 10.444200515700
983.590000000 8.000000000 10.437857627900
976.090000000 7.200000000 10.376598358200
985.590000000 8.000000000 10.362231254600
984.840000000 7.600000000 10.350225448600
971.840000000 6.400000000 10.346543312100
973.590000000 9.200000000 10.343119621300
972.340000000 9.400000000 10.309583663900
971.340000000 6.600000000 10.306929588300
985.340000000 8.000000000 10.281312942500
979.090000000 8.000000000 10.267838478100
971.340000000 7.400000000 10.252123832700
974.590000000 6.800000000 10.241301536600
980.840000000 8.400000000 10.240200996400
985.340000000 7.800000000 10.225976944000
977.090000000 8.600000000 10.179533004800
984.840000000 8.000000000 10.168912887600
975.340000000 10.000000000 10.164072036700
983.590000000 7.800000000 10.156906127900
982.840000000 7.000000000 10.131216049200
987.840000000 8.000000000 10.084101676900
975.090000000 10.000000000 10.023403167700
984.090000000 8.000000000 10.022740364100
971.340000000 6.200000000 9.996666908300
980.840000000 7.200000000 9.994690895100
983.340000000 7.600000000 9.970211029100
981.590000000 7.000000000 9.965702056900
977.340000000 8.600000000 9.952349662800
985.090000000 8.000000000 9.930517196700
983.840000000 8.000000000 9.901565551800
983.090000000 7.200000000 9.900794982900
983.090000000 7.400000000 9.900243759200
975.590000000 7.000000000 9.873800277700
978.590000000 8.200000000 9.866673469500
985.840000000 7.600000000 9.854273796100
980.590000000 7.400000000 9.843108177200
971.340000000 7.200000000 9.808568000800
976.090000000 8.800000000 9.797278404200
971.840000000 8.600000000 9.785064697300
971.340000000 8.600000000 9.750318527200
974.840000000 6.800000000 9.728234291100
972.590000000 9.400000000 9.711986541700
985.090000000 7.800000000 9.659902572600
971.590000000 6.200000000 9.656958580000
980.590000000 8.400000000 9.650553703300
981.340000000 7.000000000 9.642810821500
977.590000000 8.600000000 9.637670517000
975.590000000 10.000000000 9.616589546200
971.590000000 8.600000000 9.609295845000
985.840000000 7.800000000 9.598624229400
979.840000000 7.400000000 9.595727920500
980.090000000 7.400000000 9.578200340300
972.840000000 9.400000000 9.562117576600
971.340000000 6.800000000 9.555655479400
971.340000000 7.000000000 9.552624702500
971.090000000 6.200000000 9.533748626700
980.340000000 7.400000000 9.484837532000
981.090000000 7.000000000 9.421115875200
978.590000000 7.600000000 9.392518043500
979.090000000 7.600000000 9.376483917200
975.590000000 9.800000000 9.353689193700
975.340000000 9.800000000 9.350277900700
971.090000000 8.600000000 9.349493980400
974.340000000 9.000000000 9.326742172200
984.840000000 7.800000000 9.282645225500
976.340000000 8.800000000 9.239332199100
984.590000000 7.600000000 9.209693908700
972.090000000 6.400000000 9.175498962400
974.840000000 10.000000000 9.151842117300
973.840000000 9.200000000 9.134358406100
983.840000000 7.800000000 9.109910965000
979.590000000 7.400000000 9.108639717100
985.840000000 8.000000000 9.104282379200
978.840000000 8.000000000 9.096243858300
976.340000000 7.200000000 9.045049667400
973.090000000 9.400000000 9.042671203600
973.340000000 9.400000000 8.990130424500
984.590000000 7.800000000 8.975003242500
977.840000000 8.600000000 8.951421737700
971.340000000 9.400000000 8.939439773600
971.590000000 9.000000000 8.922169685400
976.590000000 8.800000000 8.867252349900
970.840000000 8.400000000 8.866574287400
975.590000000 9.600000000 8.859179496800
975.340000000 9.600000000 8.851315498400
980.840000000 7.000000000 8.844768524200
983.090000000 7.000000000 8.835906982400
971.090000000 7.800000000 8.814031601000
972.590000000 6.600000000 8.788026809700
970.840000000 6.400000000 8.780831337000
978.340000000 8.400000000 8.767920494100
984.340000000 7.800000000 8.723206520100
980.590000000 7.200000000 8.715440750100
988.090000000 8.400000000 8.714022636400
975.840000000 9.800000000 8.710168838500
978.340000000 7.400000000 8.708771705600
975.590000000 9.400000000 8.706298828100
984.090000000 7.800000000 8.701139450100
971.090000000 6.000000000 8.687182426500
970.590000000 5.800000000 8.684902191200
970.840000000 8.200000000 8.682531356800
970.340000000 5.800000000 8.671256065400
975.840000000 10.000000000 8.662249565100
971.090000000 6.600000000 8.621422767600
971.340000000 6.000000000 8.613184928900
975.340000000 9.000000000 8.611308097800
975.090000000 6.800000000 8.608426094100
970.840000000 6.200000000 8.604455947900
979.590000000 8.200000000 8.595255851700
971.340000000 9.000000000 8.587801933300
976.840000000 8.800000000 8.579972267200
975.090000000 9.800000000 8.576431274400
980.340000000 8.400000000 8.569603920000
978.840000000 7.800000000 8.545526504500
975.840000000 9.400000000 8.529503822300
975.840000000 7.000000000 8.528039932300
970.840000000 6.000000000 8.519888877900
975.590000000 9.000000000 8.518476486200
983.590000000 8.200000000 8.513735771200
972.840000000 6.600000000 8.488637924200
975.340000000 9.400000000 8.475476265000
983.090000000 8.400000000 8.469250679000
983.590000000 7.600000000 8.464924812300
971.840000000 6.200000000 8.434340477000
975.090000000 9.000000000 8.433986663800
988.090000000 7.600000000 8.424912452700
987.840000000 7.800000000 8.424693107600
983.340000000 7.400000000 8.407625198400
970.840000000 5.800000000 8.404827117900
987.840000000 8.200000000 8.395426750200
975.840000000 9.600000000 8.374287605300
974.590000000 9.000000000 8.373034477200
975.090000000 9.600000000 8.365825653100
970.340000000 5.600000000 8.359140396100
985.590000000 7.400000000 8.357722282400
971.590000000 8.800000000 8.354293823200
987.340000000 9.800000000 8.351788520800
971.090000000 9.000000000 8.339991569500
985.340000000 7.400000000 8.337948799100
977.090000000 8.800000000 8.310271263100
973.590000000 9.400000000 8.300992965700
986.090000000 7.600000000 8.277055740400
987.090000000 9.800000000 8.267776489300
982.090000000 10.000000000 8.243813514700
982.340000000 6.800000000 8.229255676300
975.840000000 9.000000000 8.213421821600
971.090000000 9.200000000 8.209526062000
976.590000000 7.200000000 8.209140777600
973.090000000 6.600000000 8.197749137900
974.840000000 9.000000000 8.194859504700
981.090000000 8.600000000 8.144303321800
970.840000000 8.600000000 8.134601593000
971.340000000 9.200000000 8.122281074500
970.840000000 9.200000000 8.106360435500
977.340000000 7.200000000 8.102711677600
981.840000000 10.000000000 8.089947700500
977.590000000 7.200000000 8.088301658600
972.590000000 9.600000000 8.085352897600
982.340000000 10.000000000 8.084743499800
979.340000000 7.400000000 8.084593772900
970.590000000 6.000000000 8.062430381800
970.590000000 5.600000000 8.058057785000
981.340000000 8.600000000 8.052536010700
975.590000000 9.200000000 8.051468849200
974.840000000 9.800000000 8.045908927900
976.090000000 9.400000000 8.044882774400
984.340000000 7.600000000 8.009431839000
977.340000000 8.800000000 8.008063316300
982.090000000 6.800000000 8.004567146300
980.840000000 8.600000000 8.003476142900
982.590000000 6.800000000 8.002445220900
985.090000000 7.400000000 7.995401382400
970.090000000 5.800000000 7.987902641300
987.590000000 9.800000000 7.980371475200
972.340000000 9.600000000 7.974902153000
981.590000000 8.600000000 7.971611499800
977.090000000 7.200000000 7.959636211400
983.840000000 8.200000000 7.958447456400
970.840000000 9.000000000 7.948378562900
984.090000000 8.200000000 7.947666168200
971.090000000 5.800000000 7.946419239000
974.590000000 10.000000000 7.941374301900
981.840000000 8.600000000 7.941125869800
988.090000000 10.000000000 7.919704914100
971.590000000 6.000000000 7.917384624500
976.840000000 7.200000000 7.909615516700
975.840000000 9.200000000 7.907289028200
972.340000000 6.400000000 7.893369674700
971.590000000 9.600000000 7.877527713800
971.340000000 8.800000000 7.877240657800
976.090000000 9.800000000 7.869341850300
980.090000000 8.400000000 7.846139907800
976.090000000 9.000000000 7.838940143600
985.840000000 7.400000000 7.836543083200
984.340000000 8.200000000 7.827269077300
983.340000000 7.200000000 7.814697742500
982.090000000 8.600000000 7.802051067400
971.840000000 9.600000000 7.787956714600
972.090000000 9.600000000 7.783387661000
981.590000000 10.000000000 7.778563022600
975.340000000 9.200000000 7.775584220900
970.590000000 9.400000000 7.771838188200
970.840000000 8.000000000 7.758578300500
970.340000000 9.600000000 7.750328064000
975.090000000 9.400000000 7.739465713500
976.090000000 10.000000000 7.726211071000
979.340000000 8.200000000 7.722406864200
980.590000000 7.000000000 7.717833042100
970.840000000 9.400000000 7.693819522900
972.840000000 9.600000000 7.688139438600
986.090000000 7.800000000 7.670331478100
977.840000000 7.200000000 7.660725116700
970.590000000 9.200000000 7.656290531200
981.840000000 6.800000000 7.635107994100
987.840000000 10.000000000 7.632616996800
986.840000000 9.800000000 7.628245353700
971.340000000 9.600000000 7.621578216600
981.090000000 6.800000000 7.612504482300
970.590000000 9.600000000 7.611465454100
977.090000000 9.800000000 7.608282566100
976.090000000 9.200000000 7.595983028400
976.090000000 9.600000000 7.584311008500
987.090000000 10.000000000 7.582828044900
970.590000000 9.800000000 7.576940536500
971.340000000 5.800000000 7.571987628900
983.840000000 7.600000000 7.569708347300
974.090000000 9.200000000 7.559065818800
970.090000000 5.600000000 7.557097435000
978.090000000 8.600000000 7.552528381300
981.340000000 6.800000000 7.543010711700
971.090000000 8.800000000 7.535434722900
977.590000000 8.800000000 7.513638973200
971.090000000 9.400000000 7.511349678000
970.090000000 9.600000000 7.511085033400
976.340000000 9.000000000 7.501824855800
978.840000000 7.600000000 7.498909950300
970.340000000 9.800000000 7.489035606400
987.340000000 10.000000000 7.488531589500
976.840000000 9.800000000 7.468675613400
970.590000000 9.000000000 7.467872142800
981.340000000 10.000000000 7.464584827400
974.840000000 9.600000000 7.460013866400
981.590000000 6.800000000 7.456608295400
987.840000000 9.800000000 7.447375774400
970.340000000 9.400000000 7.434985160800
976.340000000 9.400000000 7.432949543000
969.090000000 5.400000000 7.428113937400
982.340000000 9.800000000 7.418383598300
970.590000000 6.200000000 7.417786121400
970.090000000 9.800000000 7.412408828700
973.090000000 9.600000000 7.410332202900
970.840000000 8.800000000 7.409092426300
971.090000000 7.600000000 7.406920433000
973.340000000 6.600000000 7.394314765900
984.590000000 8.200000000 7.390621185300
982.590000000 10.000000000 7.370301723500
982.090000000 9.800000000 7.360783100100
969.840000000 9.800000000 7.359130859400
970.340000000 6.000000000 7.358154773700
971.090000000 6.800000000 7.349692821500
987.840000000 7.600000000 7.347471714000
977.340000000 9.800000000 7.335867881800
970.840000000 9.600000000 7.328186512000
984.090000000 7.600000000 7.326806068400
980.590000000 8.600000000 7.317897319800
970.590000000 8.800000000 7.314912319200
976.340000000 9.800000000 7.313843250300
977.340000000 9.600000000 7.302542686500
981.090000000 10.000000000 7.299870967900
970.840000000 6.600000000 7.297297954600
971.090000000 9.600000000 7.293248653400
977.090000000 9.600000000 7.288932323500
980.340000000 7.200000000 7.288901329000
982.340000000 8.600000000 7.284636020700
976.090000000 7.000000000 7.278837204000
969.340000000 5.400000000 7.277348518400
975.340000000 6.800000000 7.275097370100
976.340000000 9.200000000 7.270934581800
980.840000000 6.800000000 7.270736217500
984.840000000 7.400000000 7.264620304100
974.340000000 10.000000000 7.264052391100
982.840000000 6.800000000 7.259033680000
971.090000000 7.400000000 7.254904270200
980.840000000 10.000000000 7.247745513900
976.590000000 9.000000000 7.246904850000
970.590000000 6.400000000 7.245890140500
970.090000000 9.000000000 7.242805481000
976.590000000 9.800000000 7.239252567300
970.840000000 5.600000000 7.234327316300
987.590000000 7.600000000 7.221071243300
986.840000000 10.000000000 7.220648288700
969.840000000 9.600000000 7.212100029000
974.590000000 9.800000000 7.212097168000
987.590000000 10.000000000 7.179289341000
986.340000000 7.600000000 7.175160884900
985.340000000 8.200000000 7.164412498500
988.090000000 9.800000000 7.149484634400
976.340000000 10.000000000 7.147576808900
978.840000000 8.200000000 7.133144855500
973.340000000 9.600000000 7.129701614400
970.840000000 9.800000000 7.095229625700
976.840000000 9.000000000 7.084823608400
968.840000000 5.400000000 7.070234298700
969.590000000 9.800000000 7.052975654600
970.340000000 9.000000000 7.040422439600
971.090000000 7.200000000 7.035226345100
987.590000000 7.800000000 7.034327507000
979.090000000 8.200000000 7.032506942700
979.840000000 8.400000000 7.032165527300
986.840000000 7.600000000 7.025835990900
980.590000000 10.000000000 7.022089481400
981.840000000 9.800000000 7.017820358300
976.840000000 9.600000000 7.007308006300
976.590000000 9.200000000 7.001191616100
976.840000000 10.000000000 6.999193191500
976.590000000 10.000000000 6.985464096100
975.090000000 9.200000000 6.972651004800
977.090000000 9.000000000 6.968406200400
973.840000000 9.400000000 6.959853649100
987.590000000 9.600000000 6.956666946400
976.590000000 9.400000000 6.953012943300
984.840000000 8.200000000 6.950064182300
986.090000000 8.000000000 6.941245079000
969.840000000 9.000000000 6.938396930700
985.090000000 8.200000000 6.937736988100
977.590000000 9.600000000 6.934141159100
987.340000000 9.600000000 6.921303749100
987.840000000 8.400000000 6.905136108400
987.090000000 7.600000000 6.901447773000
973.340000000 10.000000000 6.894051551800
972.090000000 6.200000000 6.872691631300
970.090000000 9.400000000 6.870353221900
973.090000000 10.000000000 6.865179061900
987.590000000 8.000000000 6.860889911700
969.590000000 10.000000000 6.858392715500
970.340000000 9.200000000 6.850935936000
985.590000000 8.200000000 6.847139835400
976.340000000 9.600000000 6.846076488500
986.590000000 7.600000000 6.841813564300
976.840000000 9.200000000 6.840943336500
971.840000000 6.000000000 6.836099624600
988.090000000 9.200000000 6.830981254600
971.090000000 7.000000000 6.826611995700
969.590000000 5.400000000 6.825442314100
977.090000000 10.000000000 6.818314075500
973.590000000 9.600000000 6.806419372600
983.340000000 7.000000000 6.800832271600
986.090000000 7.400000000 6.780571937600
983.340000000 8.400000000 6.778151035300
977.090000000 9.200000000 6.775220394100
979.590000000 8.400000000 6.761509895300
976.590000000 9.600000000 6.750428199800
987.840000000 9.600000000 6.750317096700
976.840000000 9.400000000 6.742651939400
969.840000000 9.200000000 6.742547512100
981.590000000 9.800000000 6.738736152600
975.590000000 6.800000000 6.715252876300
977.340000000 9.000000000 6.714974880200
974.090000000 10.000000000 6.707833766900
987.840000000 9.200000000 6.703468799600
972.590000000 6.400000000 6.693161487600
972.340000000 9.800000000 6.689909935000
987.090000000 8.000000000 6.671032428700
988.090000000 8.600000000 6.670601368000
977.090000000 9.400000000 6.668680667900
979.840000000 8.600000000 6.666067123400
973.340000000 9.800000000 6.661962986000
973.590000000 10.000000000 6.658109664900
970.340000000 8.800000000 6.653710842100
978.090000000 7.200000000 6.653275013000
979.090000000 7.400000000 6.639624595600
982.590000000 9.800000000 6.638923645000
968.590000000 5.400000000 6.637678623200
969.840000000 10.000000000 6.627778530100
977.340000000 9.200000000 6.625179767600
971.590000000 5.800000000 6.624967098200
969.840000000 5.400000000 6.622757911700
983.590000000 7.400000000 6.599402427700
970.090000000 9.200000000 6.597470760300
987.090000000 9.600000000 6.595064163200
969.590000000 9.200000000 6.586263179800
973.590000000 6.600000000 6.582478046400
977.590000000 9.800000000 6.581128120400
977.840000000 8.800000000 6.578667163800
979.590000000 8.600000000 6.577489376100
980.090000000 7.200000000 6.567120075200
986.840000000 8.000000000 6.562016010300
974.840000000 9.400000000 6.560837268800
970.840000000 6.800000000 6.560201644900
981.340000000 9.800000000 6.551317215000
987.590000000 9.200000000 6.519005775500
969.840000000 9.400000000 6.509901523600
973.840000000 10.000000000 6.509215831800
969.840000000 5.800000000 6.500664234200
988.090000000 9.600000000 6.486217975600
987.340000000 7.800000000 6.483758449600
980.340000000 7.000000000 6.469657421100
970.590000000 8.600000000 6.467981815300
979.340000000 8.400000000 6.464713573500
986.590000000 9.800000000 6.458518028300
970.090000000 6.000000000 6.457988262200
969.590000000 9.600000000 6.456616878500
972.590000000 9.800000000 6.454022407500
980.340000000 10.000000000 6.436393737800
980.090000000 8.600000000 6.427608490000
987.340000000 7.600000000 6.426968097700
970.090000000 5.400000000 6.425627231600
981.090000000 9.800000000 6.416903972600
980.590000000 6.800000000 6.407689571400
973.590000000 9.800000000 6.406794548000
979.340000000 8.600000000 6.396877765700
972.090000000 9.800000000 6.390108108500
971.090000000 5.600000000 6.388115406000
977.340000000 9.400000000 6.382805347400
974.340000000 9.800000000 6.374594688400
974.340000000 9.200000000 6.370884418500
973.090000000 9.800000000 6.369349956500
971.090000000 9.800000000 6.359979629500
969.590000000 9.400000000 6.352492332500
988.090000000 9.400000000 6.346374988600
976.340000000 7.000000000 6.343170642900
970.340000000 6.200000000 6.329944610600
986.590000000 10.000000000 6.329073429100
969.340000000 10.000000000 6.328720569600
974.590000000 9.600000000 6.328024387400
980.840000000 9.800000000 6.316197395300
982.590000000 8.600000000 6.309091568000
972.840000000 10.000000000 6.302549362200
979.090000000 8.400000000 6.300686836200
987.340000000 9.200000000 6.293603897100
974.840000000 9.200000000 6.286051273300
978.840000000 8.400000000 6.274571895600
979.090000000 8.600000000 6.269074440000
970.090000000 8.800000000 6.263028144800
970.340000000 5.400000000 6.252363205000
977.840000000 9.600000000 6.235693454700
970.590000000 6.600000000 6.229609012600
978.840000000 8.600000000 6.215955734300
970.090000000 10.000000000 6.209425449400
977.340000000 10.000000000 6.205869674700
969.590000000 9.000000000 6.201821804000
978.590000000 8.400000000 6.198906898500
970.590000000 8.400000000 6.183542251600
970.590000000 8.200000000 6.178504943800
969.090000000 5.600000000 6.176793575300
978.590000000 8.600000000 6.163125991800
980.590000000 9.800000000 6.161318302200
968.340000000 5.400000000 6.156129360200
987.340000000 8.000000000 6.154690265700
972.840000000 9.800000000 6.144056320200
970.590000000 6.800000000 6.136359214800
970.840000000 7.800000000 6.127148628200
987.840000000 9.400000000 6.122226238300
977.590000000 9.200000000 6.116465091700
987.090000000 7.400000000 6.103174209600
970.590000000 5.400000000 6.099493026700
984.590000000 7.400000000 6.097609996800
983.090000000 6.800000000 6.087727069900
970.340000000 10.000000000 6.079478740700
973.840000000 9.600000000 6.077381134000
968.840000000 5.600000000 6.073807239500
979.840000000 7.200000000 6.072892665900
971.840000000 9.800000000 6.072726249700
975.840000000 6.800000000 6.065094471000
977.590000000 9.000000000 6.062119007100
969.840000000 8.800000000 6.039383411400
973.840000000 6.600000000 6.038268566100
977.340000000 7.000000000 6.015422821000
974.590000000 9.200000000 6.014046192200
973.840000000 9.800000000 6.006361484500
987.090000000 9.200000000 5.998590946200
978.340000000 8.600000000 5.986347675300
980.340000000 8.600000000 5.980640411400
969.840000000 5.600000000 5.977059841200
988.090000000 9.000000000 5.949541091900
977.090000000 7.000000000 5.949457168600
969.340000000 5.600000000 5.949208259600
969.340000000 9.800000000 5.947613239300
974.090000000 9.800000000 5.918165683700
982.840000000 10.000000000 5.904694557200
971.340000000 9.800000000 5.898760795600
987.340000000 7.400000000 5.884932518000
987.090000000 7.800000000 5.883477211000
969.590000000 8.800000000 5.874299049400
987.840000000 9.000000000 5.868335723900
986.840000000 9.600000000 5.855684280400
987.590000000 8.200000000 5.853622913400
976.590000000 7.000000000 5.850758552600
987.590000000 9.400000000 5.850401401500
971.590000000 9.800000000 5.811568737000
980.840000000 8.800000000 5.802250385300
974.090000000 6.600000000 5.797768116000
983.590000000 7.200000000 5.791006565100
976.840000000 7.000000000 5.790319442700
986.340000000 7.800000000 5.783546924600
987.090000000 8.400000000 5.780209064500
971.340000000 5.600000000 5.779312610600
986.340000000 7.400000000 5.777665615100
986.840000000 7.400000000 5.775472641000
986.590000000 8.000000000 5.775171756700
977.590000000 7.000000000 5.767257213600
969.340000000 9.200000000 5.766048431400
969.340000000 9.400000000 5.764735698700
987.840000000 8.600000000 5.751795768700
987.840000000 7.400000000 5.751285553000
987.590000000 9.000000000 5.745262622800
980.340000000 9.800000000 5.743249893200
987.590000000 7.400000000 5.739903926800
970.340000000 6.400000000 5.735921859700
968.590000000 5.600000000 5.721487522100
969.340000000 9.000000000 5.705351829500
972.840000000 6.400000000 5.702372074100
987.340000000 9.000000000 5.682211399100
974.590000000 6.600000000 5.679459095000
986.840000000 7.800000000 5.668875217400
988.090000000 7.400000000 5.658823967000
974.090000000 9.400000000 5.656245231600
970.590000000 8.000000000 5.655114650700
987.340000000 8.200000000 5.652544498400
987.090000000 8.200000000 5.652140140500
974.340000000 6.600000000 5.635583400700
980.090000000 10.000000000 5.618658065800
985.840000000 8.200000000 5.617343425800
987.340000000 5.400000000 5.615836620300
977.590000000 9.400000000 5.612645149200
970.590000000 10.000000000 5.603259563400
986.340000000 8.000000000 5.584428787200
972.340000000 6.200000000 5.577489376100
987.090000000 9.000000000 5.572828292800
987.090000000 5.400000000 5.564530849500
987.340000000 9.400000000 5.561987876900
986.840000000 9.200000000 5.555881977100
971.840000000 5.800000000 5.554553985600
968.340000000 10.000000000 5.554387569400
974.840000000 6.600000000 5.549185276000
981.090000000 8.800000000 5.541590213800
972.590000000 10.000000000 5.526348114000
972.090000000 6.000000000 5.524852275800
978.590000000 7.400000000 5.521631717700
970.840000000 5.400000000 5.520380020100
970.340000000 6.800000000 5.502099990800
987.340000000 8.400000000 5.497881889300
974.340000000 9.600000000 5.486195564300
987.590000000 5.400000000 5.484901905100
969.590000000 5.600000000 5.467360019700
969.340000000 8.800000000 5.458745956400
977.840000000 9.800000000 5.454058170300
969.840000000 6.000000000 5.449538707700
979.590000000 7.200000000 5.446912288700
977.840000000 9.000000000 5.442580699900
986.590000000 7.400000000 5.433298111000
974.590000000 9.400000000 5.429503440900
974.090000000 9.600000000 5.429149627700
976.090000000 6.800000000 5.415352821400
981.090000000 9.400000000 5.408896446200
970.090000000 8.600000000 5.345982551600
987.840000000 5.400000000 5.341465950000
970.340000000 8.600000000 5.332715511300
979.590000000 8.800000000 5.330549240100
986.840000000 8.400000000 5.329856395700
979.840000000 8.800000000 5.326632976500
978.090000000 9.600000000 5.326431751300
968.590000000 10.000000000 5.310668468500
980.590000000 8.800000000 5.306533813500
972.090000000 10.000000000 5.303358554800
968.340000000 5.600000000 5.303185939800
971.590000000 5.600000000 5.292257309000
986.840000000 9.000000000 5.284531593300
986.590000000 5.400000000 5.274474620800
969.840000000 8.600000000 5.274179935500
972.340000000 10.000000000 5.271856308000
983.590000000 8.400000000 5.243571758300
987.090000000 9.400000000 5.232565403000
980.090000000 7.000000000 5.231568336500
980.340000000 6.800000000 5.225498199500
969.090000000 9.000000000 5.216031074500
970.340000000 7.000000000 5.211825370800
985.340000000 6.600000000 5.209823608400
969.340000000 9.600000000 5.194165706600
978.340000000 7.200000000 5.192709446000
975.090000000 6.600000000 5.190657138800
968.340000000 5.800000000 5.188128471400
986.340000000 10.000000000 5.176963329300
985.590000000 6.600000000 5.168986797300
977.840000000 7.000000000 5.160725116700
970.090000000 6.200000000 5.160315513600
986.590000000 5.600000000 5.159636020700
986.340000000 6.600000000 5.157462596900
977.590000000 10.000000000 5.155578613300
988.090000000 5.400000000 5.154616355900
977.840000000 9.200000000 5.154191017200
980.840000000 9.400000000 5.142096519500
987.840000000 7.200000000 5.132755756400
983.840000000 7.400000000 5.132359027900
977.840000000 9.400000000 5.128444671600
987.090000000 5.600000000 5.122661113700
968.840000000 5.800000000 5.109946250900
985.090000000 6.600000000 5.106855392500
987.590000000 7.200000000 5.105995178200
981.590000000 8.800000000 5.105870723700
984.840000000 6.000000000 5.101461410500
982.840000000 8.600000000 5.100583553300
978.090000000 8.800000000 5.094883918800
979.340000000 8.800000000 5.092141151400
984.340000000 6.000000000 5.075085163100
986.090000000 6.600000000 5.068722248100
970.590000000 7.000000000 5.067048072800
986.840000000 5.600000000 5.060291290300
969.090000000 5.800000000 5.058076381700
981.840000000 8.800000000 5.057991981500
984.590000000 6.000000000 5.056073665600
985.840000000 6.600000000 5.055982112900
970.840000000 10.000000000 5.050272464800
974.340000000 9.400000000 5.045575141900
968.590000000 5.800000000 5.045354366300
980.840000000 6.600000000 5.044936180100
981.340000000 8.800000000 5.043958187100
981.090000000 6.600000000 5.037921428700
986.840000000 9.400000000 5.037733078000
986.840000000 8.200000000 5.021670341500
988.090000000 8.800000000 5.019133567800
987.340000000 5.600000000 5.018348693800
986.590000000 7.800000000 5.010684490200
970.840000000 7.600000000 5.004324436200
969.590000000 8.600000000 5.002779007000
986.340000000 5.600000000 4.993791103400
970.840000000 7.400000000 4.993024826000
981.340000000 9.400000000 4.988229751600
969.840000000 7.200000000 4.987791061400
969.090000000 10.000000000 4.987231254600
970.340000000 6.600000000 4.986053943600
986.340000000 5.400000000 4.982376098600
978.840000000 7.400000000 4.978281021100
986.840000000 5.400000000 4.977047920200
980.840000000 9.000000000 4.974487781500
970.090000000 7.200000000 4.973936080900
977.340000000 6.800000000 4.972252845800
987.590000000 5.600000000 4.970295429200
986.090000000 6.400000000 4.956548214000
984.340000000 7.400000000 4.950870037100
984.840000000 6.600000000 4.950157165500
982.840000000 9.800000000 4.946061134300
970.090000000 8.400000000 4.942093372300
977.090000000 6.800000000 4.935267448400
985.840000000 6.400000000 4.932981967900
970.840000000 7.200000000 4.930788993800
968.840000000 10.000000000 4.929696559900
986.340000000 9.800000000 4.927352428400
987.590000000 8.400000000 4.925429821000
976.340000000 6.800000000 4.922065258000
969.090000000 9.200000000 4.920565128300
985.090000000 6.000000000 4.915935039500
970.840000000 7.000000000 4.914723396300
986.590000000 6.600000000 4.914431095100
969.090000000 9.400000000 4.904231548300
988.090000000 7.200000000 4.902957439400
970.340000000 8.400000000 4.902778625500
987.840000000 5.600000000 4.898540973700
988.090000000 5.600000000 4.897356987000
986.340000000 6.400000000 4.890176296200
986.590000000 9.200000000 4.888835907000
978.090000000 9.000000000 4.875817775700
980.090000000 8.800000000 4.857201099400
971.840000000 10.000000000 4.855588913000
985.590000000 6.400000000 4.854356765700
973.090000000 6.400000000 4.847823143000
986.340000000 5.800000000 4.837545394900
979.840000000 10.000000000 4.834527492500
986.590000000 9.600000000 4.829409599300
979.090000000 8.800000000 4.821191787700
980.090000000 9.800000000 4.810010433200
984.840000000 6.200000000 4.809184551200
987.340000000 7.200000000 4.806957721700
969.090000000 8.800000000 4.801972866100
981.090000000 9.600000000 4.798986434900
969.840000000 8.400000000 4.792516231500
970.090000000 7.000000000 4.781638145400
986.090000000 6.000000000 4.778145790100
983.590000000 7.000000000 4.777630806000
968.340000000 9.800000000 4.773111343400
972.090000000 5.800000000 4.768389701800
984.090000000 6.000000000 4.768149375900
976.840000000 6.800000000 4.765725135800
981.340000000 6.600000000 4.762876510600
971.090000000 5.400000000 4.761619567900
971.840000000 5.600000000 4.757772922500
974.840000000 6.400000000 4.756477832800
985.340000000 6.400000000 4.754629612000
986.340000000 6.000000000 4.746181964900
977.590000000 6.800000000 4.745041370400
987.090000000 8.800000000 4.736338615400
978.090000000 9.400000000 4.729529380800
982.090000000 8.800000000 4.723060607900
979.340000000 7.200000000 4.720849990800
984.840000000 6.400000000 4.717213630700
984.590000000 6.600000000 4.712456703200
976.590000000 6.800000000 4.706251144400
985.090000000 6.400000000 4.705713748900
972.590000000 6.200000000 4.694357872000
980.590000000 9.000000000 4.693784713700
975.840000000 6.600000000 4.686825275400
975.590000000 6.600000000 4.686630725900
984.590000000 6.200000000 4.681687831900
980.590000000 6.600000000 4.681514263200
980.840000000 9.600000000 4.680748939500
970.340000000 7.200000000 4.675385952000
969.340000000 5.800000000 4.673137664800
980.590000000 9.400000000 4.671849250800
969.590000000 7.200000000 4.668250083900
985.340000000 6.000000000 4.663941860200
971.090000000 10.000000000 4.661876201600
986.590000000 9.000000000 4.658071517900
970.340000000 8.200000000 4.652918815600
969.590000000 5.800000000 4.649979591400
978.090000000 9.200000000 4.644367694900
983.340000000 6.800000000 4.643793582900
982.340000000 6.600000000 4.642112255100
984.590000000 6.400000000 4.639728069300
975.340000000 6.600000000 4.639241218600
986.840000000 8.800000000 4.632296562200
978.840000000 8.800000000 4.619302749600
969.590000000 6.000000000 4.606665134400
971.590000000 10.000000000 4.603325367000
981.590000000 9.000000000 4.598060607900
982.090000000 9.000000000 4.594993591300
986.090000000 5.800000000 4.593153476700
968.840000000 9.000000000 4.591681957200
974.590000000 6.400000000 4.589079856900
981.340000000 9.600000000 4.586974620800
981.340000000 9.200000000 4.582784175900
985.090000000 6.200000000 4.577732563000
981.840000000 9.000000000 4.576783657100
987.340000000 8.600000000 4.575527668000
968.340000000 8.800000000 4.575250625600
981.090000000 9.000000000 4.575029850000
987.090000000 8.600000000 4.566681861900
985.340000000 7.200000000 4.564475536300
986.590000000 6.400000000 4.563860893200
981.590000000 6.600000000 4.562462329900
982.090000000 6.600000000 4.560114383700
981.340000000 9.000000000 4.557951927200
986.590000000 9.400000000 4.556544303900
987.590000000 8.600000000 4.556506633800
975.090000000 6.400000000 4.546643257100
986.590000000 8.600000000 4.545035362200
987.340000000 8.800000000 4.539072990400
970.090000000 6.800000000 4.538612842600
971.340000000 10.000000000 4.533209800700
986.840000000 8.600000000 4.531783103900
986.590000000 8.800000000 4.528944492300
985.840000000 6.000000000 4.524369716600
986.590000000 5.800000000 4.522552013400
980.590000000 9.600000000 4.519281864200
970.090000000 6.400000000 4.517915725700
984.090000000 7.400000000 4.516001701400
986.090000000 5.400000000 4.509556293500
986.590000000 8.400000000 4.507823944100
976.090000000 6.600000000 4.507540226000
981.840000000 6.600000000 4.505387783100
968.590000000 9.800000000 4.501985549900
982.590000000 6.600000000 4.500105857800
978.590000000 8.800000000 4.494525909400
984.340000000 6.200000000 4.487602710700
986.090000000 5.600000000 4.487298965500
985.590000000 6.000000000 4.469142913800
981.090000000 9.200000000 4.466525077800
986.090000000 6.200000000 4.465890884400
987.590000000 8.800000000 4.462598323800
986.340000000 8.600000000 4.460353374500
982.340000000 9.000000000 4.455842971800
968.840000000 9.400000000 4.437280654900
986.840000000 6.800000000 4.429064750700
985.590000000 7.200000000 4.426365852400
987.840000000 8.800000000 4.422538280500
977.590000000 5.400000000 4.421871185300
968.840000000 9.600000000 4.415705204000
978.340000000 9.600000000 4.412834644300
980.340000000 9.600000000 4.411482811000
983.840000000 7.200000000 4.407867431600
976.340000000 6.600000000 4.402880191800
978.340000000 8.800000000 4.400757312800
979.590000000 10.000000000 4.397462844800
983.840000000 8.400000000 4.396426677700
980.840000000 9.200000000 4.395208358800
980.340000000 9.400000000 4.393163204200
969.590000000 8.400000000 4.390162468000
987.090000000 7.200000000 4.377298831900
969.340000000 8.600000000 4.371754169500
968.590000000 9.600000000 4.365987300900
986.340000000 9.600000000 4.357936859100
968.840000000 9.200000000 4.352555751800
968.340000000 9.000000000 4.350462913500
970.090000000 8.200000000 4.349443912500
977.840000000 5.400000000 4.344303131100
980.340000000 6.600000000 4.342809677100
978.340000000 9.400000000 4.339421272300
970.590000000 7.200000000 4.335644245100
969.590000000 7.800000000 4.329089641600
987.090000000 6.800000000 4.320010662100
986.340000000 8.800000000 4.319801330600
985.840000000 6.200000000 4.318714141800
988.090000000 7.000000000 4.318043708800
978.090000000 7.000000000 4.316588878600
972.340000000 6.000000000 4.313519477800
969.840000000 6.200000000 4.310679435700
969.340000000 7.200000000 4.310462474800
976.840000000 6.400000000 4.306690216100
985.090000000 7.200000000 4.305179119100
974.840000000 6.200000000 4.305111885100
980.090000000 9.400000000 4.300879955300
969.090000000 9.800000000 4.300251960800
976.590000000 6.600000000 4.299913406400
985.840000000 5.400000000 4.298904895800
976.590000000 6.400000000 4.298487663300
980.590000000 9.200000000 4.298402786300
971.340000000 5.400000000 4.295164585100
986.590000000 8.200000000 4.294797897300
978.340000000 9.200000000 4.294312477100
969.090000000 9.600000000 4.291800499000
977.840000000 6.800000000 4.287896156300
985.590000000 5.400000000 4.281105041500
968.590000000 8.800000000 4.277337074300
978.340000000 9.000000000 4.273596286800
983.090000000 8.600000000 4.270674228700
970.590000000 7.800000000 4.257308483100
980.090000000 9.600000000 4.252394199400
987.090000000 6.600000000 4.249026298500
976.340000000 6.400000000 4.247222423600
986.340000000 6.800000000 4.241574764300
972.090000000 5.600000000 4.241574764300
968.840000000 9.800000000 4.233397960700
977.340000000 6.600000000 4.233271598800
984.340000000 5.800000000 4.232747554800
986.590000000 6.800000000 4.229156971000
977.090000000 6.600000000 4.229082107500
976.840000000 6.600000000 4.224225521100
980.340000000 8.800000000 4.220145225500
986.090000000 8.200000000 4.219117164600
981.590000000 9.200000000 4.214396953600
969.340000000 7.800000000 4.212888240800
979.840000000 9.400000000 4.211944103200
985.840000000 10.000000000 4.211001396200
977.090000000 6.400000000 4.210634708400
985.090000000 6.800000000 4.209981441500
969.840000000 7.800000000 4.207233905800
970.340000000 8.000000000 4.199894905100
986.340000000 6.200000000 4.198147773700
984.590000000 5.800000000 4.192316532100
984.340000000 6.400000000 4.188079357100
985.340000000 6.200000000 4.186434269000
977.590000000 6.600000000 4.183796882600
980.090000000 6.800000000 4.183073997500
985.340000000 5.400000000 4.181943416600
975.090000000 6.200000000 4.180209159900
980.090000000 6.600000000 4.180050373100
984.340000000 6.600000000 4.179563522300
968.590000000 9.000000000 4.176335334800
984.840000000 6.800000000 4.174561500500
986.090000000 10.000000000 4.170793533300
985.590000000 6.200000000 4.169907569900
975.590000000 5.400000000 4.169713497200
985.840000000 5.800000000 4.169256687200
969.590000000 8.000000000 4.167985916100
982.340000000 9.600000000 4.158456802400
975.340000000 6.400000000 4.157944202400
984.590000000 5.400000000 4.156836986500
984.340000000 5.400000000 4.156810760500
986.090000000 6.800000000 4.156054019900
986.840000000 6.600000000 4.154767036400
978.090000000 9.800000000 4.152167320300
985.840000000 5.600000000 4.143979549400
969.090000000 7.200000000 4.140049934400
968.340000000 9.600000000 4.139516353600
985.590000000 6.800000000 4.128963947300
985.340000000 6.800000000 4.128354072600
984.090000000 6.200000000 4.123829364800
977.340000000 5.400000000 4.123773098000
985.840000000 7.200000000 4.122981071500
979.590000000 9.400000000 4.119078159300
970.090000000 6.600000000 4.116933822600
981.840000000 9.200000000 4.114015102400
979.340000000 9.400000000 4.111157894100
982.090000000 9.600000000 4.108907222700
979.840000000 7.000000000 4.088451385500
985.340000000 5.800000000 4.087493419600
980.340000000 9.000000000 4.086962223100
968.340000000 6.000000000 4.084457874300
969.840000000 8.000000000 4.080354690600
985.590000000 5.800000000 4.078999519300
985.840000000 6.800000000 4.078918457000
986.340000000 9.200000000 4.078384876300
986.090000000 9.800000000 4.077641010300
987.840000000 7.000000000 4.077097415900
981.590000000 9.400000000 4.075918197600
971.590000000 5.400000000 4.069464683500
984.340000000 5.600000000 4.066633224500
968.840000000 7.200000000 4.063816547400
972.840000000 6.200000000 4.063005447400
969.840000000 7.000000000 4.061420917500
985.090000000 8.600000000 4.059118747700
982.340000000 8.800000000 4.055549144700
982.090000000 9.200000000 4.053693771400
974.590000000 6.200000000 4.053251266500
968.840000000 8.800000000 4.053239822400
982.840000000 6.600000000 4.052040100100
969.340000000 8.000000000 4.048732280700
986.340000000 9.000000000 4.046255111700
979.090000000 9.400000000 4.043488979300
969.840000000 6.600000000 4.043224334700
984.090000000 5.800000000 4.041637897500
984.840000000 5.800000000 4.033517837500
985.590000000 10.000000000 4.032948494000
984.090000000 8.400000000 4.032232761400
985.090000000 5.800000000 4.030440330500
985.590000000 5.600000000 4.025952816000
982.590000000 9.000000000 4.019214630100
973.340000000 6.400000000 4.015921592700
980.340000000 9.200000000 4.013717651400
985.090000000 5.400000000 4.013686657000
984.590000000 6.800000000 4.013558864600
987.340000000 6.600000000 4.013136386900
976.090000000 6.400000000 4.012519836400
974.340000000 6.400000000 4.011925220500
975.840000000 5.400000000 4.011089325000
978.090000000 5.400000000 4.003592491100
977.840000000 6.600000000 4.000205993700
979.840000000 9.600000000 3.997790813400
984.840000000 5.400000000 3.994826078400
981.840000000 9.600000000 3.993453264200
980.840000000 6.400000000 3.989012241400
969.840000000 8.200000000 3.980233907700
969.590000000 6.200000000 3.978495836300
968.590000000 9.400000000 3.975652694700
987.340000000 6.800000000 3.975639820100
983.090000000 10.000000000 3.969376325600
979.340000000 9.600000000 3.961515426600
985.340000000 8.600000000 3.959866285300
984.840000000 9.400000000 3.959474325200
984.590000000 9.400000000 3.953660726500
984.590000000 5.600000000 3.944555282600
979.840000000 6.600000000 3.941198825800
986.840000000 7.200000000 3.934570074100
985.840000000 9.800000000 3.930148124700
979.840000000 9.800000000 3.920767068900
986.090000000 8.600000000 3.916224241300
985.340000000 5.600000000 3.914090395000
981.590000000 9.600000000 3.902133703200
975.840000000 6.400000000 3.900079965600
986.590000000 6.000000000 3.899715900400
969.340000000 6.200000000 3.895534992200
972.340000000 5.800000000 3.894410371800
970.090000000 7.800000000 3.890757799100
968.590000000 6.000000000 3.886531353000
983.090000000 9.000000000 3.879519224200
982.840000000 9.000000000 3.875801563300
980.340000000 6.400000000 3.874886512800
975.340000000 5.400000000 3.873176097900
982.590000000 9.600000000 3.870867013900
978.590000000 10.000000000 3.866934299500
971.840000000 5.400000000 3.860366582900
975.590000000 6.400000000 3.858741760300
969.840000000 6.400000000 3.854318380400
980.590000000 6.400000000 3.854253530500
987.590000000 7.000000000 3.850837945900
986.090000000 8.800000000 3.850416183500
979.840000000 6.800000000 3.841443538700
979.090000000 9.600000000 3.838925838500
978.840000000 10.000000000 3.838376998900
969.090000000 7.800000000 3.834212064700
980.090000000 6.400000000 3.819812297800
968.590000000 7.200000000 3.813055992100
982.340000000 9.200000000 3.811748266200
977.840000000 10.000000000 3.810137271900
986.340000000 8.200000000 3.808307170900
979.590000000 9.600000000 3.807852268200
969.840000000 6.800000000 3.807214021700
986.090000000 7.200000000 3.806540727600
975.340000000 6.200000000 3.805256366700
979.590000000 9.000000000 3.804386615800
986.340000000 8.400000000 3.800497293500
968.590000000 9.200000000 3.792688369800
978.590000000 9.600000000 3.787323236500
977.340000000 6.400000000 3.786942005200
984.090000000 7.200000000 3.783844709400
970.090000000 8.000000000 3.781915903100
984.590000000 7.000000000 3.779766798000
979.090000000 7.200000000 3.779020547900
986.840000000 6.400000000 3.772136211400
969.590000000 6.600000000 3.771266222000
984.840000000 8.600000000 3.765774488400
983.340000000 9.000000000 3.758170843100
985.090000000 5.600000000 3.757773876200
986.340000000 9.400000000 3.755021810500
969.340000000 8.400000000 3.750382185000
978.590000000 9.400000000 3.746374368700
978.590000000 9.200000000 3.745128154800
969.090000000 8.000000000 3.739418745000
970.590000000 7.400000000 3.739251852000
979.090000000 10.000000000 3.737837553000
984.840000000 5.600000000 3.737745523500
969.090000000 6.200000000 3.734437465700
984.840000000 7.200000000 3.720901489300
985.590000000 9.800000000 3.714799642600
978.590000000 7.200000000 3.714439392100
969.590000000 6.800000000 3.710081577300
978.340000000 10.000000000 3.707296371500
979.840000000 9.000000000 3.707245349900
983.840000000 6.000000000 3.705478906600
968.840000000 6.000000000 3.699490785600
969.590000000 7.000000000 3.697423696500
985.590000000 8.600000000 3.695916175800
978.090000000 6.800000000 3.682159423800
979.340000000 9.000000000 3.676030397400
969.340000000 6.000000000 3.675410509100
979.590000000 7.000000000 3.672951221500
970.590000000 7.600000000 3.670766592000
979.340000000 10.000000000 3.656616926200
984.090000000 5.600000000 3.656344175300
984.340000000 7.200000000 3.654602050800
985.090000000 10.000000000 3.651633739500
984.340000000 6.800000000 3.649930477100
984.340000000 9.400000000 3.646168232000
985.090000000 9.400000000 3.644457340200
978.840000000 9.600000000 3.644327163700
976.090000000 5.400000000 3.643958568600
984.340000000 8.400000000 3.641308784500
985.340000000 10.000000000 3.639230966600
987.590000000 6.800000000 3.634636879000
978.340000000 7.000000000 3.631503343600
984.590000000 7.200000000 3.630578279500
984.340000000 7.000000000 3.625666856800
984.090000000 5.400000000 3.611545324300
981.090000000 6.400000000 3.608022928200
978.840000000 9.400000000 3.606669902800
987.590000000 6.600000000 3.604029417000
970.090000000 7.400000000 3.601711988400
969.090000000 8.600000000 3.591188669200
978.340000000 5.400000000 3.585430622100
977.840000000 6.400000000 3.584065437300
979.590000000 6.600000000 3.580967426300
977.590000000 6.400000000 3.580818414700
978.090000000 6.600000000 3.578444957700
969.340000000 7.000000000 3.576580762900
982.590000000 8.800000000 3.571550846100
969.590000000 6.400000000 3.569839716000
977.090000000 5.400000000 3.569439411200
988.090000000 5.800000000 3.564329862600
972.340000000 5.600000000 3.563977003100
986.840000000 5.800000000 3.563723087300
980.090000000 9.000000000 3.563389778100
986.590000000 6.200000000 3.557763338100
968.340000000 9.400000000 3.556252241100
972.090000000 5.400000000 3.556074380900
986.590000000 7.200000000 3.554763078700
969.090000000 7.000000000 3.549434661900
975.340000000 5.600000000 3.547545909900
968.340000000 9.200000000 3.546677112600
975.590000000 5.600000000 3.546116352100
986.340000000 7.200000000 3.541756868400
968.840000000 7.000000000 3.539190292400
969.340000000 7.400000000 3.531373977700
983.840000000 7.000000000 3.525886058800
979.590000000 6.800000000 3.521803855900
986.090000000 9.600000000 3.515865325900
983.590000000 9.000000000 3.509285688400
979.840000000 6.400000000 3.508022785200
973.840000000 5.400000000 3.504267931000
978.590000000 9.000000000 3.494252204900
973.590000000 5.400000000 3.492932081200
982.840000000 8.800000000 3.490320205700
976.340000000 6.200000000 3.489153146700
984.840000000 9.200000000 3.488221168500
984.840000000 9.800000000 3.487550020200
974.340000000 6.200000000 3.482612609900
969.340000000 6.400000000 3.482510089900
976.590000000 6.200000000 3.475476265000
969.590000000 7.400000000 3.475212574000
979.590000000 9.800000000 3.470556736000
969.090000000 6.400000000 3.468389034300
987.840000000 6.800000000 3.466517686800
969.090000000 6.000000000 3.465341568000
969.590000000 7.600000000 3.465313434600
987.340000000 7.000000000 3.462090492200
969.840000000 7.400000000 3.458158493000
973.090000000 6.200000000 3.455847740200
970.340000000 7.800000000 3.455636978100
984.590000000 9.200000000 3.454134225800
975.090000000 6.000000000 3.444485664400
982.590000000 9.200000000 3.440946340600
975.590000000 6.200000000 3.438197612800
974.840000000 6.000000000 3.431636095000
976.840000000 6.200000000 3.430787086500
988.090000000 6.800000000 3.427614212000
983.090000000 8.800000000 3.425433397300
969.090000000 7.400000000 3.425004005400
985.090000000 8.800000000 3.423768043500
987.840000000 5.800000000 3.420101642600
982.840000000 9.200000000 3.419885158500
978.340000000 9.800000000 3.416469574000
979.340000000 9.800000000 3.415385246300
975.840000000 6.200000000 3.414787292500
985.090000000 9.800000000 3.395221233400
976.090000000 6.200000000 3.393344163900
988.090000000 6.600000000 3.386451005900
980.090000000 9.200000000 3.380344390900
979.090000000 9.000000000 3.377062320700
976.840000000 5.400000000 3.373300552400
984.840000000 7.000000000 3.369651556000
974.090000000 5.400000000 3.365076303500
983.590000000 6.800000000 3.364629268600
986.090000000 8.400000000 3.364497423200
972.590000000 6.000000000 3.362871408500
985.840000000 8.600000000 3.359601259200
968.840000000 6.200000000 3.355217456800
968.340000000 8.200000000 3.354704141600
968.340000000 6.400000000 3.352534055700
969.590000000 8.200000000 3.349863529200
969.340000000 7.600000000 3.349674701700
984.840000000 10.000000000 3.346431732200
987.840000000 6.600000000 3.346158504500
978.090000000 6.400000000 3.343858003600
984.590000000 8.400000000 3.339846611000
977.090000000 6.200000000 3.338523387900
969.840000000 7.600000000 3.338406562800
985.340000000 8.800000000 3.337298870100
986.090000000 9.000000000 3.336669921900
968.840000000 6.400000000 3.336658000900
968.590000000 6.800000000 3.331611394900
975.090000000 5.400000000 3.331249952300
968.590000000 7.000000000 3.328152179700
983.340000000 8.600000000 3.316010236700
984.840000000 8.800000000 3.315821886100
985.090000000 9.200000000 3.309679269800
984.590000000 9.800000000 3.297243356700
983.090000000 9.200000000 3.293965339700
983.090000000 6.600000000 3.289432287200
968.840000000 7.800000000 3.287890434300
976.590000000 5.400000000 3.287296056700
985.340000000 9.800000000 3.287040233600
987.090000000 7.000000000 3.286635637300
968.840000000 8.000000000 3.285951614400
986.840000000 6.200000000 3.282955646500
984.590000000 10.000000000 3.275689363500
970.340000000 7.400000000 3.275328636200
985.340000000 8.400000000 3.266141891500
983.340000000 8.800000000 3.263042450000
979.340000000 6.600000000 3.261520147300
984.590000000 9.600000000 3.260390281700
973.590000000 6.400000000 3.249943018000
984.090000000 7.000000000 3.249889850600
984.340000000 9.200000000 3.249849796300
968.840000000 7.400000000 3.248988151600
987.090000000 6.400000000 3.242091178900
968.840000000 6.800000000 3.239855527900
978.590000000 9.800000000 3.239436388000
984.840000000 8.400000000 3.237429618800
976.340000000 5.400000000 3.231243848800
979.090000000 9.800000000 3.221918106100
975.340000000 6.000000000 3.218878269200
984.090000000 9.400000000 3.218266010300
984.090000000 6.400000000 3.217817068100
974.340000000 5.400000000 3.215831041300
973.340000000 5.400000000 3.215096473700
985.090000000 8.400000000 3.214037179900
978.090000000 10.000000000 3.212236881300
968.340000000 6.200000000 3.209942817700
968.340000000 7.200000000 3.205799102800
984.090000000 6.600000000 3.203575134300
983.840000000 5.800000000 3.198657035800
973.840000000 5.600000000 3.195438146600
974.090000000 6.400000000 3.190807342500
984.590000000 8.600000000 3.187438011200
986.090000000 9.200000000 3.186993360500
984.840000000 9.600000000 3.186447620400
975.840000000 5.600000000 3.182710647600
975.090000000 5.600000000 3.173502445200
968.340000000 6.600000000 3.169758319900
976.590000000 5.600000000 3.166993618000
972.340000000 5.400000000 3.162740230600
975.840000000 6.000000000 3.160815000500
969.340000000 6.600000000 3.158499479300
987.090000000 6.200000000 3.156923770900
985.840000000 8.400000000 3.155602693600
979.090000000 6.600000000 3.150755882300
983.840000000 9.000000000 3.142756223700
976.840000000 5.600000000 3.139573335600
974.590000000 6.000000000 3.133166074800
981.840000000 9.400000000 3.130368948000
983.840000000 6.200000000 3.127643108400
979.840000000 9.200000000 3.127118349100
979.340000000 7.000000000 3.126434564600
968.840000000 8.600000000 3.125679493000
979.590000000 6.400000000 3.120549917200
985.340000000 9.400000000 3.117321968100
978.340000000 6.600000000 3.114114761400
985.590000000 8.400000000 3.107761144600
969.340000000 6.800000000 3.104292631100
979.340000000 6.800000000 3.102973699600
985.840000000 8.800000000 3.098194599200
986.840000000 7.000000000 3.096321106000
978.840000000 9.200000000 3.089935302700
978.590000000 5.400000000 3.085904121400
974.090000000 5.600000000 3.080926895100
983.590000000 8.800000000 3.077960491200
984.340000000 9.600000000 3.076243877400
982.840000000 9.600000000 3.076163291900
985.840000000 9.600000000 3.071107149100
984.590000000 8.800000000 3.069741249100
978.840000000 6.600000000 3.064508438100
978.840000000 9.000000000 3.062878370300
987.340000000 6.400000000 3.061335086800
968.590000000 7.400000000 3.059041500100
985.590000000 8.800000000 3.054924726500
983.340000000 9.200000000 3.050947427700
976.090000000 6.000000000 3.047479152700
974.590000000 5.400000000 3.045008182500
980.340000000 6.200000000 3.044627189600
968.340000000 6.800000000 3.041364669800
970.090000000 7.600000000 3.038527488700
979.590000000 9.200000000 3.037620782900
976.340000000 5.600000000 3.031537056000
981.340000000 6.400000000 3.029717922200
975.590000000 6.000000000 3.027125120200
973.590000000 5.600000000 3.025997400300
980.090000000 6.200000000 3.012468099600
978.590000000 7.000000000 3.010522842400
974.840000000 5.400000000 3.006117105500
978.340000000 6.800000000 3.005221605300
977.340000000 6.200000000 2.995591402100
983.090000000 5.600000000 2.990822553600
969.090000000 7.600000000 2.989416599300
984.090000000 9.200000000 2.988414049100
977.590000000 5.600000000 2.982371330300
968.340000000 8.600000000 2.981445550900
983.090000000 9.800000000 2.979480028200
986.590000000 7.000000000 2.978265762300
978.590000000 6.600000000 2.975675106000
968.590000000 6.400000000 2.975603342100
985.090000000 9.600000000 2.959309577900
969.090000000 8.400000000 2.957690954200
979.340000000 9.200000000 2.957135438900
978.840000000 9.800000000 2.955162763600
979.590000000 5.400000000 2.945343971300
973.840000000 6.400000000 2.941164493600
987.590000000 5.800000000 2.937095880500
969.090000000 6.800000000 2.935562849000
972.590000000 5.800000000 2.935356855400
987.340000000 6.200000000 2.930785894400
977.090000000 5.600000000 2.923348426800
985.340000000 9.200000000 2.913947582200
984.090000000 9.600000000 2.913670301400
984.090000000 6.800000000 2.908718586000
985.590000000 9.600000000 2.904664993300
979.840000000 5.400000000 2.904501199700
968.340000000 7.400000000 2.899039983700
982.090000000 9.400000000 2.891803264600
968.590000000 6.200000000 2.889119148300
980.590000000 6.200000000 2.887575149500
968.590000000 8.600000000 2.880690097800
983.840000000 9.400000000 2.877902030900
985.090000000 7.000000000 2.873563528100
974.340000000 5.600000000 2.869123220400
968.590000000 7.800000000 2.865035057100
983.840000000 8.800000000 2.864460229900
977.340000000 5.600000000 2.860766649200
984.340000000 10.000000000 2.857047319400
979.090000000 9.200000000 2.855195522300
985.340000000 9.600000000 2.854198455800
982.340000000 9.400000000 2.853632926900
979.340000000 6.400000000 2.852024793600
979.090000000 6.800000000 2.851983785600
968.590000000 8.000000000 2.846986293800
976.590000000 6.000000000 2.845958471300
981.590000000 6.400000000 2.837884903000
976.340000000 6.000000000 2.835492849300
987.340000000 5.800000000 2.835285902000
974.840000000 5.800000000 2.825260639200
969.090000000 6.600000000 2.821317672700
986.090000000 9.400000000 2.819797039000
983.840000000 9.200000000 2.819699049000
982.840000000 5.600000000 2.813603639600
977.590000000 6.200000000 2.811995267900
976.090000000 5.600000000 2.809159278900
968.340000000 7.000000000 2.804004669200
968.840000000 6.600000000 2.799570083600
984.340000000 9.800000000 2.799235105500
973.340000000 6.200000000 2.791558504100
977.840000000 5.600000000 2.787631273300
973.090000000 5.400000000 2.786619424800
972.590000000 5.600000000 2.783612012900
976.590000000 5.800000000 2.781523704500
968.340000000 8.400000000 2.779428720500
979.840000000 6.200000000 2.777324676500
987.090000000 5.800000000 2.775060892100
982.590000000 9.400000000 2.775023937200
975.090000000 5.800000000 2.774610996200
969.340000000 8.200000000 2.771802187000
970.340000000 7.600000000 2.770493507400
979.090000000 6.400000000 2.769615650200
976.840000000 5.800000000 2.768296718600
983.340000000 5.600000000 2.762730836900
984.090000000 9.000000000 2.761391162900
972.590000000 5.400000000 2.760248422600
983.590000000 9.200000000 2.756577253300
974.090000000 6.200000000 2.747088432300
986.340000000 7.000000000 2.744934082000
978.840000000 6.800000000 2.743769407300
978.340000000 6.400000000 2.743746995900
984.340000000 8.800000000 2.742285013200
975.840000000 5.800000000 2.739742040600
974.840000000 5.600000000 2.738387346300
974.340000000 6.000000000 2.736010551500
968.840000000 7.600000000 2.735812902500
978.840000000 7.200000000 2.735280752200
979.340000000 5.400000000 2.728858947800
976.840000000 6.000000000 2.727410793300
975.590000000 5.800000000 2.723064184200
980.840000000 6.200000000 2.720279693600
968.590000000 6.600000000 2.719275474500
976.340000000 5.800000000 2.714960575100
974.590000000 5.600000000 2.710858821900
968.590000000 8.200000000 2.708642959600
983.590000000 9.400000000 2.707933902700
981.840000000 6.400000000 2.705226898200
983.840000000 5.600000000 2.699033260300
985.840000000 9.400000000 2.693879604300
980.090000000 5.400000000 2.693217992800
982.340000000 5.600000000 2.693138361000
985.340000000 7.000000000 2.692411422700
986.090000000 7.000000000 2.690496206300
977.840000000 6.200000000 2.687538385400
982.590000000 5.600000000 2.687107086200
978.590000000 6.800000000 2.679006576500
979.090000000 7.000000000 2.669980764400
984.090000000 8.800000000 2.665977716400
985.590000000 9.400000000 2.664797544500
985.840000000 9.000000000 2.658167362200
972.840000000 6.000000000 2.655997276300
975.340000000 5.800000000 2.655551433600
974.590000000 5.800000000 2.654944419900
968.590000000 7.600000000 2.654621362700
988.090000000 6.400000000 2.646424531900
983.340000000 9.400000000 2.638819932900
978.840000000 6.400000000 2.636005640000
984.340000000 8.600000000 2.635759830500
968.340000000 7.800000000 2.632409811000
983.840000000 9.600000000 2.630939960500
976.090000000 5.800000000 2.630762100200
986.840000000 6.000000000 2.629550695400
968.340000000 8.000000000 2.627813816100
982.090000000 5.600000000 2.627807140400
978.840000000 7.000000000 2.623531341600
981.090000000 6.200000000 2.618809461600
985.590000000 9.000000000 2.610201120400
978.840000000 5.400000000 2.609670639000
977.090000000 6.000000000 2.607452869400
973.340000000 5.600000000 2.606620788600
968.840000000 8.200000000 2.597413063000
972.840000000 5.400000000 2.592828512200
983.840000000 5.400000000 2.582294464100
969.090000000 8.200000000 2.577320337300
983.090000000 9.400000000 2.576171875000
985.590000000 7.000000000 2.575469732300
981.590000000 6.200000000 2.570303916900
984.590000000 9.000000000 2.566130876500
982.090000000 6.400000000 2.563148021700
982.840000000 5.400000000 2.554071426400
982.840000000 9.400000000 2.549385309200
984.340000000 9.000000000 2.545425415000
977.090000000 5.800000000 2.544914960900
984.840000000 9.000000000 2.539744377100
987.840000000 6.400000000 2.533633232100
985.840000000 7.000000000 2.532079696700
981.340000000 6.200000000 2.528440237000
983.840000000 6.800000000 2.522361278500
983.090000000 5.400000000 2.498596191400
982.590000000 5.400000000 2.489822864500
988.090000000 6.000000000 2.488924264900
987.590000000 6.200000000 2.486241340600
968.340000000 7.600000000 2.466305971100
979.840000000 5.600000000 2.461947917900
978.090000000 6.200000000 2.461121320700
987.590000000 6.400000000 2.456873178500
979.590000000 5.600000000 2.453936338400
981.840000000 5.600000000 2.445685863500
983.340000000 9.600000000 2.444823026700
977.340000000 6.000000000 2.442761182800
981.840000000 6.200000000 2.440587520600
981.090000000 5.800000000 2.439347744000
983.590000000 6.000000000 2.428449869200
983.090000000 9.600000000 2.416924715000
979.590000000 6.200000000 2.409833192800
984.090000000 10.000000000 2.408027887300
987.840000000 6.000000000 2.401198625600
980.840000000 5.800000000 2.394519805900
973.090000000 5.600000000 2.390761613800
978.590000000 6.400000000 2.387046337100
979.340000000 5.600000000 2.383965969100
978.090000000 5.600000000 2.375720739400
983.340000000 10.000000000 2.371424198200
980.340000000 5.400000000 2.371165037200
982.340000000 6.400000000 2.369214057900
988.090000000 6.200000000 2.365680456200
985.340000000 9.000000000 2.361195325900
983.340000000 6.600000000 2.347361803100
985.590000000 9.200000000 2.341486930800
983.590000000 9.600000000 2.338500499700
981.340000000 5.400000000 2.337562561000
987.340000000 6.000000000 2.332984447500
987.590000000 6.000000000 2.330969572100
983.090000000 5.800000000 2.328802108800
984.090000000 9.800000000 2.326287508000
983.590000000 8.600000000 2.325756073000
980.090000000 5.600000000 2.320302963300
985.090000000 9.000000000 2.320057392100
982.590000000 6.400000000 2.315413475000
981.340000000 5.800000000 2.314615964900
979.090000000 5.400000000 2.313717842100
982.340000000 5.400000000 2.313394069700
981.590000000 5.600000000 2.309833288200
987.840000000 6.200000000 2.308036804200
981.840000000 5.800000000 2.302968263600
980.340000000 6.000000000 2.300160884900
977.590000000 6.000000000 2.288106679900
981.340000000 5.600000000 2.278087377500
985.840000000 9.200000000 2.275425195700
981.090000000 5.400000000 2.271259069400
977.340000000 5.800000000 2.267526388200
980.590000000 6.000000000 2.265721082700
981.590000000 5.800000000 2.265334367800
979.090000000 5.600000000 2.255471944800
980.590000000 5.400000000 2.254298448600
983.340000000 5.400000000 2.250825405100
973.590000000 6.200000000 2.248379468900
984.090000000 8.600000000 2.241898298300
974.340000000 5.800000000 2.239586591700
980.090000000 6.000000000 2.239209175100
978.340000000 5.600000000 2.237003564800
983.840000000 9.800000000 2.236985683400
968.590000000 8.400000000 2.236704349500
973.590000000 5.800000000 2.234333038300
982.090000000 5.800000000 2.234043836600
980.840000000 5.400000000 2.233992099800
972.840000000 5.600000000 2.229866981500
983.840000000 8.600000000 2.225631713900
973.590000000 6.000000000 2.215244293200
982.590000000 6.200000000 2.212360382100
973.340000000 6.000000000 2.197689771700
974.090000000 6.000000000 2.194048404700
973.840000000 5.800000000 2.192258119600
983.840000000 6.400000000 2.190952301000
981.090000000 5.600000000 2.172474384300
987.090000000 6.000000000 2.171008586900
983.590000000 6.400000000 2.167191028600
983.590000000 10.000000000 2.154647827100
982.840000000 5.800000000 2.151830911600
973.340000000 5.800000000 2.151436328900
968.840000000 8.400000000 2.137261629100
973.090000000 6.000000000 2.132799625400
980.840000000 6.000000000 2.130165100100
983.840000000 10.000000000 2.126425266300
979.840000000 6.000000000 2.120547056200
977.590000000 5.800000000 2.117591857900
983.340000000 6.000000000 2.116694927200
982.090000000 5.400000000 2.101698637000
982.840000000 6.200000000 2.094346761700
981.590000000 5.400000000 2.088021040000
978.340000000 6.200000000 2.086186647400
983.590000000 9.800000000 2.067861080200
983.590000000 5.400000000 2.065384864800
973.840000000 6.200000000 2.056046485900
972.840000000 5.800000000 2.054666757600
980.590000000 5.800000000 2.053074598300
983.340000000 5.800000000 2.052463531500
982.090000000 6.200000000 2.043253660200
982.340000000 5.800000000 2.035628318800
974.090000000 5.800000000 2.032162666300
981.590000000 6.000000000 2.021830797200
983.090000000 6.000000000 2.020346164700
983.590000000 5.800000000 2.019305467600
983.340000000 6.400000000 2.003589391700
978.840000000 5.600000000 2.000897169100
983.840000000 6.600000000 2.000665187800
982.340000000 6.200000000 1.997963190100
981.090000000 6.000000000 1.997772812800
979.340000000 6.200000000 1.987806081800
980.340000000 5.600000000 1.985862255100
981.340000000 6.000000000 1.979375243200
981.840000000 5.400000000 1.973401308100
977.840000000 6.000000000 1.971161365500
983.590000000 5.600000000 1.960781335800
978.590000000 5.600000000 1.960692167300
982.590000000 5.800000000 1.956397295000
983.590000000 6.200000000 1.952383041400
980.840000000 5.600000000 1.936713099500
981.840000000 6.000000000 1.931940078700
983.090000000 6.200000000 1.928631782500
982.840000000 6.400000000 1.923928856800
973.840000000 6.000000000 1.913400054000
979.590000000 6.000000000 1.911978483200
983.340000000 9.800000000 1.904627442400
973.090000000 5.800000000 1.895747304000
979.090000000 6.200000000 1.862394690500
980.590000000 5.600000000 1.832085967100
982.840000000 6.000000000 1.827085495000
983.340000000 6.200000000 1.824576258700
982.590000000 6.000000000 1.777709245700
977.840000000 5.800000000 1.774916291200
978.840000000 6.200000000 1.742483735100
983.590000000 6.600000000 1.725380301500
983.090000000 6.400000000 1.657064080200
978.590000000 6.200000000 1.655064225200
978.090000000 6.000000000 1.624351024600
982.090000000 6.000000000 1.622956037500
980.340000000 5.800000000 1.609682202300
979.590000000 5.800000000 1.601748466500
982.340000000 6.000000000 1.585248231900
979.840000000 5.800000000 1.580603480300
979.340000000 6.000000000 1.576744914100
979.340000000 5.800000000 1.551399946200
979.090000000 5.800000000 1.462438941000
980.090000000 5.800000000 1.454905271500
978.090000000 5.800000000 1.356093645100
978.340000000 6.000000000 1.354949712800
978.840000000 5.800000000 1.345957160000
978.340000000 5.800000000 1.290105819700
978.590000000 5.800000000 1.272325515700
979.090000000 6.000000000 1.229124307600
978.590000000 6.000000000 1.190449833900
978.840000000 6.000000000 1.165826678300
