975.700000000 8.200000000 214.385528564500
975.700000000 8.000000000 210.649322509800
975.450000000 8.200000000 207.900985717800
975.950000000 8.000000000 201.599411010700
975.450000000 8.000000000 194.225753784200
975.950000000 8.200000000 188.025421142600
975.450000000 8.400000000 186.041030883800
975.200000000 8.200000000 182.094863891600
975.700000000 8.400000000 178.258026123000
976.200000000 8.000000000 173.212478637700
975.700000000 7.800000000 173.199722290000
976.950000000 8.000000000 168.511505127000
975.200000000 8.400000000 166.299606323200
975.950000000 7.800000000 166.116973877000
975.200000000 8.000000000 165.685745239300
975.450000000 7.800000000 161.589767456100
976.700000000 8.000000000 158.624816894500
977.200000000 8.000000000 155.369812011700
976.450000000 8.000000000 154.625137329100
976.200000000 8.200000000 149.494323730500
974.950000000 8.200000000 149.209503173800
977.200000000 7.800000000 148.354385376000
976.950000000 7.800000000 147.196304321300
975.450000000 8.600000000 146.067398071300
976.200000000 7.800000000 145.965927124000
975.700000000 7.600000000 144.934875488300
976.950000000 8.200000000 143.994323730500
975.700000000 8.600000000 140.404434204100
975.950000000 8.400000000 140.023208618200
974.950000000 8.400000000 136.419372558600
976.700000000 8.200000000 135.593032836900
975.200000000 7.800000000 135.520172119100
976.700000000 7.800000000 135.270919799800
974.950000000 8.000000000 134.274795532200
975.450000000 7.600000000 133.958847045900
977.450000000 7.800000000 132.796340942400
976.450000000 7.800000000 132.155334472700
975.200000000 8.600000000 131.221038818400
975.950000000 7.600000000 130.858932495100
976.450000000 8.200000000 130.450225830100
977.200000000 8.200000000 128.080429077100
977.450000000 8.000000000 125.720489502000
975.450000000 8.800000000 121.124847412100
977.450000000 7.600000000 114.915992736800
977.200000000 7.600000000 114.785568237300
974.700000000 8.200000000 114.626792907700
977.450000000 8.200000000 114.326438903800
975.950000000 8.600000000 113.948638916000
977.700000000 7.800000000 113.336608886700
975.700000000 8.800000000 112.444686889600
976.200000000 8.400000000 112.216148376500
975.200000000 7.600000000 110.752082824700
977.700000000 8.000000000 109.804641723600
975.700000000 7.400000000 108.973472595200
976.950000000 8.400000000 108.757469177200
975.200000000 8.800000000 108.613861084000
974.950000000 7.800000000 108.337753295900
977.200000000 8.400000000 107.564826965300
974.950000000 8.600000000 106.867424011200
977.700000000 7.600000000 106.637443542500
976.950000000 7.600000000 106.423713684100
976.200000000 7.600000000 105.418769836400
974.700000000 8.000000000 104.928146362300
974.700000000 8.400000000 104.226913452100
975.450000000 7.400000000 102.720573425300
976.700000000 8.400000000 99.999084472700
976.450000000 8.400000000 98.100486755400
977.700000000 8.200000000 97.848106384300
977.950000000 7.800000000 96.679618835400
975.950000000 7.400000000 96.246589660600
977.950000000 8.000000000 95.355964660600
976.700000000 7.600000000 94.596298217800
977.950000000 7.600000000 94.297409057600
975.450000000 9.000000000 94.124526977500
977.450000000 8.400000000 93.541763305700
976.450000000 7.600000000 91.503501892100
977.200000000 7.400000000 89.754081726100
974.950000000 8.800000000 87.832565307600
974.950000000 7.600000000 87.568733215300
977.450000000 7.400000000 87.292098999000
976.200000000 8.600000000 86.833450317400
974.450000000 8.200000000 86.192047119100
977.700000000 7.400000000 85.911064147900
975.950000000 8.800000000 85.781089782700
975.700000000 9.000000000 85.010948181200
975.200000000 9.000000000 84.687004089400
975.200000000 7.400000000 84.606765747100
974.700000000 7.800000000 83.436347961400
976.950000000 8.600000000 82.879791259800
974.700000000 8.600000000 82.134765625000
977.950000000 8.200000000 82.083557128900
974.450000000 8.000000000 81.853706359900
976.950000000 7.400000000 81.708641052200
977.200000000 8.600000000 81.450111389200
975.700000000 7.200000000 78.941406250000
978.200000000 7.800000000 78.426979064900
977.950000000 7.400000000 78.215927124000
974.450000000 8.400000000 78.021423339800
976.200000000 7.400000000 77.734725952100
977.700000000 8.400000000 77.617599487300
978.200000000 8.000000000 77.073890686000
978.200000000 7.600000000 76.939666748000
975.450000000 7.200000000 76.517860412600
976.700000000 8.600000000 75.825904846200
976.450000000 8.600000000 74.085746765100
975.450000000 9.200000000 71.124389648400
976.700000000 7.400000000 71.061691284200
973.700000000 8.200000000 70.616981506300
974.200000000 8.200000000 70.580841064500
977.450000000 8.600000000 70.430938720700
973.450000000 8.200000000 69.994262695300
977.450000000 7.200000000 69.325187683100
973.450000000 8.400000000 69.324562072800
973.450000000 8.000000000 68.848831176800
974.200000000 8.000000000 68.827354431200
974.700000000 8.800000000 68.668724060100
973.700000000 8.000000000 68.592971801800
974.950000000 9.000000000 68.509712219200
974.450000000 7.800000000 68.259567260700
976.450000000 7.400000000 68.255020141600
974.700000000 7.600000000 68.020500183100
973.700000000 8.400000000 67.836555481000
975.950000000 7.200000000 67.466400146500
973.950000000 8.200000000 67.239814758300
974.450000000 8.600000000 67.018600463900
977.200000000 7.200000000 66.771034240700
974.950000000 7.400000000 66.382873535200
974.200000000 8.400000000 66.286033630400
973.950000000 8.400000000 66.023460388200
973.950000000 8.000000000 65.939407348600
978.200000000 8.200000000 65.610946655300
977.700000000 7.200000000 65.143554687500
973.450000000 7.800000000 65.108528137200
973.450000000 8.600000000 64.932403564500
973.700000000 8.600000000 64.886550903300
975.200000000 9.200000000 64.378112793000
977.950000000 8.400000000 64.144729614300
978.200000000 7.400000000 63.973922729500
975.200000000 7.200000000 63.297317504900
975.700000000 9.200000000 62.901969909700
976.200000000 8.800000000 62.621742248500
973.700000000 7.800000000 62.541145324700
975.950000000 9.000000000 62.442951202400
973.950000000 8.600000000 61.406169891400
974.200000000 8.600000000 60.708744049100
974.200000000 7.800000000 60.188488006600
973.200000000 8.200000000 59.882915496800
973.950000000 7.800000000 59.400814056400
973.200000000 8.000000000 59.377788543700
976.950000000 8.800000000 59.261272430400
975.450000000 7.000000000 58.898216247600
973.450000000 8.800000000 58.789028167700
975.700000000 7.000000000 58.758102417000
977.200000000 8.800000000 58.743652343800
973.450000000 7.600000000 58.737655639600
973.700000000 8.800000000 58.591804504400
977.950000000 7.200000000 58.580455780000
977.700000000 8.600000000 58.493270874000
973.200000000 8.400000000 58.464447021500
976.950000000 7.200000000 58.293415069600
973.200000000 7.800000000 57.243309021000
974.450000000 8.800000000 56.118896484400
978.450000000 7.800000000 55.449188232400
973.700000000 7.600000000 55.226543426500
978.450000000 8.000000000 55.056606292700
978.450000000 7.600000000 54.461341857900
973.200000000 8.600000000 54.381736755400
976.700000000 8.800000000 54.093864440900
976.200000000 7.200000000 53.958526611300
974.700000000 9.000000000 53.893531799300
974.450000000 7.600000000 53.890716552700
973.950000000 8.800000000 53.449684143100
975.450000000 9.400000000 53.421470642100
973.450000000 9.000000000 52.883228302000
976.450000000 8.800000000 52.803398132300
973.200000000 7.600000000 52.738166809100
973.450000000 7.400000000 52.320507049600
974.700000000 7.400000000 52.207233429000
974.950000000 9.200000000 52.123577117900
977.450000000 7.000000000 51.918243408200
977.450000000 8.800000000 51.811702728300
974.200000000 8.800000000 51.443401336700
978.200000000 8.400000000 50.857849121100
973.700000000 9.000000000 50.608226776100
973.200000000 8.800000000 50.554382324200
977.700000000 7.000000000 50.485393524200
973.950000000 7.600000000 50.243801116900
976.700000000 7.200000000 49.956695556600
974.950000000 7.200000000 49.551029205300
975.200000000 7.000000000 49.419399261500
974.200000000 7.600000000 48.867458343500
975.200000000 9.400000000 48.850509643600
975.700000000 9.400000000 48.604652404800
975.950000000 7.000000000 48.408443450900
977.950000000 8.600000000 48.291831970200
977.200000000 7.000000000 48.171340942400
973.200000000 7.400000000 48.042819976800
978.200000000 7.200000000 47.914741516100
973.700000000 7.400000000 47.858520507800
976.450000000 7.200000000 47.641487121600
978.450000000 8.200000000 47.194438934300
978.450000000 7.400000000 46.024204254200
973.450000000 9.200000000 46.020381927500
975.950000000 9.200000000 45.738365173300
973.450000000 7.200000000 45.520824432400
975.450000000 6.800000000 45.441417694100
973.200000000 9.000000000 45.409736633300
977.700000000 8.800000000 45.378299713100
976.200000000 9.000000000 44.787925720200
974.450000000 9.000000000 44.526302337600
973.950000000 9.000000000 44.525032043500
977.950000000 7.000000000 44.477527618400
975.700000000 6.800000000 44.261833190900
972.950000000 8.000000000 43.290145874000
975.450000000 9.600000000 42.869949340800
974.450000000 7.400000000 42.832160949700
977.200000000 9.000000000 42.633842468300
973.200000000 7.200000000 42.632968902600
972.950000000 8.200000000 42.561672210700
973.700000000 9.200000000 42.429622650100
972.950000000 7.800000000 42.096481323200
976.950000000 9.000000000 42.096073150600
974.200000000 9.000000000 41.616058349600
973.950000000 7.400000000 41.446029663100
972.950000000 8.400000000 41.374172210700
974.700000000 9.200000000 41.271102905300
976.950000000 7.000000000 41.148818969700
977.450000000 9.000000000 40.884399414100
973.700000000 7.200000000 40.307651519800
973.200000000 9.200000000 40.065666198700
974.950000000 9.400000000 39.655021667500
972.950000000 7.600000000 39.512901306200
974.700000000 7.200000000 39.329185485800
974.200000000 7.400000000 39.145267486600
973.450000000 9.400000000 39.139076232900
975.700000000 9.600000000 38.822711944600
973.450000000 7.000000000 38.785839080800
975.200000000 9.600000000 38.756427764900
975.200000000 6.800000000 38.647487640400
977.450000000 6.800000000 38.640914917000
972.950000000 8.600000000 38.569564819300
976.700000000 9.000000000 38.501445770300
974.950000000 7.000000000 38.372020721400
978.200000000 8.600000000 38.067073822000
977.700000000 6.800000000 37.824420929000
976.200000000 7.000000000 37.723499298100
976.450000000 9.000000000 37.679161071800
977.950000000 8.800000000 37.386997222900
978.700000000 7.800000000 37.347068786600
973.200000000 7.000000000 37.087368011500
978.450000000 8.400000000 36.870216369600
978.700000000 8.000000000 36.850597381600
975.950000000 9.400000000 36.667118072500
972.950000000 7.400000000 36.583099365200
977.200000000 6.800000000 36.436756134000
973.700000000 9.400000000 36.411884307900
973.950000000 9.200000000 36.212688446000
978.700000000 7.600000000 36.170074462900
975.950000000 6.800000000 35.968502044700
977.700000000 9.000000000 35.782436370800
973.200000000 9.400000000 35.609676361100
972.950000000 8.800000000 35.583995819100
978.200000000 7.000000000 35.514335632300
985.450000000 7.800000000 35.390357971200
978.450000000 7.200000000 35.284706115700
985.450000000 8.000000000 35.122257232700
975.450000000 6.600000000 34.993396759000
976.700000000 7.000000000 34.971668243400
985.700000000 7.800000000 34.679500579800
974.450000000 9.200000000 34.556465148900
985.700000000 8.000000000 34.534011840800
985.200000000 7.800000000 34.407600402800
975.450000000 9.800000000 34.324253082300
985.200000000 8.000000000 34.307125091600
973.950000000 7.200000000 34.113685607900
973.450000000 9.600000000 33.860256195100
985.700000000 7.600000000 33.755573272700
985.450000000 7.600000000 33.650936126700
977.950000000 6.800000000 33.493812561000
976.200000000 9.200000000 33.488021850600
973.700000000 7.000000000 33.419284820600
975.700000000 6.600000000 33.408977508500
984.950000000 8.000000000 33.236122131300
976.450000000 7.000000000 33.216434478800
977.200000000 9.200000000 33.186862945600
974.450000000 7.200000000 33.085906982400
973.450000000 6.800000000 33.040309906000
974.200000000 9.200000000 32.965991973900
972.950000000 7.200000000 32.883041381800
984.950000000 7.800000000 32.824523925800
973.200000000 6.800000000 32.338748931900
978.700000000 8.200000000 32.337482452400
985.450000000 8.200000000 32.319324493400
972.950000000 9.000000000 32.229591369600
978.700000000 7.400000000 32.050506591800
977.450000000 9.200000000 31.895999908400
985.200000000 7.600000000 31.880910873400
985.700000000 8.200000000 31.809314727800
985.450000000 7.400000000 31.783615112300
985.200000000 8.200000000 31.730833053600
985.700000000 7.400000000 31.665466308600
974.700000000 9.400000000 31.566242218000
974.950000000 9.600000000 31.452751159700
975.200000000 9.800000000 31.375600814800
974.200000000 7.200000000 31.245651245100
984.950000000 8.200000000 31.227439880400
973.200000000 9.600000000 31.116899490400
976.950000000 9.200000000 31.086746215800
976.950000000 6.800000000 31.035306930500
973.700000000 9.600000000 30.950191497800
985.950000000 7.800000000 30.779478073100
975.700000000 9.800000000 30.774990081800
985.950000000 8.000000000 30.681146621700
973.950000000 9.400000000 30.650789260900
984.700000000 8.000000000 30.559860229500
975.200000000 6.600000000 30.244863510100
984.950000000 7.600000000 30.173580169700
974.950000000 6.800000000 30.151092529300
985.200000000 7.400000000 30.014562606800
977.450000000 6.600000000 29.997974395800
974.700000000 7.000000000 29.819768905600
985.950000000 7.600000000 29.726064682000
984.700000000 7.800000000 29.698648452800
977.950000000 9.000000000 29.517084121700
984.700000000 8.200000000 29.278394699100
973.450000000 9.800000000 29.149038314800
975.950000000 9.600000000 29.132196426400
972.950000000 7.000000000 29.087301254300
972.950000000 9.200000000 29.039268493700
978.200000000 8.800000000 29.026721954300
977.700000000 6.600000000 28.670881271400
978.950000000 7.800000000 28.307481765700
972.700000000 8.000000000 28.303609848000
985.950000000 8.200000000 28.260133743300
984.950000000 7.400000000 28.206487655600
976.200000000 6.800000000 28.171339035000
977.700000000 9.200000000 28.134212493900
985.450000000 8.400000000 28.058429718000
976.700000000 9.200000000 28.017950058000
985.450000000 7.200000000 27.946674346900
973.450000000 6.600000000 27.929258346600
984.700000000 7.600000000 27.910240173300
985.950000000 7.400000000 27.907783508300
973.700000000 6.800000000 27.904827117900
976.450000000 9.200000000 27.891916275000
973.200000000 6.600000000 27.839338302600
972.700000000 8.200000000 27.814271926900
977.200000000 6.600000000 27.813795089700
985.200000000 8.400000000 27.799203872700
978.450000000 8.600000000 27.746925354000
972.700000000 7.800000000 27.739311218300
978.950000000 8.000000000 27.667543411300
985.700000000 7.200000000 27.636955261200
984.950000000 8.400000000 27.634313583400
973.950000000 7.000000000 27.633043289200
985.700000000 8.400000000 27.543474197400
978.950000000 7.600000000 27.451568603500
975.450000000 10.000000000 27.436168670700
975.450000000 6.400000000 27.259279251100
973.200000000 9.800000000 27.014242172200
972.700000000 8.400000000 26.963840484600
975.950000000 6.600000000 26.883754730200
978.200000000 6.800000000 26.798107147200
974.450000000 9.400000000 26.749044418300
974.200000000 9.400000000 26.661787033100
976.200000000 9.400000000 26.646945953400
985.200000000 7.200000000 26.480173111000
984.700000000 8.400000000 26.372938156100
978.450000000 7.000000000 26.353065490700
978.700000000 8.400000000 26.182706832900
972.700000000 7.600000000 26.181083679200
976.700000000 6.800000000 26.172349929800
978.700000000 7.200000000 26.126434326200
972.950000000 9.400000000 26.094179153400
973.700000000 9.800000000 26.062763214100
972.950000000 6.800000000 25.776021957400
977.200000000 9.400000000 25.743526458700
984.700000000 7.400000000 25.713455200200
974.950000000 9.800000000 25.682952880900
978.950000000 7.400000000 25.678236007700
973.950000000 9.600000000 25.662731170700
986.200000000 7.800000000 25.492294311500
974.450000000 7.000000000 25.461034774800
975.700000000 6.400000000 25.437660217300
975.200000000 10.000000000 25.432369232200
986.200000000 8.000000000 25.349895477300
984.950000000 8.600000000 25.246871948200
974.700000000 9.600000000 25.225643158000
979.200000000 7.800000000 25.205347061200
972.700000000 8.600000000 25.142286300700
985.200000000 8.600000000 25.077041626000
978.950000000 8.200000000 25.029891967800
984.450000000 8.000000000 24.984554290800
977.450000000 9.400000000 24.932775497400
973.450000000 10.000000000 24.896356582600
977.950000000 6.600000000 24.879259109500
976.450000000 6.800000000 24.809217453000
979.200000000 7.600000000 24.794429779100
984.950000000 7.200000000 24.719436645500
974.200000000 7.000000000 24.629629135100
985.450000000 8.600000000 24.452888488800
985.950000000 8.400000000 24.448667526200
985.950000000 7.200000000 24.399261474600
979.200000000 8.000000000 24.398500442500
986.200000000 7.600000000 24.392900466900
975.700000000 10.000000000 24.353183746300
972.700000000 7.400000000 24.294010162400
976.950000000 9.400000000 24.205080032300
984.450000000 7.800000000 24.201890945400
984.450000000 8.200000000 24.183698654200
979.200000000 7.400000000 24.183198928800
975.200000000 6.400000000 24.096647262600
973.200000000 10.000000000 23.873933792100
973.200000000 6.400000000 23.856336593600
979.450000000 7.600000000 23.802970886200
974.950000000 6.600000000 23.801385879500
974.700000000 6.800000000 23.577205658000
984.700000000 8.600000000 23.574337005600
976.950000000 6.600000000 23.507118225100
979.450000000 7.400000000 23.498115539600
973.450000000 6.400000000 23.455520629900
986.200000000 8.200000000 23.409694671600
979.450000000 7.800000000 23.360799789400
977.950000000 9.200000000 23.316139221200
972.950000000 9.600000000 23.297128677400
985.450000000 7.000000000 23.281686782800
984.450000000 7.600000000 23.167823791500
973.700000000 6.600000000 23.154670715300
985.700000000 8.600000000 23.124801635700
975.950000000 9.800000000 23.119947433500
977.450000000 6.400000000 23.076850891100
986.200000000 7.400000000 23.075916290300
972.700000000 8.800000000 22.978895187400
979.450000000 7.200000000 22.938365936300
985.700000000 7.000000000 22.883316040000
978.200000000 9.000000000 22.851825714100
979.200000000 8.200000000 22.625469207800
972.950000000 6.600000000 22.610694885300
979.200000000 7.200000000 22.601020813000
978.950000000 7.200000000 22.509721756000
986.450000000 7.800000000 22.408729553200
979.450000000 8.000000000 22.332855224600
984.700000000 7.200000000 22.322891235400
973.950000000 6.800000000 22.287410736100
986.450000000 8.000000000 22.271425247200
977.700000000 9.400000000 22.255842208900
977.700000000 6.400000000 22.232629776000
972.700000000 7.200000000 22.208742141700
985.200000000 7.000000000 22.169549942000
974.200000000 9.600000000 22.127550125100
984.450000000 8.400000000 22.119495391800
976.450000000 9.400000000 22.110700607300
984.950000000 8.800000000 22.108095169100
976.700000000 9.400000000 22.040807724000
974.450000000 9.600000000 21.922359466600
973.700000000 10.000000000 21.857261657700
986.700000000 7.800000000 21.849060058600
986.450000000 7.600000000 21.801671981800
979.450000000 7.000000000 21.760967254600
985.200000000 8.800000000 21.760040283200
986.700000000 7.600000000 21.721488952600
986.700000000 8.000000000 21.638025283800
975.450000000 6.200000000 21.549276351900
978.950000000 8.400000000 21.380958557100
973.950000000 9.800000000 21.371025085400
984.450000000 7.400000000 21.311267852800
978.450000000 8.800000000 21.291395187400
976.200000000 9.600000000 21.221914291400
977.200000000 6.400000000 21.218654632600
979.700000000 7.400000000 21.201532363900
985.450000000 8.800000000 21.152418136600
976.200000000 6.600000000 21.119354248000
979.700000000 7.200000000 21.048936843900
972.950000000 9.800000000 21.024101257300
974.950000000 10.000000000 21.022151947000
984.700000000 8.800000000 20.987247467000
979.450000000 8.200000000 20.910354614300
986.950000000 7.800000000 20.883268356300
972.700000000 9.000000000 20.861732482900
986.700000000 7.400000000 20.819694519000
979.700000000 7.600000000 20.773036956800
986.450000000 8.200000000 20.758794784500
986.450000000 7.400000000 20.735731124900
974.700000000 9.800000000 20.726270675700
986.950000000 7.600000000 20.716957092300
984.950000000 7.000000000 20.646051406900
973.200000000 6.200000000 20.527717590300
986.200000000 8.400000000 20.408418655400
986.950000000 8.000000000 20.407157897900
978.700000000 8.600000000 20.394313812300
986.200000000 7.200000000 20.389907836900
978.700000000 7.000000000 20.374010086100
975.950000000 6.400000000 20.367212295500
978.450000000 6.800000000 20.347316741900
986.700000000 8.200000000 20.329021453900
985.950000000 8.600000000 20.300416946400
979.200000000 8.400000000 20.297924041700
985.950000000 7.000000000 20.257587432900
979.200000000 7.000000000 20.245922088600
986.950000000 7.400000000 20.241563797000
979.700000000 7.000000000 20.226318359400
977.200000000 9.600000000 20.080751419100
972.700000000 7.000000000 19.962930679300
985.700000000 8.800000000 19.945165634200
978.200000000 6.600000000 19.941146850600
979.700000000 7.800000000 19.917829513500
979.450000000 6.800000000 19.902765274000
975.700000000 6.200000000 19.809009552000
974.450000000 6.800000000 19.795207977300
976.700000000 6.600000000 19.790660858200
972.950000000 6.400000000 19.741018295300
973.450000000 6.200000000 19.713056564300
985.450000000 6.800000000 19.709510803200
977.450000000 9.600000000 19.646026611300
985.700000000 6.800000000 19.431900024400
974.200000000 6.800000000 19.428287506100
975.200000000 6.200000000 19.409084320100
984.450000000 8.600000000 19.379602432300
979.450000000 8.400000000 19.276782989500
973.700000000 6.400000000 19.170883178700
986.950000000 8.200000000 19.146938324000
979.700000000 6.800000000 19.067758560200
977.950000000 6.400000000 19.049493789700
974.950000000 6.400000000 18.994182586700
976.950000000 9.600000000 18.930227279700
986.700000000 7.200000000 18.896911621100
986.950000000 7.200000000 18.891685485800
984.950000000 9.000000000 18.847249984700
978.950000000 7.000000000 18.842744827300
979.700000000 8.000000000 18.801074981700
972.950000000 10.000000000 18.792131424000
974.700000000 6.600000000 18.723993301400
976.450000000 6.600000000 18.709398269700
985.200000000 6.800000000 18.678134918200
972.700000000 9.200000000 18.616880416900
984.450000000 7.200000000 18.566236496000
984.700000000 7.000000000 18.561464309700
977.950000000 9.400000000 18.553922653200
986.450000000 7.200000000 18.528541564900
985.200000000 9.000000000 18.448516845700
975.950000000 10.000000000 18.405832290600
986.450000000 8.400000000 18.399349212600
984.200000000 8.000000000 18.324848175000
986.700000000 8.400000000 18.306076049800
974.200000000 9.800000000 18.302753448500
984.700000000 9.000000000 18.141714096100
973.950000000 6.600000000 18.103834152200
974.450000000 9.800000000 18.070196151700
977.450000000 6.200000000 18.047594070400
978.200000000 9.200000000 18.008163452100
984.200000000 7.800000000 17.973546981800
985.450000000 9.000000000 17.881971359300
976.950000000 6.400000000 17.880649566700
979.200000000 8.600000000 17.799562454200
972.700000000 6.800000000 17.787919998200
973.950000000 10.000000000 17.778940200800
977.700000000 9.600000000 17.774745941200
984.200000000 8.200000000 17.698522567700
979.450000000 6.600000000 17.660524368300
978.950000000 8.600000000 17.658506393400
979.200000000 6.800000000 17.633077621500
976.450000000 9.600000000 17.626167297400
973.200000000 6.000000000 17.581081390400
979.450000000 8.600000000 17.572587966900
979.700000000 8.200000000 17.559110641500
986.950000000 8.400000000 17.544094085700
984.450000000 8.800000000 17.506830215500
979.700000000 6.600000000 17.490324020400
985.950000000 8.800000000 17.438575744600
984.950000000 6.800000000 17.436731338500
976.700000000 9.600000000 17.433320999100
972.950000000 6.200000000 17.378522872900
986.950000000 7.000000000 17.206579208400
986.200000000 8.600000000 17.145128250100
977.700000000 6.200000000 17.144067764300
986.200000000 7.000000000 17.110513687100
985.950000000 6.800000000 17.097156524700
974.700000000 10.000000000 17.064777374300
984.200000000 7.600000000 17.055139541600
975.450000000 6.000000000 17.042425155600
976.200000000 9.800000000 17.007812500000
987.200000000 7.600000000 16.932559967000
972.700000000 9.400000000 16.798688888500
985.700000000 9.000000000 16.776536941500
987.200000000 7.800000000 16.770462036100
977.200000000 6.200000000 16.752563476600
978.450000000 9.000000000 16.724323272700
986.700000000 7.000000000 16.653478622400
973.450000000 6.000000000 16.592042923000
987.200000000 7.400000000 16.453487396200
978.700000000 6.800000000 16.443069458000
984.200000000 8.400000000 16.316854476900
985.450000000 6.600000000 16.313516616800
979.700000000 8.400000000 16.295885086100
986.700000000 8.600000000 16.171974182100
978.700000000 8.800000000 16.093046188400
976.200000000 6.400000000 16.045734405500
987.200000000 8.000000000 16.039426803600
986.950000000 8.600000000 16.019611358600
972.450000000 8.000000000 16.008459091200
984.200000000 7.400000000 16.000284194900
985.700000000 6.600000000 15.988669395400
979.950000000 7.200000000 15.965791702300
972.450000000 8.200000000 15.910728454600
972.700000000 6.600000000 15.898411750800
979.450000000 8.800000000 15.892095565800
973.700000000 6.200000000 15.881055831900
979.950000000 7.400000000 15.874675750700
984.950000000 9.200000000 15.838627815200
974.450000000 6.600000000 15.837177276600
975.950000000 6.200000000 15.831911087000
978.950000000 6.800000000 15.826173782300
977.200000000 9.800000000 15.813398361200
984.700000000 6.800000000 15.792484283400
986.450000000 8.600000000 15.770747184800
987.200000000 7.200000000 15.766591072100
986.450000000 7.000000000 15.751816749600
977.450000000 9.800000000 15.692100524900
972.450000000 7.800000000 15.687571525600
975.200000000 6.000000000 15.647066116300
979.950000000 7.000000000 15.609091758700
979.450000000 6.400000000 15.590604782100
985.200000000 6.600000000 15.553791046100
984.450000000 7.000000000 15.542735099800
974.200000000 6.600000000 15.530431747400
974.950000000 6.200000000 15.518915176400
975.700000000 6.000000000 15.516777992200
979.700000000 6.400000000 15.490277290300
978.450000000 6.600000000 15.473448753400
985.200000000 9.200000000 15.460217475900
986.950000000 6.800000000 15.458933830300
979.200000000 6.600000000 15.437731742900
984.450000000 9.000000000 15.415170669600
979.950000000 7.600000000 15.410824775700
984.700000000 9.200000000 15.407451629600
979.200000000 8.800000000 15.397035598800
987.200000000 8.200000000 15.337882041900
972.950000000 6.000000000 15.268139839200
972.450000000 8.400000000 15.266472816500
972.450000000 7.600000000 15.153711319000
974.200000000 10.000000000 15.152204513500
972.700000000 9.600000000 15.084886550900
979.700000000 8.600000000 15.077247619600
976.700000000 6.400000000 15.070432663000
973.200000000 5.800000000 15.022398948700
978.200000000 6.400000000 15.015929222100
974.700000000 6.400000000 15.015481948900
976.950000000 9.800000000 14.940388679500
985.450000000 9.200000000 14.932598114000
974.450000000 10.000000000 14.919544220000
977.950000000 9.600000000 14.910478591900
973.950000000 6.400000000 14.848711967500
979.950000000 6.800000000 14.795056343100
986.200000000 8.800000000 14.736531257600
987.200000000 7.000000000 14.732499122600
979.950000000 7.800000000 14.691082000700
977.950000000 6.200000000 14.683009147600
986.700000000 6.800000000 14.662546157800
985.950000000 9.000000000 14.639465332000
984.200000000 8.600000000 14.523140907300
984.950000000 6.600000000 14.480583190900
986.200000000 6.800000000 14.440149307300
978.950000000 8.800000000 14.414592742900
986.700000000 8.800000000 14.352046966600
977.700000000 9.800000000 14.343959808300
977.450000000 6.000000000 14.299296379100
978.200000000 9.400000000 14.299017906200
979.450000000 9.000000000 14.294635772700
972.450000000 8.600000000 14.284293174700
984.200000000 7.200000000 14.282894134500
972.450000000 7.400000000 14.281476974500
986.950000000 8.800000000 14.276198387100
976.450000000 6.400000000 14.254650116000
987.200000000 8.400000000 14.236524581900
972.700000000 6.400000000 14.233970642100
976.450000000 9.800000000 14.187889099100
985.950000000 6.600000000 14.153231620800
976.950000000 6.200000000 14.123896598800
973.450000000 5.800000000 13.942053794900
979.700000000 8.800000000 13.937830925000
976.700000000 9.800000000 13.923246383700
985.700000000 9.200000000 13.913443565400
979.950000000 8.000000000 13.837759017900
986.450000000 8.800000000 13.752200126600
976.200000000 10.000000000 13.743269920300
972.700000000 9.800000000 13.704916000400
986.450000000 6.800000000 13.591826438900
979.950000000 6.600000000 13.588868141200
983.950000000 8.000000000 13.558158874500
983.950000000 7.800000000 13.529953956600
977.700000000 6.000000000 13.525187492400
975.450000000 5.800000000 13.508473396300
986.950000000 6.600000000 13.424439430200
972.950000000 5.800000000 13.400578498800
979.700000000 6.200000000 13.375205993700
984.450000000 9.200000000 13.344602584800
979.450000000 6.200000000 13.326537132300
987.200000000 6.800000000 13.293755531300
984.200000000 8.800000000 13.264596939100
973.700000000 6.000000000 13.255792617800
984.450000000 6.800000000 13.255741119400
984.950000000 9.400000000 13.242651939400
972.450000000 7.200000000 13.238286972000
972.450000000 8.800000000 13.238165855400
977.200000000 6.000000000 13.233912468000
979.200000000 9.000000000 13.233599662800
978.950000000 6.600000000 13.215847969100
985.450000000 6.400000000 13.173767089800
978.450000000 9.200000000 13.149413108800
979.200000000 6.400000000 13.132936477700
978.700000000 6.600000000 13.064729690600
984.700000000 6.600000000 13.045637130700
983.950000000 8.200000000 13.025770187400
984.700000000 9.400000000 12.977912902800
979.950000000 8.200000000 12.951082229600
985.200000000 9.400000000 12.910468101500
977.450000000 10.000000000 12.908969879200
983.950000000 7.600000000 12.907435417200
987.200000000 8.600000000 12.900668144200
973.200000000 5.600000000 12.897826194800
979.700000000 9.000000000 12.893042564400
985.700000000 6.400000000 12.857322692900
979.450000000 9.200000000 12.810830116300
978.700000000 9.000000000 12.781971931500
974.450000000 6.400000000 12.756138801600
977.200000000 10.000000000 12.754647254900
972.700000000 6.200000000 12.751837730400
974.950000000 6.000000000 12.726950645400
975.200000000 5.800000000 12.645032882700
985.200000000 6.400000000 12.633718490600
974.200000000 6.400000000 12.600618362400
976.200000000 6.200000000 12.591975212100
982.200000000 10.000000000 12.575241088900
972.700000000 10.000000000 12.513749122600
986.950000000 9.000000000 12.508759498600
986.700000000 9.000000000 12.492737770100
986.200000000 9.000000000 12.485637664800
986.700000000 6.600000000 12.467401504500
975.950000000 6.000000000 12.438057899500
985.450000000 9.400000000 12.411197662400
981.950000000 10.000000000 12.352503776600
984.200000000 7.000000000 12.256269455000
979.950000000 6.400000000 12.224532127400
973.950000000 6.200000000 12.219250679000
975.700000000 5.800000000 12.217336654700
974.700000000 6.200000000 12.178421020500
972.450000000 7.000000000 12.160763740500
983.950000000 7.400000000 12.148448944100
985.950000000 9.200000000 12.122859001200
977.950000000 9.800000000 12.107400894200
979.950000000 8.400000000 12.105202674900
986.200000000 6.600000000 12.100360870400
983.950000000 8.400000000 12.085426330600
987.200000000 6.600000000 12.015524864200
972.450000000 9.000000000 11.962895393400
979.700000000 9.200000000 11.942519187900
976.950000000 10.000000000 11.918913841200
976.700000000 6.200000000 11.907521247900
984.200000000 9.000000000 11.877952575700
977.700000000 10.000000000 11.844906806900
986.450000000 9.000000000 11.832049369800
978.950000000 9.000000000 11.818177223200
972.950000000 5.600000000 11.796218872100
984.950000000 6.400000000 11.752816200300
982.450000000 10.000000000 11.751213073700
978.450000000 6.400000000 11.746234893800
973.450000000 5.600000000 11.709544181800
986.950000000 6.400000000 11.678936004600
982.200000000 9.800000000 11.671174049400
978.200000000 6.200000000 11.628882408100
983.700000000 7.800000000 11.580255508400
976.450000000 10.000000000 11.542534828200
987.200000000 8.800000000 11.484522819500
986.450000000 6.600000000 11.471761703500
978.200000000 9.600000000 11.471079826400
985.700000000 9.400000000 11.470121383700
983.700000000 8.000000000 11.469033241300
985.950000000 6.400000000 11.453004837000
979.450000000 9.400000000 11.452300071700
972.700000000 6.000000000 11.452248573300
984.450000000 9.400000000 11.451319694500
979.700000000 6.000000000 11.438416481000
984.950000000 9.600000000 11.421212196400
979.200000000 9.200000000 11.361996650700
981.950000000 9.800000000 11.356602668800
979.950000000 8.600000000 11.343761444100
977.950000000 6.000000000 11.330036163300
983.700000000 7.600000000 11.293478012100
977.450000000 5.800000000 11.287960052500
976.450000000 6.200000000 11.259616851800
976.700000000 10.000000000 11.241876602200
983.950000000 8.600000000 11.225099563600
983.950000000 7.200000000 11.208660125700
979.450000000 6.000000000 11.179300308200
976.950000000 6.000000000 11.172460556000
979.700000000 9.400000000 11.161460876500
972.450000000 6.800000000 11.146727562000
982.450000000 9.800000000 11.143138885500
985.200000000 9.600000000 11.095064163200
973.700000000 5.800000000 11.074731826800
973.200000000 5.400000000 11.046528816200
984.450000000 6.600000000 11.017146110500
984.700000000 9.600000000 11.014373779300
983.700000000 8.200000000 11.010951995800
982.200000000 9.600000000 11.002472877500
979.200000000 6.200000000 10.965859413100
983.450000000 7.800000000 10.923252105700
981.700000000 10.000000000 10.915210723900
985.450000000 6.200000000 10.899957656900
986.950000000 9.200000000 10.842232704200
978.950000000 6.400000000 10.835167884800
979.950000000 6.200000000 10.821181297300
983.450000000 7.600000000 10.799545288100
975.450000000 5.600000000 10.789385795600
979.950000000 8.800000000 10.772704124500
983.450000000 8.000000000 10.762493133500
972.450000000 9.200000000 10.761769294700
986.700000000 9.200000000 10.752374649000
977.700000000 5.800000000 10.684122085600
983.700000000 7.400000000 10.631196975700
982.450000000 9.600000000 10.622796058700
985.700000000 6.200000000 10.612168312100
987.450000000 7.400000000 10.602166175800
983.450000000 8.200000000 10.568734169000
981.950000000 9.600000000 10.563824653600
984.700000000 6.400000000 10.562706947300
987.200000000 6.400000000 10.544585228000
983.700000000 8.400000000 10.532987594600
987.450000000 7.600000000 10.524056434600
986.700000000 6.400000000 10.518061637900
979.700000000 9.600000000 10.517966270400
977.200000000 5.800000000 10.511195182800
984.200000000 9.200000000 10.497401237500
974.950000000 5.800000000 10.486922264100
980.950000000 9.200000000 10.470987319900
985.200000000 6.200000000 10.461194038400
986.200000000 9.200000000 10.458144187900
979.950000000 9.000000000 10.427732467700
980.700000000 9.400000000 10.425030708300
978.450000000 9.400000000 10.424253463700
982.700000000 10.000000000 10.403859138500
985.450000000 9.600000000 10.400913238500
972.950000000 5.400000000 10.400456428500
984.200000000 6.800000000 10.390591621400
980.700000000 9.200000000 10.382442474400
983.450000000 7.400000000 10.381376266500
987.450000000 7.800000000 10.376494407700
983.950000000 8.800000000 10.374346733100
974.450000000 6.200000000 10.373134613000
979.450000000 9.600000000 10.359981536900
987.450000000 7.200000000 10.320235252400
972.700000000 5.800000000 10.315628051800
980.200000000 10.000000000 10.314807891800
975.200000000 5.600000000 10.314570426900
979.950000000 9.200000000 10.306557655300
978.700000000 6.400000000 10.294225692700
974.200000000 6.200000000 10.290797233600
980.200000000 9.800000000 10.277310371400
983.450000000 8.400000000 10.273738861100
979.950000000 9.400000000 10.253107070900
972.450000000 6.600000000 10.244339942900
980.200000000 9.600000000 10.221290588400
979.950000000 9.600000000 10.204792976400
971.700000000 5.400000000 10.196079254200
980.450000000 9.400000000 10.161481857300
978.700000000 9.200000000 10.153452873200
980.950000000 9.400000000 10.148352623000
987.200000000 9.000000000 10.143083572400
982.700000000 9.800000000 10.137394905100
979.950000000 9.800000000 10.122270584100
973.950000000 6.000000000 10.106673240700
980.200000000 9.400000000 10.082553863500
986.450000000 9.200000000 10.072059631300
981.700000000 9.800000000 10.066723823500
974.700000000 6.000000000 10.055623054500
983.700000000 8.600000000 10.019149780300
980.200000000 7.200000000 10.009165763900
980.950000000 9.000000000 9.999758720400
982.200000000 9.400000000 9.990806579600
980.200000000 7.400000000 9.989130020100
985.950000000 9.400000000 9.988807678200
983.700000000 7.200000000 9.988673210100
987.450000000 8.000000000 9.984623909000
981.200000000 9.200000000 9.975082397500
976.200000000 6.000000000 9.969386100800
979.950000000 10.000000000 9.965379715000
986.950000000 6.200000000 9.958029747000
983.950000000 7.000000000 9.949581146200
977.950000000 10.000000000 9.929655075100
980.450000000 9.600000000 9.929054260300
986.200000000 6.400000000 9.894920349100
979.700000000 9.800000000 9.892163276700
982.450000000 9.400000000 9.888319969200
984.950000000 9.800000000 9.883494377100
980.200000000 9.200000000 9.881115913400
983.200000000 8.000000000 9.865682601900
973.450000000 5.400000000 9.859737396200
983.200000000 7.800000000 9.857566833500
975.950000000 5.800000000 9.848287582400
980.200000000 7.000000000 9.822178840600
983.450000000 8.600000000 9.813621521000
980.450000000 10.000000000 9.811813354500
983.200000000 7.600000000 9.808212280300
980.450000000 9.800000000 9.804094314600
984.450000000 9.600000000 9.801832199100
980.200000000 7.600000000 9.797214508100
979.200000000 9.400000000 9.779967308000
980.700000000 9.600000000 9.770816803000
983.200000000 8.200000000 9.738134384200
982.700000000 9.600000000 9.727984428400
984.950000000 6.200000000 9.721420288100
983.450000000 7.200000000 9.704274177600
987.450000000 7.000000000 9.700521469100
980.450000000 9.200000000 9.690773010300
972.450000000 9.400000000 9.686541557300
975.700000000 5.600000000 9.670114517200
978.950000000 9.200000000 9.658974647500
981.200000000 9.000000000 9.651331901600
980.700000000 9.000000000 9.645812034600
980.200000000 9.000000000 9.635872840900
984.700000000 9.800000000 9.609757423400
985.200000000 9.800000000 9.583238601700
971.700000000 5.600000000 9.578360557600
983.200000000 7.400000000 9.523242950400
979.700000000 5.800000000 9.520098686200
980.200000000 7.800000000 9.489282608000
981.950000000 9.400000000 9.487680435200
971.950000000 5.400000000 9.468136787400
981.200000000 9.400000000 9.458187103300
976.700000000 6.000000000 9.456107139600
985.700000000 9.600000000 9.452456474300
986.950000000 9.400000000 9.449709892300
983.200000000 8.400000000 9.446983337400
985.950000000 6.200000000 9.438587188700
986.450000000 6.400000000 9.436854362500
983.950000000 9.000000000 9.430633544900
972.450000000 6.400000000 9.426809310900
980.200000000 6.800000000 9.420178413400
980.200000000 8.800000000 9.367731094400
979.450000000 9.800000000 9.358028411900
983.700000000 8.800000000 9.356801033000
972.700000000 5.600000000 9.353115081800
979.950000000 6.000000000 9.345513343800
987.450000000 8.200000000 9.337530136100
979.450000000 5.800000000 9.336414337200
978.200000000 9.800000000 9.307180404700
982.700000000 9.400000000 9.293461799600
973.700000000 5.600000000 9.270214080800
981.700000000 9.600000000 9.267164230300
978.450000000 6.200000000 9.263525009200
979.700000000 10.000000000 9.261240959200
979.200000000 6.000000000 9.253460884100
983.450000000 8.800000000 9.247749328600
987.200000000 6.200000000 9.227899551400
984.200000000 9.400000000 9.219564437900
986.700000000 9.400000000 9.207764625500
980.950000000 9.600000000 9.193879127500
981.450000000 10.000000000 9.168167114300
983.700000000 7.000000000 9.144251823400
980.200000000 8.000000000 9.125350952100
980.200000000 8.600000000 9.110424995400
977.450000000 5.600000000 9.083825111400
983.450000000 7.000000000 9.078854560900
987.450000000 6.800000000 9.076622963000
971.450000000 5.400000000 9.047246933000
983.200000000 8.600000000 9.041317939800
982.450000000 9.200000000 9.014862060500
983.200000000 7.200000000 9.008259773300
981.450000000 9.200000000 9.007349014300
978.950000000 10.000000000 8.984168052700
984.450000000 6.400000000 8.982745170600
978.200000000 6.000000000 8.980918884300
971.700000000 5.800000000 8.971547126800
980.200000000 8.400000000 8.968889236500
977.950000000 5.800000000 8.957396507300
976.450000000 6.000000000 8.954584121700
987.200000000 9.200000000 8.951498031600
980.200000000 8.200000000 8.945440292400
985.450000000 9.800000000 8.942213058500
982.200000000 9.200000000 8.934194564800
980.450000000 9.000000000 8.931509017900
978.950000000 6.200000000 8.915002822900
976.950000000 5.800000000 8.896485328700
986.700000000 6.200000000 8.894920349100
985.450000000 6.000000000 8.890892028800
971.950000000 5.600000000 8.889035224900
979.200000000 9.800000000 8.872859954800
980.950000000 8.800000000 8.847205162000
984.200000000 6.600000000 8.828086853000
980.200000000 6.600000000 8.827939987200
979.200000000 10.000000000 8.780158042900
978.950000000 9.800000000 8.752192497300
986.200000000 9.400000000 8.731451988200
984.700000000 6.200000000 8.719012260400
981.450000000 9.000000000 8.701677322400
972.450000000 6.200000000 8.700848579400
972.450000000 9.600000000 8.691112518300
974.950000000 5.600000000 8.684841156000
982.700000000 9.200000000 8.652858734100
975.450000000 5.400000000 8.649660110500
985.700000000 6.000000000 8.636477470400
983.450000000 9.000000000 8.630482673600
980.700000000 9.800000000 8.626613616900
983.700000000 9.000000000 8.626611709600
979.200000000 9.600000000 8.593432426500
982.950000000 10.000000000 8.583779335000
983.200000000 8.800000000 8.571262359600
980.700000000 10.000000000 8.565353393600
985.200000000 6.000000000 8.562203407300
982.950000000 9.800000000 8.561036109900
983.950000000 6.800000000 8.557662963900
984.950000000 10.000000000 8.552054405200
986.450000000 9.400000000 8.545152664200
987.450000000 8.400000000 8.540789604200
981.200000000 8.800000000 8.537500381500
974.450000000 6.000000000 8.526614189100
980.450000000 8.800000000 8.525954246500
981.450000000 9.800000000 8.520881652800
984.450000000 9.800000000 8.511252403300
972.700000000 5.400000000 8.491968154900
983.950000000 9.200000000 8.490627288800
977.700000000 5.600000000 8.484433174100
974.200000000 6.000000000 8.475976944000
977.200000000 5.600000000 8.466969490100
981.450000000 9.400000000 8.460083961500
986.950000000 6.000000000 8.446053504900
971.450000000 5.600000000 8.438615799000
980.700000000 8.800000000 8.428561210600
979.450000000 10.000000000 8.424160003700
975.200000000 5.400000000 8.416415214500
973.950000000 5.800000000 8.410555839500
978.700000000 10.000000000 8.394762992900
971.700000000 6.000000000 8.381076812700
974.700000000 5.800000000 8.378069877600
983.200000000 7.000000000 8.374916076700
984.700000000 10.000000000 8.373204231300
978.450000000 9.600000000 8.361442565900
981.200000000 9.600000000 8.355719566300
971.950000000 5.800000000 8.354569435100
981.700000000 9.400000000 8.344631195100
982.450000000 9.000000000 8.327090263400
982.950000000 9.600000000 8.312610626200
981.950000000 9.200000000 8.308116912800
987.450000000 6.600000000 8.294114112900
978.700000000 6.200000000 8.281441688500
985.200000000 10.000000000 8.277738571200
983.450000000 6.800000000 8.256577491800
985.950000000 9.600000000 8.238696098300
986.950000000 9.600000000 8.218088150000
986.200000000 6.200000000 8.194326400800
978.950000000 9.600000000 8.176030159000
978.700000000 9.400000000 8.131643295300
983.700000000 6.800000000 8.117070198100
981.200000000 10.000000000 8.106635093700
980.200000000 6.400000000 8.090885162400
984.200000000 9.600000000 8.089384079000
983.200000000 9.000000000 8.079223632800
982.950000000 9.400000000 8.070771217300
982.200000000 9.000000000 8.067397117600
980.450000000 8.600000000 8.067287445100
982.700000000 9.000000000 8.062792778000
972.450000000 6.000000000 8.058345794700
983.450000000 9.200000000 8.004704475400
978.950000000 9.400000000 7.978318691300
976.200000000 5.800000000 7.955387592300
980.950000000 10.000000000 7.951221942900
972.200000000 7.800000000 7.948495388000
972.200000000 8.000000000 7.946848869300
984.950000000 6.000000000 7.938676357300
987.200000000 6.000000000 7.936945438400
986.450000000 6.200000000 7.932214260100
979.950000000 5.800000000 7.928631782500
972.450000000 9.800000000 7.919745445300
980.950000000 9.800000000 7.910896778100
985.700000000 9.800000000 7.910033702900
983.700000000 9.200000000 7.891416072800
986.700000000 9.600000000 7.881822109200
979.700000000 5.600000000 7.876197814900
978.700000000 9.800000000 7.871864795700
971.450000000 5.800000000 7.870599746700
975.950000000 5.600000000 7.855454444900
987.200000000 9.400000000 7.823665618900
971.950000000 6.000000000 7.817805767100
971.700000000 6.200000000 7.810753822300
981.450000000 9.600000000 7.795167446100
972.200000000 7.600000000 7.783513069200
973.700000000 5.400000000 7.777779579200
981.700000000 9.200000000 7.739296913100
985.950000000 6.000000000 7.737758159600
972.200000000 8.200000000 7.736350059500
975.700000000 5.400000000 7.722511768300
982.950000000 9.200000000 7.717091083500
983.200000000 6.800000000 7.709820270500
987.450000000 8.600000000 7.689063549000
985.450000000 10.000000000 7.681046485900
972.200000000 5.400000000 7.655106067700
979.200000000 5.800000000 7.643357753800
978.200000000 10.000000000 7.638928413400
983.950000000 9.400000000 7.613975048100
981.450000000 8.800000000 7.611590862300
979.450000000 5.600000000 7.607205867800
983.200000000 9.200000000 7.596560955000
980.450000000 8.400000000 7.573413372000
981.200000000 9.800000000 7.572696209000
976.700000000 5.800000000 7.559543132800
984.450000000 10.000000000 7.552318096200
982.950000000 8.000000000 7.544873714400
982.450000000 8.800000000 7.511857032800
972.200000000 7.400000000 7.509498119400
982.950000000 7.800000000 7.488526821100
982.700000000 8.800000000 7.484554767600
972.450000000 5.800000000 7.483292579700
982.950000000 8.200000000 7.451452255200
981.700000000 9.000000000 7.445361137400
972.200000000 8.400000000 7.444804668400
982.950000000 7.600000000 7.417123794600
987.450000000 6.400000000 7.405691146900
983.450000000 9.400000000 7.399968147300
978.950000000 6.000000000 7.399936199200
981.950000000 9.000000000 7.382887363400
984.450000000 6.200000000 7.379904270200
983.950000000 6.600000000 7.371993541700
986.700000000 6.000000000 7.365596771200
971.450000000 6.000000000 7.342123508500
984.200000000 6.400000000 7.336527824400
980.950000000 8.600000000 7.329888820600
983.450000000 6.600000000 7.317796707200
986.200000000 9.600000000 7.307175159500
978.450000000 6.000000000 7.289826393100
971.950000000 6.200000000 7.285299301100
972.450000000 10.000000000 7.284871101400
982.950000000 9.000000000 7.270881176000
980.200000000 6.200000000 7.264173030900
977.450000000 5.400000000 7.263907432600
986.450000000 9.600000000 7.262763023400
971.700000000 6.400000000 7.262556552900
985.450000000 5.800000000 7.253366470300
982.950000000 8.400000000 7.246723175000
974.950000000 5.400000000 7.236875057200
976.950000000 5.600000000 7.200156211900
982.950000000 7.400000000 7.199496746100
983.700000000 9.400000000 7.192728042600
972.200000000 5.600000000 7.183449268300
972.200000000 7.200000000 7.183206081400
976.450000000 5.800000000 7.167458057400
978.700000000 9.600000000 7.160200595900
983.200000000 9.400000000 7.153554439500
982.200000000 8.800000000 7.125048637400
986.950000000 5.800000000 7.122352123300
986.950000000 9.800000000 7.117461681400
971.200000000 5.400000000 7.115653514900
984.200000000 9.800000000 7.115283012400
984.700000000 6.000000000 7.104691505400
974.450000000 5.800000000 7.090325832400
978.200000000 5.800000000 7.065198898300
980.450000000 8.200000000 7.064648151400
973.950000000 5.600000000 7.052332401300
974.200000000 5.800000000 7.048695087400
983.700000000 6.600000000 7.047879695900
977.950000000 5.600000000 7.047712326000
974.700000000 5.600000000 7.030363559700
985.700000000 5.800000000 7.029734134700
980.700000000 8.600000000 7.015496730800
972.200000000 8.600000000 7.004997730300
985.200000000 5.800000000 6.989841461200
982.950000000 8.600000000 6.975704193100
981.200000000 8.600000000 6.971079826400
972.450000000 5.600000000 6.959243774400
983.200000000 6.600000000 6.914993286100
987.450000000 8.800000000 6.910688400300
983.450000000 9.600000000 6.884066104900
982.450000000 8.600000000 6.855926990500
971.450000000 6.200000000 6.850589752200
972.200000000 7.000000000 6.848080158200
978.450000000 10.000000000 6.843241214800
982.700000000 8.600000000 6.843174457600
987.200000000 5.800000000 6.835835933700
983.950000000 9.600000000 6.830832481400
985.950000000 9.800000000 6.828857421900
986.700000000 9.800000000 6.827943325000
982.950000000 7.200000000 6.812155246700
982.950000000 8.800000000 6.810366630600
987.200000000 9.600000000 6.799212455700
978.450000000 9.800000000 6.798476696000
977.200000000 5.400000000 6.788912773100
977.700000000 5.400000000 6.788015842400
986.200000000 6.000000000 6.786544323000
983.200000000 9.600000000 6.769784927400
971.950000000 6.400000000 6.761915206900
972.200000000 5.800000000 6.756056308700
985.700000000 10.000000000 6.737597465500
971.700000000 6.600000000 6.736923694600
979.950000000 5.600000000 6.709330081900
978.700000000 6.000000000 6.708514690400
971.700000000 6.800000000 6.634467124900
980.450000000 8.000000000 6.628882885000
987.450000000 6.200000000 6.616940021500
971.200000000 5.600000000 6.593761444100
986.450000000 6.000000000 6.584095001200
983.700000000 9.600000000 6.554510593400
972.200000000 6.800000000 6.530044555700
988.450000000 8.000000000 6.495491504700
988.450000000 7.800000000 6.490883827200
972.450000000 5.400000000 6.485249042500
981.950000000 8.800000000 6.481663703900
980.200000000 6.000000000 6.476161479900
981.700000000 8.800000000 6.470231056200
984.950000000 5.800000000 6.459054946900
972.200000000 8.800000000 6.436687469500
983.450000000 9.800000000 6.433553695700
976.200000000 5.600000000 6.432260990100
983.450000000 6.400000000 6.431877136200
983.200000000 9.800000000 6.424634456600
971.700000000 7.000000000 6.424005985300
979.700000000 5.400000000 6.423485755900
988.450000000 8.200000000 6.398816108700
984.200000000 10.000000000 6.397698402400
971.450000000 6.400000000 6.392179489100
982.700000000 8.400000000 6.382208824200
988.450000000 7.600000000 6.376945495600
982.200000000 8.600000000 6.360137462600
988.450000000 8.400000000 6.331811428100
975.950000000 5.400000000 6.331408500700
972.200000000 6.000000000 6.319125652300
983.200000000 10.000000000 6.311131477400
985.950000000 5.800000000 6.305274486500
988.450000000 8.600000000 6.290018081700
979.200000000 5.600000000 6.289899349200
982.950000000 7.000000000 6.282452583300
983.950000000 6.400000000 6.277778625500
980.450000000 7.800000000 6.254692554500
971.950000000 6.600000000 6.251238346100
972.200000000 6.600000000 6.238573551200
982.450000000 8.400000000 6.221483230600
979.450000000 5.400000000 6.210223674800
986.700000000 5.800000000 6.206537246700
986.450000000 9.800000000 6.204560279800
988.450000000 8.800000000 6.180429935500
971.450000000 6.600000000 6.170076847100
987.450000000 9.000000000 6.164925098400
986.950000000 10.000000000 6.158016681700
976.700000000 5.600000000 6.155735015900
986.200000000 9.800000000 6.151987552600
988.450000000 7.400000000 6.151769161200
983.950000000 9.800000000 6.148321151700
983.700000000 6.400000000 6.143430709800
971.450000000 6.800000000 6.143297195400
971.200000000 5.800000000 6.120000839200
981.450000000 8.600000000 6.105907440200
983.200000000 6.400000000 6.087985992400
978.950000000 5.800000000 6.064238548300
984.450000000 6.000000000 6.054807186100
980.450000000 7.600000000 6.052803993200
971.950000000 6.800000000 6.051062583900
988.450000000 9.000000000 6.011057853700
983.450000000 10.000000000 6.004308700600
980.450000000 7.400000000 6.003813743600
984.200000000 6.200000000 6.002172946900
983.700000000 9.800000000 5.993252277400
971.700000000 7.200000000 5.991973400100
986.950000000 5.600000000 5.979465961500
974.450000000 5.600000000 5.977454185500
972.200000000 6.400000000 5.972611427300
980.450000000 7.200000000 5.969976902000
973.950000000 5.400000000 5.959021568300
985.450000000 5.600000000 5.954082489000
986.700000000 10.000000000 5.950655937200
971.950000000 7.000000000 5.941336631800
974.700000000 5.400000000 5.940584659600
974.200000000 5.600000000 5.921026229900
987.200000000 9.800000000 5.895644664800
982.700000000 8.200000000 5.892799854300
971.450000000 7.000000000 5.890563488000
980.450000000 7.000000000 5.885514736200
972.200000000 6.200000000 5.878793239600
988.450000000 7.200000000 5.875313282000
980.700000000 8.400000000 5.871332645400
976.450000000 5.600000000 5.851045131700
987.200000000 5.600000000 5.820565700500
972.200000000 9.000000000 5.820007324200
976.950000000 5.400000000 5.811782360100
987.450000000 6.000000000 5.795329093900
988.450000000 9.200000000 5.791479110700
985.700000000 5.600000000 5.774236202200
980.950000000 8.400000000 5.772071838400
982.950000000 6.800000000 5.769206047100
978.450000000 5.800000000 5.764857769000
984.700000000 5.800000000 5.745869636500
985.200000000 5.600000000 5.739939212800
980.450000000 6.800000000 5.734356403400
985.950000000 10.000000000 5.704204559300
980.200000000 5.800000000 5.699124336200
971.200000000 6.000000000 5.692871093800
982.200000000 8.400000000 5.671499729200
982.450000000 8.200000000 5.665187835700
987.450000000 9.200000000 5.653763294200
977.950000000 5.400000000 5.631383895900
988.450000000 7.000000000 5.625993251800
981.950000000 8.600000000 5.621290206900
983.950000000 10.000000000 5.602528095200
978.200000000 5.600000000 5.593313217200
971.950000000 7.200000000 5.587074279800
981.450000000 6.000000000 5.580873012500
983.450000000 6.200000000 5.578523159000
986.200000000 5.800000000 5.567132949800
983.700000000 10.000000000 5.565664768200
979.950000000 5.400000000 5.562954902600
988.450000000 9.400000000 5.530293464700
980.450000000 6.600000000 5.510066032400
982.700000000 8.000000000 5.501366615300
981.450000000 6.200000000 5.498139858200
981.450000000 5.800000000 5.487506866500
971.450000000 7.200000000 5.479704380000
986.450000000 5.800000000 5.458980560300
971.700000000 7.400000000 5.453621864300
980.700000000 8.200000000 5.434428691900
978.700000000 5.800000000 5.400887489300
987.450000000 9.400000000 5.391614913900
969.450000000 9.000000000 5.386453628500
969.450000000 9.200000000 5.366061210600
987.700000000 7.400000000 5.362022399900
981.200000000 8.400000000 5.341409206400
986.450000000 10.000000000 5.339946270000
987.700000000 7.600000000 5.331133365600
983.200000000 6.200000000 5.323732376100
969.200000000 9.200000000 5.311009407000
971.200000000 6.200000000 5.308804035200
969.200000000 9.000000000 5.306453228000
969.450000000 8.800000000 5.305604457900
972.200000000 9.200000000 5.301900863600
984.950000000 5.600000000 5.290861606600
987.700000000 7.200000000 5.272844314600
981.450000000 6.400000000 5.271770477300
988.450000000 6.800000000 5.269907474500
969.450000000 9.400000000 5.257146835300
976.200000000 5.400000000 5.245468616500
983.950000000 6.200000000 5.242300033600
983.700000000 6.200000000 5.241661548600
988.450000000 9.600000000 5.235291481000
969.200000000 9.400000000 5.225393772100
986.200000000 10.000000000 5.223739624000
985.950000000 5.600000000 5.218357563000
980.450000000 6.400000000 5.212455749500
981.450000000 5.600000000 5.208656311000
988.200000000 7.800000000 5.206524848900
969.200000000 8.800000000 5.205902099600
982.450000000 8.000000000 5.202019214600
982.950000000 6.600000000 5.185239791900
987.200000000 10.000000000 5.185225486800
981.700000000 8.600000000 5.165758132900
988.200000000 7.600000000 5.159968853000
988.200000000 8.000000000 5.158290863000
987.700000000 7.000000000 5.156579017600
979.200000000 5.400000000 5.152209281900
987.450000000 9.600000000 5.148592948900
986.700000000 5.600000000 5.145219326000
982.700000000 7.800000000 5.144473075900
987.700000000 7.800000000 5.142338275900
971.950000000 7.400000000 5.117671489700
970.950000000 5.400000000 5.117594242100
969.450000000 8.600000000 5.116800785100
988.450000000 9.800000000 5.095465660100
987.450000000 5.800000000 5.085432529400
974.450000000 5.400000000 5.084213256800
969.450000000 9.600000000 5.079083919500
969.200000000 9.600000000 5.063291549700
982.200000000 8.200000000 5.051442146300
980.700000000 8.000000000 5.048130035400
988.200000000 8.200000000 5.031114101400
974.200000000 5.400000000 5.027345657300
988.200000000 7.400000000 5.010705947900
976.700000000 5.400000000 5.010611534100
969.200000000 8.600000000 5.008529663100
978.950000000 5.600000000 5.008525371600
988.200000000 8.400000000 5.004538536100
986.950000000 5.400000000 5.002453327200
984.200000000 6.000000000 4.991360664400
981.200000000 6.200000000 4.984241008800
981.450000000 6.600000000 4.971081256900
981.950000000 8.400000000 4.966294288600
971.200000000 6.400000000 4.963902950300
971.450000000 7.400000000 4.963061809500
987.200000000 5.400000000 4.954943656900
981.200000000 6.400000000 4.932379245800
980.200000000 5.600000000 4.930340290100
988.200000000 8.600000000 4.929235935200
988.450000000 10.000000000 4.924866676300
968.450000000 10.000000000 4.917039871200
984.450000000 5.800000000 4.911457061800
981.200000000 6.000000000 4.911135196700
987.700000000 6.800000000 4.886913299600
987.450000000 9.800000000 4.881816864000
971.700000000 7.600000000 4.870653152500
982.700000000 7.600000000 4.862257480600
985.450000000 5.400000000 4.852887153600
980.450000000 6.200000000 4.851073741900
969.450000000 9.800000000 4.850794315300
987.700000000 8.000000000 4.842597484600
988.200000000 7.200000000 4.842481613200
969.200000000 9.800000000 4.840772151900
988.450000000 6.600000000 4.832845687900
969.450000000 8.400000000 4.825176715900
988.200000000 8.800000000 4.815054416700
971.200000000 6.600000000 4.800177574200
981.450000000 5.400000000 4.794436454800
982.450000000 7.800000000 4.793924808500
976.450000000 5.400000000 4.786075592000
972.200000000 9.400000000 4.781766891500
981.200000000 6.600000000 4.776789665200
983.450000000 6.000000000 4.742937564800
969.200000000 8.400000000 4.722939491300
985.700000000 5.400000000 4.708795070600
971.200000000 6.800000000 4.708592891700
981.200000000 5.800000000 4.705105781600
984.700000000 5.600000000 4.704374790200
968.950000000 9.000000000 4.698096275300
988.450000000 5.600000000 4.695310592700
968.950000000 9.200000000 4.695044040700
970.950000000 5.600000000 4.694687843300
980.700000000 7.800000000 4.693047046700
981.700000000 6.000000000 4.673989772800
988.200000000 9.000000000 4.673210144000
985.200000000 5.400000000 4.667538166000
988.450000000 5.400000000 4.663012981400
981.700000000 5.800000000 4.656974315600
988.200000000 5.600000000 4.653737068200
986.200000000 5.600000000 4.648762702900
968.450000000 9.800000000 4.647214889500
988.200000000 7.000000000 4.646454811100
978.450000000 5.600000000 4.644586563100
988.200000000 5.400000000 4.642656803100
988.450000000 5.800000000 4.634342193600
968.950000000 8.800000000 4.623801708200
968.950000000 9.400000000 4.619273185700
987.700000000 5.600000000 4.614932060200
987.700000000 5.800000000 4.614322185500
987.700000000 6.600000000 4.611907005300
971.950000000 7.600000000 4.611506462100
987.700000000 6.000000000 4.607659816700
981.450000000 6.800000000 4.601856708500
987.700000000 6.200000000 4.597604751600
987.700000000 6.400000000 4.597431659700
987.700000000 8.200000000 4.595775127400
988.200000000 5.800000000 4.594816207900
969.450000000 10.000000000 4.590087413800
987.950000000 5.600000000 4.587948799100
982.700000000 7.400000000 4.587858200100
969.700000000 9.000000000 4.583002567300
987.450000000 10.000000000 4.579468250300
987.700000000 5.400000000 4.579348087300
982.200000000 8.000000000 4.578341007200
981.450000000 8.400000000 4.577559948000
969.200000000 10.000000000 4.575439930000
981.200000000 6.800000000 4.571574211100
987.950000000 5.800000000 4.562612056700
986.450000000 5.600000000 4.559261322000
987.450000000 5.600000000 4.558423519100
982.950000000 6.400000000 4.556864261600
969.700000000 9.200000000 4.555173397100
983.200000000 6.000000000 4.554721355400
987.950000000 5.400000000 4.541509151500
969.700000000 8.800000000 4.539439678200
987.700000000 8.400000000 4.538958549500
981.700000000 6.200000000 4.537742137900
988.200000000 9.200000000 4.513061046600
981.700000000 5.600000000 4.506346702600
987.450000000 5.400000000 4.502561569200
988.450000000 6.000000000 4.491670608500
987.950000000 6.000000000 4.487768173200
968.950000000 9.600000000 4.480643749200
971.200000000 7.000000000 4.478263378100
968.950000000 8.600000000 4.469664573700
969.700000000 9.400000000 4.468274116500
988.200000000 6.000000000 4.465881347700
982.450000000 7.600000000 4.462571144100
978.200000000 5.400000000 4.455180645000
969.450000000 8.200000000 4.444909572600
980.450000000 6.000000000 4.440563201900
987.700000000 8.600000000 4.433714389800
978.700000000 5.600000000 4.429314136500
969.700000000 8.600000000 4.414289474500
981.200000000 5.600000000 4.403425693500
980.700000000 7.600000000 4.403162002600
982.700000000 7.200000000 4.398318767500
983.700000000 6.000000000 4.396388530700
971.450000000 7.600000000 4.387861251800
987.950000000 6.200000000 4.387469768500
980.950000000 8.200000000 4.379187583900
981.950000000 8.200000000 4.373801231400
969.200000000 8.200000000 4.362715721100
988.450000000 6.400000000 4.362178325700
983.950000000 6.000000000 4.360171794900
988.200000000 6.800000000 4.351592540700
970.950000000 5.800000000 4.350617408800
988.200000000 9.400000000 4.349506855000
969.700000000 9.600000000 4.337198734300
980.700000000 6.800000000 4.335022449500
980.700000000 7.000000000 4.331007957500
972.200000000 9.600000000 4.329421520200
987.700000000 8.800000000 4.328215599100
980.950000000 6.600000000 4.316445350600
980.950000000 6.400000000 4.314961910200
986.700000000 5.400000000 4.312678813900
988.450000000 6.200000000 4.297842025800
981.200000000 7.000000000 4.295501709000
988.200000000 6.200000000 4.293754577600
988.200000000 9.600000000 4.293747901900
971.700000000 7.800000000 4.293281555200
968.950000000 9.800000000 4.290707588200
980.700000000 7.200000000 4.283202648200
980.700000000 6.600000000 4.281555652600
987.950000000 6.400000000 4.280818462400
981.700000000 6.400000000 4.279749393500
980.700000000 7.400000000 4.277870178200
984.950000000 5.400000000 4.277796745300
985.950000000 5.400000000 4.270348548900
981.700000000 5.400000000 4.254359722100
980.950000000 6.800000000 4.242256164600
968.950000000 8.400000000 4.240179061900
968.450000000 9.600000000 4.240064621000
980.200000000 5.400000000 4.231216430700
980.950000000 6.200000000 4.224749088300
988.200000000 9.800000000 4.222149372100
987.700000000 9.000000000 4.220834255200
981.700000000 8.400000000 4.212795734400
982.700000000 7.000000000 4.209592819200
969.700000000 8.400000000 4.204648971600
982.450000000 7.400000000 4.195412159000
981.450000000 7.000000000 4.185944080400
987.950000000 6.600000000 4.177295684800
969.700000000 9.800000000 4.174702167500
971.200000000 7.200000000 4.174306869500
987.950000000 8.200000000 4.171473026300
980.700000000 6.400000000 4.160979747800
982.200000000 7.800000000 4.140727996800
988.200000000 10.000000000 4.133901119200
978.950000000 5.400000000 4.117709159900
980.950000000 7.000000000 4.110145568800
988.200000000 6.400000000 4.101901531200
971.950000000 7.800000000 4.101871013600
984.200000000 5.800000000 4.099575519600
987.950000000 8.400000000 4.088736057300
968.700000000 10.000000000 4.082083225300
987.950000000 6.800000000 4.080320835100
968.950000000 10.000000000 4.062241554300
970.950000000 6.000000000 4.053102016400
981.200000000 5.400000000 4.051005840300
987.700000000 9.200000000 4.046560287500
982.950000000 5.400000000 4.044729709600
980.950000000 6.000000000 4.042306423200
968.700000000 9.200000000 4.028384208700
968.700000000 9.000000000 4.026717186000
982.700000000 6.800000000 4.022704124500
983.450000000 5.800000000 4.020772934000
983.200000000 5.400000000 4.013564109800
987.950000000 8.000000000 4.007332325000
984.450000000 5.600000000 4.005933284800
980.450000000 5.800000000 3.998466491700
969.450000000 8.000000000 3.998353242900
969.700000000 10.000000000 3.991677045800
987.950000000 7.000000000 3.984934330000
988.200000000 6.600000000 3.984286308300
972.200000000 9.800000000 3.983212232600
981.200000000 7.200000000 3.975233316400
980.700000000 6.200000000 3.970374822600
968.700000000 9.400000000 3.967857122400
982.950000000 6.200000000 3.963831186300
968.700000000 8.800000000 3.957030534700
987.700000000 9.400000000 3.953762531300
969.200000000 8.000000000 3.946099281300
982.450000000 7.200000000 3.945158958400
968.950000000 8.200000000 3.943312645000
981.700000000 6.600000000 3.940596580500
980.950000000 7.200000000 3.939699411400
987.950000000 7.600000000 3.924448490100
987.950000000 7.400000000 3.916214466100
969.700000000 8.200000000 3.914852380800
981.200000000 8.200000000 3.902956247300
971.450000000 7.800000000 3.893263578400
981.950000000 5.400000000 3.887060880700
987.950000000 7.200000000 3.881038665800
980.950000000 8.000000000 3.874033212700
968.700000000 9.800000000 3.861165761900
981.950000000 8.000000000 3.859855890300
983.200000000 5.800000000 3.858958721200
968.700000000 9.600000000 3.854753971100
987.950000000 8.600000000 3.854362726200
987.950000000 7.800000000 3.850480079700
971.700000000 8.000000000 3.849582433700
982.700000000 6.600000000 3.840446472200
982.950000000 5.600000000 3.834700107600
986.200000000 5.400000000 3.833866119400
982.200000000 7.600000000 3.824537038800
983.200000000 5.600000000 3.824442863500
968.700000000 8.600000000 3.815345764200
984.700000000 5.400000000 3.808887004900
987.700000000 9.600000000 3.802056312600
970.950000000 6.200000000 3.799359321600
980.950000000 5.800000000 3.791204214100
986.450000000 5.400000000 3.789144516000
982.450000000 7.000000000 3.774415969800
980.950000000 7.400000000 3.767380952800
968.450000000 9.400000000 3.756646156300
971.200000000 7.400000000 3.756428718600
981.450000000 7.200000000 3.756098985700
980.950000000 7.800000000 3.754042625400
969.950000000 5.400000000 3.742465019200
981.950000000 5.600000000 3.733228445100
980.700000000 6.000000000 3.715689182300
978.450000000 5.400000000 3.714709997200
983.700000000 5.800000000 3.714684009600
972.200000000 10.000000000 3.703263044400
982.700000000 5.400000000 3.700085878400
980.950000000 7.600000000 3.696695804600
969.700000000 5.400000000 3.686455965000
981.700000000 8.200000000 3.678619861600
981.200000000 7.400000000 3.663104772600
982.950000000 5.800000000 3.659548521000
982.700000000 6.400000000 3.658146619800
983.950000000 5.800000000 3.633758544900
971.950000000 8.000000000 3.621891975400
971.450000000 8.000000000 3.621853351600
983.450000000 5.400000000 3.617103099800
987.700000000 9.800000000 3.614129304900
982.450000000 6.800000000 3.612653493900
978.700000000 5.400000000 3.610710382500
968.700000000 8.400000000 3.604846000700
969.950000000 5.600000000 3.593308210400
981.950000000 5.800000000 3.592246532400
968.950000000 8.000000000 3.591522693600
970.950000000 6.400000000 3.585274219500
982.700000000 5.600000000 3.575864791900
968.450000000 9.200000000 3.570886850400
981.700000000 6.800000000 3.560446262400
971.700000000 8.200000000 3.559546232200
969.700000000 8.000000000 3.557657241800
980.450000000 5.600000000 3.553258419000
982.200000000 7.400000000 3.551398515700
970.200000000 5.400000000 3.547532320000
969.450000000 5.400000000 3.541283130600
969.700000000 5.600000000 3.521984100300
969.450000000 7.800000000 3.512056827500
987.950000000 8.800000000 3.510896921200
968.450000000 9.000000000 3.508037805600
980.950000000 5.600000000 3.505729913700
971.950000000 8.200000000 3.498957395600
969.200000000 7.800000000 3.493647337000
987.700000000 10.000000000 3.489699363700
983.450000000 5.600000000 3.484547853500
982.950000000 6.000000000 3.470162391700
981.950000000 7.800000000 3.468357801400
971.200000000 7.600000000 3.465954542200
981.950000000 6.000000000 3.462211370500
982.450000000 6.600000000 3.455070257200
982.700000000 6.200000000 3.448516130400
982.700000000 5.800000000 3.430646896400
970.200000000 5.600000000 3.410523414600
980.700000000 5.800000000 3.410037517500
970.950000000 6.600000000 3.405293226200
970.700000000 5.400000000 3.404337644600
981.200000000 7.600000000 3.397134780900
968.450000000 8.800000000 3.383331537200
982.200000000 5.400000000 3.376183509800
971.450000000 8.200000000 3.371942520100
981.450000000 7.400000000 3.365148544300
969.950000000 9.000000000 3.348119974100
969.950000000 9.200000000 3.346717119200
982.450000000 5.400000000 3.344579935100
969.450000000 5.600000000 3.339747667300
968.700000000 8.200000000 3.333264827700
971.950000000 8.400000000 3.329239130000
984.200000000 5.600000000 3.329190969500
981.950000000 6.200000000 3.327569961500
982.200000000 7.200000000 3.327327728300
969.950000000 9.400000000 3.316546917000
969.950000000 8.800000000 3.314302206000
981.200000000 7.800000000 3.313550233800
969.950000000 5.800000000 3.310399532300
981.200000000 8.000000000 3.310334444000
971.700000000 8.400000000 3.295357704200
982.450000000 6.400000000 3.295298337900
971.200000000 7.800000000 3.294043064100
982.200000000 5.600000000 3.290376901600
982.700000000 6.000000000 3.276794195200
969.200000000 5.400000000 3.270202398300
969.950000000 9.600000000 3.264631032900
984.450000000 5.400000000 3.264295101200
982.450000000 5.600000000 3.264133930200
981.450000000 8.200000000 3.261633396100
970.950000000 6.800000000 3.256277561200
981.700000000 8.000000000 3.245658636100
969.700000000 5.800000000 3.239227771800
969.950000000 8.600000000 3.238563060800
987.950000000 9.000000000 3.231458902400
982.200000000 5.800000000 3.223819971100
968.950000000 7.800000000 3.200643539400
968.450000000 8.600000000 3.198830843000
969.950000000 9.800000000 3.196515321700
981.950000000 6.400000000 3.193816185000
982.200000000 7.000000000 3.172762632400
981.700000000 7.000000000 3.171644449200
982.450000000 5.800000000 3.169975519200
982.200000000 6.000000000 3.169391155200
980.950000000 5.400000000 3.164657831200
970.950000000 7.000000000 3.153683662400
969.700000000 7.800000000 3.152466774000
970.200000000 5.800000000 3.150706529600
971.450000000 8.400000000 3.144373655300
971.200000000 8.000000000 3.143943786600
980.450000000 5.400000000 3.142831563900
982.450000000 6.200000000 3.125456094700
987.950000000 9.200000000 3.122190475500
983.700000000 5.400000000 3.121861219400
969.950000000 10.000000000 3.116589784600
969.950000000 8.400000000 3.116448879200
982.450000000 6.000000000 3.116216182700
981.950000000 7.600000000 3.114431858100
982.200000000 6.200000000 3.112688541400
980.700000000 5.600000000 3.104043245300
971.950000000 8.600000000 3.098426580400
983.700000000 5.600000000 3.091463327400
981.450000000 7.600000000 3.085407495500
981.450000000 8.000000000 3.083325862900
970.700000000 5.600000000 3.079246997800
970.950000000 7.200000000 3.071661472300
981.450000000 7.800000000 3.065475702300
981.950000000 6.600000000 3.065248012500
982.200000000 6.400000000 3.058378219600
971.700000000 8.600000000 3.058041334200
969.200000000 5.600000000 3.055368661900
969.450000000 5.800000000 3.053547382400
982.200000000 6.800000000 3.047187566800
982.200000000 6.600000000 3.028980255100
969.200000000 7.600000000 3.025032281900
968.700000000 8.000000000 3.013871192900
987.950000000 9.400000000 3.011759519600
969.450000000 7.600000000 3.011741399800
971.200000000 8.200000000 3.008789300900
970.950000000 7.400000000 3.005515813800
970.450000000 5.400000000 2.992658376700
983.950000000 5.600000000 2.987226247800
971.450000000 8.600000000 2.968326568600
968.450000000 8.400000000 2.963539838800
969.950000000 6.000000000 2.963390111900
970.950000000 7.600000000 2.952431917200
987.950000000 9.600000000 2.949447870300
969.950000000 8.200000000 2.945981502500
981.950000000 6.800000000 2.944904804200
987.950000000 9.800000000 2.922397851900
981.700000000 7.800000000 2.921926260000
970.700000000 8.800000000 2.909690618500
970.950000000 7.800000000 2.908959150300
970.450000000 5.600000000 2.905940055800
970.700000000 9.000000000 2.905792236300
969.700000000 6.000000000 2.892685413400
987.950000000 10.000000000 2.890668869000
971.200000000 8.400000000 2.888367652900
971.700000000 8.800000000 2.887437343600
968.950000000 5.400000000 2.885858058900
970.950000000 8.000000000 2.879243612300
970.950000000 8.200000000 2.875401258500
970.700000000 8.600000000 2.875400781600
970.700000000 9.200000000 2.872995853400
981.700000000 7.600000000 2.872138500200
970.950000000 8.400000000 2.868774890900
981.950000000 7.400000000 2.855639934500
970.950000000 8.600000000 2.854843854900
970.200000000 6.000000000 2.842247724500
981.950000000 7.000000000 2.841473102600
970.950000000 8.800000000 2.829871654500
970.700000000 5.800000000 2.828412771200
971.950000000 8.800000000 2.825865984000
981.700000000 7.400000000 2.822302818300
970.450000000 9.000000000 2.822160959200
970.700000000 8.400000000 2.821495771400
971.450000000 8.800000000 2.814670324300
970.700000000 9.400000000 2.807905435600
981.700000000 7.200000000 2.807241201400
970.450000000 8.800000000 2.800614357000
970.450000000 9.200000000 2.792233467100
969.200000000 5.800000000 2.791087865800
970.950000000 9.000000000 2.790818691300
968.950000000 7.600000000 2.787570238100
971.200000000 8.600000000 2.784385204300
980.700000000 5.400000000 2.775498628600
981.950000000 7.200000000 2.770099639900
969.450000000 6.000000000 2.755647420900
970.700000000 8.200000000 2.749074697500
971.700000000 9.000000000 2.738878727000
984.200000000 5.400000000 2.735190868400
970.950000000 9.200000000 2.735135555300
970.450000000 8.600000000 2.731161594400
969.950000000 8.000000000 2.729036331200
970.450000000 5.800000000 2.725767612500
969.700000000 7.600000000 2.721548080400
970.700000000 9.600000000 2.711825132400
970.450000000 9.400000000 2.711071252800
971.200000000 8.800000000 2.704670190800
968.450000000 8.200000000 2.689925432200
983.950000000 5.400000000 2.683702707300
971.450000000 9.000000000 2.681795358700
970.700000000 8.000000000 2.665088892000
968.700000000 7.800000000 2.663672447200
970.950000000 9.400000000 2.662333011600
968.950000000 5.600000000 2.636014223100
971.200000000 9.000000000 2.631211280800
970.700000000 6.000000000 2.628597259500
970.450000000 8.400000000 2.621922254600
971.700000000 9.200000000 2.611377477600
969.950000000 6.200000000 2.603264093400
970.700000000 9.800000000 2.589626312300
970.450000000 9.600000000 2.583510637300
970.700000000 7.800000000 2.575796604200
970.950000000 9.600000000 2.572710990900
971.450000000 9.200000000 2.568732500100
971.950000000 9.000000000 2.562297344200
971.200000000 9.200000000 2.562007427200
969.200000000 7.400000000 2.559038400700
969.700000000 6.200000000 2.542838573500
969.450000000 7.400000000 2.520279645900
970.200000000 6.200000000 2.507336378100
971.700000000 9.400000000 2.503078937500
971.200000000 9.400000000 2.495354175600
969.200000000 6.000000000 2.490511179000
970.700000000 7.600000000 2.487970352200
970.950000000 9.800000000 2.486184597000
970.450000000 8.200000000 2.483004808400
970.700000000 6.200000000 2.475248336800
971.450000000 9.400000000 2.473516941100
970.450000000 6.000000000 2.472932100300
969.950000000 7.800000000 2.471815109300
970.450000000 9.800000000 2.454221248600
970.700000000 10.000000000 2.447585821200
971.200000000 9.600000000 2.430206775700
969.450000000 6.200000000 2.421402931200
971.950000000 9.200000000 2.420853853200
970.950000000 10.000000000 2.412262916600
971.700000000 9.600000000 2.411951065100
970.700000000 7.400000000 2.406663894700
971.450000000 9.600000000 2.401989221600
968.450000000 8.000000000 2.393384456600
970.700000000 6.400000000 2.384157419200
970.200000000 9.800000000 2.380179643600
970.200000000 9.600000000 2.379122495700
970.200000000 10.000000000 2.377744197800
968.700000000 5.400000000 2.375396966900
970.200000000 9.400000000 2.373341560400
968.950000000 7.400000000 2.370397806200
971.200000000 9.800000000 2.365446806000
970.200000000 9.200000000 2.360661029800
968.950000000 5.800000000 2.360234022100
970.200000000 9.000000000 2.358773708300
970.200000000 8.800000000 2.343873262400
970.450000000 8.000000000 2.343060731900
971.450000000 9.800000000 2.342298507700
970.700000000 7.200000000 2.339246511500
971.700000000 9.800000000 2.335621595400
970.700000000 6.600000000 2.334825515700
971.200000000 10.000000000 2.318875074400
971.950000000 9.400000000 2.318191766700
970.700000000 7.000000000 2.317121267300
970.700000000 6.800000000 2.314284563100
970.450000000 10.000000000 2.305765867200
968.700000000 7.600000000 2.300669670100
971.450000000 10.000000000 2.289947509800
970.200000000 8.600000000 2.288527488700
969.700000000 7.400000000 2.286902427700
971.700000000 10.000000000 2.271584034000
971.950000000 9.600000000 2.232655048400
970.450000000 6.200000000 2.208729028700
969.950000000 6.400000000 2.206929445300
970.450000000 7.800000000 2.205193519600
970.200000000 8.400000000 2.197851419400
969.950000000 7.600000000 2.184206485700
969.200000000 6.200000000 2.173607111000
969.700000000 6.400000000 2.163505792600
971.950000000 9.800000000 2.162116766000
970.200000000 6.400000000 2.140890121500
968.700000000 5.600000000 2.136696100200
969.200000000 7.200000000 2.111355066300
971.950000000 10.000000000 2.107633590700
968.950000000 6.000000000 2.093235254300
970.200000000 8.200000000 2.090591669100
968.450000000 7.800000000 2.089561462400
968.700000000 7.200000000 2.072097301500
969.450000000 6.400000000 2.070770263700
970.450000000 7.600000000 2.066682815600
968.700000000 7.400000000 2.056174993500
969.450000000 7.200000000 2.055554151500
968.700000000 7.000000000 2.051843404800
968.450000000 5.400000000 1.998129367800
968.700000000 6.800000000 1.997217536000
970.200000000 8.000000000 1.978990674000
968.950000000 7.200000000 1.965375900300
970.450000000 7.400000000 1.933724641800
970.450000000 6.400000000 1.930503964400
968.700000000 6.600000000 1.913126707100
968.700000000 5.800000000 1.905258774800
969.200000000 6.400000000 1.879060506800
969.950000000 7.400000000 1.878459930400
969.700000000 7.200000000 1.867959976200
968.450000000 7.400000000 1.859002232600
970.200000000 7.800000000 1.854413509400
968.450000000 7.200000000 1.853513717700
968.450000000 7.600000000 1.836391568200
969.950000000 6.600000000 1.822912335400
968.950000000 6.200000000 1.818548679400
968.450000000 7.000000000 1.817985057800
968.950000000 7.000000000 1.816697955100
970.450000000 7.200000000 1.812660813300
968.450000000 5.600000000 1.809439182300
968.700000000 6.400000000 1.806734561900
969.700000000 6.600000000 1.786380291000
968.950000000 6.800000000 1.783692956000
970.200000000 6.600000000 1.777973294300
968.450000000 6.800000000 1.752810955000
969.450000000 6.600000000 1.737849474000
968.950000000 6.600000000 1.733197450600
970.200000000 7.600000000 1.723777532600
970.450000000 7.000000000 1.707908272700
969.200000000 7.000000000 1.695014119100
968.700000000 6.200000000 1.686145901700
968.950000000 6.400000000 1.671771287900
968.700000000 6.000000000 1.664241790800
968.450000000 6.600000000 1.661366105100
970.450000000 6.800000000 1.651260376000
970.450000000 6.600000000 1.647356271700
970.200000000 7.400000000 1.637870073300
969.950000000 7.200000000 1.636961817700
969.450000000 7.000000000 1.630267381700
968.450000000 5.800000000 1.615890145300
969.200000000 6.600000000 1.588607907300
968.450000000 6.400000000 1.549408078200
970.200000000 7.200000000 1.503564357800
969.950000000 6.800000000 1.496578097300
969.700000000 7.000000000 1.479485750200
969.700000000 6.800000000 1.473564386400
970.200000000 6.800000000 1.471224665600
969.450000000 6.800000000 1.440569639200
968.450000000 6.200000000 1.426827311500
968.450000000 6.000000000 1.418467760100
969.950000000 7.000000000 1.416962981200
970.200000000 7.000000000 1.371981978400
969.200000000 6.800000000 1.371163487400
