938.420000000 8.750000000 19.503637313800
938.670000000 8.750000000 19.317176818800
938.170000000 8.750000000 19.054534912100
937.420000000 8.500000000 18.879318237300
937.670000000 8.500000000 18.848226547200
938.670000000 9.000000000 18.483777999900
938.420000000 9.000000000 18.446603775000
937.920000000 8.750000000 18.356222152700
938.170000000 8.500000000 18.126216888400
938.420000000 8.500000000 18.122348785400
938.920000000 8.750000000 18.104408264200
937.170000000 8.500000000 18.028633117700
937.920000000 8.500000000 18.002159118700
937.420000000 8.250000000 17.778324127200
938.670000000 8.500000000 17.722990036000
938.170000000 9.000000000 17.660030365000
937.670000000 8.750000000 17.500486373900
937.170000000 8.250000000 17.443046569800
938.920000000 9.000000000 17.280534744300
937.670000000 8.250000000 17.249216079700
938.920000000 8.500000000 17.011537551900
937.420000000 8.750000000 16.728519439700
937.920000000 9.000000000 16.637733459500
936.920000000 8.500000000 16.464338302600
936.920000000 8.250000000 16.337612152100
939.170000000 8.750000000 16.228778839100
939.170000000 8.500000000 15.918964386000
937.920000000 8.250000000 15.867283821100
938.170000000 8.250000000 15.437295913700
937.670000000 9.000000000 15.352291107200
937.170000000 8.750000000 15.308984756500
938.420000000 8.250000000 15.168138504000
939.170000000 9.000000000 15.036517143200
938.420000000 9.250000000 14.947403907800
938.920000000 8.250000000 14.932236671400
938.670000000 8.250000000 14.851038932800
938.670000000 9.250000000 14.836057663000
938.170000000 9.250000000 14.437452316300
936.670000000 8.250000000 14.121757507300
939.420000000 8.750000000 14.043309211700
939.170000000 8.250000000 14.031727790800
936.670000000 8.500000000 13.980766296400
939.420000000 8.500000000 13.901659965500
938.920000000 9.250000000 13.864697456400
937.420000000 8.000000000 13.624496460000
937.170000000 8.000000000 13.588025093100
937.920000000 9.250000000 13.522944450400
936.920000000 8.750000000 13.411624908400
937.420000000 9.000000000 13.386286735500
937.670000000 8.000000000 13.062994957000
936.920000000 8.000000000 12.870950698900
937.920000000 8.000000000 12.610064506500
939.420000000 9.000000000 12.534423828100
939.420000000 8.250000000 12.297760009800
938.920000000 8.000000000 12.289757728600
937.670000000 9.250000000 12.225014686600
939.170000000 9.250000000 12.198512077300
938.670000000 8.000000000 12.107735633900
938.170000000 8.000000000 12.072033882100
939.670000000 8.750000000 11.808794975300
938.420000000 8.000000000 11.803256034900
939.670000000 8.500000000 11.720138549800
937.170000000 9.000000000 11.607552528400
939.170000000 8.000000000 11.550329208400
936.670000000 8.000000000 11.298951149000
936.420000000 8.250000000 11.141389846800
936.670000000 8.750000000 11.108635902400
936.420000000 8.500000000 10.911904335000
939.670000000 8.250000000 10.873191833500
942.170000000 9.250000000 10.809966087300
942.420000000 9.250000000 10.785129547100
939.670000000 9.000000000 10.711812019300
939.420000000 8.000000000 10.544525146500
938.420000000 9.500000000 10.454859733600
938.170000000 9.500000000 10.450398445100
939.420000000 9.250000000 10.428883552600
937.420000000 9.250000000 10.344142913800
942.670000000 9.250000000 10.210900306700
938.670000000 9.500000000 10.186715126000
943.420000000 8.250000000 10.124071121200
939.920000000 8.500000000 10.082550048800
943.170000000 8.250000000 10.007194519000
937.920000000 9.500000000 9.970760345500
941.920000000 9.250000000 9.967901229900
942.420000000 9.000000000 9.817701339700
939.920000000 8.750000000 9.792070388800
942.170000000 9.000000000 9.788081169100
942.420000000 9.500000000 9.749007225000
942.170000000 9.500000000 9.732892990100
936.920000000 9.000000000 9.671196937600
938.920000000 9.500000000 9.667878150900
943.670000000 8.250000000 9.658858299300
938.920000000 7.750000000 9.621972084000
939.920000000 8.250000000 9.609421730000
942.920000000 8.250000000 9.553464889500
943.420000000 8.000000000 9.544543266300
942.920000000 9.250000000 9.525099754300
942.670000000 9.000000000 9.461788177500
938.670000000 7.750000000 9.440436363200
943.170000000 8.000000000 9.435164451600
939.170000000 7.750000000 9.303298950200
937.670000000 7.750000000 9.279412269600
936.420000000 8.000000000 9.261482238800
943.420000000 8.500000000 9.259855270400
939.670000000 8.000000000 9.258204460100
942.670000000 9.500000000 9.251937866200
937.420000000 7.750000000 9.225744247400
943.170000000 8.500000000 9.221113205000
941.920000000 9.500000000 9.127131462100
936.420000000 8.750000000 9.054186821000
937.920000000 7.750000000 9.036054611200
937.170000000 7.750000000 9.030011177100
942.920000000 9.000000000 9.019848823500
939.920000000 9.000000000 9.011802673300
939.670000000 9.250000000 8.991123199500
943.670000000 8.000000000 8.947404861500
937.670000000 9.500000000 8.899603843700
941.920000000 9.000000000 8.894496917700
939.170000000 9.500000000 8.878017425500
942.670000000 8.250000000 8.872709274300
938.420000000 7.750000000 8.868904113800
940.170000000 8.500000000 8.860565185500
942.920000000 8.000000000 8.858290672300
943.670000000 8.500000000 8.789784431500
942.920000000 8.500000000 8.764504432700
941.670000000 9.250000000 8.755018234300
938.170000000 7.750000000 8.741189956700
943.920000000 6.000000000 8.735756874100
930.670000000 7.000000000 8.708758354200
930.420000000 7.000000000 8.655359268200
936.920000000 7.750000000 8.653681755100
944.170000000 6.000000000 8.636367797900
936.170000000 8.250000000 8.619050025900
942.920000000 9.500000000 8.616123199500
943.170000000 9.250000000 8.614173889200
943.920000000 8.250000000 8.542404174800
940.170000000 8.250000000 8.511915206900
934.920000000 8.000000000 8.508974075300
944.670000000 6.250000000 8.471474647500
944.420000000 6.500000000 8.444010734600
939.420000000 7.750000000 8.422830581700
941.670000000 9.500000000 8.412820816000
930.420000000 7.250000000 8.409196853600
935.170000000 8.000000000 8.407648086500
937.170000000 9.250000000 8.393281936600
936.170000000 8.500000000 8.352705001800
944.670000000 6.500000000 8.336382865900
944.420000000 6.250000000 8.306809425400
943.170000000 9.000000000 8.254266738900
940.170000000 8.750000000 8.246848106400
936.670000000 9.000000000 8.209141731300
942.420000000 8.250000000 8.205686569200
942.670000000 8.000000000 8.196141243000
943.670000000 6.000000000 8.176161766100
935.170000000 8.250000000 8.150629043600
942.670000000 8.500000000 8.134099960300
930.670000000 7.250000000 8.130522728000
939.920000000 8.000000000 8.126408577000
941.920000000 8.250000000 8.109721183800
942.420000000 8.750000000 8.079998970000
934.920000000 7.750000000 8.054861068700
939.420000000 9.500000000 7.984800815600
944.920000000 6.250000000 7.983115196200
934.920000000 8.250000000 7.967329025300
930.170000000 7.250000000 7.963222503700
942.670000000 8.750000000 7.927819252000
944.170000000 6.500000000 7.877373695400
941.670000000 9.000000000 7.862033844000
941.420000000 9.250000000 7.859723091100
940.420000000 8.250000000 7.852731227900
941.420000000 9.500000000 7.843966484100
936.670000000 7.750000000 7.832711696600
935.170000000 7.750000000 7.824450969700
943.920000000 8.500000000 7.824329376200
943.920000000 6.250000000 7.824229717300
944.170000000 6.250000000 7.819396972700
941.670000000 8.250000000 7.804601669300
935.420000000 8.000000000 7.794835567500
943.170000000 9.500000000 7.779304981200
944.920000000 6.500000000 7.762807369200
942.170000000 8.750000000 7.761898517600
942.170000000 8.250000000 7.755355835000
934.670000000 8.000000000 7.753879547100
930.170000000 7.000000000 7.724685192100
940.420000000 8.500000000 7.713832855200
930.920000000 7.000000000 7.713045597100
935.420000000 8.250000000 7.702033042900
939.920000000 9.250000000 7.683237552600
944.420000000 6.000000000 7.634705543500
943.920000000 8.000000000 7.623811245000
942.420000000 8.000000000 7.610974311800
934.670000000 7.750000000 7.579241275800
942.920000000 8.750000000 7.572363376600
936.170000000 8.000000000 7.568007946000
942.420000000 8.500000000 7.535177230800
940.170000000 8.000000000 7.533689022100
943.170000000 7.750000000 7.461709022500
943.420000000 7.750000000 7.445617198900
941.920000000 8.500000000 7.408673286400
942.170000000 8.500000000 7.345005989100
935.920000000 8.250000000 7.324759483300
936.170000000 8.750000000 7.320700645400
937.420000000 9.500000000 7.307117462200
935.670000000 8.250000000 7.301553249400
941.170000000 9.500000000 7.300787448900
940.670000000 8.250000000 7.292981624600
943.920000000 5.750000000 7.292720317800
929.420000000 8.250000000 7.283625125900
935.170000000 8.500000000 7.277326107000
940.170000000 9.000000000 7.269545078300
939.670000000 7.750000000 7.258261680600
942.420000000 9.750000000 7.255839347800
938.920000000 7.500000000 7.251643180800
935.420000000 7.750000000 7.223679542500
943.420000000 6.000000000 7.215060234100
943.420000000 9.250000000 7.209105968500
929.420000000 8.500000000 7.202176570900
944.170000000 5.750000000 7.201552867900
942.170000000 9.750000000 7.200529575300
934.670000000 8.250000000 7.195878982500
935.920000000 8.500000000 7.156546115900
941.170000000 9.250000000 7.153313159900
943.170000000 8.750000000 7.151575088500
930.920000000 7.250000000 7.150666236900
943.420000000 8.750000000 7.150032997100
935.670000000 8.000000000 7.132543563800
940.420000000 8.000000000 7.131548404700
929.920000000 7.250000000 7.124741077400
939.670000000 9.500000000 7.106760025000
942.920000000 7.750000000 7.101994514500
942.670000000 9.750000000 7.098633766200
939.170000000 7.500000000 7.088089942900
943.920000000 6.500000000 7.074466228500
938.670000000 7.500000000 7.068792343100
943.670000000 6.250000000 7.064580917400
945.170000000 6.500000000 7.062551021600
935.420000000 8.500000000 7.037255287200
945.170000000 6.250000000 7.033837795300
943.670000000 7.750000000 7.029560089100
941.670000000 8.500000000 7.018196106000
942.170000000 8.000000000 7.009713172900
941.920000000 9.750000000 7.002887725800
938.170000000 9.750000000 6.948149681100
941.420000000 9.000000000 6.931225776700
943.670000000 8.750000000 6.925349712400
934.920000000 8.500000000 6.908674716900
940.420000000 8.750000000 6.906394004800
941.920000000 8.750000000 6.906072139700
944.170000000 8.250000000 6.903743267100
943.420000000 9.000000000 6.902252674100
935.670000000 8.500000000 6.882380962400
938.420000000 9.750000000 6.869568824800
930.420000000 6.750000000 6.868600845300
943.670000000 6.500000000 6.866403102900
935.920000000 8.000000000 6.848404884300
936.420000000 9.000000000 6.842022895800
936.420000000 7.750000000 6.830469608300
930.670000000 6.750000000 6.825856685600
941.920000000 8.000000000 6.824483871500
941.670000000 9.750000000 6.823870658900
940.670000000 8.000000000 6.782412529000
934.920000000 7.500000000 6.780181884800
942.920000000 9.750000000 6.761337757100
929.420000000 8.000000000 6.757285118100
943.670000000 5.750000000 6.739250659900
948.920000000 9.500000000 6.735612392400
949.170000000 9.500000000 6.729260921500
941.420000000 9.750000000 6.726840496100
944.420000000 6.750000000 6.716217041000
937.920000000 9.750000000 6.692947864500
941.420000000 8.250000000 6.663877010300
940.670000000 8.500000000 6.659250259400
936.920000000 9.250000000 6.657137394000
941.170000000 9.750000000 6.649952888500
944.170000000 8.500000000 6.649173259700
944.670000000 6.000000000 6.641149997700
940.920000000 8.250000000 6.641017913800
935.170000000 7.500000000 6.635739326500
942.670000000 7.750000000 6.595355510700
943.670000000 6.750000000 6.585681915300
948.670000000 9.500000000 6.584390640300
943.420000000 6.500000000 6.583917141000
940.920000000 9.500000000 6.582791805300
938.670000000 9.750000000 6.578108310700
944.420000000 5.750000000 6.576914787300
938.420000000 7.500000000 6.576807498900
943.420000000 9.500000000 6.564980506900
944.670000000 6.750000000 6.540186882000
934.670000000 7.500000000 6.524378299700
939.920000000 7.750000000 6.520608902000
941.670000000 8.000000000 6.518352031700
934.420000000 8.000000000 6.498016357400
929.420000000 8.750000000 6.496285915400
929.920000000 7.000000000 6.490639686600
934.420000000 7.750000000 6.470903873400
943.920000000 8.750000000 6.432667732200
947.670000000 10.000000000 6.427417278300
934.670000000 8.500000000 6.424390792800
943.920000000 6.750000000 6.418246269200
930.170000000 7.500000000 6.415581226300
944.170000000 6.750000000 6.411919117000
940.920000000 9.750000000 6.411573886900
947.420000000 10.000000000 6.404302597000
935.670000000 7.750000000 6.403241634400
948.420000000 9.500000000 6.398108482400
948.920000000 9.750000000 6.397047042800
943.170000000 6.000000000 6.388569355000
944.920000000 6.000000000 6.387223243700
947.920000000 5.750000000 6.382401943200
930.420000000 7.500000000 6.372159004200
938.920000000 9.750000000 6.359103202800
931.170000000 7.000000000 6.343048572500
943.170000000 6.500000000 6.337047100100
940.920000000 8.000000000 6.322445869400
939.420000000 7.500000000 6.318889141100
934.420000000 8.250000000 6.307112693800
943.420000000 6.750000000 6.301342010500
944.170000000 7.500000000 6.294553756700
935.920000000 8.750000000 6.271841526000
943.420000000 6.250000000 6.267615318300
929.670000000 8.250000000 6.267068386100
949.170000000 9.750000000 6.254689693500
948.170000000 9.500000000 6.236310958900
948.670000000 9.750000000 6.224425792700
944.920000000 6.750000000 6.222619533500
939.920000000 9.500000000 6.201565265700
942.920000000 6.500000000 6.196989059400
944.420000000 7.500000000 6.193789482100
938.170000000 7.500000000 6.184700012200
940.920000000 9.250000000 6.165229320500
930.170000000 8.000000000 6.162700176200
935.170000000 8.750000000 6.161867141700
948.170000000 5.750000000 6.160400390600
940.170000000 9.250000000 6.158199310300
943.170000000 9.750000000 6.158150196100
947.670000000 5.750000000 6.151265621200
939.170000000 9.750000000 6.142057895700
944.170000000 8.000000000 6.137962818100
944.170000000 7.750000000 6.111403465300
947.920000000 9.750000000 6.099373817400
929.670000000 7.250000000 6.089837074300
943.920000000 7.750000000 6.084537982900
941.170000000 9.000000000 6.084151268000
943.170000000 6.250000000 6.078931331600
942.420000000 7.750000000 6.056962013200
937.670000000 9.750000000 6.032213211100
943.420000000 5.750000000 6.027202129400
947.170000000 10.000000000 6.017301082600
929.670000000 8.500000000 6.016492843600
930.170000000 6.750000000 6.015291214000
929.920000000 7.500000000 6.013791084300
936.170000000 7.750000000 6.012188911400
941.170000000 8.250000000 6.011984348300
941.670000000 8.750000000 6.010668754600
941.420000000 8.500000000 6.004638195000
943.170000000 6.750000000 5.999503135700
940.170000000 7.750000000 5.995011806500
930.920000000 6.750000000 5.990233898200
948.170000000 9.750000000 5.989983558700
944.420000000 7.750000000 5.988791942600
945.420000000 6.250000000 5.975436687500
940.920000000 8.500000000 5.973094940200
935.420000000 8.750000000 5.964405536700
948.420000000 9.750000000 5.961240768400
935.420000000 7.500000000 5.959156990100
935.670000000 8.750000000 5.944042682600
937.670000000 7.500000000 5.943208694500
937.920000000 7.500000000 5.938892364500
929.670000000 8.000000000 5.920622348800
942.670000000 6.500000000 5.912040710400
947.670000000 9.750000000 5.907553672800
935.920000000 7.750000000 5.899207115200
934.920000000 8.750000000 5.896770954100
942.920000000 6.000000000 5.893523216200
937.170000000 9.500000000 5.889135360700
931.170000000 7.250000000 5.884873867000
947.920000000 10.000000000 5.861014366100
942.920000000 6.750000000 5.853751182600
945.420000000 6.500000000 5.845849990800
947.920000000 9.500000000 5.836602211000
930.670000000 7.500000000 5.832216262800
940.670000000 9.750000000 5.824352264400
937.420000000 7.500000000 5.809800624800
946.670000000 9.750000000 5.804050445600
929.420000000 7.750000000 5.795590400700
939.420000000 9.750000000 5.790019035300
930.420000000 8.000000000 5.784883499100
943.920000000 7.500000000 5.779691219300
934.420000000 7.500000000 5.763051509900
942.920000000 6.250000000 5.759866714500
948.920000000 9.250000000 5.753232479100
949.170000000 9.250000000 5.738773345900
946.420000000 9.500000000 5.736567497300
940.420000000 9.000000000 5.726340770700
940.670000000 8.750000000 5.725178241700
941.170000000 8.000000000 5.724439144100
936.670000000 9.250000000 5.689874649000
944.670000000 5.750000000 5.684858799000
947.420000000 9.750000000 5.680544376400
940.670000000 9.500000000 5.679420948000
946.920000000 10.000000000 5.665564060200
945.170000000 6.000000000 5.664122581500
930.170000000 8.250000000 5.659658908800
946.170000000 10.000000000 5.658226013200
940.420000000 7.750000000 5.658121109000
942.670000000 6.000000000 5.642218112900
943.670000000 7.000000000 5.641843318900
942.670000000 6.750000000 5.641702652000
948.420000000 5.750000000 5.631315708200
936.170000000 9.000000000 5.630731105800
940.920000000 10.000000000 5.625330925000
940.670000000 10.000000000 5.621578216600
946.670000000 9.500000000 5.611997604400
945.170000000 6.750000000 5.604614257800
944.170000000 8.750000000 5.600759506200
946.420000000 9.750000000 5.589221477500
946.420000000 10.000000000 5.586557388300
933.670000000 8.250000000 5.560006618500
937.170000000 7.500000000 5.558031082200
948.670000000 9.250000000 5.548670291900
946.670000000 10.000000000 5.534375190700
944.170000000 7.250000000 5.532296657600
942.170000000 7.750000000 5.527887344400
934.420000000 8.500000000 5.516938209500
933.670000000 8.000000000 5.506129264800
941.420000000 8.000000000 5.500146865800
946.170000000 9.500000000 5.492845535300
943.920000000 7.000000000 5.491361618000
941.170000000 8.500000000 5.491344928700
947.420000000 5.750000000 5.490881919900
929.920000000 8.000000000 5.488337993600
939.670000000 7.500000000 5.482241630600
942.420000000 6.500000000 5.477355957000
943.170000000 7.500000000 5.468321323400
941.170000000 10.000000000 5.460097789800
945.920000000 10.000000000 5.442141532900
930.420000000 8.250000000 5.427996635400
943.420000000 7.500000000 5.424902916000
943.170000000 5.750000000 5.421052455900
942.420000000 6.000000000 5.415947914100
939.670000000 9.750000000 5.414156436900
933.420000000 8.250000000 5.406990528100
931.420000000 7.000000000 5.399859428400
946.920000000 9.750000000 5.389284133900
943.420000000 7.000000000 5.386445999100
943.920000000 7.250000000 5.379714965800
933.420000000 8.000000000 5.378288269000
940.670000000 7.750000000 5.377798557300
934.670000000 8.750000000 5.365887165100
934.170000000 8.000000000 5.363539695700
929.670000000 7.500000000 5.362821579000
936.920000000 7.500000000 5.362027168300
944.420000000 7.250000000 5.355959415400
943.670000000 9.250000000 5.355162143700
929.420000000 9.000000000 5.353976249700
940.420000000 10.000000000 5.349825382200
947.170000000 9.750000000 5.334648609200
948.420000000 9.250000000 5.332001209300
941.420000000 8.750000000 5.330793380700
938.920000000 7.250000000 5.316361904100
931.420000000 8.000000000 5.308950901000
934.920000000 7.250000000 5.294095039400
944.420000000 8.500000000 5.293751239800
944.670000000 7.000000000 5.287591934200
929.670000000 7.000000000 5.284294128400
942.920000000 7.500000000 5.264832019800
940.920000000 9.000000000 5.261333465600
946.420000000 9.250000000 5.261053085300
941.420000000 10.000000000 5.244405746500
930.170000000 7.750000000 5.242693424200
943.420000000 9.750000000 5.233700275400
946.920000000 6.250000000 5.223810672800
947.920000000 6.000000000 5.212761402100
942.420000000 6.750000000 5.204936981200
944.420000000 8.250000000 5.198526859300
929.670000000 8.750000000 5.193157672900
948.170000000 6.000000000 5.192645549800
946.170000000 9.250000000 5.175144672400
934.670000000 7.250000000 5.174366951000
933.920000000 8.250000000 5.174244880700
929.670000000 7.750000000 5.174102783200
935.670000000 7.500000000 5.171682834600
944.420000000 7.000000000 5.170234203300
929.920000000 8.250000000 5.168937683100
934.170000000 8.250000000 5.162804126700
931.170000000 8.000000000 5.162104129800
946.170000000 9.750000000 5.154577732100
940.670000000 9.250000000 5.149245739000
943.670000000 7.500000000 5.148759841900
944.920000000 9.500000000 5.130446434000
939.170000000 7.250000000 5.128717899300
943.670000000 9.000000000 5.118342876400
945.920000000 9.500000000 5.114209651900
946.920000000 9.500000000 5.102705001800
943.670000000 7.250000000 5.101871967300
942.670000000 6.250000000 5.100872039800
946.670000000 6.250000000 5.094509601600
936.670000000 7.500000000 5.092909812900
942.920000000 5.750000000 5.090365409900
934.170000000 7.750000000 5.089855194100
940.920000000 8.750000000 5.082032680500
945.170000000 9.500000000 5.081735611000
940.920000000 7.750000000 5.080851554900
937.420000000 9.750000000 5.076683044400
943.170000000 7.000000000 5.076104164100
947.670000000 9.500000000 5.072316169700
929.420000000 7.250000000 5.068294525100
940.170000000 9.500000000 5.065133094800
944.670000000 7.500000000 5.060203075400
940.420000000 9.750000000 5.054193973500
946.670000000 9.250000000 5.051370143900
948.170000000 9.250000000 5.051019668600
938.670000000 7.250000000 5.038519382500
941.670000000 10.000000000 5.035035610200
931.170000000 6.750000000 5.029436111500
931.170000000 8.250000000 5.025771141100
931.420000000 8.250000000 5.024445056900
931.670000000 8.000000000 5.015583038300
935.170000000 9.000000000 5.012973785400
947.170000000 6.250000000 5.011617660500
941.170000000 8.750000000 5.006133556400
942.670000000 5.750000000 4.997823715200
933.920000000 8.000000000 4.997685909300
942.170000000 6.000000000 4.997597694400
935.170000000 7.250000000 4.994019508400
941.920000000 7.750000000 4.991261959100
944.920000000 9.750000000 4.983695983900
948.670000000 5.750000000 4.981274604800
942.170000000 6.500000000 4.976049423200
945.670000000 6.250000000 4.963672637900
930.920000000 7.500000000 4.959182262400
931.420000000 7.250000000 4.948396682700
943.670000000 9.500000000 4.937585353900
939.920000000 9.750000000 4.933868408200
947.170000000 6.000000000 4.923305988300
934.920000000 9.000000000 4.912246704100
935.920000000 9.000000000 4.909296989400
947.670000000 6.000000000 4.909224033400
933.670000000 8.500000000 4.904606342300
930.420000000 7.750000000 4.899666309400
933.170000000 8.000000000 4.898730278000
945.920000000 9.250000000 4.896413803100
945.170000000 9.750000000 4.896170616100
945.420000000 6.000000000 4.888524055500
944.670000000 7.750000000 4.887570381200
948.420000000 6.000000000 4.887012481700
935.420000000 9.000000000 4.883860111200
946.920000000 6.000000000 4.876823902100
944.170000000 7.000000000 4.865208625800
945.420000000 9.500000000 4.864624977100
940.170000000 10.000000000 4.863387584700
931.420000000 7.750000000 4.862176418300
945.670000000 6.500000000 4.861261844600
948.920000000 10.000000000 4.859927654300
942.920000000 7.000000000 4.857634067500
945.670000000 9.500000000 4.852871418000
941.920000000 10.000000000 4.852646827700
942.670000000 7.500000000 4.846807003000
948.670000000 10.000000000 4.838798046100
929.920000000 6.750000000 4.829609870900
940.420000000 9.250000000 4.829454898800
940.670000000 9.000000000 4.829258441900
942.420000000 5.750000000 4.828591346700
933.920000000 6.750000000 4.828238964100
933.420000000 8.500000000 4.823095321700
936.420000000 9.250000000 4.815201282500
939.920000000 7.500000000 4.814319133800
944.420000000 8.000000000 4.812854290000
948.170000000 10.000000000 4.811750888800
945.920000000 9.750000000 4.811033248900
942.670000000 10.000000000 4.806115627300
931.670000000 7.000000000 4.800916194900
933.920000000 6.500000000 4.799472332000
944.920000000 9.250000000 4.798429489100
945.170000000 9.250000000 4.795136928600
940.420000000 9.500000000 4.794510364500
933.170000000 8.250000000 4.790585994700
942.420000000 6.250000000 4.785837650300
943.420000000 7.250000000 4.783893585200
945.420000000 6.750000000 4.782943248700
934.420000000 7.250000000 4.780049324000
933.920000000 7.000000000 4.778237342800
940.170000000 9.750000000 4.769481182100
946.420000000 6.250000000 4.760687351200
936.420000000 7.500000000 4.757569789900
942.420000000 10.000000000 4.757127761800
944.920000000 5.750000000 4.749844551100
944.670000000 9.250000000 4.736396789600
942.170000000 10.000000000 4.735918521900
942.920000000 10.000000000 4.727803230300
945.420000000 9.750000000 4.722939491300
929.920000000 8.500000000 4.719489097600
946.670000000 6.500000000 4.714643478400
948.420000000 10.000000000 4.712299346900
934.170000000 6.750000000 4.708289146400
945.670000000 10.000000000 4.705859184300
935.670000000 9.000000000 4.702294826500
944.670000000 9.500000000 4.697263717700
931.670000000 8.250000000 4.684626579300
943.920000000 9.000000000 4.682434558900
947.170000000 5.750000000 4.681137561800
933.670000000 6.500000000 4.671926021600
931.670000000 7.750000000 4.669280529000
946.920000000 6.500000000 4.666493415800
945.670000000 9.750000000 4.665779590600
933.920000000 8.500000000 4.665340900400
945.670000000 9.250000000 4.656715869900
929.420000000 7.500000000 4.654630184200
935.920000000 7.500000000 4.641905784600
945.420000000 9.250000000 4.640094280200
929.920000000 7.750000000 4.630770206500
930.670000000 8.000000000 4.630506992300
930.670000000 8.250000000 4.630231380500
934.170000000 7.500000000 4.629282474500
936.920000000 9.500000000 4.628427028700
933.670000000 6.250000000 4.628199100500
930.920000000 8.250000000 4.622414112100
942.170000000 6.750000000 4.617162704500
934.170000000 7.000000000 4.615440845500
944.670000000 9.750000000 4.612571239500
942.670000000 7.000000000 4.612137794500
933.670000000 6.750000000 4.612128734600
934.170000000 6.500000000 4.602761268600
944.420000000 8.750000000 4.598993778200
947.420000000 9.500000000 4.588256359100
938.420000000 7.250000000 4.585343837700
933.670000000 7.750000000 4.582026958500
949.170000000 6.750000000 4.575055599200
931.170000000 7.750000000 4.574181079900
945.170000000 10.000000000 4.573362827300
933.920000000 6.250000000 4.573319912000
938.170000000 10.000000000 4.561716556500
930.920000000 8.000000000 4.554566383400
933.420000000 7.750000000 4.554286003100
944.920000000 10.000000000 4.554126739500
946.670000000 6.000000000 4.549479484600
941.170000000 7.750000000 4.547350883500
949.170000000 10.000000000 4.546767234800
946.920000000 9.250000000 4.542119503000
939.420000000 7.250000000 4.528074741400
930.420000000 6.500000000 4.524356365200
949.170000000 5.750000000 4.513592243200
931.920000000 8.000000000 4.512290954600
946.420000000 6.500000000 4.505576610600
931.920000000 10.000000000 4.501066684700
947.170000000 9.500000000 4.499505519900
931.170000000 8.500000000 4.496933460200
936.170000000 7.500000000 4.496396541600
933.920000000 7.250000000 4.494103908500
937.920000000 10.000000000 4.492140293100
931.920000000 7.000000000 4.483523368800
943.170000000 7.250000000 4.482001304600
934.420000000 8.750000000 4.479092121100
946.170000000 6.250000000 4.478948593100
945.920000000 6.250000000 4.473374366800
938.420000000 10.000000000 4.466414451600
947.420000000 6.000000000 4.459363460500
947.920000000 9.250000000 4.452998638200
942.170000000 5.750000000 4.449901104000
931.670000000 7.250000000 4.449795723000
945.420000000 10.000000000 4.448846340200
947.420000000 6.250000000 4.437428951300
944.920000000 7.000000000 4.437095165300
934.170000000 8.500000000 4.432162284900
934.170000000 7.250000000 4.431862354300
934.670000000 9.000000000 4.426986217500
930.670000000 6.500000000 4.425935745200
942.170000000 6.250000000 4.423532009100
939.920000000 10.000000000 4.421849250800
933.670000000 7.000000000 4.417976856200
948.670000000 6.000000000 4.415981769600
934.420000000 6.750000000 4.413640976000
931.420000000 6.750000000 4.412177085900
931.420000000 8.500000000 4.407335758200
934.420000000 7.000000000 4.405425071700
933.170000000 8.500000000 4.400050640100
941.920000000 6.500000000 4.394355297100
944.670000000 7.250000000 4.391257286100
943.170000000 10.000000000 4.379621982600
935.420000000 7.250000000 4.377461910200
948.920000000 5.750000000 4.375556469000
941.670000000 7.750000000 4.375044822700
946.170000000 9.000000000 4.366247177100
944.920000000 9.000000000 4.355882644700
933.670000000 6.000000000 4.355447769200
947.170000000 6.500000000 4.352805137600
942.420000000 7.500000000 4.350668430300
929.420000000 7.000000000 4.341941833500
944.670000000 9.000000000 4.341725349400
940.170000000 7.500000000 4.337560176800
930.170000000 8.500000000 4.331799030300
944.420000000 9.250000000 4.328916549700
938.670000000 10.000000000 4.325818538700
949.170000000 7.000000000 4.320095062300
947.670000000 7.500000000 4.319382190700
946.420000000 9.000000000 4.317366600000
932.170000000 7.000000000 4.315781116500
947.420000000 7.250000000 4.304504871400
930.920000000 8.500000000 4.303941726700
947.670000000 7.250000000 4.298345089000
945.920000000 6.500000000 4.286671638500
945.170000000 9.000000000 4.280680179600
945.920000000 9.000000000 4.278669834100
947.420000000 7.500000000 4.275265216800
939.670000000 10.000000000 4.275110721600
938.170000000 7.250000000 4.261348247500
944.420000000 9.000000000 4.259257793400
941.920000000 6.000000000 4.255789279900
947.920000000 7.500000000 4.255714893300
933.420000000 6.250000000 4.250976562500
944.170000000 9.000000000 4.248980522200
946.170000000 6.500000000 4.242420673400
947.420000000 7.000000000 4.236471176100
933.420000000 6.500000000 4.232429981200
933.670000000 7.250000000 4.231637954700
934.420000000 6.500000000 4.222648620600
931.670000000 10.000000000 4.222448349000
934.170000000 6.250000000 4.213440895100
931.920000000 7.250000000 4.204461097700
945.420000000 9.000000000 4.201531410200
947.670000000 7.000000000 4.195023059800
931.920000000 8.250000000 4.191857338000
942.420000000 7.000000000 4.187630653400
934.670000000 7.000000000 4.186448097200
944.420000000 9.500000000 4.185453891800
946.420000000 6.000000000 4.183759689300
945.670000000 9.000000000 4.182491779300
931.920000000 7.750000000 4.180768013000
945.670000000 6.000000000 4.177827358200
949.170000000 6.500000000 4.175609111800
942.920000000 7.250000000 4.172280311600
944.670000000 8.500000000 4.171849250800
932.170000000 10.000000000 4.171294689200
933.420000000 8.750000000 4.169714450800
939.420000000 10.000000000 4.169134140000
932.920000000 8.000000000 4.168884277300
936.170000000 9.250000000 4.164098739600
944.670000000 10.000000000 4.155577182800
933.170000000 7.750000000 4.154995441400
938.920000000 10.000000000 4.145412921900
929.920000000 5.750000000 4.144779205300
933.420000000 6.000000000 4.140919208500
933.920000000 6.000000000 4.140815258000
947.920000000 7.750000000 4.140718936900
931.170000000 7.500000000 4.140625953700
939.170000000 10.000000000 4.132721900900
947.170000000 7.250000000 4.129076957700
947.670000000 7.750000000 4.128460884100
933.670000000 8.750000000 4.128303527800
929.420000000 9.250000000 4.128129959100
933.920000000 7.750000000 4.120512008700
931.670000000 6.750000000 4.117049694100
947.920000000 7.250000000 4.111082077000
937.670000000 10.000000000 4.110046863600
932.420000000 7.000000000 4.109284400900
947.420000000 6.750000000 4.105752468100
946.670000000 9.000000000 4.104496002200
931.920000000 9.750000000 4.103015422800
947.170000000 7.500000000 4.101015090900
934.920000000 9.250000000 4.100848197900
944.670000000 8.250000000 4.095754623400
940.420000000 7.500000000 4.094881534600
947.670000000 6.750000000 4.092771530200
947.420000000 7.750000000 4.091423034700
943.670000000 9.750000000 4.090845108000
929.670000000 9.000000000 4.090650558500
930.170000000 5.750000000 4.089192390400
947.170000000 7.000000000 4.085989952100
941.420000000 7.750000000 4.083343982700
932.920000000 8.250000000 4.078784465800
932.920000000 9.500000000 4.071556091300
931.670000000 8.500000000 4.069087982200
933.920000000 7.500000000 4.061667442300
937.170000000 9.750000000 4.059815406800
944.170000000 9.250000000 4.048631191300
934.670000000 6.750000000 4.046608448000
930.420000000 8.500000000 4.030991077400
932.420000000 8.250000000 4.028948307000
929.920000000 8.750000000 4.026847362500
946.920000000 5.750000000 4.020846366900
936.670000000 9.500000000 4.018529892000
949.170000000 6.000000000 4.014702320100
948.170000000 7.500000000 4.013607502000
932.170000000 7.250000000 4.013070106500
941.920000000 6.750000000 4.009089946700
930.170000000 6.500000000 4.004408836400
932.170000000 8.000000000 4.003887176500
933.420000000 6.750000000 4.003763198900
931.920000000 6.750000000 4.003651619000
935.170000000 9.250000000 3.999214410800
948.170000000 7.750000000 3.996969461400
933.170000000 8.750000000 3.993786811800
932.170000000 6.750000000 3.992702245700
932.920000000 9.250000000 3.985344886800
937.920000000 7.250000000 3.985299348800
948.170000000 6.250000000 3.982224702800
947.170000000 7.750000000 3.980203151700
932.170000000 8.250000000 3.977156400700
945.170000000 7.000000000 3.975378274900
946.670000000 6.750000000 3.974682092700
948.920000000 6.750000000 3.974178314200
947.670000000 6.500000000 3.972938060800
934.920000000 7.000000000 3.971212148700
930.670000000 8.500000000 3.958928346600
933.170000000 9.500000000 3.952161073700
933.920000000 8.750000000 3.948129653900
947.170000000 6.750000000 3.943072557400
948.920000000 6.000000000 3.939192295100
933.170000000 9.250000000 3.933017015500
932.420000000 6.750000000 3.932329654700
946.920000000 6.750000000 3.930543661100
947.920000000 7.000000000 3.927087068600
948.670000000 9.000000000 3.921717882200
930.920000000 7.750000000 3.916402816800
945.670000000 6.750000000 3.911037683500
939.670000000 7.250000000 3.908109426500
948.920000000 9.000000000 3.907010316800
947.420000000 6.500000000 3.904628753700
930.920000000 6.500000000 3.901191234600
932.670000000 9.500000000 3.897221565200
931.170000000 8.750000000 3.893733739900
943.920000000 9.250000000 3.891733408000
949.170000000 9.000000000 3.886483192400
947.920000000 6.250000000 3.885449171100
933.670000000 7.500000000 3.883737802500
944.420000000 9.750000000 3.881960392000
940.670000000 7.500000000 3.878010034600
931.670000000 9.750000000 3.874747276300
933.670000000 5.750000000 3.872430086100
944.670000000 8.750000000 3.872398376500
934.670000000 6.500000000 3.872382879300
941.920000000 5.750000000 3.871406316800
948.420000000 6.250000000 3.870844602600
946.170000000 6.000000000 3.868684291800
943.420000000 10.000000000 3.868591547000
948.420000000 9.000000000 3.866437912000
944.670000000 8.000000000 3.864614725100
942.170000000 7.500000000 3.860763549800
934.420000000 9.000000000 3.857353210400
946.920000000 7.250000000 3.856365203900
945.920000000 6.000000000 3.852316379500
933.170000000 9.000000000 3.850804567300
947.920000000 6.750000000 3.849495887800
947.920000000 6.500000000 3.844020366700
942.670000000 7.250000000 3.834818363200
930.920000000 8.750000000 3.831696987200
946.920000000 7.000000000 3.830956697500
946.920000000 7.500000000 3.826433658600
941.920000000 6.250000000 3.826143026400
929.670000000 6.750000000 3.818435907400
932.920000000 8.500000000 3.817538023000
933.420000000 5.750000000 3.814820051200
933.420000000 9.000000000 3.811346530900
946.420000000 6.750000000 3.805060863500
935.420000000 9.250000000 3.795757532100
932.670000000 9.250000000 3.792289733900
932.920000000 9.750000000 3.787472963300
934.420000000 6.250000000 3.785221099900
933.420000000 7.000000000 3.780339479400
945.170000000 5.750000000 3.778206586800
932.170000000 9.750000000 3.776385068900
945.170000000 8.750000000 3.771366357800
931.420000000 8.750000000 3.770431041700
947.170000000 9.250000000 3.768293857600
934.920000000 6.750000000 3.767067432400
948.170000000 7.250000000 3.758808851200
932.420000000 8.500000000 3.758665800100
945.420000000 8.750000000 3.756749153100
935.670000000 7.250000000 3.755142450300
946.920000000 7.750000000 3.752395868300
934.170000000 8.750000000 3.751908540700
934.670000000 9.250000000 3.746933698700
932.420000000 7.250000000 3.744436502500
947.920000000 8.000000000 3.744097471200
947.420000000 9.250000000 3.742041587800
947.670000000 6.250000000 3.738669395400
931.920000000 8.500000000 3.737206697500
931.420000000 7.500000000 3.734658479700
947.420000000 8.000000000 3.734061956400
946.920000000 9.000000000 3.729970216800
933.420000000 9.250000000 3.728678226500
947.170000000 8.000000000 3.721112251300
932.920000000 9.000000000 3.718458890900
935.920000000 9.250000000 3.715958833700
932.670000000 8.250000000 3.715739727000
947.670000000 8.000000000 3.714650154100
945.670000000 8.750000000 3.710790157300
932.670000000 7.000000000 3.709530830400
944.920000000 8.750000000 3.706726074200
933.170000000 9.750000000 3.697876930200
944.920000000 7.250000000 3.695037841800
932.170000000 8.500000000 3.694594860100
932.670000000 8.000000000 3.691008091000
932.420000000 8.000000000 3.690378665900
934.920000000 6.500000000 3.689998388300
941.670000000 6.500000000 3.688040971800
948.170000000 8.000000000 3.682156086000
930.670000000 7.750000000 3.677134990700
937.670000000 7.250000000 3.666403770400
931.670000000 7.500000000 3.658935785300
948.920000000 7.000000000 3.657193183900
933.420000000 9.500000000 3.650238513900
933.670000000 9.000000000 3.649942398100
933.170000000 6.250000000 3.649630785000
932.170000000 7.750000000 3.648460865000
934.170000000 6.000000000 3.643130302400
945.920000000 8.750000000 3.642264843000
948.920000000 6.500000000 3.640721797900
938.920000000 7.000000000 3.638582229600
944.920000000 8.500000000 3.638380289100
932.670000000 6.750000000 3.636101245900
942.170000000 7.000000000 3.634150266600
935.670000000 9.250000000 3.626232624100
932.920000000 8.750000000 3.625339031200
932.920000000 10.000000000 3.622547864900
930.670000000 8.750000000 3.619042635000
948.670000000 6.250000000 3.615731239300
933.420000000 7.250000000 3.601219892500
948.170000000 9.000000000 3.595783233600
946.170000000 8.750000000 3.591394186000
931.670000000 8.750000000 3.589124202700
937.420000000 10.000000000 3.587242364900
944.420000000 10.000000000 3.585774660100
947.670000000 9.250000000 3.583542823800
935.170000000 6.750000000 3.580927372000
944.920000000 7.500000000 3.579762935600
946.920000000 8.000000000 3.578461170200
944.170000000 9.500000000 3.576085805900
935.170000000 7.000000000 3.575680017500
933.170000000 6.000000000 3.572161912900
940.920000000 7.500000000 3.571915864900
936.420000000 9.500000000 3.571496725100
949.170000000 6.250000000 3.570425033600
946.670000000 7.250000000 3.561481237400
932.670000000 9.750000000 3.558872461300
932.920000000 7.750000000 3.556850433300
946.670000000 7.000000000 3.552620887800
946.170000000 6.750000000 3.550353765500
945.170000000 8.500000000 3.549161195800
933.920000000 5.750000000 3.544792652100
946.670000000 5.750000000 3.544770717600
945.420000000 8.500000000 3.539385318800
935.170000000 6.500000000 3.535870075200
934.670000000 6.250000000 3.535745859100
933.170000000 6.500000000 3.525264978400
930.170000000 8.750000000 3.524352312100
932.670000000 8.500000000 3.516073465300
946.670000000 7.500000000 3.514283657100
939.170000000 7.000000000 3.507335186000
944.920000000 8.250000000 3.506608247800
932.420000000 10.000000000 3.501267194700
945.920000000 6.750000000 3.496261358300
946.420000000 8.750000000 3.492759704600
933.170000000 10.000000000 3.484277486800
948.420000000 7.500000000 3.481712818100
938.670000000 7.000000000 3.480165958400
949.170000000 7.250000000 3.476018428800
948.420000000 7.750000000 3.476009607300
945.670000000 8.500000000 3.466163158400
948.170000000 7.000000000 3.461713552500
931.420000000 10.000000000 3.459578514100
934.420000000 9.250000000 3.456429481500
943.920000000 9.500000000 3.456342697100
931.920000000 7.500000000 3.449127912500
946.670000000 7.750000000 3.446814060200
933.920000000 9.000000000 3.442947387700
933.670000000 9.250000000 3.440990924800
945.420000000 7.000000000 3.440029621100
931.920000000 9.500000000 3.438070774100
935.420000000 6.500000000 3.435732841500
933.170000000 5.750000000 3.430749654800
930.420000000 8.750000000 3.430510044100
932.670000000 9.000000000 3.427556753200
934.920000000 6.250000000 3.426674604400
929.670000000 5.750000000 3.423647642100
934.920000000 9.500000000 3.418922662700
941.920000000 7.500000000 3.417391300200
932.670000000 10.000000000 3.408003091800
934.670000000 9.500000000 3.401297330900
947.170000000 8.250000000 3.398457050300
935.170000000 6.250000000 3.397890090900
941.670000000 6.750000000 3.393749475500
931.170000000 9.000000000 3.393256425900
948.170000000 6.500000000 3.392112255100
939.920000000 7.250000000 3.389125824000
931.170000000 6.500000000 3.385415792500
937.420000000 7.250000000 3.383053541200
944.920000000 7.750000000 3.380776643800
933.420000000 9.750000000 3.379586458200
932.420000000 9.500000000 3.375074863400
942.420000000 7.250000000 3.371780157100
935.420000000 6.750000000 3.369122266800
945.420000000 5.750000000 3.365390300800
932.420000000 9.250000000 3.349482297900
929.920000000 9.000000000 3.346956491500
932.670000000 7.250000000 3.346541166300
931.170000000 9.750000000 3.342805862400
946.920000000 8.250000000 3.342759847600
932.170000000 5.750000000 3.340942144400
948.170000000 6.750000000 3.339519977600
936.920000000 9.750000000 3.338883400000
945.920000000 8.500000000 3.338401079200
945.170000000 8.250000000 3.338141202900
935.920000000 7.250000000 3.335229158400
947.420000000 8.250000000 3.332331419000
930.420000000 5.750000000 3.326391458500
948.920000000 6.250000000 3.323431730300
929.420000000 9.500000000 3.322251319900
932.170000000 7.500000000 3.321419000600
930.920000000 9.000000000 3.315242767300
946.670000000 8.000000000 3.315059185000
946.420000000 7.000000000 3.313471078900
931.920000000 8.750000000 3.311398029300
929.670000000 9.250000000 3.311275720600
935.420000000 6.250000000 3.308918714500
931.670000000 9.500000000 3.308594703700
947.920000000 8.250000000 3.306323528300
933.420000000 7.500000000 3.303480386700
931.170000000 10.000000000 3.301864624000
947.170000000 9.000000000 3.301061868700
931.420000000 9.000000000 3.297778844800
932.420000000 7.750000000 3.294575214400
934.170000000 9.000000000 3.294381856900
929.420000000 6.750000000 3.282039880800
946.670000000 8.750000000 3.281581163400
933.170000000 6.750000000 3.279731988900
947.670000000 8.250000000 3.276932954800
930.920000000 9.750000000 3.273916959800
945.420000000 8.250000000 3.270512104000
946.170000000 8.500000000 3.263074398000
941.670000000 6.250000000 3.261481046700
933.670000000 9.500000000 3.259472847000
948.170000000 8.250000000 3.256095886200
937.170000000 7.250000000 3.255585670500
934.420000000 9.500000000 3.254587411900
932.420000000 6.500000000 3.245666027100
935.170000000 9.500000000 3.242921590800
941.670000000 6.000000000 3.241362094900
948.420000000 7.250000000 3.238592863100
946.420000000 7.250000000 3.232414960900
947.420000000 9.000000000 3.226489782300
929.920000000 6.500000000 3.225319623900
932.670000000 8.750000000 3.224532604200
932.670000000 7.750000000 3.217339277300
931.670000000 6.500000000 3.213579893100
948.420000000 8.000000000 3.212975263600
932.170000000 6.500000000 3.212055921600
931.420000000 9.750000000 3.210553407700
948.670000000 6.500000000 3.207838058500
943.670000000 10.000000000 3.207245826700
934.420000000 6.000000000 3.196905851400
936.170000000 7.250000000 3.196625948000
932.420000000 8.750000000 3.194841146500
935.670000000 6.500000000 3.191797256500
938.420000000 7.000000000 3.183353900900
931.920000000 6.500000000 3.182919740700
948.670000000 6.750000000 3.181711673700
936.420000000 7.250000000 3.175347328200
941.170000000 7.500000000 3.174005985300
936.920000000 7.250000000 3.171617746400
946.920000000 8.500000000 3.169611930800
947.170000000 8.500000000 3.168939352000
936.670000000 7.250000000 3.166624307600
933.920000000 9.250000000 3.163127422300
946.420000000 7.500000000 3.156036853800
946.420000000 8.500000000 3.150951862300
932.420000000 5.750000000 3.149586677600
931.920000000 5.750000000 3.148019075400
930.670000000 9.000000000 3.145753622100
948.420000000 6.500000000 3.143981456800
932.420000000 9.750000000 3.143861293800
946.920000000 8.750000000 3.135640859600
946.670000000 8.250000000 3.134435653700
930.920000000 10.000000000 3.128692150100
932.170000000 9.500000000 3.128086328500
934.670000000 9.750000000 3.125967741000
939.420000000 7.000000000 3.123045444500
944.170000000 9.750000000 3.122656583800
947.170000000 8.750000000 3.121042728400
932.420000000 9.000000000 3.110051631900
931.670000000 9.000000000 3.109805107100
932.420000000 7.500000000 3.109630346300
945.670000000 8.250000000 3.106912374500
935.420000000 7.000000000 3.106306791300
941.670000000 5.750000000 3.104223728200
946.420000000 5.750000000 3.099453687700
941.920000000 7.000000000 3.093304872500
945.670000000 5.750000000 3.090716838800
932.920000000 7.000000000 3.089313745500
936.170000000 9.500000000 3.088276863100
946.420000000 7.750000000 3.081434965100
931.420000000 6.500000000 3.081306695900
930.920000000 9.500000000 3.079927921300
936.670000000 9.750000000 3.079200983000
932.920000000 6.750000000 3.071633100500
947.420000000 8.500000000 3.070703506500
933.420000000 10.000000000 3.064315080600
932.170000000 8.750000000 3.064219236400
934.420000000 9.750000000 3.064065694800
947.670000000 9.000000000 3.062285184900
948.420000000 8.750000000 3.060166358900
945.170000000 7.250000000 3.045700311700
937.170000000 10.000000000 3.035451412200
935.670000000 6.250000000 3.033826112700
934.170000000 9.500000000 3.032015085200
935.670000000 6.750000000 3.027869701400
940.170000000 7.250000000 3.026584386800
947.420000000 8.750000000 3.025560379000
931.170000000 9.500000000 3.024873971900
944.920000000 8.000000000 3.024731636000
946.170000000 7.000000000 3.022235393500
932.670000000 6.500000000 3.021702766400
934.170000000 9.250000000 3.016928911200
933.170000000 7.000000000 3.012325525300
947.920000000 8.500000000 3.010189294800
946.670000000 8.500000000 3.008021354700
947.670000000 8.500000000 3.006751775700
934.170000000 5.750000000 3.004683256100
947.920000000 9.000000000 3.004317998900
931.170000000 9.250000000 2.997387886000
941.670000000 7.500000000 2.994369745300
932.170000000 9.250000000 2.988181352600
948.670000000 8.750000000 2.982483863800
932.920000000 6.000000000 2.979785442400
933.670000000 9.750000000 2.978528261200
934.920000000 9.750000000 2.977221727400
935.420000000 6.000000000 2.973845481900
946.420000000 8.000000000 2.970043897600
932.920000000 6.250000000 2.969863891600
930.920000000 9.250000000 2.963008403800
930.170000000 9.000000000 2.962857246400
935.170000000 6.000000000 2.960515499100
945.670000000 7.000000000 2.953932762100
931.920000000 9.000000000 2.950193882000
930.420000000 9.000000000 2.947561740900
934.920000000 10.000000000 2.937850236900
935.170000000 10.000000000 2.937700033200
943.920000000 9.750000000 2.935689210900
945.920000000 8.250000000 2.932268858000
933.920000000 9.500000000 2.931748390200
947.670000000 8.750000000 2.931638479200
932.170000000 9.000000000 2.931022405600
934.670000000 6.000000000 2.930723428700
931.920000000 6.250000000 2.924872875200
934.170000000 9.750000000 2.920401811600
935.420000000 9.500000000 2.913480758700
932.920000000 5.750000000 2.910748958600
933.170000000 7.500000000 2.903737783400
931.420000000 9.500000000 2.896553278000
948.170000000 8.500000000 2.896207809400
941.420000000 6.500000000 2.894332408900
945.920000000 5.750000000 2.892173767100
949.170000000 8.500000000 2.890636444100
948.420000000 7.000000000 2.889535665500
934.920000000 6.000000000 2.886456012700
946.170000000 5.750000000 2.886181116100
944.170000000 10.000000000 2.885258913000
936.420000000 10.000000000 2.884328365300
932.920000000 6.500000000 2.884120941200
946.170000000 7.250000000 2.879669904700
930.670000000 9.500000000 2.878503561000
930.670000000 9.750000000 2.875127553900
938.170000000 7.000000000 2.869023323100
948.170000000 8.750000000 2.863521814300
936.670000000 10.000000000 2.857557535200
949.170000000 7.750000000 2.856903314600
945.170000000 8.000000000 2.851238012300
948.920000000 8.750000000 2.850100517300
947.920000000 8.750000000 2.850014209700
946.420000000 8.250000000 2.838201522800
948.920000000 7.250000000 2.835133552600
932.670000000 5.750000000 2.835111618000
931.420000000 9.250000000 2.833888292300
945.920000000 7.000000000 2.830624818800
946.170000000 8.250000000 2.827598810200
941.420000000 7.500000000 2.826242923700
942.170000000 7.250000000 2.823321819300
932.670000000 7.500000000 2.819643020600
936.420000000 9.750000000 2.818305254000
931.670000000 6.250000000 2.814761638600
932.920000000 7.250000000 2.813421964600
948.420000000 8.250000000 2.801324844400
929.920000000 6.000000000 2.800317525900
949.170000000 8.750000000 2.792440891300
930.170000000 6.000000000 2.786359310200
946.170000000 7.500000000 2.785825252500
948.420000000 6.750000000 2.784883737600
935.670000000 6.000000000 2.782494783400
945.420000000 8.000000000 2.781684875500
934.670000000 10.000000000 2.765838146200
935.920000000 9.500000000 2.756093263600
940.420000000 7.250000000 2.754296779600
948.670000000 7.000000000 2.751197814900
935.920000000 6.500000000 2.739060163500
949.170000000 8.250000000 2.735120296500
945.420000000 7.250000000 2.733681201900
931.920000000 9.250000000 2.733561515800
941.420000000 6.750000000 2.729337215400
929.920000000 9.250000000 2.725544452700
931.670000000 5.750000000 2.724380493200
935.420000000 10.000000000 2.723213672600
932.170000000 6.250000000 2.723065137900
933.170000000 7.250000000 2.722931623500
941.420000000 6.250000000 2.721894025800
935.670000000 7.000000000 2.720658302300
934.420000000 10.000000000 2.717599391900
929.420000000 9.750000000 2.716262102100
929.670000000 9.500000000 2.713187217700
949.170000000 8.000000000 2.705403804800
939.670000000 7.000000000 2.703019619000
935.670000000 9.500000000 2.697956800500
948.670000000 7.500000000 2.697570562400
933.920000000 9.750000000 2.692810058600
935.170000000 9.750000000 2.691436290700
945.170000000 7.500000000 2.690608978300
931.670000000 9.250000000 2.685866355900
930.670000000 9.250000000 2.674536943400
936.920000000 10.000000000 2.670398712200
948.920000000 8.500000000 2.655145883600
949.170000000 7.500000000 2.653418064100
936.170000000 10.000000000 2.651892900500
945.670000000 8.000000000 2.646525383000
945.920000000 7.250000000 2.642871618300
933.670000000 10.000000000 2.642491817500
946.170000000 7.750000000 2.628969192500
935.920000000 6.250000000 2.619247436500
929.670000000 6.500000000 2.614345550500
941.670000000 7.000000000 2.607502222100
948.670000000 7.750000000 2.602754116100
930.670000000 10.000000000 2.598181724500
934.170000000 10.000000000 2.576760530500
935.920000000 6.750000000 2.575704097700
945.670000000 7.250000000 2.575636625300
932.670000000 6.250000000 2.569816350900
948.670000000 7.250000000 2.567049503300
932.670000000 6.000000000 2.566146850600
929.420000000 5.750000000 2.560699224500
945.920000000 7.500000000 2.552287101700
937.920000000 7.000000000 2.541106224100
932.170000000 6.000000000 2.540766954400
948.920000000 8.000000000 2.536207199100
930.420000000 6.250000000 2.535939216600
931.920000000 6.000000000 2.534489870100
946.170000000 8.000000000 2.534094333600
932.420000000 6.250000000 2.532140016600
935.420000000 5.750000000 2.530045747800
948.920000000 8.250000000 2.528391122800
930.670000000 6.250000000 2.520950794200
935.920000000 10.000000000 2.519316434900
932.920000000 7.500000000 2.516288757300
930.670000000 5.750000000 2.512765646000
934.420000000 5.750000000 2.508262157400
948.920000000 7.750000000 2.498220920600
930.420000000 9.500000000 2.495518922800
948.670000000 8.500000000 2.481528997400
948.670000000 8.000000000 2.480905532800
948.920000000 7.500000000 2.477291107200
941.420000000 5.750000000 2.477097272900
933.920000000 10.000000000 2.473618984200
940.670000000 7.250000000 2.469420671500
943.920000000 10.000000000 2.469239473300
935.670000000 10.000000000 2.466319799400
930.420000000 9.250000000 2.457283496900
929.420000000 6.500000000 2.448667287800
932.420000000 6.000000000 2.448379516600
931.420000000 6.250000000 2.447839498500
935.170000000 5.750000000 2.444560051000
936.170000000 9.750000000 2.441857099500
930.170000000 9.250000000 2.425835847900
948.670000000 8.250000000 2.423293113700
948.420000000 8.500000000 2.423238277400
945.170000000 7.750000000 2.411860466000
945.920000000 8.000000000 2.402626752900
941.420000000 6.000000000 2.400123834600
931.670000000 6.000000000 2.398326158500
945.420000000 7.500000000 2.397558212300
945.670000000 7.500000000 2.375993013400
935.920000000 6.000000000 2.374053239800
935.420000000 9.750000000 2.372754573800
935.670000000 5.750000000 2.368698358500
945.420000000 7.750000000 2.354501247400
935.920000000 7.000000000 2.352631807300
939.920000000 7.000000000 2.340342998500
930.920000000 6.250000000 2.338323831600
938.920000000 6.750000000 2.320436000800
930.420000000 6.000000000 2.315921306600
930.170000000 6.250000000 2.313826799400
931.420000000 5.750000000 2.306984663000
941.920000000 7.250000000 2.299283981300
930.420000000 9.750000000 2.295968055700
929.670000000 6.000000000 2.294883728000
930.920000000 5.750000000 2.293914079700
941.170000000 5.750000000 2.267390012700
934.920000000 5.750000000 2.259485244800
945.920000000 7.750000000 2.257121801400
935.920000000 9.750000000 2.250054121000
937.670000000 7.000000000 2.250014066700
939.170000000 6.750000000 2.243759870500
938.670000000 6.750000000 2.241835117300
929.920000000 9.500000000 2.238160371800
934.670000000 5.750000000 2.231118679000
945.670000000 7.750000000 2.222510337800
929.670000000 9.750000000 2.208957195300
935.670000000 9.750000000 2.204537391700
929.420000000 10.000000000 2.203651905100
941.170000000 6.500000000 2.182166338000
940.920000000 7.250000000 2.171069383600
931.170000000 6.250000000 2.166329383900
936.170000000 6.500000000 2.146415233600
941.420000000 7.000000000 2.144393444100
929.670000000 10.000000000 2.144376277900
936.170000000 7.000000000 2.141186475800
929.920000000 10.000000000 2.140069961500
931.170000000 5.750000000 2.125533103900
941.170000000 6.250000000 2.115553617500
930.170000000 9.500000000 2.108363151600
931.420000000 6.000000000 2.081712722800
929.920000000 9.750000000 2.077853918100
940.170000000 7.000000000 2.067496061300
939.420000000 6.750000000 2.056163549400
941.170000000 6.750000000 2.052906751600
938.420000000 6.750000000 2.050117492700
936.170000000 6.250000000 2.049512624700
940.920000000 5.750000000 2.048141002700
936.170000000 6.750000000 2.036415576900
941.670000000 7.250000000 2.029255867000
936.420000000 7.000000000 2.011092424400
935.920000000 5.750000000 2.003716707200
930.420000000 10.000000000 1.994588017500
937.420000000 7.000000000 1.993450045600
941.170000000 7.250000000 1.963303446800
929.920000000 6.250000000 1.944469571100
936.170000000 6.000000000 1.901593208300
941.420000000 7.250000000 1.900787234300
936.670000000 7.000000000 1.888421058700
929.670000000 6.250000000 1.879474282300
930.170000000 10.000000000 1.879251718500
941.170000000 6.000000000 1.864367961900
939.670000000 6.750000000 1.830637574200
930.170000000 9.750000000 1.830398321200
938.170000000 6.750000000 1.822813391700
936.920000000 7.000000000 1.822680831000
930.670000000 6.000000000 1.815209627200
937.170000000 7.000000000 1.812405228600
940.420000000 7.000000000 1.786672949800
929.420000000 6.250000000 1.740678191200
941.170000000 7.000000000 1.731764674200
930.920000000 6.000000000 1.727702379200
936.170000000 5.750000000 1.719664573700
929.420000000 6.000000000 1.719302296600
937.920000000 6.750000000 1.709953546500
936.420000000 6.000000000 1.697132468200
940.670000000 5.750000000 1.689420819300
937.670000000 6.750000000 1.679853797000
931.170000000 6.000000000 1.665756464000
936.420000000 6.250000000 1.637510657300
939.920000000 6.750000000 1.625816583600
940.920000000 6.500000000 1.610492348700
940.920000000 6.250000000 1.572550654400
936.420000000 6.500000000 1.524616479900
937.420000000 6.750000000 1.517467021900
940.920000000 7.000000000 1.514865160000
940.670000000 7.000000000 1.514706373200
936.420000000 5.750000000 1.500278592100
940.920000000 6.750000000 1.494308352500
940.920000000 6.000000000 1.483147978800
940.170000000 6.750000000 1.451752781900
936.420000000 6.750000000 1.430401802100
938.920000000 6.500000000 1.401973366700
936.670000000 6.250000000 1.370013833000
939.170000000 6.500000000 1.361023187600
938.670000000 6.500000000 1.355898141900
936.670000000 6.000000000 1.330944538100
939.420000000 6.500000000 1.279880523700
940.420000000 5.750000000 1.270552158400
938.420000000 6.500000000 1.266314864200
940.670000000 6.250000000 1.266004681600
940.420000000 6.750000000 1.249526023900
937.170000000 6.750000000 1.245895981800
940.670000000 6.500000000 1.243292689300
940.670000000 6.000000000 1.242410183000
936.670000000 6.500000000 1.230740904800
939.670000000 6.500000000 1.210453510300
938.170000000 6.500000000 1.203029632600
937.920000000 6.500000000 1.189134001700
940.670000000 6.750000000 1.188434004800
937.670000000 6.500000000 1.172867298100
939.920000000 6.500000000 1.168903708500
940.420000000 6.250000000 1.156478762600
936.670000000 5.750000000 1.131577611000
940.170000000 6.250000000 1.129668474200
940.170000000 6.500000000 1.119228839900
937.420000000 6.500000000 1.116284847300
940.420000000 6.500000000 1.114372015000
939.920000000 6.250000000 1.110525846500
940.420000000 6.000000000 1.108864784200
937.670000000 5.750000000 1.094308137900
940.170000000 6.000000000 1.088848948500
936.920000000 6.250000000 1.085397005100
936.920000000 6.500000000 1.082896232600
939.920000000 6.000000000 1.080961346600
936.670000000 6.750000000 1.080946922300
937.420000000 5.750000000 1.079998254800
939.670000000 6.000000000 1.055517077400
939.670000000 6.250000000 1.055231094400
936.920000000 6.750000000 0.997969567800
937.920000000 5.750000000 0.991446793100
939.420000000 6.000000000 0.987651467300
937.170000000 6.500000000 0.983180284500
937.170000000 5.750000000 0.981518149400
939.420000000 6.250000000 0.977047205000
939.670000000 5.750000000 0.964583754500
939.920000000 5.750000000 0.955903291700
940.170000000 5.750000000 0.949924945800
939.420000000 5.750000000 0.949599623700
938.420000000 6.250000000 0.947665333700
936.920000000 6.000000000 0.947114586800
938.170000000 6.250000000 0.940394759200
939.170000000 5.750000000 0.906315147900
936.920000000 5.750000000 0.906086027600
939.170000000 6.000000000 0.875521600200
937.420000000 6.000000000 0.871002972100
939.170000000 6.250000000 0.862855136400
937.670000000 6.000000000 0.861147999800
937.170000000 6.250000000 0.860504150400
938.920000000 5.750000000 0.848183870300
937.170000000 6.000000000 0.840476930100
938.670000000 6.250000000 0.832355082000
937.920000000 6.250000000 0.831845164300
938.170000000 5.750000000 0.822250545000
938.920000000 6.250000000 0.817315518900
938.670000000 5.750000000 0.781014621300
937.920000000 6.000000000 0.777333498000
937.670000000 6.250000000 0.766295790700
937.420000000 6.250000000 0.762158215000
938.920000000 6.000000000 0.756706118600
938.420000000 5.750000000 0.702246427500
938.670000000 6.000000000 0.670176804100
938.170000000 6.000000000 0.627445936200
938.420000000 6.000000000 0.596540391400
