841.510000000 8.600000000 116.756294250500
841.510000000 8.400000000 116.542129516600
841.510000000 8.800000000 116.239547729500
841.510000000 8.200000000 115.728515625000
841.510000000 8.000000000 115.585166931200
841.510000000 9.000000000 115.337944030800
841.510000000 9.200000000 114.725997924800
841.510000000 7.800000000 114.382408142100
841.510000000 9.400000000 114.034011840800
841.260000000 8.800000000 114.008071899400
841.260000000 9.000000000 113.892478942900
841.260000000 8.600000000 113.712799072300
841.260000000 9.200000000 113.559883117700
841.260000000 9.400000000 113.179649353000
841.260000000 8.200000000 113.002441406200
841.760000000 8.800000000 112.975837707500
841.260000000 8.400000000 112.952804565400
841.760000000 8.600000000 112.946311950700
841.510000000 9.600000000 112.924385070800
841.510000000 7.600000000 112.831993103000
841.260000000 9.600000000 112.708389282200
841.760000000 9.000000000 112.437141418500
841.760000000 8.200000000 112.169540405300
841.260000000 9.800000000 112.090629577600
841.760000000 8.400000000 111.994102478000
841.260000000 8.000000000 111.954566955600
841.510000000 9.800000000 111.744209289600
841.760000000 9.200000000 111.617195129400
841.510000000 7.400000000 111.417694091800
841.260000000 7.800000000 111.363868713400
841.260000000 10.000000000 111.301628112800
841.760000000 8.000000000 111.069229126000
841.510000000 10.000000000 110.954673767100
841.760000000 9.400000000 110.710304260300
841.760000000 7.800000000 110.133972168000
841.260000000 7.600000000 109.997673034700
841.760000000 9.600000000 109.738098144500
841.510000000 7.200000000 109.285911560100
841.760000000 9.800000000 108.613014221200
841.260000000 7.400000000 108.474105835000
841.760000000 7.600000000 108.159202575700
841.760000000 10.000000000 107.267089843800
841.510000000 7.000000000 107.054687500000
841.260000000 7.200000000 106.835456848100
842.010000000 8.800000000 106.732276916500
842.010000000 9.000000000 106.501884460400
842.010000000 8.600000000 106.366348266600
842.010000000 9.200000000 105.946052551300
841.760000000 7.400000000 105.937576293900
842.010000000 9.400000000 105.234840393100
842.010000000 8.400000000 105.069473266600
842.010000000 8.200000000 105.013145446800
841.260000000 7.000000000 104.902145385700
841.010000000 9.200000000 104.730308532700
841.010000000 9.000000000 104.701614379900
841.010000000 9.400000000 104.649375915500
841.010000000 8.800000000 104.473136901900
841.010000000 9.600000000 104.396469116200
842.010000000 9.600000000 104.372070312500
841.510000000 6.800000000 104.107070922900
841.010000000 8.600000000 103.954551696800
841.010000000 9.800000000 103.849716186500
841.760000000 7.200000000 103.742790222200
842.010000000 8.000000000 103.625221252400
841.010000000 8.400000000 103.297019958500
842.010000000 9.800000000 103.238212585400
841.010000000 8.200000000 103.032676696800
841.010000000 10.000000000 102.942947387700
841.260000000 6.800000000 102.327430725100
842.010000000 7.800000000 102.250747680700
841.010000000 8.000000000 102.059608459500
842.010000000 10.000000000 101.714241027800
841.760000000 7.000000000 101.193138122600
841.010000000 7.800000000 101.181175231900
842.260000000 9.000000000 101.023658752400
842.260000000 8.800000000 100.996238708500
841.510000000 6.600000000 100.750015258800
842.260000000 9.200000000 100.712066650400
842.260000000 8.600000000 100.387634277300
842.260000000 9.400000000 100.200996398900
846.760000000 5.800000000 100.050025939900
842.010000000 7.600000000 99.792640686000
841.010000000 7.600000000 99.766815185500
841.260000000 6.600000000 99.526351928700
842.260000000 9.600000000 99.474395752000
846.510000000 5.800000000 99.413040161100
842.260000000 8.400000000 98.893753051800
841.010000000 7.400000000 98.591270446800
842.260000000 9.800000000 98.387451171900
842.260000000 8.200000000 98.306945800800
841.760000000 6.800000000 97.644012451200
842.010000000 7.400000000 97.574867248500
846.760000000 6.000000000 97.139595031700
841.010000000 7.200000000 97.068717956500
842.260000000 8.000000000 96.804817199700
842.260000000 10.000000000 96.771514892600
841.510000000 6.400000000 96.727348327600
841.260000000 6.400000000 96.344436645500
842.510000000 9.000000000 95.300720214800
842.510000000 9.200000000 95.212394714400
841.010000000 7.000000000 95.172828674300
842.510000000 8.800000000 95.029205322300
842.510000000 9.400000000 94.870254516600
842.260000000 7.800000000 94.863891601600
842.010000000 7.200000000 94.826004028300
842.510000000 9.600000000 94.241386413600
842.510000000 8.600000000 94.201255798300
841.760000000 6.600000000 93.929893493700
841.010000000 6.800000000 93.343147277800
842.510000000 9.800000000 93.170433044400
846.510000000 6.000000000 93.138572692900
842.510000000 8.400000000 92.568298339800
841.260000000 6.200000000 92.320068359400
842.260000000 7.600000000 92.225570678700
847.010000000 5.800000000 92.175720214800
842.010000000 7.000000000 91.916015625000
841.510000000 6.200000000 91.879623413100
842.510000000 8.200000000 91.697631835900
842.510000000 10.000000000 91.467002868700
847.010000000 6.000000000 91.294677734400
841.010000000 6.600000000 90.989006042500
842.510000000 8.000000000 90.042953491200
842.260000000 7.400000000 89.932182312000
841.760000000 6.400000000 89.545387268100
846.260000000 5.800000000 89.268081665000
840.760000000 9.200000000 88.806610107400
840.760000000 9.000000000 88.789344787600
840.760000000 9.400000000 88.614418029800
840.760000000 8.800000000 88.563613891600
840.760000000 9.600000000 88.456031799300
842.010000000 6.800000000 88.426254272500
840.760000000 9.800000000 88.416793823200
841.010000000 6.400000000 88.334838867200
840.760000000 8.600000000 88.294303894000
840.760000000 10.000000000 88.242294311500
840.760000000 8.400000000 88.110939025900
842.510000000 7.800000000 87.793952941900
840.760000000 8.200000000 87.688255310100
846.760000000 6.200000000 87.630416870100
841.260000000 6.000000000 87.237609863300
842.760000000 9.200000000 87.188560485800
842.760000000 9.000000000 87.080734252900
842.760000000 9.400000000 87.010246276900
842.260000000 7.200000000 86.941963195800
840.760000000 8.000000000 86.862747192400
842.760000000 8.800000000 86.619796752900
842.760000000 9.600000000 86.501731872600
847.010000000 6.200000000 86.458717346200
840.760000000 7.800000000 86.194847106900
841.510000000 6.000000000 85.701530456500
842.760000000 8.600000000 85.668029785200
847.010000000 6.400000000 85.536598205600
842.760000000 9.800000000 85.516777038600
842.510000000 7.600000000 85.242523193400
841.010000000 6.200000000 85.197128295900
840.760000000 7.600000000 85.127548217800
846.760000000 6.400000000 84.870124816900
847.010000000 6.600000000 84.716079711900
842.010000000 6.600000000 84.469703674300
841.760000000 6.200000000 84.328224182100
840.760000000 7.400000000 84.207221984900
846.260000000 6.000000000 84.082084655800
842.760000000 8.400000000 84.054824829100
847.010000000 6.800000000 83.898445129400
842.760000000 10.000000000 83.877334594700
846.760000000 6.600000000 83.646774292000
842.260000000 7.000000000 83.388153076200
846.510000000 6.200000000 83.367149353000
842.760000000 8.200000000 83.161590576200
847.010000000 7.000000000 83.066642761200
846.010000000 5.800000000 83.012870788600
840.760000000 7.200000000 82.961082458500
846.260000000 6.200000000 82.917762756300
842.510000000 7.400000000 82.706840515100
846.760000000 6.800000000 82.523361206100
846.510000000 6.400000000 82.242546081500
847.010000000 7.200000000 82.226684570300
847.260000000 5.800000000 81.806396484400
846.260000000 6.400000000 81.736816406200
847.010000000 7.400000000 81.566169738800
840.760000000 7.000000000 81.560958862300
846.760000000 7.000000000 81.499900817900
846.010000000 6.000000000 81.472694397000
842.760000000 8.000000000 81.463760376000
847.260000000 6.000000000 81.452033996600
841.010000000 6.000000000 81.418670654300
846.510000000 6.600000000 81.137985229500
847.260000000 6.200000000 81.064949035600
847.260000000 6.400000000 80.738418579100
847.010000000 7.600000000 80.621383667000
846.260000000 6.600000000 80.568138122600
846.760000000 7.200000000 80.527473449700
847.260000000 6.600000000 80.305725097700
846.510000000 6.800000000 80.091224670400
841.260000000 5.800000000 80.071533203100
847.010000000 7.800000000 80.000450134300
842.260000000 6.800000000 79.973648071300
847.260000000 6.800000000 79.948593139600
846.010000000 6.200000000 79.947761535600
840.760000000 6.800000000 79.946022033700
842.010000000 6.400000000 79.870712280300
842.510000000 7.200000000 79.613090515100
847.260000000 7.000000000 79.511138916000
846.760000000 7.400000000 79.386795043900
847.010000000 8.000000000 79.280929565400
842.760000000 7.800000000 79.273643493700
846.260000000 6.800000000 79.265151977500
847.260000000 7.200000000 79.074584960900
846.510000000 7.000000000 79.008903503400
847.260000000 7.400000000 78.731445312500
846.760000000 7.600000000 78.594612121600
846.010000000 6.400000000 78.550025939900
847.010000000 8.200000000 78.495780944800
846.260000000 7.000000000 78.330787658700
840.760000000 6.600000000 78.182617187500
846.510000000 7.200000000 78.131431579600
847.260000000 7.600000000 78.130073547400
841.760000000 6.000000000 77.906600952100
847.260000000 7.800000000 77.868186950700
847.010000000 8.400000000 77.697425842300
846.760000000 7.800000000 77.654502868700
847.260000000 8.000000000 77.403892517100
846.010000000 6.600000000 77.247802734400
846.510000000 7.400000000 77.135116577100
846.260000000 7.200000000 77.097587585400
841.510000000 5.800000000 77.079643249500
847.010000000 8.600000000 76.953720092800
842.760000000 7.600000000 76.910232543900
847.260000000 8.200000000 76.855598449700
846.760000000 8.000000000 76.669258117700
846.510000000 7.600000000 76.370368957500
841.010000000 5.800000000 76.366882324200
847.260000000 8.400000000 76.271835327100
847.010000000 8.800000000 76.247398376500
846.260000000 7.400000000 76.129600524900
842.510000000 7.000000000 76.122367858900
840.760000000 6.400000000 76.116188049300
846.760000000 8.200000000 75.910461425800
842.260000000 6.600000000 75.834030151400
846.010000000 6.800000000 75.812065124500
847.260000000 8.600000000 75.767715454100
843.010000000 9.200000000 75.667732238800
847.010000000 9.000000000 75.586814880400
843.010000000 9.400000000 75.576065063500
846.510000000 7.800000000 75.502922058100
843.010000000 9.000000000 75.488487243700
847.260000000 8.800000000 75.241310119600
843.010000000 9.600000000 75.172027587900
846.760000000 8.400000000 75.167778015100
846.260000000 7.600000000 75.157371521000
843.010000000 8.800000000 75.001907348600
847.010000000 9.200000000 74.945091247600
847.260000000 9.000000000 74.800804138200
842.010000000 6.200000000 74.758544921900
846.510000000 8.000000000 74.636924743700
846.010000000 7.000000000 74.470252990700
842.760000000 7.400000000 74.444038391100
846.760000000 8.600000000 74.397407531700
847.260000000 9.200000000 74.377052307100
843.010000000 9.800000000 74.338386535600
847.010000000 9.400000000 74.269996643100
845.760000000 5.800000000 74.240310668900
846.260000000 7.800000000 74.147857666000
843.010000000 8.600000000 74.123817443800
847.260000000 9.400000000 73.926757812500
846.510000000 8.200000000 73.823562622100
840.760000000 6.200000000 73.808876037600
846.760000000 8.800000000 73.626296997100
847.010000000 9.600000000 73.526298522900
847.260000000 9.600000000 73.428237915000
846.260000000 8.000000000 73.144424438500
846.510000000 8.400000000 73.053794860800
846.010000000 7.200000000 72.958786010700
843.010000000 10.000000000 72.935226440400
846.760000000 9.000000000 72.851852417000
843.010000000 8.400000000 72.791740417500
847.260000000 9.800000000 72.746986389200
845.760000000 6.000000000 72.729873657200
847.510000000 6.400000000 72.649574279800
847.510000000 6.200000000 72.636833190900
847.510000000 6.000000000 72.600883483900
847.010000000 9.800000000 72.597862243700
847.510000000 6.600000000 72.546264648400
847.510000000 6.800000000 72.516151428200
847.510000000 5.800000000 72.481666564900
847.510000000 7.000000000 72.438117981000
842.510000000 6.800000000 72.430641174300
846.510000000 8.600000000 72.348045349100
847.510000000 7.200000000 72.268035888700
847.510000000 7.400000000 72.241134643600
847.010000000 10.000000000 72.181190490700
846.260000000 8.200000000 72.158241272000
846.760000000 9.200000000 72.068389892600
847.260000000 10.000000000 72.066421508800
843.010000000 8.200000000 72.062904357900
847.510000000 7.600000000 72.038536071800
847.510000000 7.800000000 71.938438415500
846.010000000 7.400000000 71.824897766100
846.510000000 8.800000000 71.691116333000
847.510000000 8.000000000 71.644378662100
842.760000000 7.200000000 71.539665222200
846.760000000 9.400000000 71.533782959000
847.510000000 8.200000000 71.474693298300
842.260000000 6.400000000 71.399879455600
847.510000000 8.400000000 71.310745239300
845.760000000 6.200000000 71.294296264600
846.260000000 8.400000000 71.211860656700
847.510000000 8.600000000 71.083473205600
840.760000000 6.000000000 71.062767028800
846.510000000 9.000000000 71.044662475600
846.760000000 9.600000000 70.986610412600
847.510000000 8.800000000 70.846008300800
840.510000000 9.200000000 70.790626525900
840.510000000 9.400000000 70.765075683600
840.510000000 9.000000000 70.741348266600
840.510000000 9.600000000 70.662895202600
840.510000000 8.800000000 70.615112304700
846.010000000 7.600000000 70.585113525400
847.510000000 9.000000000 70.572715759300
843.010000000 8.000000000 70.541473388700
840.510000000 8.600000000 70.410118103000
840.510000000 9.800000000 70.381607055700
846.510000000 9.200000000 70.329322814900
846.760000000 9.800000000 70.316497802700
846.260000000 8.600000000 70.277572631800
847.510000000 9.200000000 70.217727661100
840.510000000 8.400000000 70.076232910200
840.510000000 10.000000000 69.918731689500
845.760000000 6.400000000 69.817352294900
847.510000000 9.400000000 69.751785278300
840.510000000 8.200000000 69.578323364300
847.510000000 9.600000000 69.542732238800
841.760000000 5.800000000 69.520240783700
846.760000000 10.000000000 69.477890014600
846.510000000 9.400000000 69.438606262200
846.010000000 7.800000000 69.331443786600
847.510000000 9.800000000 69.304916381800
846.260000000 8.800000000 69.275627136200
840.510000000 8.000000000 69.142791748000
846.510000000 9.600000000 68.995422363300
847.510000000 10.000000000 68.924575805700
843.010000000 7.800000000 68.749549865700
842.010000000 6.000000000 68.712341308600
840.510000000 7.800000000 68.613380432100
846.510000000 9.800000000 68.455635070800
842.510000000 6.600000000 68.444534301800
842.760000000 7.000000000 68.360687255900
845.760000000 6.600000000 68.308784484900
846.260000000 9.000000000 68.096611022900
846.010000000 8.000000000 68.095314025900
840.510000000 7.600000000 67.828895568800
840.760000000 5.800000000 67.652000427200
846.510000000 10.000000000 67.561042785600
846.260000000 9.200000000 67.494926452600
840.510000000 7.400000000 67.064727783200
845.760000000 6.800000000 67.039276123000
846.010000000 8.200000000 66.877380371100
846.260000000 9.400000000 66.735122680700
843.010000000 7.600000000 66.734062194800
842.260000000 6.200000000 66.375602722200
840.510000000 7.200000000 66.193229675300
846.010000000 8.400000000 65.676643371600
846.260000000 9.600000000 65.631652832000
845.760000000 7.000000000 65.483856201200
840.510000000 7.000000000 65.167167663600
847.760000000 8.200000000 64.953559875500
847.760000000 8.400000000 64.930114746100
846.260000000 9.800000000 64.928215026900
847.760000000 8.000000000 64.901092529300
847.760000000 8.600000000 64.853973388700
847.760000000 7.600000000 64.844657897900
842.760000000 6.800000000 64.836486816400
847.760000000 8.800000000 64.796607971200
847.760000000 7.800000000 64.790420532200
847.760000000 9.000000000 64.741516113300
847.760000000 7.400000000 64.677856445300
847.760000000 9.200000000 64.673217773400
843.010000000 7.400000000 64.651489257800
847.760000000 9.400000000 64.581871032700
847.760000000 7.200000000 64.578598022500
847.760000000 7.000000000 64.478355407700
847.760000000 9.600000000 64.457389831500
846.010000000 8.600000000 64.450920105000
847.760000000 6.800000000 64.300384521500
845.760000000 7.200000000 64.293159484900
846.260000000 10.000000000 64.206794738800
847.760000000 9.800000000 64.172142028800
842.510000000 6.400000000 64.166366577100
847.760000000 6.600000000 64.048995971700
840.510000000 6.800000000 64.001144409200
847.760000000 10.000000000 63.883342742900
847.760000000 6.400000000 63.856567382800
847.760000000 6.200000000 63.566036224400
847.760000000 6.000000000 63.173019409200
846.010000000 8.800000000 63.110141754200
845.760000000 7.400000000 62.988845825200
847.760000000 5.800000000 62.738067627000
840.510000000 6.600000000 62.648651123000
843.010000000 7.200000000 62.218360900900
846.010000000 9.000000000 62.107936859100
845.510000000 5.800000000 61.848690033000
845.760000000 7.600000000 61.646068573000
843.260000000 9.200000000 61.528858184800
843.260000000 9.400000000 61.422538757300
843.260000000 9.000000000 61.407470703100
842.760000000 6.600000000 61.372386932400
842.010000000 5.800000000 61.263095855700
840.510000000 6.400000000 61.241752624500
846.010000000 9.200000000 61.179199218800
843.260000000 9.600000000 61.058177948000
843.260000000 8.800000000 61.035469055200
842.260000000 6.000000000 60.843471527100
845.510000000 6.000000000 60.693737030000
843.260000000 8.600000000 60.360294342000
843.260000000 9.800000000 60.356620788600
845.760000000 7.800000000 60.325077056900
846.010000000 9.400000000 59.984767913800
843.260000000 8.400000000 59.705352783200
843.260000000 10.000000000 59.597358703600
840.510000000 6.200000000 59.596302032500
842.510000000 6.200000000 59.583992004400
843.010000000 7.000000000 59.571910858200
845.510000000 6.200000000 59.478950500500
845.760000000 8.000000000 59.067970275900
843.260000000 8.200000000 59.026779174800
846.010000000 9.600000000 58.824790954600
848.010000000 10.000000000 58.432083129900
848.010000000 9.400000000 58.407814025900
848.010000000 9.200000000 58.390403747600
848.010000000 9.600000000 58.359180450400
848.010000000 9.000000000 58.318645477300
845.510000000 6.400000000 58.313018798800
848.010000000 9.800000000 58.262676239000
848.010000000 8.800000000 58.202239990200
848.010000000 8.600000000 58.052391052200
846.010000000 9.800000000 58.017562866200
848.010000000 8.400000000 57.877773284900
845.760000000 8.200000000 57.877593994100
843.260000000 8.000000000 57.786186218300
840.510000000 6.000000000 57.683452606200
848.010000000 8.200000000 57.613952636700
842.760000000 6.400000000 57.524032592800
848.010000000 8.000000000 57.463184356700
848.010000000 7.800000000 57.274929046600
845.510000000 6.600000000 57.177001953100
848.010000000 7.600000000 56.938747406000
848.010000000 7.400000000 56.743534088100
845.760000000 8.400000000 56.725307464600
846.010000000 10.000000000 56.700004577600
843.010000000 6.800000000 56.672477722200
843.260000000 7.800000000 56.588047027600
848.010000000 7.200000000 56.451004028300
848.010000000 7.000000000 56.099010467500
845.510000000 6.800000000 55.955390930200
848.010000000 6.800000000 55.739234924300
845.760000000 8.600000000 55.573368072500
840.510000000 5.800000000 55.454074859600
848.010000000 6.600000000 55.302131652800
843.260000000 7.600000000 54.933162689200
848.010000000 6.400000000 54.889003753700
845.510000000 7.000000000 54.875633239700
842.510000000 6.000000000 54.515457153300
845.760000000 8.800000000 54.373397827100
848.010000000 6.200000000 54.372081756600
842.260000000 5.800000000 54.355056762700
848.010000000 6.000000000 53.805774688700
843.010000000 6.600000000 53.714324951200
840.260000000 9.600000000 53.623500824000
845.510000000 7.200000000 53.622688293500
840.260000000 9.800000000 53.602165222200
840.260000000 9.400000000 53.557041168200
840.260000000 9.200000000 53.517505645800
840.260000000 10.000000000 53.493190765400
840.260000000 9.000000000 53.463012695300
842.760000000 6.200000000 53.417598724400
843.260000000 7.400000000 53.408649444600
840.260000000 8.800000000 53.308013916000
840.260000000 8.600000000 53.097267150900
848.010000000 5.800000000 53.081493377700
845.760000000 9.000000000 53.059555053700
840.260000000 8.400000000 52.885387420700
845.510000000 7.400000000 52.598983764600
840.260000000 8.200000000 52.590969085700
840.260000000 8.000000000 52.181457519500
845.760000000 9.200000000 52.140327453600
840.260000000 7.800000000 51.668304443400
843.260000000 7.200000000 51.571338653600
845.510000000 7.600000000 51.535720825200
848.260000000 10.000000000 51.457370758100
848.260000000 9.800000000 51.252807617200
840.260000000 7.600000000 51.183399200400
845.760000000 9.400000000 51.118640899700
848.260000000 9.600000000 50.974071502700
848.260000000 9.400000000 50.767440795900
848.260000000 9.200000000 50.658786773700
840.260000000 7.400000000 50.533035278300
843.010000000 6.400000000 50.474666595500
848.260000000 9.000000000 50.472553253200
845.510000000 7.800000000 50.464118957500
848.260000000 8.800000000 50.220115661600
848.260000000 8.600000000 49.909370422400
845.760000000 9.600000000 49.855812072800
840.260000000 7.200000000 49.848930358900
845.260000000 5.800000000 49.715778350800
848.260000000 8.400000000 49.614616394000
843.260000000 7.000000000 49.524341583300
848.260000000 8.200000000 49.412910461400
845.510000000 8.000000000 49.391540527300
848.260000000 8.000000000 49.128738403300
840.260000000 7.000000000 49.097045898400
842.760000000 6.000000000 49.033027648900
845.760000000 9.800000000 49.014209747300
842.510000000 5.800000000 48.931167602500
845.260000000 6.000000000 48.857265472400
848.260000000 7.800000000 48.682472229000
848.260000000 7.600000000 48.433910369900
845.510000000 8.200000000 48.348194122300
840.260000000 6.800000000 48.250289917000
845.260000000 6.200000000 48.053138732900
848.260000000 7.400000000 48.012523651100
845.760000000 10.000000000 47.972991943400
848.260000000 7.200000000 47.580871582000
840.260000000 6.600000000 47.325462341300
845.510000000 8.400000000 47.317173004200
843.260000000 6.800000000 47.261932373000
845.260000000 6.400000000 47.209236145000
848.260000000 7.000000000 47.168701171900
843.010000000 6.200000000 47.057151794400
848.260000000 6.800000000 46.772632598900
843.510000000 9.200000000 46.686283111600
843.510000000 9.000000000 46.626094818100
843.510000000 9.400000000 46.564220428500
843.510000000 8.800000000 46.368320465100
848.260000000 6.600000000 46.315914154100
840.260000000 6.400000000 46.308052063000
845.260000000 6.600000000 46.302726745600
845.510000000 8.600000000 46.269001007100
843.510000000 9.600000000 46.241443634000
843.510000000 8.600000000 46.068630218500
848.260000000 6.400000000 45.797744751000
843.510000000 8.400000000 45.792335510300
843.510000000 9.800000000 45.777057647700
843.510000000 10.000000000 45.599678039600
845.260000000 6.800000000 45.493549346900
848.260000000 6.200000000 45.225540161100
843.510000000 8.200000000 45.214275360100
845.510000000 8.800000000 45.177135467500
840.260000000 6.200000000 45.159175872800
843.260000000 6.600000000 44.967357635500
845.260000000 7.000000000 44.607410430900
848.260000000 6.000000000 44.564628601100
842.760000000 5.800000000 44.309452056900
843.510000000 8.000000000 44.307682037400
845.510000000 9.000000000 44.279518127400
840.260000000 6.000000000 43.880290985100
848.260000000 5.800000000 43.768512725800
845.260000000 7.200000000 43.760986328100
843.510000000 7.800000000 43.597423553500
845.510000000 9.200000000 43.392902374300
843.010000000 6.000000000 43.366085052500
848.510000000 10.000000000 43.038780212400
848.510000000 9.800000000 42.927841186500
845.260000000 7.400000000 42.813690185500
848.510000000 9.600000000 42.713489532500
843.510000000 7.600000000 42.513805389400
848.510000000 9.400000000 42.440559387200
840.260000000 5.800000000 42.422332763700
843.260000000 6.400000000 42.406967163100
845.510000000 9.400000000 42.392467498800
848.510000000 9.200000000 42.163696289100
845.260000000 7.600000000 41.958229064900
848.510000000 9.000000000 41.890666961700
848.510000000 8.800000000 41.628967285200
845.510000000 9.600000000 41.451633453400
848.510000000 8.600000000 41.367408752400
843.510000000 7.400000000 41.285831451400
845.260000000 7.800000000 41.124000549300
848.510000000 8.400000000 41.069026947000
848.510000000 8.200000000 40.709152221700
845.510000000 9.800000000 40.637779235800
848.510000000 8.000000000 40.354454040500
845.260000000 8.000000000 40.276657104500
848.510000000 7.800000000 40.090805053700
843.510000000 7.200000000 40.021869659400
848.510000000 7.600000000 39.673851013200
843.260000000 6.200000000 39.651123046900
845.510000000 10.000000000 39.620506286600
843.010000000 5.800000000 39.430900573700
845.260000000 8.200000000 39.421211242700
848.510000000 7.400000000 39.324966430700
840.010000000 9.600000000 39.063648223900
840.010000000 9.400000000 39.040714263900
840.010000000 9.800000000 38.975269317600
848.510000000 7.200000000 38.973628997800
840.010000000 9.200000000 38.971111297600
840.010000000 10.000000000 38.947746276900
840.010000000 9.000000000 38.859203338600
845.010000000 5.800000000 38.849018096900
840.010000000 8.800000000 38.712154388400
848.510000000 7.000000000 38.574089050300
843.510000000 7.000000000 38.567123413100
845.260000000 8.400000000 38.559520721400
840.010000000 8.600000000 38.530925750700
840.010000000 8.400000000 38.315517425500
845.010000000 6.000000000 38.308784484900
848.510000000 6.800000000 38.112689971900
840.010000000 8.200000000 38.047454834000
845.010000000 6.200000000 37.762653350800
848.510000000 6.600000000 37.710147857700
840.010000000 8.000000000 37.698886871300
845.260000000 8.600000000 37.680755615200
840.010000000 7.800000000 37.422832489000
848.510000000 6.400000000 37.223472595200
845.010000000 6.400000000 37.177753448500
843.510000000 6.800000000 37.048213958700
840.010000000 7.600000000 37.045688629200
845.260000000 8.800000000 36.863231658900
848.510000000 6.200000000 36.663818359400
843.260000000 6.000000000 36.645671844500
840.010000000 7.400000000 36.640064239500
845.010000000 6.600000000 36.538444519000
840.010000000 7.200000000 36.149070739700
845.260000000 9.000000000 36.117229461700
848.510000000 6.000000000 36.027992248500
845.010000000 6.800000000 35.906299591100
840.010000000 7.000000000 35.665084838900
845.260000000 9.200000000 35.333442688000
843.510000000 6.600000000 35.289573669400
845.010000000 7.000000000 35.282005310100
848.510000000 5.800000000 35.239513397200
848.760000000 10.000000000 35.177078247100
840.010000000 6.800000000 35.119022369400
848.760000000 9.800000000 34.863185882600
848.760000000 9.600000000 34.713630676300
845.010000000 7.200000000 34.583564758300
848.760000000 9.400000000 34.557811737100
840.010000000 6.600000000 34.516677856400
845.260000000 9.400000000 34.477909088100
848.760000000 9.200000000 34.357955932600
848.760000000 9.000000000 34.124099731400
845.010000000 7.400000000 33.905700683600
840.010000000 6.400000000 33.879173278800
848.760000000 8.800000000 33.862461090100
845.260000000 9.600000000 33.741600036600
843.760000000 9.200000000 33.597423553500
843.760000000 9.000000000 33.565944671600
848.760000000 8.600000000 33.565467834500
843.760000000 8.800000000 33.539253234900
843.760000000 9.400000000 33.507106781000
843.760000000 9.600000000 33.437118530300
843.760000000 8.600000000 33.427249908400
843.510000000 6.400000000 33.425121307400
843.260000000 5.800000000 33.414421081500
843.760000000 9.800000000 33.336563110400
848.760000000 8.400000000 33.301586151100
845.010000000 7.600000000 33.260814666700
843.760000000 8.400000000 33.173458099400
843.760000000 10.000000000 33.159954071000
840.010000000 6.200000000 33.156505584700
848.760000000 8.200000000 33.102069854700
845.260000000 9.800000000 33.020553588900
848.760000000 8.000000000 32.798862457300
843.760000000 8.200000000 32.722602844200
845.010000000 7.800000000 32.580654144300
848.760000000 7.800000000 32.500869751000
840.010000000 6.000000000 32.357295990000
843.760000000 8.000000000 32.265144348100
848.760000000 7.600000000 32.187984466600
845.260000000 10.000000000 32.155761718800
848.760000000 7.400000000 31.908380508400
845.010000000 8.000000000 31.891927719100
843.760000000 7.800000000 31.700580596900
848.760000000 7.200000000 31.574140548700
840.010000000 5.800000000 31.467500686600
843.510000000 6.200000000 31.365423202500
848.760000000 7.000000000 31.225549697900
845.010000000 8.200000000 31.208152771000
843.760000000 7.600000000 31.052608490000
848.760000000 6.800000000 30.833400726300
845.010000000 8.400000000 30.531673431400
848.760000000 6.600000000 30.462654113800
843.760000000 7.400000000 30.251873016400
844.760000000 5.800000000 30.054679870600
848.760000000 6.400000000 30.020994186400
845.010000000 8.600000000 29.856246948200
844.760000000 6.000000000 29.686824798600
848.760000000 6.200000000 29.528703689600
843.760000000 7.200000000 29.384849548300
844.760000000 6.200000000 29.285383224500
845.010000000 8.800000000 29.169408798200
843.510000000 6.000000000 29.140113830600
848.760000000 6.000000000 28.942270278900
844.760000000 6.400000000 28.858932495100
849.010000000 10.000000000 28.818881988500
849.010000000 9.800000000 28.694131851200
849.010000000 9.600000000 28.530260086100
845.010000000 9.000000000 28.454959869400
843.760000000 7.000000000 28.454135894800
844.760000000 6.600000000 28.382310867300
849.010000000 9.400000000 28.343202590900
848.760000000 5.800000000 28.172454834000
849.010000000 9.200000000 28.156177520800
849.010000000 9.000000000 27.983507156400
844.760000000 6.800000000 27.919454574600
845.010000000 9.200000000 27.830141067500
849.010000000 8.800000000 27.813537597700
849.010000000 8.600000000 27.628591537500
839.760000000 10.000000000 27.499025344800
839.760000000 9.800000000 27.444780349700
844.760000000 7.000000000 27.433681488000
839.760000000 9.400000000 27.430673599200
843.760000000 6.800000000 27.427938461300
839.760000000 9.200000000 27.422548294100
849.010000000 8.400000000 27.407663345300
839.760000000 9.600000000 27.383062362700
839.760000000 9.000000000 27.365215301500
839.760000000 8.800000000 27.277141571000
845.010000000 9.400000000 27.223800659200
839.760000000 8.600000000 27.169731140100
849.010000000 8.200000000 27.122257232700
839.760000000 8.400000000 27.050104141200
849.010000000 8.000000000 26.974876403800
844.760000000 7.200000000 26.910402298000
839.760000000 8.200000000 26.901300430300
843.510000000 5.800000000 26.729604721100
839.760000000 8.000000000 26.709968566900
849.010000000 7.800000000 26.693025589000
845.010000000 9.600000000 26.556079864500
839.760000000 7.800000000 26.535354614300
849.010000000 7.600000000 26.494171142600
844.760000000 7.400000000 26.369005203200
839.760000000 7.600000000 26.360399246200
843.760000000 6.600000000 26.265930175800
849.010000000 7.400000000 26.234535217300
839.760000000 7.400000000 26.102926254300
849.010000000 7.200000000 25.964424133300
845.010000000 9.800000000 25.924852371200
839.760000000 7.200000000 25.897415161100
844.760000000 7.600000000 25.869607925400
849.010000000 7.000000000 25.679153442400
839.760000000 7.000000000 25.633968353300
845.010000000 10.000000000 25.352392196700
844.760000000 7.800000000 25.341772079500
849.010000000 6.800000000 25.341587066700
839.760000000 6.800000000 25.340347290000
843.760000000 6.400000000 25.036602020300
839.760000000 6.600000000 25.032478332500
849.010000000 6.600000000 25.026021957400
844.760000000 8.000000000 24.804615020800
839.760000000 6.400000000 24.684280395500
849.010000000 6.400000000 24.642995834400
839.760000000 6.200000000 24.314956665000
844.760000000 8.200000000 24.266874313400
844.510000000 5.800000000 24.236713409400
849.010000000 6.200000000 24.210380554200
844.010000000 9.200000000 24.193866729700
844.010000000 9.400000000 24.193710327100
844.010000000 9.000000000 24.173854827900
844.010000000 9.600000000 24.171768188500
844.010000000 8.800000000 24.121644973800
844.010000000 9.800000000 24.115625381500
844.010000000 8.600000000 24.020895004300
844.010000000 10.000000000 23.999408721900
844.510000000 6.000000000 23.945945739700
839.760000000 6.000000000 23.897054672200
844.010000000 8.400000000 23.846311569200
844.760000000 8.400000000 23.730348587000
843.760000000 6.200000000 23.698377609300
849.260000000 10.000000000 23.687894821200
849.010000000 6.000000000 23.685167312600
849.260000000 9.800000000 23.671472549400
849.260000000 9.600000000 23.628038406400
844.510000000 6.200000000 23.607004165600
844.010000000 8.200000000 23.576086044300
849.260000000 9.400000000 23.547636032100
849.260000000 9.200000000 23.446456909200
839.760000000 5.800000000 23.428274154700
849.260000000 9.000000000 23.334909439100
844.510000000 6.400000000 23.255609512300
844.010000000 8.000000000 23.254636764500
849.260000000 8.800000000 23.204011917100
844.760000000 8.600000000 23.190408706700
849.260000000 8.600000000 23.041067123400
849.260000000 8.400000000 22.944250106800
844.010000000 7.800000000 22.935939788800
849.010000000 5.800000000 22.933549881000
844.510000000 6.600000000 22.899417877200
849.260000000 8.200000000 22.820013046300
844.760000000 8.800000000 22.639158248900
849.260000000 8.000000000 22.614791870100
844.510000000 6.800000000 22.519327163700
844.010000000 7.600000000 22.497520446800
849.260000000 7.800000000 22.496608734100
849.260000000 7.600000000 22.318401336700
843.760000000 6.000000000 22.287815094000
849.260000000 7.400000000 22.117940902700
844.760000000 9.000000000 22.110607147200
844.510000000 7.000000000 22.102701187100
844.010000000 7.400000000 22.052663803100
849.260000000 7.200000000 21.919696807900
849.260000000 7.000000000 21.712524414100
844.510000000 7.200000000 21.707323074300
844.760000000 9.200000000 21.627340316800
844.010000000 7.200000000 21.548246383700
849.260000000 6.800000000 21.452632904100
844.510000000 7.400000000 21.295141220100
844.260000000 5.800000000 21.235902786300
849.260000000 6.600000000 21.192501068100
844.760000000 9.400000000 21.116109848000
835.260000000 5.800000000 20.997543335000
844.010000000 7.000000000 20.986082077000
844.260000000 6.000000000 20.969659805300
843.760000000 5.800000000 20.925615310700
849.260000000 6.400000000 20.895051956200
844.510000000 7.600000000 20.868005752600
844.260000000 6.200000000 20.678421020500
844.760000000 9.600000000 20.594766616800
849.260000000 6.200000000 20.527730941800
844.510000000 7.800000000 20.438545227100
835.260000000 6.000000000 20.435550689700
844.010000000 6.800000000 20.386308670000
844.260000000 6.400000000 20.382993698100
844.760000000 9.800000000 20.144712448100
844.260000000 6.600000000 20.075496673600
849.260000000 6.000000000 20.056322097800
844.510000000 8.000000000 20.014923095700
835.010000000 5.800000000 19.988473892200
844.010000000 5.800000000 19.902996063200
835.260000000 6.200000000 19.856664657600
844.010000000 6.600000000 19.775936126700
849.510000000 10.000000000 19.734865188600
844.260000000 6.800000000 19.734518051100
849.510000000 9.800000000 19.714084625200
849.510000000 9.400000000 19.699016571000
844.010000000 6.000000000 19.697425842300
849.510000000 9.600000000 19.693216323900
849.510000000 9.200000000 19.682437896700
849.510000000 9.000000000 19.657466888400
849.510000000 8.800000000 19.654085159300
844.760000000 10.000000000 19.634904861500
849.510000000 8.600000000 19.631546020500
844.510000000 8.200000000 19.597528457600
849.510000000 8.400000000 19.576084137000
844.010000000 6.200000000 19.487852096600
849.510000000 8.200000000 19.478147506700
835.510000000 5.800000000 19.473627090500
849.510000000 8.000000000 19.441370010400
844.260000000 7.000000000 19.415903091400
835.010000000 6.000000000 19.363981246900
849.260000000 5.800000000 19.358287811300
849.510000000 7.800000000 19.339525222800
844.010000000 6.400000000 19.272680282600
835.260000000 6.400000000 19.272352218600
849.510000000 7.600000000 19.244499206500
844.510000000 8.400000000 19.183191299400
849.510000000 7.400000000 19.142852783200
839.510000000 9.000000000 19.120307922400
839.510000000 8.800000000 19.106744766200
839.510000000 9.200000000 19.105827331500
839.510000000 8.600000000 19.084796905500
844.260000000 7.200000000 19.078222274800
839.510000000 9.800000000 19.060733795200
839.510000000 8.400000000 19.052305221600
839.510000000 9.400000000 19.044805526700
839.510000000 9.600000000 19.027294158900
839.510000000 10.000000000 19.019289016700
849.510000000 7.200000000 19.013151168800
839.510000000 8.200000000 19.007778167700
839.510000000 8.000000000 18.941728591900
835.510000000 6.000000000 18.939958572400
849.510000000 7.000000000 18.885314941400
839.510000000 7.800000000 18.839645385700
839.510000000 7.600000000 18.804750442500
844.260000000 9.200000000 18.785730361900
844.260000000 9.000000000 18.781160354600
844.510000000 8.600000000 18.766233444200
844.260000000 9.400000000 18.753780365000
844.260000000 8.800000000 18.745489120500
844.260000000 7.400000000 18.739122390700
835.010000000 6.200000000 18.723770141600
839.510000000 7.400000000 18.721916198700
849.510000000 6.800000000 18.721511840800
835.260000000 6.600000000 18.692193985000
844.260000000 8.600000000 18.683317184400
844.260000000 9.600000000 18.674922943100
844.260000000 9.800000000 18.642072677600
839.510000000 7.200000000 18.624851226800
844.260000000 8.400000000 18.599447250400
844.260000000 10.000000000 18.589876174900
849.510000000 6.600000000 18.539491653400
839.510000000 7.000000000 18.501369476300
844.260000000 8.200000000 18.495594024700
844.260000000 7.600000000 18.411695480300
835.510000000 6.200000000 18.411525726300
839.510000000 6.800000000 18.400966644300
844.260000000 8.000000000 18.383251190200
844.510000000 8.800000000 18.365016937300
849.510000000 6.400000000 18.327234268200
839.510000000 6.600000000 18.271877288800
844.260000000 7.800000000 18.271795272800
835.260000000 6.800000000 18.124629974400
839.510000000 6.400000000 18.117710113500
835.010000000 6.400000000 18.063743591300
849.510000000 6.200000000 18.054557800300
844.510000000 9.000000000 17.989257812500
839.510000000 6.200000000 17.980449676500
835.510000000 6.400000000 17.901090621900
839.510000000 6.000000000 17.801259994500
849.510000000 6.000000000 17.688985824600
844.510000000 9.200000000 17.640266418500
839.510000000 5.800000000 17.603256225600
835.260000000 7.000000000 17.549428939800
835.760000000 5.800000000 17.471702575700
835.010000000 6.600000000 17.432302475000
835.510000000 6.600000000 17.382247924800
844.510000000 9.400000000 17.345981597900
844.510000000 9.600000000 17.132488250700
849.510000000 5.800000000 17.094102859500
835.760000000 6.000000000 17.039161682100
835.260000000 7.200000000 17.016002655000
844.510000000 9.800000000 16.968410491900
849.760000000 7.600000000 16.903575897200
849.760000000 7.800000000 16.900417327900
849.760000000 7.400000000 16.893650054900
835.510000000 6.800000000 16.880138397200
849.760000000 8.200000000 16.873733520500
849.760000000 7.200000000 16.872230529800
849.760000000 8.000000000 16.865777969400
849.760000000 8.400000000 16.823654174800
849.760000000 7.000000000 16.821025848400
844.510000000 10.000000000 16.813446044900
835.010000000 6.800000000 16.798004150400
849.760000000 8.600000000 16.785314559900
849.760000000 6.800000000 16.781948089600
849.760000000 8.800000000 16.758565902700
849.760000000 6.600000000 16.709449768100
849.760000000 9.000000000 16.701812744100
849.760000000 9.200000000 16.632135391200
849.760000000 6.400000000 16.611742019700
835.760000000 6.200000000 16.601417541500
849.760000000 9.400000000 16.559043884300
849.760000000 9.600000000 16.480653762800
849.760000000 6.200000000 16.471933364900
835.260000000 7.400000000 16.468624115000
835.510000000 7.000000000 16.399362564100
849.760000000 9.800000000 16.392889022800
836.010000000 5.800000000 16.309181213400
849.760000000 10.000000000 16.294479370100
849.760000000 6.000000000 16.250938415500
835.010000000 7.000000000 16.166107177700
835.760000000 6.400000000 16.164695739700
836.010000000 6.000000000 16.008049011200
834.760000000 5.800000000 16.004623413100
836.260000000 5.800000000 15.949397087100
835.260000000 7.600000000 15.938895225500
835.510000000 7.200000000 15.930353164700
836.260000000 6.000000000 15.765626907300
849.760000000 5.800000000 15.763269424400
835.760000000 6.600000000 15.727372169500
836.010000000 6.200000000 15.673209190400
836.510000000 5.800000000 15.653349876400
836.510000000 6.000000000 15.561275482200
835.010000000 7.200000000 15.544822692900
836.260000000 6.200000000 15.529136657700
835.510000000 7.400000000 15.446559906000
836.510000000 6.200000000 15.414793014500
835.260000000 7.800000000 15.392906189000
850.010000000 6.200000000 15.372642517100
850.010000000 6.400000000 15.359169960000
836.010000000 6.400000000 15.312259674100
850.010000000 6.600000000 15.304839134200
850.010000000 6.000000000 15.300527572600
834.760000000 6.000000000 15.297767639200
835.760000000 6.800000000 15.295329093900
836.260000000 6.400000000 15.249618530300
850.010000000 6.800000000 15.246448516800
836.510000000 6.400000000 15.221426963800
850.010000000 7.000000000 15.149034500100
850.010000000 7.200000000 15.070226669300
835.510000000 7.600000000 15.013113975500
836.510000000 6.600000000 15.005046844500
835.010000000 7.400000000 14.963128089900
850.010000000 7.400000000 14.958660125700
836.260000000 6.600000000 14.956151008600
836.010000000 6.600000000 14.951383590700
835.260000000 8.000000000 14.903841018700
835.760000000 7.000000000 14.873321533200
850.010000000 7.600000000 14.847719192500
836.760000000 5.800000000 14.845812797500
836.760000000 6.000000000 14.817448616000
836.510000000 6.800000000 14.760996818500
836.760000000 6.200000000 14.744771957400
850.010000000 7.800000000 14.732829093900
850.010000000 5.800000000 14.723132133500
836.260000000 6.800000000 14.640147209200
836.760000000 6.400000000 14.633968353300
834.760000000 6.200000000 14.608035087600
850.010000000 8.000000000 14.583726882900
836.010000000 6.800000000 14.579018592800
835.510000000 7.800000000 14.564544677700
836.760000000 6.600000000 14.498517990100
836.510000000 7.000000000 14.489737510700
850.010000000 8.200000000 14.461136817900
835.760000000 7.200000000 14.455055236800
835.260000000 8.200000000 14.412897110000
835.010000000 7.600000000 14.365472793600
836.760000000 6.800000000 14.339593887300
836.260000000 7.000000000 14.304682731600
850.010000000 8.400000000 14.297034263600
836.510000000 7.200000000 14.216970443700
836.010000000 7.000000000 14.201262474100
850.260000000 6.000000000 14.189491272000
850.260000000 6.200000000 14.184305191000
850.010000000 8.600000000 14.179803848300
836.760000000 7.000000000 14.155299186700
835.510000000 8.000000000 14.120840072600
835.760000000 7.400000000 14.048022270200
850.260000000 6.400000000 14.030913353000
850.010000000 8.800000000 14.019873619100
836.260000000 7.200000000 13.970292091400
836.760000000 7.200000000 13.968297004700
834.760000000 6.400000000 13.932238578800
835.260000000 8.400000000 13.929928779600
836.510000000 7.400000000 13.925018310500
850.260000000 6.600000000 13.852900505100
850.010000000 9.000000000 13.839756965600
836.010000000 7.200000000 13.817958831800
835.010000000 7.800000000 13.809351921100
836.760000000 7.400000000 13.753446579000
835.510000000 8.200000000 13.715501785300
850.010000000 9.200000000 13.654412269600
835.760000000 7.600000000 13.654113769500
850.260000000 6.800000000 13.648645401000
836.260000000 7.400000000 13.630435943600
836.510000000 7.600000000 13.621612548800
837.010000000 6.000000000 13.547080040000
836.760000000 7.600000000 13.532160759000
837.010000000 5.800000000 13.531680107100
837.010000000 6.200000000 13.528780937200
837.010000000 6.400000000 13.486190795900
850.010000000 9.400000000 13.474968910200
836.010000000 7.400000000 13.459827423100
835.260000000 8.600000000 13.458572387700
850.260000000 7.000000000 13.435094833400
837.010000000 6.600000000 13.417910575900
837.010000000 6.800000000 13.333065986600
835.510000000 8.400000000 13.314628601100
836.510000000 7.800000000 13.309573173500
850.010000000 9.600000000 13.304552078200
834.760000000 6.600000000 13.295688629200
836.760000000 7.800000000 13.286846160900
836.260000000 7.600000000 13.280341148400
835.760000000 7.800000000 13.276079177900
835.010000000 8.000000000 13.272463798500
837.010000000 7.000000000 13.238132476800
850.260000000 7.200000000 13.206338882400
850.010000000 9.800000000 13.141122818000
837.010000000 7.200000000 13.126301765400
839.260000000 8.000000000 13.103346824600
839.260000000 8.200000000 13.098031044000
839.260000000 7.400000000 13.094929695100
839.260000000 7.800000000 13.089229583700
839.260000000 8.400000000 13.083485603300
836.010000000 7.600000000 13.080508232100
839.260000000 7.600000000 13.071208000200
839.260000000 8.600000000 13.063726425200
839.260000000 7.000000000 13.059500694300
836.760000000 8.000000000 13.055879592900
839.260000000 7.200000000 13.054081916800
839.260000000 8.800000000 13.037005424500
839.260000000 6.800000000 13.029281616200
850.260000000 5.800000000 13.021049499500
836.510000000 8.000000000 13.007555961600
839.260000000 9.000000000 13.001433372500
835.260000000 8.800000000 13.000969886800
839.260000000 6.600000000 12.993988990800
837.010000000 7.400000000 12.987564086900
850.260000000 7.400000000 12.986608505200
850.010000000 10.000000000 12.980188369800
839.260000000 6.400000000 12.962300300600
839.260000000 9.200000000 12.942991256700
836.260000000 7.800000000 12.935117721600
835.510000000 8.600000000 12.921007156400
839.260000000 6.200000000 12.917884826700
835.760000000 8.000000000 12.897310257000
839.260000000 6.000000000 12.869220733600
837.010000000 7.600000000 12.856734275800
839.260000000 9.600000000 12.851643562300
839.260000000 9.400000000 12.843847274800
839.260000000 9.800000000 12.819497108500
839.260000000 5.800000000 12.811380386400
836.760000000 8.200000000 12.809819221500
850.260000000 7.600000000 12.753927230800
835.010000000 8.200000000 12.744086265600
836.010000000 7.800000000 12.734759330700
839.260000000 10.000000000 12.722640991200
837.010000000 7.800000000 12.703335762000
836.510000000 8.200000000 12.695686340300
834.760000000 6.800000000 12.680255889900
836.260000000 8.000000000 12.600556373600
835.260000000 9.000000000 12.555747032200
836.760000000 8.400000000 12.554995536800
835.510000000 8.800000000 12.535695076000
850.510000000 6.200000000 12.534379005400
837.010000000 8.000000000 12.532514572100
835.760000000 8.200000000 12.526587486300
850.260000000 7.800000000 12.518343925500
836.010000000 8.000000000 12.386628150900
836.510000000 8.400000000 12.381030082700
837.010000000 8.200000000 12.370851516700
850.510000000 6.400000000 12.311141014100
850.510000000 6.000000000 12.305703163100
836.760000000 8.600000000 12.294805526700
836.260000000 8.200000000 12.262809753400
850.260000000 8.000000000 12.257957458500
835.010000000 8.400000000 12.233858108500
837.010000000 8.400000000 12.196634292600
835.760000000 8.400000000 12.169169426000
835.510000000 9.000000000 12.157050132800
835.260000000 9.200000000 12.118251800500
834.760000000 7.000000000 12.088234901400
836.510000000 8.600000000 12.067250251800
850.510000000 6.600000000 12.049333572400
836.010000000 8.200000000 12.041596412700
850.260000000 8.200000000 12.039422988900
836.760000000 8.800000000 12.033378601100
837.010000000 8.600000000 12.012259483300
836.260000000 8.400000000 11.928277015700
837.260000000 6.400000000 11.921422004700
837.260000000 6.200000000 11.915676116900
837.260000000 6.600000000 11.907785415600
837.260000000 6.000000000 11.896380424500
837.260000000 6.800000000 11.879570007300
837.260000000 5.800000000 11.850694656400
837.260000000 7.000000000 11.839883804300
835.760000000 8.600000000 11.828312873800
837.010000000 8.800000000 11.821198463400
835.510000000 9.200000000 11.786236763000
850.260000000 8.400000000 11.782241821300
837.260000000 7.200000000 11.781211853000
850.510000000 6.800000000 11.776175499000
836.760000000 9.000000000 11.770021438600
836.510000000 8.800000000 11.758241653400
834.510000000 5.800000000 11.757971763600
835.010000000 8.600000000 11.744625091600
837.260000000 7.400000000 11.724442482000
836.010000000 8.400000000 11.705038070700
835.260000000 9.400000000 11.683439254800
837.260000000 7.600000000 11.641682624800
837.010000000 9.000000000 11.622291564900
836.260000000 8.600000000 11.600129127500
850.260000000 8.600000000 11.572025299100
837.260000000 7.800000000 11.565732955900
834.760000000 7.200000000 11.513894081100
836.760000000 9.200000000 11.502599716200
835.760000000 8.800000000 11.501622200000
850.510000000 7.000000000 11.485360145600
837.260000000 8.000000000 11.475788116500
836.510000000 9.000000000 11.453291893000
835.510000000 9.400000000 11.451888084400
837.010000000 9.200000000 11.413127899200
836.010000000 8.600000000 11.379401207000
837.260000000 8.200000000 11.373753547700
850.260000000 8.800000000 11.317797660800
835.260000000 9.600000000 11.289238929700
836.260000000 8.800000000 11.281438827500
835.010000000 8.800000000 11.277985572800
837.260000000 8.400000000 11.262936592100
836.760000000 9.400000000 11.228088378900
837.010000000 9.400000000 11.209844589200
850.510000000 7.200000000 11.206727981600
835.760000000 9.000000000 11.190678596500
836.510000000 9.200000000 11.150053978000
837.260000000 8.600000000 11.147287368800
835.510000000 9.600000000 11.120928764300
834.510000000 6.000000000 11.075032234200
836.010000000 8.800000000 11.066792488100
850.260000000 9.000000000 11.049992561300
837.260000000 8.800000000 11.026775360100
837.010000000 9.600000000 11.013044357300
834.760000000 7.400000000 10.996389389000
836.260000000 9.000000000 10.971004486100
836.760000000 9.600000000 10.957948684700
835.260000000 9.800000000 10.912708282500
837.260000000 9.000000000 10.900929451000
850.510000000 7.400000000 10.898997306800
835.760000000 9.200000000 10.889831543000
836.510000000 9.400000000 10.845300674400
835.010000000 9.000000000 10.832115173300
850.260000000 9.200000000 10.815373420700
837.010000000 9.800000000 10.803139686600
835.510000000 9.800000000 10.784879684400
837.260000000 9.200000000 10.768209457400
836.010000000 9.000000000 10.765401840200
850.760000000 6.200000000 10.729173660300
836.760000000 9.800000000 10.708703041100
836.260000000 9.200000000 10.665906906100
837.260000000 9.400000000 10.627228736900
850.510000000 7.600000000 10.620460510300
835.760000000 9.400000000 10.594213485700
850.260000000 9.400000000 10.592102050800
837.010000000 10.000000000 10.577491760300
850.510000000 5.800000000 10.561132431000
836.510000000 9.600000000 10.541473388700
850.760000000 6.400000000 10.534940719600
835.260000000 10.000000000 10.530181884800
837.260000000 9.600000000 10.475728035000
834.760000000 7.600000000 10.474153518700
836.010000000 9.200000000 10.471591949500
836.760000000 10.000000000 10.449583053600
835.510000000 10.000000000 10.446099281300
835.010000000 9.200000000 10.402141571000
836.260000000 9.400000000 10.362516403200
850.260000000 9.600000000 10.358198165900
850.510000000 7.800000000 10.332878112800
837.260000000 9.800000000 10.318025589000
835.760000000 9.600000000 10.299796104400
836.510000000 9.800000000 10.271476745600
850.760000000 6.600000000 10.259876251200
836.010000000 9.400000000 10.181197166400
837.260000000 10.000000000 10.177391052200
850.260000000 9.800000000 10.113253593400
850.510000000 8.000000000 10.068060874900
836.260000000 9.600000000 10.065848350500
835.760000000 9.800000000 10.005002975500
834.760000000 7.800000000 10.004780769300
836.510000000 10.000000000 9.995997428900
834.510000000 6.200000000 9.986250877400
835.010000000 9.400000000 9.983320236200
850.760000000 6.000000000 9.972685813900
850.760000000 6.800000000 9.970796585100
837.510000000 7.000000000 9.964688301100
837.510000000 6.800000000 9.962972641000
837.510000000 7.200000000 9.956431388900
837.510000000 6.600000000 9.955258369400
837.510000000 7.400000000 9.934244155900
837.510000000 6.400000000 9.933758735700
837.510000000 7.600000000 9.912986755400
837.510000000 6.200000000 9.902114868200
836.010000000 9.600000000 9.891263008100
850.260000000 10.000000000 9.889667511000
837.510000000 7.800000000 9.879061698900
837.510000000 6.000000000 9.853998184200
837.510000000 8.000000000 9.834226608300
850.510000000 8.200000000 9.813998222400
836.260000000 9.800000000 9.801852226300
837.510000000 5.800000000 9.788325309800
837.510000000 8.200000000 9.781931877100
835.760000000 10.000000000 9.753583908100
837.510000000 8.400000000 9.729865074200
850.760000000 7.000000000 9.702087402300
837.510000000 8.600000000 9.670082092300
836.010000000 9.800000000 9.636930465700
837.510000000 8.800000000 9.602179527300
835.010000000 9.600000000 9.569879531900
834.760000000 8.000000000 9.553784370400
836.260000000 10.000000000 9.533946991000
837.510000000 9.000000000 9.527054786700
850.510000000 8.400000000 9.512241363500
837.510000000 9.200000000 9.454492569000
850.760000000 7.200000000 9.428334236100
836.010000000 10.000000000 9.384958267200
837.510000000 9.400000000 9.376145362900
837.510000000 9.600000000 9.290025711100
850.510000000 8.600000000 9.286602973900
835.010000000 9.800000000 9.212320327800
851.010000000 6.400000000 9.207180976900
837.510000000 9.800000000 9.190893173200
850.760000000 7.400000000 9.148021698000
834.760000000 8.200000000 9.121089935300
837.510000000 10.000000000 9.084959030200
851.010000000 6.200000000 9.082011222800
850.510000000 8.800000000 9.031166076700
834.510000000 6.400000000 9.028342247000
851.010000000 6.600000000 8.934802055400
850.760000000 7.600000000 8.896816253700
835.010000000 10.000000000 8.861814498900
850.510000000 9.000000000 8.759911537200
834.760000000 8.400000000 8.712116241500
851.010000000 6.800000000 8.673210144000
850.760000000 7.800000000 8.641791343700
834.510000000 6.600000000 8.523711204500
850.510000000 9.200000000 8.503847122200
851.010000000 7.000000000 8.425604820300
850.760000000 5.800000000 8.411778450000
850.760000000 8.000000000 8.390763282800
839.010000000 5.800000000 8.371130943300
839.010000000 6.000000000 8.366914749100
839.010000000 6.200000000 8.362662315400
839.010000000 6.400000000 8.354900360100
839.010000000 6.600000000 8.344964981100
839.010000000 6.800000000 8.332856178300
834.760000000 8.600000000 8.327255249000
839.010000000 7.200000000 8.306126594500
839.010000000 7.000000000 8.304975509600
850.510000000 9.400000000 8.282934188800
839.010000000 7.600000000 8.269410133400
839.010000000 7.400000000 8.266053199800
851.260000000 6.400000000 8.256251335100
839.010000000 7.800000000 8.252432823200
851.010000000 6.000000000 8.235468864400
839.010000000 8.000000000 8.225131034900
839.010000000 8.200000000 8.195753097500
851.010000000 7.200000000 8.194686889600
839.010000000 8.400000000 8.167727470400
834.260000000 5.800000000 8.164677619900
851.260000000 6.600000000 8.164311409000
839.010000000 8.600000000 8.141717910800
850.760000000 8.200000000 8.128472328200
839.010000000 8.800000000 8.115552902200
839.010000000 9.000000000 8.086620330800
834.510000000 6.800000000 8.062047004700
850.510000000 9.600000000 8.056982994100
839.010000000 9.200000000 8.046942710900
839.010000000 9.400000000 7.987470150000
839.010000000 10.000000000 7.968838691700
834.760000000 8.800000000 7.965989112900
851.260000000 6.800000000 7.964812278700
851.010000000 7.400000000 7.960914135000
839.010000000 9.600000000 7.949095249200
839.010000000 9.800000000 7.928861141200
850.760000000 8.400000000 7.915065765400
851.260000000 6.200000000 7.897139549300
850.510000000 9.800000000 7.827830791500
837.760000000 7.800000000 7.809247016900
837.760000000 8.000000000 7.808966636700
837.760000000 8.200000000 7.801879406000
837.760000000 7.600000000 7.800443172500
837.760000000 8.400000000 7.789427757300
837.760000000 7.400000000 7.785914421100
837.760000000 8.600000000 7.775714397400
837.760000000 7.200000000 7.768594265000
837.760000000 8.800000000 7.754713535300
851.260000000 7.000000000 7.750720024100
851.010000000 7.600000000 7.743788719200
837.760000000 7.000000000 7.740816116300
834.260000000 6.000000000 7.734375000000
837.760000000 9.000000000 7.732359886200
837.760000000 9.200000000 7.706169605300
837.760000000 6.800000000 7.705075264000
837.760000000 9.400000000 7.676336288500
850.760000000 8.600000000 7.668717861200
837.760000000 6.600000000 7.664065361000
837.760000000 9.600000000 7.639687538100
834.510000000 7.000000000 7.637096881900
834.760000000 9.000000000 7.625958442700
837.760000000 6.400000000 7.612285137200
850.510000000 10.000000000 7.593567848200
837.760000000 9.800000000 7.592516422300
837.760000000 6.200000000 7.551322937000
837.760000000 10.000000000 7.539695739700
851.260000000 7.200000000 7.535672187800
851.010000000 7.800000000 7.522049427000
837.760000000 6.000000000 7.477237701400
850.760000000 8.800000000 7.470710754400
851.510000000 6.400000000 7.405283451100
837.760000000 5.800000000 7.388493537900
851.510000000 6.600000000 7.388074398000
851.260000000 7.400000000 7.316238403300
851.010000000 8.000000000 7.315210342400
834.760000000 9.200000000 7.302887916600
851.260000000 6.000000000 7.261953353900
850.760000000 9.000000000 7.251283645600
834.510000000 7.200000000 7.245797157300
851.510000000 6.800000000 7.227194309200
851.010000000 5.800000000 7.162505626700
851.010000000 8.200000000 7.123759269700
851.510000000 6.200000000 7.122502327000
851.510000000 7.000000000 7.058645725300
851.260000000 7.600000000 7.039654254900
850.760000000 9.200000000 7.026975154900
834.260000000 6.200000000 6.993091106400
834.760000000 9.400000000 6.992930889100
851.010000000 8.400000000 6.931189060200
851.510000000 7.200000000 6.887434959400
834.510000000 7.400000000 6.871196746800
851.260000000 7.800000000 6.868637085000
850.760000000 9.400000000 6.820621490500
851.510000000 7.400000000 6.735861301400
851.010000000 8.600000000 6.734550476100
851.260000000 8.000000000 6.697131156900
834.760000000 9.600000000 6.692179679900
851.760000000 6.400000000 6.674591541300
851.760000000 6.600000000 6.668712616000
850.760000000 9.600000000 6.636822700500
851.510000000 6.000000000 6.635945797000
851.760000000 6.800000000 6.601365089400
851.510000000 7.600000000 6.584191322300
851.010000000 8.800000000 6.563982486700
834.510000000 7.600000000 6.533084392500
851.260000000 8.200000000 6.531980037700
851.260000000 5.800000000 6.527428627000
851.760000000 7.000000000 6.514475822400
851.760000000 6.200000000 6.463576316800
850.760000000 9.800000000 6.451372146600
851.510000000 7.800000000 6.446418762200
834.760000000 9.800000000 6.436640262600
851.760000000 7.200000000 6.421328067800
851.010000000 9.000000000 6.394888401000
851.260000000 8.400000000 6.366428375200
851.760000000 7.400000000 6.320810318000
851.510000000 8.000000000 6.305143833200
838.760000000 10.000000000 6.295559406300
850.760000000 10.000000000 6.263559341400
838.760000000 9.800000000 6.226236343400
851.010000000 9.200000000 6.214354038200
851.760000000 7.600000000 6.214000225100
851.260000000 8.600000000 6.210367679600
834.510000000 7.800000000 6.206885337800
834.760000000 10.000000000 6.184957504300
851.510000000 8.200000000 6.168762207000
838.760000000 9.600000000 6.150994300800
851.760000000 7.800000000 6.108447074900
834.260000000 6.400000000 6.105558872200
838.010000000 10.000000000 6.103415012400
838.010000000 9.800000000 6.101751327500
838.010000000 9.600000000 6.094219684600
838.010000000 9.400000000 6.086748600000
838.010000000 9.200000000 6.077824592600
838.760000000 9.400000000 6.068848133100
851.260000000 8.800000000 6.066735744500
838.010000000 9.000000000 6.063406944300
838.010000000 8.800000000 6.043368816400
851.010000000 9.400000000 6.038342952700
852.010000000 6.600000000 6.037543773700
851.510000000 8.400000000 6.035968303700
852.010000000 6.800000000 6.032276630400
838.010000000 8.600000000 6.017324924500
851.510000000 5.800000000 6.002680778500
851.760000000 8.000000000 5.998327732100
852.010000000 7.000000000 5.996310710900
838.760000000 9.200000000 5.993233680700
838.010000000 8.400000000 5.986258983600
852.010000000 6.400000000 5.974884510000
851.760000000 6.000000000 5.972278118100
838.010000000 8.200000000 5.951229572300
852.010000000 7.200000000 5.942403793300
851.260000000 9.000000000 5.923388004300
838.010000000 8.000000000 5.914579868300
838.760000000 9.000000000 5.910810947400
834.510000000 8.000000000 5.909182071700
851.510000000 8.600000000 5.896232128100
851.010000000 9.600000000 5.894172668500
851.760000000 8.200000000 5.887765884400
852.010000000 7.400000000 5.875888347600
838.010000000 7.800000000 5.868785858200
838.760000000 8.800000000 5.817351818100
838.010000000 7.600000000 5.815241336800
852.010000000 7.600000000 5.792754650100
851.510000000 8.800000000 5.779420852700
851.760000000 8.400000000 5.774409294100
851.260000000 9.200000000 5.766309738200
838.010000000 7.400000000 5.761595726000
851.010000000 9.800000000 5.748251915000
838.760000000 8.600000000 5.724141120900
852.010000000 7.800000000 5.711985111200
838.010000000 7.200000000 5.696677684800
852.010000000 6.200000000 5.695146560700
851.760000000 8.600000000 5.657164096800
851.260000000 9.400000000 5.642788887000
851.510000000 9.000000000 5.638794422100
834.510000000 8.200000000 5.635519981400
838.010000000 7.000000000 5.625858783700
838.760000000 8.400000000 5.623360633900
852.010000000 8.000000000 5.620626926400
851.010000000 10.000000000 5.601701259600
851.760000000 8.800000000 5.551644325300
838.010000000 6.800000000 5.549269676200
851.510000000 9.200000000 5.532985210400
838.760000000 8.200000000 5.522646904000
851.260000000 9.600000000 5.521501541100
852.010000000 8.200000000 5.519587039900
838.010000000 6.600000000 5.462663173700
851.760000000 9.000000000 5.435335159300
852.010000000 8.400000000 5.422203540800
851.510000000 9.400000000 5.417591095000
838.760000000 8.000000000 5.414175510400
851.260000000 9.800000000 5.399576664000
834.510000000 8.400000000 5.378398418400
838.010000000 6.400000000 5.367253303500
838.510000000 10.000000000 5.358574390400
851.760000000 9.200000000 5.319509029400
852.010000000 8.600000000 5.319159030900
838.510000000 9.800000000 5.310505390200
838.760000000 7.800000000 5.301049709300
851.510000000 9.600000000 5.299652576400
838.260000000 10.000000000 5.290321826900
851.760000000 5.800000000 5.286402702300
851.260000000 10.000000000 5.279346942900
838.010000000 6.200000000 5.261775493600
838.260000000 9.800000000 5.257144451100
838.510000000 9.600000000 5.257060527800
852.260000000 6.800000000 5.246764659900
852.260000000 7.000000000 5.237367630000
834.260000000 6.600000000 5.230479240400
838.260000000 9.600000000 5.220781803100
852.260000000 6.600000000 5.216079235100
851.760000000 9.400000000 5.215371131900
852.010000000 8.800000000 5.211733818100
852.260000000 7.200000000 5.205164432500
838.510000000 9.400000000 5.200625419600
851.510000000 9.800000000 5.184868335700
838.760000000 7.600000000 5.181836605100
838.260000000 9.400000000 5.181141853300
852.260000000 7.400000000 5.156725406600
838.010000000 6.000000000 5.147523880000
838.510000000 9.200000000 5.143715381600
838.260000000 9.200000000 5.138125419600
834.510000000 8.600000000 5.137472629500
851.760000000 9.600000000 5.107605934100
852.010000000 9.000000000 5.096985340100
852.260000000 6.400000000 5.094663143200
852.010000000 6.000000000 5.092000961300
838.260000000 9.000000000 5.090833187100
852.260000000 7.600000000 5.088432788800
838.510000000 9.000000000 5.080904960600
851.510000000 10.000000000 5.074456691700
838.760000000 7.400000000 5.055769443500
838.260000000 8.800000000 5.038270950300
838.010000000 5.800000000 5.024690628100
852.260000000 7.800000000 5.022436618800
838.510000000 8.800000000 5.009469509100
851.760000000 9.800000000 5.000106811500
852.010000000 9.200000000 4.994155407000
838.260000000 8.600000000 4.979859352100
834.010000000 5.800000000 4.967498779300
838.760000000 5.800000000 4.947419643400
852.260000000 8.000000000 4.943667888600
838.510000000 8.600000000 4.934043884300
838.760000000 6.000000000 4.924136638600
838.760000000 7.200000000 4.921459198000
838.260000000 8.400000000 4.915082454700
834.510000000 8.800000000 4.911616802200
838.760000000 6.200000000 4.910253047900
838.760000000 6.400000000 4.894507408100
851.760000000 10.000000000 4.892974853500
852.010000000 9.400000000 4.884206295000
838.760000000 6.600000000 4.878154277800
838.760000000 6.800000000 4.860555648800
838.510000000 8.400000000 4.857567310300
838.760000000 7.000000000 4.854232788100
852.260000000 8.200000000 4.853975772900
838.260000000 8.200000000 4.850248336800
838.260000000 8.000000000 4.773453235600
838.510000000 8.200000000 4.773362159700
852.010000000 9.600000000 4.771733760800
852.260000000 8.400000000 4.764061451000
834.010000000 6.000000000 4.726943492900
852.260000000 6.200000000 4.709810257000
834.510000000 9.000000000 4.699211597400
838.260000000 7.800000000 4.696376800500
838.510000000 8.000000000 4.681408882100
852.260000000 8.600000000 4.673641681700
852.010000000 9.800000000 4.660191059100
838.260000000 7.600000000 4.610229492200
834.260000000 6.800000000 4.604999065400
838.510000000 7.800000000 4.587314605700
852.260000000 8.800000000 4.571308612800
852.010000000 10.000000000 4.549298763300
838.260000000 7.400000000 4.516885280600
834.510000000 9.200000000 4.497688293500
838.510000000 7.600000000 4.485353946700
852.260000000 9.000000000 4.469930172000
838.260000000 7.200000000 4.415011405900
838.510000000 7.400000000 4.378642559100
852.260000000 9.200000000 4.374174594900
834.260000000 7.000000000 4.352421760600
852.010000000 5.800000000 4.330303669000
834.510000000 9.400000000 4.320811748500
838.260000000 7.000000000 4.303322315200
834.010000000 6.200000000 4.270715236700
852.260000000 9.400000000 4.270215034500
838.510000000 7.200000000 4.260019302400
852.510000000 6.800000000 4.228453636200
852.510000000 7.000000000 4.222097396900
852.510000000 6.600000000 4.198893547100
852.510000000 7.200000000 4.189309597000
838.260000000 6.800000000 4.181238651300
852.260000000 9.600000000 4.163720607800
834.510000000 9.600000000 4.154227733600
852.510000000 7.400000000 4.147514343300
838.510000000 7.000000000 4.131498336800
834.260000000 7.200000000 4.122588157700
852.510000000 7.600000000 4.102180481000
852.510000000 6.400000000 4.058780670200
852.260000000 9.800000000 4.058623790700
838.260000000 6.600000000 4.044310092900
852.510000000 7.800000000 4.040122032200
852.260000000 6.000000000 4.018279552500
834.510000000 9.800000000 3.993010759400
838.510000000 6.800000000 3.987739801400
852.510000000 8.000000000 3.974431753200
852.260000000 10.000000000 3.955040931700
852.510000000 8.200000000 3.910261631000
834.260000000 7.400000000 3.906971216200
838.260000000 6.400000000 3.892678976100
852.510000000 8.400000000 3.844313859900
834.510000000 10.000000000 3.839609146100
838.510000000 6.600000000 3.825147390400
852.510000000 8.600000000 3.765361547500
838.260000000 6.200000000 3.720407724400
834.010000000 6.400000000 3.718852520000
834.260000000 7.600000000 3.711469888700
852.510000000 8.800000000 3.696843385700
838.510000000 6.400000000 3.631969690300
852.510000000 6.200000000 3.625339984900
852.510000000 9.000000000 3.607846736900
853.760000000 8.600000000 3.587234973900
853.760000000 9.000000000 3.585126161600
853.760000000 8.400000000 3.582014322300
853.760000000 9.200000000 3.579401016200
853.760000000 8.200000000 3.575621604900
853.760000000 8.000000000 3.574457407000
853.760000000 7.800000000 3.573632717100
853.760000000 8.800000000 3.573435306500
853.760000000 7.600000000 3.570383071900
853.760000000 9.800000000 3.566643476500
853.760000000 9.600000000 3.566470623000
853.760000000 9.400000000 3.564050674400
853.760000000 10.000000000 3.562429189700
853.760000000 7.400000000 3.561750173600
853.760000000 7.200000000 3.549292802800
852.510000000 9.200000000 3.541833400700
853.760000000 7.000000000 3.533181905700
838.260000000 6.000000000 3.527005434000
834.260000000 7.800000000 3.526042699800
838.260000000 5.800000000 3.522194862400
853.760000000 6.800000000 3.507911205300
852.510000000 9.400000000 3.467636346800
853.760000000 6.600000000 3.459333658200
838.510000000 5.800000000 3.404562473300
838.510000000 6.000000000 3.396434307100
838.510000000 6.200000000 3.394597291900
852.510000000 9.600000000 3.389577388800
853.760000000 5.800000000 3.382391214400
853.760000000 6.000000000 3.361092090600
834.260000000 8.000000000 3.359819650700
853.760000000 6.200000000 3.339534044300
853.760000000 6.400000000 3.317065000500
852.510000000 9.800000000 3.311806201900
852.760000000 6.800000000 3.299052000000
852.760000000 6.600000000 3.288132667500
852.760000000 7.000000000 3.285408496900
852.760000000 7.200000000 3.259180784200
852.260000000 5.800000000 3.255614757500
852.510000000 10.000000000 3.234993457800
852.760000000 7.400000000 3.227752447100
834.260000000 8.200000000 3.206475973100
852.760000000 7.600000000 3.187369823500
834.010000000 6.600000000 3.182673692700
852.760000000 6.400000000 3.161385774600
852.760000000 7.800000000 3.152564048800
852.760000000 8.000000000 3.111230135000
852.760000000 8.200000000 3.068708419800
834.260000000 8.400000000 3.063834667200
852.760000000 8.400000000 3.022855520200
853.510000000 10.000000000 2.990126848200
853.510000000 9.800000000 2.987485885600
853.510000000 9.600000000 2.983669519400
853.510000000 9.400000000 2.977410554900
853.510000000 9.000000000 2.976201057400
853.510000000 8.800000000 2.974329471600
852.760000000 8.600000000 2.974099636100
853.510000000 8.600000000 2.971970319700
853.510000000 8.200000000 2.971476078000
853.510000000 8.000000000 2.971143722500
853.510000000 7.200000000 2.969816923100
853.510000000 7.000000000 2.969773292500
853.510000000 7.600000000 2.969637155500
853.510000000 6.800000000 2.969390153900
853.510000000 7.800000000 2.968768119800
853.510000000 8.400000000 2.967843532600
853.510000000 7.400000000 2.967237711000
853.510000000 6.600000000 2.965685606000
853.510000000 9.200000000 2.965376138700
834.010000000 9.800000000 2.940795421600
852.510000000 6.000000000 2.938214063600
852.760000000 8.800000000 2.935669660600
834.260000000 8.600000000 2.931938409800
834.010000000 10.000000000 2.931410312700
834.010000000 9.600000000 2.912988424300
852.760000000 9.000000000 2.886480093000
834.010000000 9.400000000 2.863997936200
853.510000000 5.800000000 2.846693515800
853.510000000 6.000000000 2.837960243200
852.760000000 9.200000000 2.837212562600
853.510000000 6.200000000 2.830061674100
853.510000000 6.400000000 2.829864025100
834.260000000 8.800000000 2.809757471100
852.760000000 9.400000000 2.799352169000
834.010000000 9.200000000 2.792775869400
853.010000000 6.600000000 2.766966104500
852.760000000 9.600000000 2.756672620800
853.010000000 6.800000000 2.754757881200
853.010000000 7.000000000 2.734938144700
834.260000000 9.000000000 2.734816551200
852.760000000 6.200000000 2.734078168900
834.010000000 6.800000000 2.728458166100
853.010000000 10.000000000 2.721583604800
852.760000000 10.000000000 2.719900369600
853.010000000 7.200000000 2.714237928400
852.760000000 9.800000000 2.712960481600
834.260000000 9.200000000 2.706081867200
834.010000000 9.000000000 2.701268911400
853.260000000 6.600000000 2.699955225000
853.260000000 6.800000000 2.693445205700
853.010000000 7.400000000 2.690802574200
853.260000000 7.000000000 2.681554794300
853.010000000 9.800000000 2.678264141100
853.010000000 7.600000000 2.670509815200
853.260000000 7.200000000 2.666770219800
853.010000000 6.400000000 2.661416530600
834.260000000 9.400000000 2.656418085100
853.260000000 7.400000000 2.652654886200
853.010000000 7.800000000 2.648773431800
853.010000000 9.600000000 2.633625507400
853.260000000 7.600000000 2.633601665500
853.010000000 8.000000000 2.628339529000
853.260000000 10.000000000 2.608295679100
853.260000000 7.800000000 2.607023954400
853.010000000 8.200000000 2.606404781300
853.260000000 8.000000000 2.599781513200
834.260000000 9.600000000 2.594626903500
834.010000000 8.800000000 2.592889785800
853.260000000 8.200000000 2.591882228900
853.010000000 9.400000000 2.588313102700
853.260000000 6.400000000 2.588108539600
853.260000000 8.400000000 2.581639051400
853.010000000 8.400000000 2.581298828100
853.260000000 8.600000000 2.575790643700
853.260000000 8.800000000 2.573065280900
853.260000000 9.000000000 2.566616296800
853.010000000 8.600000000 2.561810731900
853.260000000 9.400000000 2.558895349500
853.260000000 9.600000000 2.558584451700
853.260000000 9.800000000 2.556861639000
853.260000000 9.200000000 2.554567575500
853.010000000 9.200000000 2.550970077500
853.010000000 8.800000000 2.543029546700
834.260000000 9.800000000 2.524461507800
853.010000000 9.000000000 2.522134065600
834.010000000 8.600000000 2.478194475200
852.510000000 5.800000000 2.455909967400
834.260000000 10.000000000 2.439170122100
834.010000000 7.000000000 2.417334079700
834.010000000 8.400000000 2.369436025600
834.010000000 7.200000000 2.291872501400
853.260000000 6.200000000 2.283226251600
853.260000000 6.000000000 2.281880140300
853.260000000 5.800000000 2.280937194800
834.010000000 8.200000000 2.273102521900
853.010000000 6.200000000 2.262299776100
834.010000000 8.000000000 2.188977241500
834.010000000 7.400000000 2.177897453300
834.010000000 7.800000000 2.117372036000
852.760000000 6.000000000 2.110070228600
834.010000000 7.600000000 2.073553800600
852.760000000 5.800000000 1.989681243900
853.010000000 5.800000000 1.912901997600
853.010000000 6.000000000 1.909229636200
