939.810000000 5.600000000 65.004776001000
939.560000000 5.600000000 64.671737670900
940.060000000 5.600000000 63.971965789800
939.310000000 5.600000000 63.735488891600
939.060000000 5.600000000 63.108192443800
938.810000000 5.600000000 61.718013763400
939.810000000 5.800000000 61.254196167000
939.560000000 5.800000000 60.900543212900
940.310000000 5.600000000 60.744205474900
940.060000000 5.800000000 60.427791595500
939.310000000 5.800000000 59.784812927200
938.560000000 5.600000000 59.323043823200
939.060000000 5.800000000 57.978950500500
940.310000000 5.800000000 57.727111816400
938.310000000 5.600000000 56.157157897900
939.810000000 6.000000000 55.754257202100
938.810000000 5.800000000 55.270702362100
939.560000000 6.000000000 55.172332763700
936.560000000 5.600000000 55.026134491000
940.060000000 6.000000000 54.883331298800
936.310000000 5.600000000 54.714645385700
940.560000000 5.600000000 54.572284698500
936.810000000 5.600000000 54.429580688500
936.060000000 5.600000000 54.048130035400
937.060000000 5.600000000 53.803276062000
939.310000000 6.000000000 53.528114318800
935.810000000 5.600000000 53.486606597900
935.560000000 5.600000000 52.882354736300
938.060000000 5.600000000 52.853397369400
937.310000000 5.600000000 52.512741088900
940.560000000 5.800000000 52.319614410400
938.560000000 5.800000000 52.232833862300
940.310000000 6.000000000 52.112525939900
941.060000000 8.000000000 51.925228118900
937.560000000 5.600000000 51.359851837200
935.310000000 5.600000000 51.354972839400
939.060000000 6.000000000 51.002906799300
937.810000000 5.600000000 50.989204406700
941.310000000 8.000000000 50.880214691200
940.810000000 7.800000000 50.739009857200
941.060000000 7.800000000 50.512134552000
942.810000000 8.200000000 50.445281982400
939.810000000 6.200000000 50.099258422900
940.810000000 8.000000000 49.719913482700
939.560000000 6.200000000 49.635707855200
942.560000000 8.200000000 49.622722625700
938.310000000 5.800000000 48.986782074000
940.060000000 6.200000000 48.798851013200
936.560000000 5.800000000 48.205524444600
941.560000000 8.000000000 48.135833740200
936.310000000 5.800000000 48.052055358900
943.060000000 8.200000000 47.989669799800
940.560000000 7.800000000 47.932388305700
936.810000000 5.800000000 47.805965423600
936.060000000 5.800000000 47.702617645300
938.810000000 6.000000000 47.673667907700
939.310000000 6.200000000 47.605148315400
935.060000000 5.600000000 47.599338531500
942.810000000 8.400000000 47.521217346200
941.310000000 7.800000000 47.464775085400
935.810000000 5.800000000 47.234703064000
942.310000000 8.200000000 47.186115264900
942.560000000 8.000000000 47.154880523700
940.560000000 6.000000000 47.125709533700
942.810000000 8.000000000 47.038429260300
941.060000000 8.200000000 46.781436920200
937.060000000 5.800000000 46.652946472200
941.310000000 8.200000000 46.646923065200
935.560000000 5.800000000 46.394859314000
942.310000000 8.000000000 45.965888977100
942.560000000 8.400000000 45.937068939200
940.310000000 6.200000000 45.926677703900
938.810000000 7.400000000 45.892494201700
941.810000000 8.000000000 45.815238952600
940.560000000 8.000000000 45.807117462200
943.060000000 8.400000000 45.661079406700
938.060000000 5.800000000 45.657627105700
940.560000000 7.600000000 45.603115081800
941.560000000 8.200000000 45.579296112100
939.060000000 7.400000000 45.540588378900
951.060000000 5.800000000 45.539230346700
940.810000000 5.600000000 45.462413787800
940.810000000 8.200000000 45.443805694600
951.060000000 5.600000000 45.271507263200
940.810000000 7.600000000 45.217166900600
937.310000000 5.800000000 45.212604522700
939.060000000 7.600000000 45.143100738500
942.060000000 8.000000000 45.121177673300
942.060000000 8.200000000 45.120746612500
938.810000000 7.600000000 45.106727600100
951.310000000 5.800000000 45.070289611800
935.310000000 5.800000000 45.049118042000
939.560000000 6.400000000 44.767070770300
939.810000000 6.400000000 44.676776886000
941.810000000 8.200000000 44.624362945600
938.810000000 7.200000000 44.440818786600
940.310000000 7.600000000 44.427967071500
939.310000000 7.400000000 44.386737823500
943.060000000 8.000000000 44.382873535200
939.060000000 6.200000000 44.344623565700
937.560000000 5.800000000 44.291027069100
937.810000000 5.800000000 44.287101745600
938.560000000 7.400000000 44.204750061000
940.810000000 5.800000000 43.996501922600
939.060000000 7.800000000 43.983177185100
938.560000000 6.000000000 43.882854461700
939.310000000 7.600000000 43.880321502700
950.810000000 5.600000000 43.875659942600
939.060000000 7.200000000 43.871601104700
940.310000000 7.800000000 43.846656799300
951.310000000 5.600000000 43.626358032200
938.560000000 7.200000000 43.600067138700
941.560000000 7.800000000 43.562793731700
939.560000000 7.400000000 43.465877533000
951.060000000 6.000000000 43.303924560500
938.810000000 7.800000000 43.139171600300
939.310000000 7.200000000 43.080757141100
939.810000000 7.400000000 43.067287445100
939.310000000 7.800000000 43.060829162600
939.310000000 6.400000000 42.946643829300
940.060000000 7.600000000 42.942394256600
951.310000000 6.000000000 42.935600280800
940.060000000 7.400000000 42.798957824700
940.060000000 6.400000000 42.786678314200
950.810000000 5.800000000 42.764438629200
942.310000000 8.400000000 42.721714019800
938.560000000 7.600000000 42.673198700000
940.310000000 8.000000000 42.647182464600
941.060000000 7.600000000 42.637325286900
939.560000000 7.200000000 42.580360412600
945.310000000 5.600000000 42.569358825700
938.810000000 7.000000000 42.558803558300
939.560000000 7.600000000 42.538364410400
936.060000000 6.000000000 42.339717865000
945.060000000 5.600000000 42.330333709700
938.560000000 7.000000000 42.282791137700
951.560000000 5.800000000 42.240116119400
936.310000000 6.000000000 42.234939575200
939.810000000 7.600000000 42.131072998000
940.560000000 8.200000000 42.124534606900
935.810000000 6.000000000 42.096569061300
935.060000000 5.800000000 42.093830108600
939.810000000 7.200000000 42.079860687300
945.060000000 5.800000000 42.038555145300
940.060000000 7.800000000 42.015220642100
940.310000000 7.400000000 41.950473785400
940.560000000 6.200000000 41.910369873000
939.060000000 7.000000000 41.885242462200
945.310000000 5.800000000 41.859966278100
936.560000000 6.000000000 41.830699920700
943.310000000 8.200000000 41.785095214800
939.560000000 7.800000000 41.647354126000
935.560000000 6.000000000 41.329639434800
941.310000000 8.400000000 41.267868042000
939.810000000 7.800000000 41.109737396200
936.810000000 6.000000000 41.068901062000
938.310000000 6.000000000 41.063732147200
939.310000000 7.000000000 41.044315338100
941.060000000 8.400000000 40.963363647500
934.810000000 5.600000000 40.957611084000
950.810000000 6.000000000 40.931106567400
939.560000000 6.600000000 40.894290924100
945.560000000 5.600000000 40.883766174300
940.060000000 7.200000000 40.805358886700
951.560000000 5.600000000 40.739078521700
939.560000000 7.000000000 40.673328399700
941.810000000 7.800000000 40.658317565900
951.560000000 6.000000000 40.590175628700
939.060000000 8.000000000 40.499164581300
938.810000000 6.800000000 40.499000549300
938.810000000 6.200000000 40.406402587900
939.310000000 6.600000000 40.325763702400
940.310000000 6.400000000 40.306495666500
938.310000000 7.200000000 40.250812530500
939.060000000 6.800000000 40.217967987100
944.810000000 5.800000000 40.185863494900
942.560000000 7.800000000 40.134952545200
939.060000000 6.400000000 40.131942749000
944.810000000 5.600000000 40.103221893300
938.560000000 7.800000000 40.102603912400
940.810000000 6.000000000 40.063938140900
939.810000000 7.000000000 40.021751403800
942.810000000 8.600000000 40.018070220900
938.560000000 6.800000000 39.995159149200
938.310000000 7.400000000 39.982490539600
941.560000000 8.400000000 39.962993621800
940.560000000 7.400000000 39.929927825900
937.060000000 6.000000000 39.927886962900
938.810000000 8.000000000 39.903244018600
945.560000000 5.800000000 39.885337829600
943.310000000 8.400000000 39.877899169900
938.310000000 7.000000000 39.847229003900
942.060000000 8.400000000 39.817146301300
939.810000000 6.600000000 39.802764892600
939.310000000 6.800000000 39.733978271500
935.310000000 6.000000000 39.720924377400
942.310000000 7.800000000 39.697116851800
939.310000000 8.000000000 39.616016387900
942.810000000 7.800000000 39.560626983600
940.060000000 8.000000000 39.530246734600
942.060000000 7.800000000 39.492221832300
950.560000000 5.600000000 39.428981781000
939.560000000 6.800000000 39.311218261700
939.060000000 6.600000000 39.194335937500
951.810000000 5.800000000 38.891448974600
943.310000000 8.000000000 38.810115814200
937.310000000 6.000000000 38.749523162800
943.060000000 8.600000000 38.738437652600
940.810000000 8.400000000 38.720039367700
938.060000000 6.000000000 38.718196868900
941.310000000 7.600000000 38.695758819600
938.810000000 6.600000000 38.567028045700
942.560000000 8.600000000 38.439666748000
939.810000000 6.800000000 38.351238250700
941.810000000 8.400000000 38.322872161900
939.560000000 8.000000000 38.284355163600
937.810000000 6.000000000 38.105014801000
937.560000000 6.000000000 38.071346283000
940.060000000 7.000000000 38.063327789300
940.310000000 7.200000000 38.057884216300
938.310000000 7.600000000 38.028427124000
951.060000000 6.200000000 37.948448181200
939.810000000 8.000000000 37.947822570800
940.310000000 8.200000000 37.883014679000
945.810000000 5.600000000 37.874149322500
950.560000000 5.800000000 37.748008728000
938.310000000 6.800000000 37.720092773400
945.060000000 6.000000000 37.715019226100
951.810000000 5.600000000 37.709182739300
951.810000000 6.000000000 37.591617584200
938.810000000 6.400000000 37.526367187500
938.560000000 8.000000000 37.511440277100
951.310000000 6.200000000 37.503528595000
940.060000000 6.600000000 37.419284820600
945.310000000 6.000000000 37.242195129400
943.060000000 7.800000000 37.227817535400
938.560000000 6.600000000 37.214443206800
945.810000000 5.800000000 37.210464477500
938.560000000 6.200000000 37.184494018600
935.060000000 6.000000000 36.980701446500
934.810000000 5.800000000 36.963989257800
944.560000000 5.800000000 36.930248260500
944.560000000 5.600000000 36.741313934300
944.810000000 6.000000000 36.721275329600
940.810000000 7.400000000 36.657611846900
935.810000000 6.200000000 36.646583557100
950.810000000 6.200000000 36.589298248300
940.560000000 6.400000000 36.585372924800
945.560000000 6.000000000 36.570190429700
950.560000000 6.000000000 36.535739898700
936.060000000 6.200000000 36.491592407200
935.560000000 6.200000000 36.427097320600
936.310000000 6.200000000 36.165298461900
940.060000000 6.800000000 35.919895172100
951.560000000 6.200000000 35.873718261700
940.810000000 6.200000000 35.825099945100
952.060000000 5.800000000 35.797611236600
936.560000000 6.200000000 35.708511352500
935.310000000 6.200000000 35.526683807400
938.810000000 8.200000000 35.519538879400
942.310000000 8.600000000 35.475322723400
938.560000000 6.400000000 35.461109161400
939.060000000 8.200000000 35.458332061800
938.310000000 7.800000000 35.436317443800
945.810000000 6.000000000 35.086498260500
936.810000000 6.200000000 35.065376281700
940.560000000 8.400000000 35.043716430700
941.560000000 7.600000000 34.999183654800
938.310000000 6.200000000 34.991882324200
940.310000000 6.600000000 34.945671081500
938.310000000 6.600000000 34.860763549800
938.060000000 7.200000000 34.853713989300
938.060000000 7.000000000 34.835681915300
941.060000000 5.600000000 34.823902130100
952.060000000 5.600000000 34.755500793500
952.060000000 6.000000000 34.489337921100
944.560000000 6.000000000 34.419219970700
946.060000000 5.800000000 34.369773864700
940.310000000 7.000000000 34.311428070100
937.060000000 6.200000000 34.238353729200
940.060000000 8.200000000 34.181484222400
943.310000000 8.600000000 34.173851013200
939.310000000 8.200000000 34.133247375500
946.060000000 5.600000000 34.061759948700
938.560000000 8.200000000 34.056304931600
941.060000000 5.800000000 34.005607605000
938.060000000 7.400000000 33.947185516400
942.060000000 8.600000000 33.931854248000
940.560000000 7.200000000 33.855934143100
938.060000000 6.200000000 33.805160522500
950.310000000 5.600000000 33.759128570600
951.810000000 6.200000000 33.662246704100
935.060000000 6.200000000 33.657600402800
938.310000000 8.000000000 33.653404235800
937.310000000 6.200000000 33.472152710000
934.560000000 5.600000000 33.428462982200
950.560000000 6.200000000 33.406467437700
941.560000000 8.600000000 33.377307891800
934.810000000 6.000000000 33.367671966600
938.060000000 6.800000000 33.354183197000
941.810000000 8.600000000 33.316528320300
941.310000000 8.600000000 33.306644439700
944.310000000 5.800000000 33.236366272000
937.810000000 6.200000000 33.211490631100
944.310000000 5.600000000 33.203311920200
937.560000000 6.200000000 33.097114563000
938.310000000 6.400000000 33.075645446800
943.310000000 7.800000000 32.933776855500
941.060000000 7.400000000 32.730926513700
943.560000000 8.200000000 32.710918426500
941.810000000 7.600000000 32.657348632800
942.810000000 8.800000000 32.636188507100
939.560000000 8.200000000 32.590320587200
952.310000000 5.800000000 32.543170929000
946.060000000 6.000000000 32.485183715800
942.560000000 8.800000000 32.464881897000
950.310000000 5.800000000 32.347827911400
941.060000000 8.600000000 32.307880401600
939.810000000 8.200000000 32.306793212900
942.560000000 7.600000000 32.286838531500
938.060000000 7.600000000 32.286640167200
945.060000000 6.200000000 32.197029113800
945.310000000 6.200000000 32.196739196800
951.060000000 6.400000000 32.179195404100
942.310000000 7.600000000 32.056797027600
944.810000000 6.200000000 32.031303405800
952.310000000 5.600000000 32.001461029100
940.310000000 6.800000000 31.953681945800
942.060000000 7.600000000 31.864545822100
945.560000000 6.200000000 31.833492279100
951.310000000 6.400000000 31.822988510100
940.560000000 6.600000000 31.755865097000
942.810000000 7.600000000 31.750268936200
941.060000000 6.000000000 31.741395950300
944.310000000 6.000000000 31.515192031900
938.060000000 6.600000000 31.491500854500
940.810000000 6.400000000 31.469844818100
938.310000000 8.200000000 31.328474044800
950.310000000 6.000000000 31.294614791900
943.560000000 8.400000000 31.223537445100
935.560000000 6.400000000 31.120880127000
938.060000000 6.400000000 31.042009353600
935.310000000 6.400000000 31.036615371700
950.810000000 6.400000000 31.014308929400
942.310000000 8.800000000 30.986057281500
952.310000000 6.000000000 30.975433349600
952.060000000 6.200000000 30.970743179300
940.310000000 8.400000000 30.886253356900
944.560000000 6.200000000 30.869989395100
935.810000000 6.400000000 30.842088699300
943.560000000 8.000000000 30.831882476800
938.810000000 8.400000000 30.737173080400
946.310000000 5.800000000 30.726268768300
943.060000000 8.800000000 30.613355636600
934.810000000 6.200000000 30.610120773300
936.060000000 6.400000000 30.577527999900
951.560000000 6.400000000 30.407461166400
936.310000000 6.400000000 30.401927948000
945.810000000 6.200000000 30.372686386100
938.060000000 7.800000000 30.323249816900
938.560000000 8.400000000 30.298713684100
936.560000000 6.400000000 30.157459259000
935.060000000 6.400000000 30.155214309700
934.560000000 5.800000000 30.148382186900
940.810000000 8.600000000 30.109529495200
943.060000000 7.600000000 30.074699401900
952.560000000 5.600000000 30.064807891800
944.060000000 5.600000000 29.972551345800
939.060000000 8.400000000 29.816173553500
944.310000000 6.200000000 29.733797073400
936.810000000 6.400000000 29.717254638700
944.060000000 5.800000000 29.710945129400
937.810000000 6.400000000 29.680261611900
946.310000000 5.600000000 29.666395187400
940.560000000 7.000000000 29.342161178600
942.060000000 8.800000000 29.209739685100
937.060000000 6.400000000 29.148416519200
941.310000000 7.400000000 29.141906738300
938.060000000 8.000000000 29.084989547700
940.810000000 7.200000000 29.067583084100
946.310000000 6.000000000 29.047807693500
952.560000000 5.800000000 28.961875915500
941.060000000 6.200000000 28.953222274800
950.310000000 6.200000000 28.928335189800
937.560000000 6.400000000 28.888542175300
946.060000000 6.200000000 28.790153503400
937.310000000 6.400000000 28.752889633200
944.060000000 6.000000000 28.700511932400
938.310000000 8.400000000 28.671419143700
937.810000000 7.200000000 28.514833450300
951.810000000 6.400000000 28.455169677700
937.810000000 7.000000000 28.431644439700
950.560000000 6.400000000 28.383760452300
944.560000000 6.400000000 28.342580795300
934.560000000 6.000000000 28.290933609000
950.060000000 5.600000000 28.266767501800
944.310000000 6.400000000 28.203966140700
934.810000000 6.400000000 28.156270980800
952.810000000 5.600000000 28.071378707900
940.560000000 6.800000000 28.029272079500
944.810000000 6.400000000 27.971664428700
939.310000000 8.400000000 27.899909973100
937.810000000 6.800000000 27.870645523100
938.060000000 8.200000000 27.784862518300
940.810000000 6.600000000 27.776855468800
937.810000000 7.400000000 27.757236480700
941.810000000 8.800000000 27.749809265100
944.060000000 6.200000000 27.737213134800
937.810000000 6.600000000 27.664531707800
945.060000000 6.400000000 27.661691665600
945.310000000 6.400000000 27.606462478600
952.310000000 6.200000000 27.570341110200
940.060000000 8.400000000 27.432600021400
942.560000000 9.000000000 27.354690551800
942.810000000 9.000000000 27.331588745100
943.310000000 8.800000000 27.294261932400
943.310000000 7.600000000 27.226408004800
943.560000000 8.600000000 27.195547103900
945.560000000 6.400000000 27.032308578500
940.560000000 8.600000000 27.015438079800
943.810000000 5.600000000 27.010026931800
944.060000000 6.400000000 26.974121093800
943.560000000 7.800000000 26.912246704100
950.060000000 5.800000000 26.898654937700
944.310000000 6.600000000 26.832386016800
935.310000000 6.600000000 26.806217193600
943.810000000 5.800000000 26.747138977100
941.560000000 7.400000000 26.675004959100
941.560000000 8.800000000 26.642719268800
937.810000000 7.600000000 26.639883041400
952.560000000 6.000000000 26.616281509400
946.310000000 6.200000000 26.607683181800
944.560000000 6.600000000 26.542663574200
941.060000000 6.400000000 26.516059875500
934.560000000 6.200000000 26.490653991700
951.310000000 6.600000000 26.474370956400
935.560000000 6.600000000 26.451929092400
935.060000000 6.600000000 26.447912216200
938.560000000 8.600000000 26.395235061600
944.060000000 6.600000000 26.387079238900
945.810000000 6.400000000 26.283935546900
942.310000000 9.000000000 26.261358261100
942.560000000 7.400000000 26.252746582000
951.560000000 6.600000000 26.224727630600
946.560000000 5.800000000 26.197467804000
934.310000000 5.600000000 26.169971466100
938.060000000 8.400000000 26.144426345800
939.560000000 8.400000000 26.095193862900
952.060000000 6.400000000 26.089050293000
951.060000000 6.600000000 26.056129455600
942.310000000 7.400000000 25.989522934000
943.810000000 6.000000000 25.960851669300
942.810000000 7.400000000 25.949724197400
943.810000000 6.600000000 25.936792373700
950.060000000 6.000000000 25.889127731300
938.810000000 8.600000000 25.828668594400
938.310000000 8.600000000 25.798772811900
939.810000000 8.400000000 25.720888137800
935.810000000 6.600000000 25.694858551000
943.060000000 9.000000000 25.666807174700
952.060000000 7.400000000 25.635641098000
944.060000000 6.800000000 25.603580474900
943.810000000 6.800000000 25.593648910500
952.310000000 7.400000000 25.577068328900
941.810000000 7.400000000 25.569442749000
937.810000000 7.800000000 25.566619873000
941.310000000 8.800000000 25.549758911100
942.060000000 7.400000000 25.546054840100
941.310000000 5.600000000 25.502061843900
952.310000000 7.200000000 25.478923797600
943.810000000 6.400000000 25.473764419600
941.310000000 6.000000000 25.456670761100
937.560000000 6.600000000 25.450469970700
941.310000000 5.800000000 25.423217773400
943.810000000 6.200000000 25.363378524800
951.810000000 7.400000000 25.323860168500
944.310000000 6.800000000 25.316255569500
944.810000000 6.600000000 25.269857406600
936.310000000 6.600000000 25.248437881500
936.560000000 6.600000000 25.145986557000
952.810000000 5.800000000 25.138322830200
943.560000000 6.800000000 25.135551452600
936.060000000 6.600000000 25.124294281000
951.560000000 7.400000000 25.121711731000
951.810000000 7.600000000 25.117509841900
952.060000000 7.200000000 25.090639114400
951.560000000 7.600000000 25.081344604500
952.560000000 7.200000000 25.078052520800
946.060000000 6.400000000 25.064769744900
934.810000000 6.600000000 25.062011718800
940.810000000 6.800000000 25.049774169900
943.060000000 7.400000000 24.996442794800
943.560000000 6.600000000 24.968873977700
946.560000000 5.600000000 24.952978134200
950.810000000 6.600000000 24.931976318400
950.310000000 6.400000000 24.896703720100
950.560000000 8.000000000 24.886735916100
946.560000000 6.000000000 24.873809814500
951.310000000 7.400000000 24.849790573100
934.560000000 6.400000000 24.837085723900
941.060000000 7.200000000 24.834508895900
944.560000000 6.800000000 24.834157943700
950.810000000 8.000000000 24.814048767100
951.310000000 7.600000000 24.789648056000
951.560000000 7.800000000 24.756500244100
936.810000000 6.600000000 24.720817565900
951.310000000 7.800000000 24.666034698500
942.060000000 9.000000000 24.657615661600
951.810000000 6.600000000 24.656551361100
952.060000000 7.600000000 24.649705886800
951.810000000 7.200000000 24.625627517700
937.810000000 8.000000000 24.561851501500
953.060000000 5.600000000 24.553798675500
951.060000000 7.800000000 24.500608444200
941.310000000 6.200000000 24.474542617800
941.060000000 6.600000000 24.428380966200
951.810000000 7.800000000 24.380577087400
937.310000000 6.600000000 24.366771698000
940.810000000 7.000000000 24.353004455600
951.560000000 7.200000000 24.340896606400
952.560000000 7.400000000 24.339992523200
937.060000000 6.600000000 24.278417587300
943.310000000 6.800000000 24.241786956800
943.810000000 7.000000000 24.240873336800
939.060000000 8.600000000 24.190067291300
951.060000000 8.000000000 24.178258895900
950.810000000 7.800000000 24.165824890100
938.060000000 8.600000000 24.162321090700
945.060000000 6.600000000 24.135744094800
941.060000000 8.800000000 24.115909576400
943.560000000 7.000000000 24.095735549900
951.060000000 7.600000000 24.076828002900
945.310000000 6.600000000 24.040199279800
944.060000000 7.000000000 23.956972122200
943.560000000 6.400000000 23.936508178700
951.310000000 7.200000000 23.921060562100
943.560000000 5.600000000 23.889345169100
937.810000000 8.200000000 23.889211654700
950.060000000 6.200000000 23.885822296100
951.060000000 7.400000000 23.840177536000
943.560000000 5.800000000 23.826456069900
934.310000000 5.800000000 23.807649612400
946.560000000 6.200000000 23.778905868500
950.310000000 8.000000000 23.727722168000
940.310000000 8.600000000 23.726526260400
951.560000000 6.800000000 23.700395584100
951.310000000 8.000000000 23.687477111800
951.310000000 6.800000000 23.673564910900
943.310000000 6.600000000 23.673097610500
951.310000000 7.000000000 23.553623199500
943.310000000 7.000000000 23.551431655900
944.310000000 7.000000000 23.532152175900
946.310000000 6.400000000 23.519205093400
945.560000000 6.600000000 23.478328704800
943.310000000 7.400000000 23.454288482700
951.560000000 8.000000000 23.396018981900
951.560000000 7.000000000 23.393795013400
952.560000000 6.200000000 23.375810623200
944.810000000 6.800000000 23.361534118700
941.310000000 6.400000000 23.348932266200
943.560000000 7.600000000 23.287691116300
943.560000000 6.000000000 23.284069061300
949.810000000 5.600000000 23.268075943000
941.560000000 5.800000000 23.259813308700
952.310000000 7.600000000 23.256877899200
953.060000000 6.800000000 23.218149185200
952.810000000 7.200000000 23.177755355800
937.560000000 6.800000000 23.167707443200
950.560000000 7.800000000 23.137346267700
952.310000000 7.000000000 23.059911727900
952.310000000 6.400000000 23.039463043200
952.060000000 7.800000000 23.001977920500
937.810000000 8.400000000 22.993898391700
950.560000000 6.600000000 22.981050491300
943.560000000 6.200000000 22.980709075900
941.560000000 6.000000000 22.977479934700
937.560000000 7.400000000 22.958259582500
952.060000000 7.000000000 22.955360412600
941.810000000 9.000000000 22.952280044600
937.560000000 7.200000000 22.949630737300
951.810000000 7.000000000 22.939357757600
943.060000000 6.800000000 22.872272491500
952.810000000 6.800000000 22.865804672200
934.560000000 6.600000000 22.859174728400
942.560000000 9.200000000 22.815341949500
942.810000000 9.200000000 22.788406372100
942.560000000 7.200000000 22.751771926900
944.560000000 7.000000000 22.707984924300
942.810000000 7.200000000 22.705680847200
951.810000000 8.000000000 22.701040267900
934.310000000 6.000000000 22.625732421900
951.060000000 7.200000000 22.618871688800
938.310000000 8.800000000 22.615064621000
952.560000000 7.000000000 22.582141876200
950.810000000 7.600000000 22.548046112100
943.810000000 8.200000000 22.545188903800
945.810000000 6.600000000 22.537237167400
953.060000000 7.000000000 22.522253036500
943.060000000 7.000000000 22.519649505600
952.060000000 6.600000000 22.506460189800
937.560000000 7.000000000 22.497001647900
943.060000000 6.600000000 22.466419220000
951.810000000 6.800000000 22.457885742200
943.310000000 6.400000000 22.456756591800
943.310000000 7.200000000 22.430488586400
941.560000000 5.600000000 22.422389984100
935.060000000 6.800000000 22.395761489900
943.560000000 7.200000000 22.371423721300
943.560000000 8.800000000 22.370071411100
943.060000000 7.200000000 22.362129211400
942.310000000 7.200000000 22.338315963700
938.560000000 8.800000000 22.318569183300
941.060000000 6.800000000 22.309047699000
952.560000000 6.800000000 22.276929855300
937.560000000 7.600000000 22.269559860200
943.310000000 9.000000000 22.265995025600
952.810000000 7.000000000 22.203849792500
940.810000000 8.800000000 22.200872421300
951.060000000 6.800000000 22.197271347000
943.810000000 7.200000000 22.170465469400
953.060000000 6.600000000 22.145511627200
951.060000000 7.000000000 22.043003082300
939.310000000 8.600000000 22.025812149000
942.310000000 9.200000000 22.000583648700
935.310000000 6.800000000 21.991842269900
934.810000000 6.800000000 21.987199783300
941.310000000 7.200000000 21.953882217400
950.560000000 8.200000000 21.907257080100
952.310000000 6.800000000 21.871387481700
942.810000000 6.800000000 21.845678329500
949.810000000 5.800000000 21.843873977700
943.810000000 8.000000000 21.818023681600
938.060000000 8.800000000 21.814720153800
944.060000000 7.200000000 21.789571762100
942.810000000 7.000000000 21.754556655900
937.810000000 8.600000000 21.712804794300
952.810000000 6.600000000 21.688455581700
952.810000000 6.000000000 21.655855178800
934.310000000 6.200000000 21.637359619100
937.560000000 7.800000000 21.632848739600
943.810000000 8.400000000 21.563652038600
943.060000000 9.200000000 21.557180404700
952.810000000 7.400000000 21.536426544200
946.560000000 6.400000000 21.527912139900
942.060000000 7.200000000 21.509326934800
950.810000000 8.200000000 21.486179351800
941.310000000 6.600000000 21.478206634500
944.310000000 7.200000000 21.454669952400
942.810000000 6.600000000 21.441755294800
946.060000000 6.600000000 21.426250457800
950.810000000 7.400000000 21.406995773300
943.560000000 7.400000000 21.394435882600
935.560000000 6.800000000 21.354856491100
942.560000000 7.000000000 21.309946060200
941.560000000 9.000000000 21.271104812600
950.310000000 8.200000000 21.256332397500
950.060000000 8.000000000 21.253259658800
941.560000000 6.400000000 21.204162597700
945.060000000 6.800000000 21.197355270400
943.060000000 6.400000000 21.184200286900
941.560000000 6.200000000 21.169406890900
945.310000000 6.800000000 21.105560302700
940.060000000 8.600000000 21.097751617400
943.310000000 6.200000000 21.061056137100
938.810000000 8.800000000 21.043651580800
941.060000000 7.000000000 21.038516998300
953.060000000 5.800000000 20.982620239300
937.560000000 8.000000000 20.964313507100
952.060000000 6.800000000 20.964174270600
942.560000000 6.800000000 20.962488174400
950.310000000 7.800000000 20.949661254900
934.060000000 5.600000000 20.935268402100
952.060000000 8.000000000 20.920721054100
950.060000000 6.400000000 20.893949508700
944.810000000 7.000000000 20.875801086400
937.310000000 6.800000000 20.834329605100
952.560000000 6.600000000 20.822336196900
935.810000000 6.800000000 20.821498870800
946.810000000 5.800000000 20.792257309000
952.560000000 7.600000000 20.752830505400
941.810000000 7.200000000 20.715488433800
949.810000000 6.000000000 20.699813842800
942.310000000 7.000000000 20.695123672500
942.060000000 9.200000000 20.687618255600
942.560000000 6.600000000 20.680088043200
941.560000000 7.200000000 20.664405822800
946.810000000 6.000000000 20.618671417200
951.060000000 8.200000000 20.572031021100
937.560000000 8.200000000 20.569894790600
943.310000000 5.800000000 20.562267303500
936.310000000 6.800000000 20.528528213500
936.560000000 6.800000000 20.523124694800
936.060000000 6.800000000 20.504571914700
943.310000000 6.000000000 20.457592010500
945.560000000 6.800000000 20.457397460900
934.310000000 6.400000000 20.441009521500
952.310000000 7.800000000 20.399822235100
950.310000000 6.600000000 20.357276916500
946.810000000 6.200000000 20.336563110400
942.810000000 6.400000000 20.324878692600
946.310000000 6.600000000 20.311424255400
953.060000000 7.200000000 20.294967651400
939.560000000 8.600000000 20.283321380600
937.810000000 8.800000000 20.267673492400
943.310000000 5.600000000 20.254455566400
942.310000000 6.800000000 20.221496582000
943.810000000 7.400000000 20.198392868000
934.560000000 6.800000000 20.164630889900
936.810000000 6.800000000 20.164451599100
944.560000000 7.200000000 20.145877838100
937.560000000 8.400000000 20.126243591300
942.310000000 6.600000000 20.039749145500
941.560000000 6.600000000 20.035793304400
937.060000000 6.800000000 20.014745712300
944.060000000 7.400000000 19.995054245000
943.810000000 7.800000000 19.968011856100
940.560000000 8.800000000 19.944042205800
952.310000000 6.600000000 19.938692092900
950.560000000 7.600000000 19.930677413900
945.810000000 6.800000000 19.925922393800
943.060000000 6.200000000 19.893724441500
951.310000000 8.200000000 19.878553390500
939.810000000 8.600000000 19.854501724200
941.310000000 6.800000000 19.845680236800
946.810000000 5.600000000 19.828517913800
941.810000000 5.800000000 19.802379608200
942.560000000 6.400000000 19.774332046500
950.810000000 7.200000000 19.715070724500
941.810000000 6.200000000 19.704433441200
941.810000000 6.400000000 19.660322189300
950.810000000 6.800000000 19.650260925300
941.810000000 5.600000000 19.604694366500
941.310000000 9.000000000 19.599641799900
951.560000000 8.200000000 19.592483520500
937.560000000 8.600000000 19.557397842400
942.810000000 9.400000000 19.520416259800
942.060000000 7.000000000 19.484975814800
942.310000000 6.400000000 19.473796844500
950.060000000 8.200000000 19.429407119800
946.060000000 6.800000000 19.378799438500
942.060000000 6.600000000 19.359853744500
941.810000000 6.600000000 19.352146148700
942.060000000 6.400000000 19.309885025000
953.060000000 6.400000000 19.309654235800
943.810000000 8.600000000 19.282981872600
942.560000000 9.400000000 19.246534347500
952.560000000 6.400000000 19.231571197500
942.060000000 6.800000000 19.222255706800
934.060000000 5.800000000 19.193511962900
951.810000000 8.200000000 19.174140930200
944.310000000 7.400000000 19.140184402500
937.310000000 7.400000000 19.128608703600
937.310000000 7.600000000 19.123662948600
939.060000000 8.800000000 19.122764587400
934.310000000 6.600000000 19.121805191000
941.810000000 9.200000000 19.091958999600
941.810000000 6.000000000 19.073896408100
941.310000000 7.000000000 19.034080505400
938.310000000 9.000000000 19.024534225500
949.810000000 6.200000000 19.001806259200
943.310000000 9.200000000 18.998241424600
943.060000000 9.400000000 18.992773056000
938.060000000 9.000000000 18.928934097300
946.810000000 6.400000000 18.873357772800
952.810000000 6.400000000 18.804729461700
942.810000000 6.200000000 18.793573379500
937.560000000 8.800000000 18.764026641800
942.060000000 6.200000000 18.734077453600
943.810000000 7.600000000 18.727340698200
945.560000000 7.000000000 18.701959610000
946.560000000 6.600000000 18.701086044300
941.560000000 6.800000000 18.698930740400
952.810000000 6.200000000 18.673376083400
950.810000000 7.000000000 18.669450759900
945.310000000 7.000000000 18.657661438000
941.810000000 6.800000000 18.632457733200
937.310000000 7.000000000 18.631385803200
949.560000000 5.600000000 18.597677230800
937.310000000 7.800000000 18.526987075800
945.060000000 7.000000000 18.520898819000
942.310000000 9.400000000 18.487146377600
945.810000000 7.000000000 18.458404541000
937.810000000 9.000000000 18.441596984900
941.810000000 7.000000000 18.430362701400
937.310000000 7.200000000 18.426717758200
946.310000000 6.800000000 18.312376022300
943.060000000 6.000000000 18.278759002700
941.560000000 7.000000000 18.235599517800
937.310000000 8.000000000 18.223968505900
934.060000000 6.000000000 18.197008132900
942.310000000 6.200000000 18.196260452300
942.560000000 6.200000000 18.186542511000
938.560000000 9.000000000 18.163959503200
944.060000000 7.600000000 18.157049179100
937.310000000 8.200000000 17.937026977500
941.060000000 9.000000000 17.924709320100
942.810000000 9.600000000 17.918186187700
943.560000000 9.000000000 17.883003234900
934.810000000 7.000000000 17.872278213500
947.810000000 5.600000000 17.859178543100
949.810000000 8.000000000 17.826339721700
952.310000000 8.000000000 17.817508697500
946.060000000 7.000000000 17.809675216700
944.810000000 7.200000000 17.807651519800
952.060000000 8.200000000 17.804191589400
935.060000000 7.000000000 17.773191452000
937.310000000 8.400000000 17.728080749500
940.310000000 8.800000000 17.719942092900
950.060000000 7.800000000 17.656145095800
942.560000000 9.600000000 17.610298156700
937.310000000 8.600000000 17.557497024500
953.060000000 7.400000000 17.513339996300
943.060000000 9.600000000 17.504041671800
937.560000000 9.000000000 17.487791061400
952.810000000 7.600000000 17.476129531900
942.060000000 9.400000000 17.472934722900
950.560000000 7.400000000 17.428777694700
943.310000000 9.400000000 17.404701232900
944.560000000 7.400000000 17.400836944600
952.560000000 7.800000000 17.375654220600
949.560000000 5.800000000 17.364797592200
950.060000000 6.600000000 17.349113464400
941.560000000 9.200000000 17.329431533800
937.310000000 8.800000000 17.259897232100
947.560000000 5.600000000 17.245489120500
942.060000000 6.000000000 17.209468841600
935.310000000 7.000000000 17.139060974100
934.060000000 6.200000000 17.130468368500
934.310000000 6.800000000 17.121110916100
939.310000000 8.800000000 17.118442535400
948.060000000 5.600000000 17.087072372400
942.810000000 6.000000000 17.050415039100
949.810000000 6.400000000 17.003477096600
950.560000000 6.800000000 16.993036270100
937.060000000 7.000000000 16.909074783300
944.310000000 7.600000000 16.898891449000
943.060000000 5.800000000 16.896413803100
945.560000000 7.200000000 16.857585907000
934.560000000 7.000000000 16.853450775100
942.310000000 9.600000000 16.817792892500
945.310000000 7.200000000 16.799461364700
933.810000000 5.600000000 16.738630294800
953.060000000 6.000000000 16.666175842300
938.810000000 9.000000000 16.664846420300
944.060000000 7.800000000 16.664663314800
945.810000000 7.200000000 16.659133911100
943.810000000 8.800000000 16.657148361200
949.810000000 8.200000000 16.633985519400
936.560000000 7.000000000 16.583330154400
936.310000000 7.000000000 16.550506591800
945.060000000 7.200000000 16.531438827500
935.560000000 7.000000000 16.529607772800
946.310000000 7.000000000 16.505874633800
946.560000000 6.800000000 16.478721618700
937.310000000 9.000000000 16.455364227300
936.810000000 7.000000000 16.452562332200
942.310000000 6.000000000 16.399517059300
946.810000000 6.600000000 16.380388259900
942.560000000 6.000000000 16.360483169600
936.060000000 7.000000000 16.347646713300
941.810000000 9.400000000 16.326068878200
947.060000000 6.200000000 16.304103851300
950.310000000 7.600000000 16.300964355500
935.810000000 7.000000000 16.259567260700
940.810000000 9.000000000 16.252323150600
943.310000000 9.600000000 16.203382492100
934.060000000 6.400000000 16.202705383300
944.060000000 8.000000000 16.188068389900
943.060000000 5.600000000 16.114742279100
947.310000000 5.600000000 16.088701248200
949.560000000 6.000000000 16.056575775100
942.060000000 5.600000000 16.029214859000
940.060000000 8.800000000 16.013765335100
946.060000000 7.200000000 16.012952804600
937.810000000 9.200000000 15.981946945200
947.060000000 6.000000000 15.901504516600
937.060000000 7.600000000 15.893581390400
942.060000000 9.600000000 15.790497779800
944.310000000 7.800000000 15.768785476700
942.810000000 9.800000000 15.768142700200
942.060000000 5.800000000 15.761866569500
944.060000000 8.200000000 15.691176414500
938.060000000 9.200000000 15.685940742500
937.060000000 7.800000000 15.685523033100
939.560000000 8.800000000 15.673161506700
942.810000000 5.800000000 15.609452247600
937.560000000 9.200000000 15.603002548200
942.560000000 9.800000000 15.570137977600
941.310000000 9.200000000 15.530661582900
937.060000000 8.600000000 15.513312339800
943.560000000 9.200000000 15.489300727800
944.310000000 8.000000000 15.468317985500
947.060000000 6.400000000 15.467292785600
937.060000000 8.800000000 15.433950424200
937.060000000 8.400000000 15.417130470300
937.060000000 7.400000000 15.417063713100
937.060000000 8.000000000 15.396885871900
953.060000000 6.200000000 15.366741180400
943.060000000 9.800000000 15.349115371700
937.060000000 8.200000000 15.335264205900
939.810000000 8.800000000 15.260634422300
950.560000000 7.200000000 15.223662376400
947.060000000 5.600000000 15.204152107200
950.310000000 6.800000000 15.186741828900
938.310000000 9.200000000 15.172730445900
933.810000000 5.800000000 15.119846344000
937.060000000 7.200000000 15.108146667500
939.060000000 9.000000000 15.099098205600
944.310000000 8.200000000 15.082217216500
941.560000000 9.400000000 15.074541091900
942.310000000 5.800000000 15.073307037400
948.310000000 5.600000000 15.058421134900
952.310000000 8.200000000 15.042257309000
950.560000000 8.400000000 15.034850120500
947.060000000 5.800000000 15.025333404500
942.560000000 5.800000000 14.997015953100
952.560000000 8.000000000 14.989372253400
944.560000000 7.600000000 14.972877502400
937.060000000 9.000000000 14.970676422100
951.560000000 8.400000000 14.955521583600
944.060000000 8.400000000 14.944581031800
942.310000000 9.800000000 14.901186943100
937.310000000 9.200000000 14.884155273400
950.810000000 8.400000000 14.859878540000
942.810000000 5.600000000 14.818500518800
934.060000000 6.600000000 14.798210144000
944.810000000 7.400000000 14.785176277200
945.310000000 7.400000000 14.775359153700
949.560000000 6.200000000 14.760526657100
943.560000000 9.400000000 14.751129150400
951.810000000 8.400000000 14.747344970700
945.560000000 7.400000000 14.716421127300
941.810000000 9.600000000 14.704723358200
951.310000000 8.400000000 14.700542450000
943.310000000 9.800000000 14.678004264800
945.060000000 7.400000000 14.664097785900
946.310000000 7.200000000 14.637399673500
950.310000000 8.400000000 14.633666038500
940.560000000 9.000000000 14.628558158900
951.060000000 8.400000000 14.619593620300
952.810000000 7.800000000 14.574853897100
934.310000000 7.000000000 14.532233238200
953.060000000 7.600000000 14.505922317500
945.810000000 7.400000000 14.403072357200
946.560000000 7.000000000 14.401451110800
942.310000000 5.600000000 14.360950470000
950.560000000 7.000000000 14.357712745700
942.560000000 5.600000000 14.345781326300
949.310000000 5.600000000 14.307573318500
944.560000000 7.800000000 14.302020072900
949.810000000 6.600000000 14.264310836800
943.810000000 9.000000000 14.184027671800
944.310000000 8.400000000 14.177868843100
933.810000000 6.000000000 14.177604675300
938.560000000 9.200000000 14.152913093600
944.560000000 8.000000000 14.086661338800
943.060000000 10.000000000 14.059140205400
942.810000000 10.000000000 14.058768272400
949.560000000 8.000000000 13.996950149500
943.560000000 9.600000000 13.988175392200
947.810000000 5.800000000 13.970292091400
944.060000000 8.600000000 13.960645675700
942.060000000 9.800000000 13.959663391100
937.060000000 9.200000000 13.920288085900
946.810000000 6.800000000 13.894598007200
941.060000000 9.200000000 13.835746765100
949.810000000 7.800000000 13.765381813000
933.810000000 6.400000000 13.760616302500
944.560000000 8.200000000 13.745045661900
948.060000000 5.800000000 13.735504150400
936.810000000 7.200000000 13.692219734200
933.810000000 6.200000000 13.652479171800
941.310000000 9.400000000 13.649585723900
948.060000000 6.800000000 13.648955345200
946.060000000 7.400000000 13.648722648600
942.560000000 10.000000000 13.626665115400
952.060000000 8.400000000 13.615371704100
948.310000000 6.600000000 13.587322235100
941.560000000 9.600000000 13.583854675300
948.060000000 6.600000000 13.574194908100
939.310000000 9.000000000 13.555545806900
949.310000000 5.800000000 13.490788459800
947.560000000 5.800000000 13.483452796900
952.560000000 8.200000000 13.480671882600
947.060000000 6.600000000 13.477588653600
934.810000000 7.200000000 13.437880516100
948.310000000 6.800000000 13.416521072400
950.060000000 8.400000000 13.381716728200
943.310000000 10.000000000 13.375527381900
937.560000000 9.400000000 13.353806495700
952.810000000 8.000000000 13.318422317500
935.060000000 7.200000000 13.298585891700
936.810000000 8.800000000 13.290915489200
949.560000000 8.200000000 13.256661415100
949.560000000 6.400000000 13.254626274100
936.810000000 8.600000000 13.249825477600
937.810000000 9.400000000 13.223430633500
940.310000000 9.000000000 13.189854621900
950.060000000 6.800000000 13.172669410700
936.560000000 7.200000000 13.168875694300
944.310000000 8.600000000 13.142217636100
934.060000000 6.800000000 13.129269599900
943.560000000 9.800000000 13.118897438000
944.560000000 8.400000000 13.094743728600
944.810000000 7.600000000 13.063256263700
936.810000000 9.000000000 13.051482200600
942.310000000 10.000000000 13.036444664000
936.810000000 8.400000000 12.975150108300
937.310000000 9.400000000 12.972761154200
941.810000000 9.800000000 12.946450233500
938.810000000 9.200000000 12.940910339400
934.560000000 7.200000000 12.896044731100
948.560000000 5.600000000 12.881667137100
936.310000000 7.200000000 12.863802909900
947.810000000 6.800000000 12.831721305800
935.310000000 7.200000000 12.818320274400
945.060000000 7.600000000 12.745018005400
945.310000000 7.600000000 12.737084388700
948.310000000 5.800000000 12.725725174000
936.810000000 8.200000000 12.658313751200
947.310000000 5.800000000 12.652731895400
948.560000000 6.600000000 12.637902259800
950.310000000 7.400000000 12.575599670400
938.060000000 9.400000000 12.566127777100
952.310000000 8.400000000 12.565629005400
936.810000000 7.800000000 12.533490181000
936.810000000 8.000000000 12.512212753300
936.060000000 7.200000000 12.507417678800
945.560000000 7.600000000 12.504647254900
947.810000000 6.600000000 12.478464126600
933.560000000 5.600000000 12.458635330200
933.810000000 6.600000000 12.454661369300
944.060000000 8.800000000 12.443616867100
953.060000000 7.800000000 12.436925888100
936.810000000 9.200000000 12.434831619300
942.060000000 10.000000000 12.433788299600
946.560000000 7.200000000 12.431359291100
936.810000000 7.600000000 12.397490501400
935.560000000 7.200000000 12.392077446000
940.810000000 9.200000000 12.316128730800
941.310000000 9.600000000 12.297026634200
937.060000000 9.400000000 12.296870231600
935.810000000 7.200000000 12.283762931800
944.810000000 7.800000000 12.264041900600
946.310000000 7.400000000 12.262806892400
939.560000000 9.000000000 12.243636131300
936.810000000 7.400000000 12.201168060300
940.060000000 9.000000000 12.159446716300
948.560000000 6.800000000 12.156508445700
950.060000000 7.600000000 12.155112266500
944.560000000 8.600000000 12.149022102400
952.810000000 8.200000000 12.122193336500
949.310000000 6.000000000 12.079663276700
941.560000000 9.800000000 12.005944252000
941.060000000 9.400000000 11.987757682800
944.810000000 8.000000000 11.986341476400
948.310000000 6.400000000 11.963730812100
947.310000000 6.200000000 11.925307273900
945.810000000 7.600000000 11.907927513100
943.560000000 10.000000000 11.878040313700
943.810000000 9.200000000 11.826761245700
939.810000000 9.000000000 11.772483825700
952.560000000 8.400000000 11.765520095800
941.810000000 10.000000000 11.759818077100
939.060000000 9.200000000 11.753132820100
944.810000000 8.200000000 11.708853721600
946.810000000 7.000000000 11.650592804000
948.060000000 6.400000000 11.627010345500
948.560000000 6.400000000 11.622417450000
938.310000000 9.400000000 11.555575370800
947.310000000 6.400000000 11.550729751600
934.310000000 7.200000000 11.535142898600
943.810000000 9.400000000 11.432251930200
944.810000000 8.400000000 11.428825378400
949.810000000 8.400000000 11.389030456500
947.560000000 6.800000000 11.379500389100
933.560000000 6.200000000 11.361307144200
936.810000000 9.400000000 11.360483169600
944.310000000 8.800000000 11.333710670500
934.060000000 7.000000000 11.278223991400
949.560000000 6.600000000 11.246638298000
949.310000000 6.200000000 11.232720375100
937.310000000 9.600000000 11.225564956700
933.560000000 6.400000000 11.224164009100
948.560000000 5.800000000 11.220003128100
952.810000000 8.400000000 11.204966545100
948.810000000 6.600000000 11.183709144600
933.560000000 5.800000000 11.159924507100
948.060000000 7.000000000 11.158717155500
937.560000000 9.600000000 11.153097152700
947.310000000 6.000000000 11.144828796400
953.060000000 8.000000000 11.126958847000
943.810000000 9.600000000 11.103834152200
945.060000000 7.800000000 11.081938743600
936.560000000 8.800000000 11.061609268200
951.810000000 8.600000000 11.039930343600
949.810000000 6.800000000 11.007529258700
940.560000000 9.200000000 11.000923156700
936.560000000 8.600000000 10.992034912100
948.810000000 5.600000000 10.949297905000
937.060000000 9.600000000 10.930641174300
936.560000000 9.000000000 10.922093391400
950.310000000 7.000000000 10.893976211500
945.310000000 7.800000000 10.892560005200
946.060000000 7.600000000 10.882095336900
952.060000000 8.600000000 10.880989074700
948.810000000 6.400000000 10.878112793000
952.310000000 8.600000000 10.870262146000
941.560000000 10.000000000 10.858403205900
949.060000000 5.600000000 10.845661163300
951.560000000 8.600000000 10.842976570100
947.060000000 6.800000000 10.831193924000
948.310000000 6.000000000 10.825984954800
933.810000000 6.800000000 10.821650505100
948.310000000 7.000000000 10.812266349800
941.310000000 9.800000000 10.806268692000
952.560000000 8.600000000 10.795076370200
948.310000000 6.200000000 10.779778480500
941.060000000 9.600000000 10.731992721600
947.810000000 7.000000000 10.720840454100
947.560000000 6.600000000 10.704942703200
948.560000000 6.000000000 10.694869995100
943.810000000 9.800000000 10.675624847400
937.810000000 9.600000000 10.673289299000
936.560000000 8.400000000 10.660847663900
948.560000000 6.200000000 10.635697364800
947.810000000 6.000000000 10.601798057600
938.560000000 9.400000000 10.595681190500
936.560000000 9.200000000 10.593533515900
936.560000000 7.400000000 10.591897010800
948.060000000 6.000000000 10.561164856000
939.310000000 9.200000000 10.548154830900
947.810000000 6.400000000 10.512240409900
952.810000000 8.600000000 10.481418609600
949.310000000 8.000000000 10.471787452700
947.560000000 6.000000000 10.454016685500
944.810000000 8.600000000 10.448417663600
945.560000000 7.800000000 10.447168350200
948.060000000 6.200000000 10.444560051000
944.060000000 9.000000000 10.430648803700
944.560000000 8.800000000 10.399626731900
933.560000000 6.000000000 10.395706176800
950.310000000 7.200000000 10.357625007600
948.810000000 6.800000000 10.318106651300
936.810000000 9.600000000 10.278053283700
951.310000000 8.600000000 10.270766258200
953.060000000 8.200000000 10.266082763700
946.560000000 7.400000000 10.241623878500
940.810000000 9.400000000 10.200207710300
948.810000000 6.000000000 10.188860893200
953.060000000 8.400000000 10.187412262000
936.560000000 8.200000000 10.180987358100
949.060000000 5.800000000 10.165578842200
947.310000000 6.600000000 10.080256462100
949.060000000 6.400000000 10.034720420800
948.810000000 6.200000000 10.025646209700
936.560000000 9.400000000 10.021530151400
949.560000000 7.800000000 9.997095108000
940.310000000 9.200000000 9.954273223900
949.310000000 8.200000000 9.921956062300
947.310000000 6.800000000 9.897231102000
933.560000000 6.600000000 9.888819694500
945.060000000 8.000000000 9.879296302800
949.310000000 6.400000000 9.854064941400
936.310000000 7.400000000 9.832945823700
947.560000000 7.000000000 9.811529159500
947.810000000 6.200000000 9.811313629200
938.060000000 9.600000000 9.807106971700
948.810000000 5.800000000 9.800136566200
936.560000000 8.000000000 9.781106948900
949.060000000 6.600000000 9.766885757400
953.060000000 8.600000000 9.752957344100
938.810000000 9.400000000 9.749870300300
934.810000000 7.400000000 9.730474472000
945.060000000 8.200000000 9.704896926900
946.810000000 7.200000000 9.696281433100
935.060000000 7.400000000 9.685488700900
937.060000000 9.800000000 9.681910514800
943.810000000 10.000000000 9.667100906400
941.310000000 10.000000000 9.642336845400
948.560000000 7.000000000 9.640846252400
937.310000000 9.800000000 9.620757103000
945.810000000 7.800000000 9.601046562200
949.060000000 6.000000000 9.560487747200
949.060000000 6.200000000 9.538102150000
936.560000000 7.600000000 9.527866363500
939.560000000 9.200000000 9.527615547200
949.810000000 7.600000000 9.527260780300
936.560000000 7.800000000 9.523618698100
951.060000000 8.600000000 9.488786697400
946.310000000 7.600000000 9.481477737400
941.060000000 9.800000000 9.478484153700
945.310000000 8.000000000 9.478082656900
933.560000000 6.800000000 9.450787544300
936.810000000 9.800000000 9.441944122300
934.060000000 7.200000000 9.431219101000
934.560000000 7.400000000 9.430407524100
935.310000000 7.400000000 9.393217086800
945.060000000 8.400000000 9.364925384500
947.560000000 6.400000000 9.344902992200
936.060000000 7.400000000 9.330660820000
950.810000000 8.600000000 9.322887420700
940.060000000 9.200000000 9.287086486800
944.060000000 9.200000000 9.278901100200
936.560000000 9.600000000 9.277503967300
937.560000000 9.800000000 9.266086578400
933.810000000 7.000000000 9.253722190900
950.560000000 8.600000000 9.199425697300
952.560000000 8.800000000 9.137811660800
935.560000000 7.400000000 9.115347862200
952.310000000 8.800000000 9.113064765900
939.810000000 9.200000000 9.107594490100
944.310000000 9.000000000 9.086738586400
935.810000000 7.400000000 9.073338508600
950.060000000 7.000000000 9.071956634500
952.060000000 8.800000000 9.069674491900
947.560000000 6.200000000 9.064455986000
949.560000000 8.400000000 9.032317161600
952.810000000 8.800000000 9.006911277800
940.810000000 9.600000000 9.002619743300
951.810000000 8.800000000 8.983298301700
936.560000000 9.800000000 8.891621589700
936.310000000 8.600000000 8.875599861100
936.310000000 8.800000000 8.872569084200
939.060000000 9.400000000 8.842685699500
933.310000000 6.200000000 8.838333129900
950.310000000 8.600000000 8.836081504800
947.310000000 7.000000000 8.827490806600
944.810000000 8.800000000 8.820329666100
945.560000000 8.000000000 8.816721916200
949.560000000 7.600000000 8.794720649700
949.310000000 6.600000000 8.788994789100
949.560000000 6.800000000 8.753049850500
936.310000000 9.000000000 8.726791381800
934.310000000 7.400000000 8.726374626200
938.310000000 9.600000000 8.699855804400
950.060000000 7.400000000 8.680398941000
951.560000000 8.800000000 8.671079635600
947.060000000 7.000000000 8.666475296000
940.560000000 9.400000000 8.661383628800
933.310000000 5.600000000 8.635154724100
937.810000000 9.800000000 8.601602554300
936.310000000 8.400000000 8.594244003300
949.060000000 6.800000000 8.572502136200
953.060000000 8.800000000 8.566094398500
936.310000000 9.200000000 8.565748214700
933.560000000 7.000000000 8.513998031600
945.310000000 8.200000000 8.506987571700
933.310000000 6.800000000 8.439054489100
946.060000000 7.800000000 8.418313980100
945.060000000 8.600000000 8.404334068300
933.310000000 6.400000000 8.401295661900
936.310000000 9.400000000 8.399038314800
936.810000000 10.000000000 8.376646041900
933.310000000 6.600000000 8.362481117200
937.060000000 10.000000000 8.347067832900
933.310000000 6.000000000 8.314945220900
944.560000000 9.000000000 8.264050483700
936.560000000 10.000000000 8.168866157500
941.060000000 10.000000000 8.167881965600
949.810000000 7.400000000 8.154241561900
936.310000000 9.600000000 8.144136428800
937.310000000 10.000000000 8.103284835800
944.060000000 9.400000000 8.088722229000
945.810000000 8.000000000 8.081320762600
936.310000000 8.200000000 8.068220138500
944.060000000 9.600000000 8.062033653300
936.310000000 9.800000000 8.061214447000
940.810000000 9.800000000 8.000051498400
949.310000000 7.800000000 7.991305351300
951.310000000 8.800000000 7.989876747100
949.060000000 8.000000000 7.982991695400
948.810000000 7.000000000 7.977099418600
950.060000000 8.600000000 7.974214553800
933.310000000 7.000000000 7.966950416600
939.310000000 9.400000000 7.966518402100
945.560000000 8.200000000 7.909438133200
946.810000000 7.400000000 7.896867752100
945.310000000 9.000000000 7.877640724200
936.310000000 7.600000000 7.871614456200
938.560000000 9.600000000 7.843583107000
945.310000000 8.800000000 7.836849689500
945.310000000 8.400000000 7.825656890900
946.560000000 7.600000000 7.824979782100
945.060000000 8.800000000 7.784351825700
945.060000000 9.000000000 7.774949550600
944.060000000 9.800000000 7.764920234700
940.310000000 9.400000000 7.748789787300
933.810000000 7.200000000 7.731467247000
945.560000000 9.000000000 7.722271919300
945.310000000 8.600000000 7.720705509200
936.310000000 10.000000000 7.699378490400
949.310000000 7.600000000 7.693912506100
945.560000000 8.800000000 7.689309597000
938.060000000 9.800000000 7.649755954700
949.810000000 7.000000000 7.649349689500
950.060000000 7.200000000 7.645929336500
937.560000000 10.000000000 7.638097763100
948.060000000 7.200000000 7.591651916500
945.560000000 8.400000000 7.589507579800
933.310000000 5.800000000 7.568889617900
945.560000000 8.600000000 7.553287982900
934.060000000 7.400000000 7.552653789500
933.560000000 7.200000000 7.524943351700
944.810000000 9.000000000 7.508415222200
946.310000000 7.800000000 7.507737159700
945.310000000 9.200000000 7.488857746100
936.310000000 8.000000000 7.487300872800
948.310000000 7.200000000 7.479574680300
949.310000000 6.800000000 7.468962669400
945.810000000 8.200000000 7.466691970800
946.060000000 8.000000000 7.423675537100
949.060000000 8.200000000 7.421376705200
940.560000000 9.600000000 7.410979270900
945.060000000 9.200000000 7.387035369900
945.560000000 9.200000000 7.382090568500
949.560000000 7.400000000 7.339206695600
933.310000000 7.200000000 7.323509693100
945.810000000 9.000000000 7.294210910800
945.810000000 8.800000000 7.292875766800
936.310000000 7.800000000 7.285782337200
939.560000000 9.400000000 7.266771316500
952.060000000 9.000000000 7.228355884600
934.810000000 7.600000000 7.220117092100
945.810000000 8.400000000 7.215527057600
938.810000000 9.600000000 7.207809448200
945.810000000 8.600000000 7.207270622300
947.810000000 7.200000000 7.201509475700
940.060000000 9.400000000 7.196232795700
952.310000000 9.000000000 7.192207336400
935.060000000 7.600000000 7.172889709500
952.560000000 9.000000000 7.152908802000
951.810000000 9.000000000 7.150978565200
944.810000000 9.200000000 7.123886108400
944.060000000 10.000000000 7.123016834300
936.060000000 7.600000000 7.115465164200
934.560000000 7.600000000 7.086253643000
952.810000000 9.000000000 7.076159477200
945.810000000 9.200000000 7.054449558300
939.810000000 9.400000000 7.031275749200
944.310000000 9.200000000 7.019445419300
935.310000000 7.600000000 7.018565177900
936.060000000 9.800000000 7.017343998000
944.560000000 9.200000000 6.999498367300
940.810000000 10.000000000 6.974865436600
936.060000000 10.000000000 6.963717937500
947.060000000 7.200000000 6.946918487500
951.060000000 8.800000000 6.943108081800
936.060000000 8.600000000 6.934476375600
937.810000000 10.000000000 6.923478603400
946.060000000 8.200000000 6.873803138700
936.060000000 9.600000000 6.852107048000
953.060000000 9.000000000 6.846374988600
948.560000000 7.200000000 6.845598697700
936.060000000 8.400000000 6.834524631500
935.560000000 7.600000000 6.826820850400
948.810000000 8.000000000 6.824386119800
951.560000000 9.000000000 6.799681663500
936.060000000 8.800000000 6.797165870700
949.310000000 8.400000000 6.771632194500
933.310000000 7.400000000 6.759566783900
935.810000000 7.600000000 6.754004478500
938.310000000 9.800000000 6.733120918300
935.060000000 10.000000000 6.704299926800
945.560000000 9.400000000 6.702339172400
945.310000000 9.400000000 6.685000896500
934.310000000 7.600000000 6.679408550300
936.060000000 9.400000000 6.662726402300
949.810000000 7.200000000 6.652011394500
946.060000000 9.000000000 6.647653102900
933.560000000 7.400000000 6.640310287500
949.060000000 7.800000000 6.634826183300
946.060000000 8.400000000 6.630965232800
933.810000000 7.400000000 6.630435466800
946.060000000 8.800000000 6.619735240900
946.310000000 8.000000000 6.611392021200
935.310000000 10.000000000 6.609848976100
936.060000000 9.000000000 6.599573612200
949.810000000 8.600000000 6.597660541500
934.810000000 10.000000000 6.596557617200
946.060000000 8.600000000 6.579861164100
940.560000000 9.800000000 6.570034027100
949.060000000 7.000000000 6.566556453700
945.060000000 9.400000000 6.563134193400
945.810000000 9.400000000 6.561335086800
948.560000000 8.000000000 6.547362327600
936.060000000 9.200000000 6.545302867900
946.060000000 9.200000000 6.527276516000
947.560000000 7.200000000 6.524916648900
939.060000000 9.600000000 6.493497371700
946.560000000 7.800000000 6.485384941100
936.060000000 8.200000000 6.363503933000
935.560000000 10.000000000 6.356497287800
940.310000000 9.600000000 6.347444057500
944.810000000 9.400000000 6.342562198600
948.310000000 8.000000000 6.333351612100
935.810000000 10.000000000 6.329448223100
946.810000000 7.600000000 6.246417999300
948.810000000 8.200000000 6.233991146100
949.060000000 7.600000000 6.233875274700
934.560000000 10.000000000 6.225818157200
949.310000000 7.400000000 6.225056648300
938.060000000 10.000000000 6.221297264100
946.060000000 9.400000000 6.196084976200
946.310000000 8.200000000 6.189372062700
946.560000000 8.000000000 6.187412738800
944.310000000 9.400000000 6.150265693700
951.310000000 9.000000000 6.143516063700
949.560000000 7.000000000 6.131965637200
944.560000000 9.400000000 6.116947174100
938.560000000 9.800000000 6.035548210100
950.810000000 8.800000000 6.032153129600
948.560000000 8.200000000 6.030269622800
939.310000000 9.600000000 6.028210640000
935.810000000 9.800000000 6.011477947200
935.310000000 9.800000000 5.987176895100
935.060000000 9.800000000 5.961647033700
945.810000000 9.600000000 5.939969539600
945.560000000 9.600000000 5.932415485400
934.060000000 7.600000000 5.929829597500
933.310000000 7.600000000 5.923338413200
948.310000000 8.200000000 5.917919158900
936.060000000 7.800000000 5.917606353800
946.310000000 9.000000000 5.915961265600
948.810000000 7.200000000 5.893587112400
946.810000000 7.800000000 5.889577388800
935.560000000 9.800000000 5.881251335100
947.310000000 7.200000000 5.859015941600
936.060000000 8.000000000 5.849386215200
940.560000000 10.000000000 5.847814559900
949.310000000 7.000000000 5.827769756300
945.310000000 9.600000000 5.815602302600
946.310000000 9.200000000 5.808253288300
946.310000000 8.400000000 5.802970886200
934.810000000 9.800000000 5.799559116400
939.560000000 9.600000000 5.796013832100
946.560000000 8.200000000 5.783461093900
933.560000000 7.600000000 5.763128280600
946.810000000 8.000000000 5.763113498700
952.060000000 9.200000000 5.758481025700
946.310000000 8.800000000 5.753698349000
940.060000000 9.600000000 5.740612506900
933.810000000 7.600000000 5.736693382300
944.310000000 9.600000000 5.726814746900
946.060000000 9.600000000 5.717351436600
944.560000000 9.600000000 5.685586452500
940.310000000 9.800000000 5.685253620100
952.310000000 9.200000000 5.657349109600
945.060000000 9.600000000 5.657318115200
951.810000000 9.200000000 5.655894279500
947.060000000 7.400000000 5.653642654400
946.310000000 8.600000000 5.643712043800
935.810000000 8.400000000 5.605950355500
948.060000000 8.000000000 5.589150905600
944.310000000 9.800000000 5.575974941300
946.310000000 9.400000000 5.572810173000
939.810000000 9.600000000 5.563783645600
944.310000000 10.000000000 5.553836345700
934.810000000 7.800000000 5.537739276900
934.310000000 10.000000000 5.526268482200
935.810000000 8.200000000 5.513116836500
938.310000000 10.000000000 5.511575698900
935.810000000 9.600000000 5.487760543800
952.560000000 9.200000000 5.482793808000
935.810000000 8.600000000 5.479880809800
948.810000000 7.800000000 5.479821205100
935.060000000 7.800000000 5.476328849800
952.810000000 10.000000000 5.474555015600
944.560000000 9.800000000 5.472839832300
934.560000000 9.800000000 5.463567256900
949.560000000 7.200000000 5.461167812300
934.560000000 7.800000000 5.460829734800
940.310000000 10.000000000 5.458976745600
953.060000000 10.000000000 5.442085743000
944.810000000 9.600000000 5.436276912700
938.810000000 9.800000000 5.432195186600
944.560000000 10.000000000 5.377516746500
940.060000000 9.800000000 5.364786148100
935.310000000 7.800000000 5.360496044200
935.560000000 8.400000000 5.336904048900
952.560000000 10.000000000 5.335223197900
935.810000000 7.800000000 5.330269336700
946.810000000 9.000000000 5.329020977000
935.810000000 8.800000000 5.321161270100
945.810000000 9.800000000 5.310241699200
952.810000000 9.200000000 5.298165321400
935.810000000 8.000000000 5.294437408400
951.560000000 9.200000000 5.279853820800
951.060000000 9.000000000 5.276011943800
947.060000000 9.000000000 5.272111415900
935.560000000 9.600000000 5.270575046500
945.560000000 9.800000000 5.269762039200
939.810000000 9.800000000 5.262898445100
947.060000000 7.800000000 5.262548446700
935.310000000 9.600000000 5.258235931400
935.560000000 7.800000000 5.253830909700
935.560000000 8.200000000 5.231000423400
946.810000000 8.200000000 5.228344917300
939.560000000 9.800000000 5.216755867000
946.310000000 9.600000000 5.211061477700
948.060000000 8.200000000 5.201847076400
947.060000000 8.000000000 5.201509952500
940.060000000 10.000000000 5.197247982000
946.060000000 9.800000000 5.172785759000
935.810000000 9.200000000 5.168774128000
946.560000000 8.400000000 5.168127536800
935.560000000 8.600000000 5.165943622600
934.310000000 7.800000000 5.154470920600
946.560000000 9.000000000 5.152820110300
945.310000000 9.800000000 5.148413658100
935.810000000 9.000000000 5.134340286300
935.810000000 9.400000000 5.107161045100
947.310000000 9.000000000 5.104716777800
947.060000000 7.600000000 5.102020740500
953.060000000 9.200000000 5.096116066000
939.310000000 9.800000000 5.086434364300
948.560000000 7.800000000 5.082970142400
935.560000000 9.400000000 5.082965374000
947.310000000 7.400000000 5.073438644400
944.810000000 9.800000000 5.056722641000
949.060000000 8.400000000 5.048534393300
935.060000000 9.600000000 5.046739578200
948.810000000 10.000000000 5.044776916500
951.310000000 10.000000000 5.036376953100
948.560000000 10.000000000 5.002649307300
950.560000000 8.800000000 4.999908924100
953.060000000 9.800000000 4.996594905900
945.060000000 9.800000000 4.986235618600
935.560000000 8.800000000 4.982916832000
949.560000000 8.600000000 4.967412948600
949.060000000 7.200000000 4.959927558900
934.060000000 7.800000000 4.959372997300
944.810000000 10.000000000 4.953113555900
938.560000000 10.000000000 4.948982715600
947.560000000 7.400000000 4.944168567700
951.560000000 10.000000000 4.942096710200
952.310000000 10.000000000 4.910666465800
951.060000000 10.000000000 4.906251907300
933.310000000 7.800000000 4.903625488300
947.560000000 9.000000000 4.900166511500
934.310000000 9.800000000 4.896519660900
946.560000000 9.200000000 4.887737751000
935.310000000 8.400000000 4.885296344800
939.810000000 10.000000000 4.879000663800
935.560000000 9.000000000 4.876271724700
935.560000000 9.200000000 4.870558261900
948.810000000 7.600000000 4.862141132400
935.310000000 9.400000000 4.854006767300
939.060000000 9.800000000 4.848494052900
949.060000000 7.400000000 4.847315311400
933.560000000 7.800000000 4.845397949200
933.810000000 7.800000000 4.830178260800
946.560000000 8.800000000 4.828460693400
934.810000000 9.600000000 4.814216613800
946.310000000 9.800000000 4.813395500200
948.310000000 7.400000000 4.813300609600
948.560000000 8.400000000 4.807539939900
935.560000000 8.000000000 4.795190334300
945.310000000 10.000000000 4.779184341400
946.560000000 8.600000000 4.777767658200
947.310000000 7.800000000 4.776679515800
952.060000000 9.400000000 4.772759437600
948.560000000 9.800000000 4.756943225900
948.810000000 9.800000000 4.755772590600
935.310000000 8.200000000 4.753627300300
948.810000000 8.400000000 4.749372005500
948.060000000 7.400000000 4.748600482900
947.060000000 9.200000000 4.746454715700
951.810000000 10.000000000 4.739769458800
951.310000000 9.200000000 4.730422973600
947.310000000 7.600000000 4.726225376100
946.560000000 9.400000000 4.723429679900
945.560000000 10.000000000 4.719670772600
945.810000000 10.000000000 4.719656944300
946.810000000 9.200000000 4.717559814500
952.810000000 9.800000000 4.704443931600
935.310000000 8.600000000 4.702228069300
952.310000000 9.400000000 4.694012641900
947.810000000 9.000000000 4.693010807000
947.310000000 9.200000000 4.636538505600
949.310000000 10.000000000 4.634512424500
951.560000000 9.800000000 4.624180316900
934.560000000 9.600000000 4.617635250100
951.310000000 9.800000000 4.616981029500
946.060000000 10.000000000 4.614894390100
951.810000000 9.400000000 4.611103534700
948.310000000 10.000000000 4.610094070400
949.060000000 10.000000000 4.593538284300
947.060000000 8.200000000 4.585242271400
948.560000000 7.400000000 4.577548503900
947.810000000 7.400000000 4.575914859800
945.060000000 10.000000000 4.571859359700
948.310000000 8.400000000 4.560515403700
939.560000000 10.000000000 4.542655468000
950.310000000 8.800000000 4.541098594700
946.810000000 8.800000000 4.539920806900
950.810000000 9.000000000 4.539318561600
939.060000000 10.000000000 4.534910678900
948.310000000 7.800000000 4.534395694700
952.560000000 9.800000000 4.531591892200
952.060000000 10.000000000 4.529899120300
934.060000000 10.000000000 4.521936416600
951.810000000 9.800000000 4.512443542500
935.310000000 9.200000000 4.506775856000
947.310000000 8.000000000 4.502271652200
935.060000000 9.400000000 4.502230644200
946.560000000 9.600000000 4.501789093000
948.310000000 9.800000000 4.501050949100
953.060000000 9.600000000 4.487873554200
947.310000000 9.800000000 4.485561370800
947.560000000 7.600000000 4.478166580200
938.810000000 10.000000000 4.477978229500
935.310000000 8.800000000 4.476232528700
948.060000000 9.000000000 4.468970298800
952.810000000 9.600000000 4.456238746600
949.560000000 10.000000000 4.445635318800
939.310000000 10.000000000 4.445406436900
934.560000000 8.000000000 4.444772720300
934.810000000 8.000000000 4.441096305800
947.060000000 8.800000000 4.438990593000
952.560000000 9.400000000 4.434010028800
947.560000000 9.200000000 4.431433677700
947.060000000 9.800000000 4.430830001800
946.810000000 8.400000000 4.418392658200
952.060000000 9.800000000 4.413827419300
950.810000000 10.000000000 4.411598205600
952.310000000 9.800000000 4.409453392000
953.060000000 9.400000000 4.404946327200
935.310000000 9.000000000 4.404610633900
946.310000000 10.000000000 4.393616676300
949.310000000 7.200000000 4.385917663600
948.560000000 8.600000000 4.384194374100
952.560000000 9.600000000 4.381387233700
949.060000000 9.800000000 4.345345497100
935.060000000 8.000000000 4.338308811200
947.560000000 10.000000000 4.324012279500
947.560000000 9.800000000 4.315826892900
946.560000000 9.800000000 4.313793659200
950.560000000 9.000000000 4.311033248900
951.060000000 9.800000000 4.310136318200
934.310000000 8.000000000 4.308742523200
935.060000000 8.400000000 4.303449153900
934.310000000 9.600000000 4.301814079300
949.060000000 8.600000000 4.289734363600
948.310000000 8.600000000 4.288221359300
947.810000000 10.000000000 4.280419349700
952.810000000 9.400000000 4.279373168900
951.560000000 9.400000000 4.278010845200
947.810000000 8.000000000 4.272214412700
947.310000000 10.000000000 4.262910842900
948.060000000 9.800000000 4.249697685200
947.310000000 8.800000000 4.243641376500
935.310000000 8.000000000 4.228742122700
947.560000000 7.800000000 4.228488445300
948.060000000 10.000000000 4.223603248600
947.060000000 10.000000000 4.209474563600
947.810000000 9.200000000 4.196725845300
949.060000000 9.400000000 4.195355892200
950.060000000 8.800000000 4.186581611600
947.810000000 9.800000000 4.184502124800
934.060000000 8.000000000 4.183503627800
952.060000000 9.600000000 4.176262378700
952.310000000 9.600000000 4.167642593400
948.810000000 8.600000000 4.167532444000
949.310000000 8.600000000 4.163658142100
948.310000000 9.000000000 4.163041114800
949.310000000 9.400000000 4.159583568600
935.060000000 8.600000000 4.152801513700
951.060000000 9.200000000 4.151517868000
949.310000000 9.800000000 4.149122238200
948.560000000 7.600000000 4.147510051700
935.060000000 8.200000000 4.133464336400
933.810000000 8.000000000 4.130024433100
949.060000000 8.800000000 4.119403839100
949.310000000 8.800000000 4.113586425800
949.560000000 9.800000000 4.113073349000
934.810000000 9.400000000 4.112001419100
934.060000000 9.800000000 4.103624820700
946.560000000 10.000000000 4.097857475300
948.060000000 8.400000000 4.096262931800
950.310000000 9.000000000 4.082566738100
948.060000000 7.800000000 4.074038505600
947.560000000 8.800000000 4.073383331300
948.810000000 7.400000000 4.068863391900
948.810000000 9.400000000 4.067124366800
949.310000000 9.600000000 4.049170017200
948.810000000 9.200000000 4.047422409100
947.810000000 7.600000000 4.030338287400
950.810000000 9.800000000 4.022384166700
949.810000000 10.000000000 4.015741825100
949.560000000 8.800000000 4.014640331300
947.810000000 8.200000000 4.014325141900
935.060000000 9.200000000 4.009124279000
949.810000000 8.800000000 4.004290580700
946.810000000 8.600000000 3.994563818000
949.560000000 9.400000000 3.992968320800
951.810000000 9.600000000 3.992688894300
949.560000000 9.600000000 3.990350723300
946.810000000 9.800000000 3.983987569800
948.060000000 9.200000000 3.982228279100
933.560000000 8.000000000 3.976900339100
947.560000000 8.000000000 3.975995302200
947.810000000 8.800000000 3.975576162300
948.560000000 9.400000000 3.956847429300
949.060000000 9.600000000 3.949005127000
951.310000000 9.400000000 3.943332910500
949.060000000 9.200000000 3.941667318300
947.310000000 8.200000000 3.924643039700
948.310000000 9.600000000 3.919388771100
949.810000000 9.800000000 3.904286384600
948.060000000 8.600000000 3.898348093000
935.060000000 8.800000000 3.896441459700
948.060000000 9.600000000 3.895717144000
948.060000000 8.800000000 3.895066738100
948.560000000 9.600000000 3.894609689700
950.560000000 9.800000000 3.891934156400
948.810000000 8.800000000 3.855901241300
950.060000000 9.000000000 3.851494312300
948.560000000 9.200000000 3.850574016600
947.810000000 9.600000000 3.831315279000
933.310000000 8.000000000 3.827173471500
934.060000000 9.600000000 3.826477289200
950.810000000 9.200000000 3.823224782900
934.560000000 9.400000000 3.811385631600
935.060000000 9.000000000 3.802493572200
948.310000000 9.400000000 3.802120685600
950.560000000 10.000000000 3.788270473500
949.810000000 9.600000000 3.784580469100
951.560000000 9.600000000 3.778562784200
950.810000000 9.600000000 3.778484582900
946.810000000 10.000000000 3.771809339500
949.810000000 9.400000000 3.762493133500
934.560000000 8.200000000 3.757406711600
948.810000000 9.600000000 3.752807140400
948.310000000 9.200000000 3.748858928700
951.060000000 9.600000000 3.735523223900
946.810000000 9.400000000 3.728326320600
934.310000000 8.200000000 3.727738618900
949.310000000 9.200000000 3.710186004600
948.310000000 8.800000000 3.708412408800
951.060000000 9.400000000 3.705538272900
946.810000000 9.600000000 3.702878952000
934.310000000 9.400000000 3.701257944100
948.560000000 9.000000000 3.701144695300
947.560000000 9.600000000 3.696329593700
934.060000000 8.200000000 3.694931745500
934.810000000 8.200000000 3.693676471700
949.810000000 9.000000000 3.693063974400
951.310000000 9.600000000 3.688467025800
950.560000000 9.200000000 3.678599834400
934.810000000 8.400000000 3.670210361500
949.310000000 9.000000000 3.652647495300
947.060000000 8.400000000 3.649988174400
949.560000000 9.000000000 3.647467613200
948.060000000 9.400000000 3.647212982200
934.810000000 9.200000000 3.638236284300
950.560000000 9.600000000 3.634081363700
947.810000000 8.400000000 3.621939659100
950.060000000 9.600000000 3.613707304000
949.060000000 9.000000000 3.608536481900
934.810000000 8.600000000 3.583514213600
948.810000000 9.000000000 3.581089019800
947.810000000 7.800000000 3.553065300000
948.310000000 7.600000000 3.551645755800
950.060000000 9.800000000 3.531590461700
950.060000000 9.400000000 3.528483390800
947.310000000 9.600000000 3.523992300000
947.810000000 9.400000000 3.508603096000
950.810000000 9.400000000 3.503055334100
934.060000000 9.400000000 3.496782064400
933.310000000 9.600000000 3.492207288700
933.810000000 8.200000000 3.487875938400
950.310000000 9.800000000 3.482101440400
950.310000000 9.200000000 3.472897291200
947.060000000 9.600000000 3.470540046700
949.560000000 9.200000000 3.459465503700
948.560000000 8.800000000 3.446069240600
950.310000000 9.400000000 3.443370819100
933.310000000 9.400000000 3.417062282600
933.560000000 9.400000000 3.412537097900
947.810000000 8.600000000 3.406023740800
950.060000000 10.000000000 3.402741193800
948.060000000 7.600000000 3.394984722100
933.560000000 9.600000000 3.393687725100
950.310000000 9.600000000 3.391472339600
933.810000000 10.000000000 3.386744260800
947.060000000 9.400000000 3.376736164100
934.560000000 9.200000000 3.347984314000
947.560000000 8.400000000 3.345504283900
934.810000000 9.000000000 3.345315694800
947.310000000 8.400000000 3.339568615000
934.810000000 8.800000000 3.339308738700
950.310000000 10.000000000 3.334879159900
947.560000000 9.400000000 3.330486536000
950.560000000 9.400000000 3.325986862200
933.560000000 8.200000000 3.315073490100
947.310000000 9.400000000 3.306796789200
933.310000000 9.800000000 3.293390274000
950.060000000 9.200000000 3.290620803800
934.060000000 8.400000000 3.287569999700
934.310000000 8.400000000 3.268967151600
947.560000000 8.200000000 3.268621683100
933.560000000 9.200000000 3.264735937100
949.810000000 9.200000000 3.250875949900
933.810000000 9.400000000 3.246929884000
933.310000000 9.200000000 3.235882997500
934.560000000 8.400000000 3.230425119400
933.810000000 9.600000000 3.218255043000
933.810000000 8.400000000 3.206075429900
933.810000000 9.800000000 3.197208166100
933.810000000 9.200000000 3.154765367500
933.560000000 9.800000000 3.136922836300
947.060000000 8.600000000 3.130347013500
934.310000000 9.200000000 3.109128713600
947.560000000 8.600000000 3.055710792500
933.310000000 8.200000000 3.033802032500
934.060000000 9.200000000 3.027411937700
934.560000000 8.600000000 3.026998519900
934.560000000 9.000000000 3.024457454700
947.310000000 8.600000000 2.984077930500
933.310000000 10.000000000 2.961508512500
933.810000000 9.000000000 2.941855430600
933.560000000 8.400000000 2.934756755800
933.560000000 9.000000000 2.930261373500
934.060000000 8.600000000 2.909988164900
934.060000000 9.000000000 2.886854410200
934.310000000 8.600000000 2.886787176100
934.560000000 8.800000000 2.865359544800
933.810000000 8.600000000 2.837567567800
934.310000000 9.000000000 2.818595886200
933.560000000 10.000000000 2.777486801100
933.310000000 9.000000000 2.773511886600
934.060000000 8.800000000 2.759425878500
934.310000000 8.800000000 2.736440658600
933.810000000 8.800000000 2.687502145800
933.560000000 8.600000000 2.570127725600
933.310000000 8.400000000 2.497395753900
933.560000000 8.800000000 2.495207071300
933.310000000 8.800000000 2.233687400800
933.310000000 8.600000000 2.180868864100
