927.800000000 9.000000000 46.007553100600
927.800000000 8.800000000 45.798461914100
927.550000000 9.000000000 45.345470428500
928.050000000 9.000000000 45.214347839400
928.050000000 8.800000000 45.143711090100
929.050000000 8.800000000 44.940582275400
927.550000000 8.800000000 44.660423278800
928.800000000 8.800000000 44.653968811000
929.050000000 8.600000000 44.620048522900
927.800000000 9.200000000 44.468700408900
928.300000000 9.000000000 44.448772430400
928.300000000 8.800000000 44.408119201700
928.550000000 8.800000000 44.260562896700
927.550000000 9.200000000 44.239582061800
929.300000000 8.800000000 44.129962921100
928.800000000 9.000000000 44.121303558300
928.550000000 9.000000000 44.120925903300
929.300000000 8.600000000 44.110023498500
929.050000000 9.000000000 44.012630462600
927.800000000 8.600000000 43.854598999000
928.800000000 8.600000000 43.792201995800
928.050000000 9.200000000 43.596416473400
928.050000000 8.600000000 43.355739593500
929.300000000 9.000000000 43.030334472700
929.050000000 8.400000000 43.009181976300
929.300000000 8.400000000 42.874599456800
928.550000000 8.600000000 42.854866027800
928.300000000 9.200000000 42.852409362800
929.550000000 8.800000000 42.788074493400
929.550000000 8.600000000 42.757129669200
928.300000000 8.600000000 42.708816528300
928.550000000 9.200000000 42.476364135700
927.550000000 8.600000000 42.315952301000
928.800000000 9.200000000 42.310729980500
929.050000000 9.200000000 42.028129577600
929.550000000 9.000000000 41.723407745400
928.800000000 8.400000000 41.629772186300
929.550000000 8.400000000 41.560398101800
927.550000000 9.400000000 41.543197631800
927.800000000 9.400000000 41.482337951700
929.300000000 9.200000000 41.022853851300
927.300000000 9.000000000 40.935607910200
927.300000000 9.200000000 40.850860595700
928.050000000 9.400000000 40.632659912100
929.300000000 8.200000000 40.526985168500
927.800000000 8.400000000 40.520870208700
929.050000000 8.200000000 40.282234191900
928.050000000 8.400000000 40.164619445800
928.550000000 8.400000000 40.145397186300
928.300000000 9.400000000 39.963882446300
927.300000000 8.800000000 39.917293548600
929.550000000 9.200000000 39.825389862100
928.300000000 8.400000000 39.660999298100
928.550000000 9.400000000 39.647102356000
929.800000000 8.600000000 39.598957061800
929.800000000 8.800000000 39.595298767100
928.800000000 9.400000000 39.520545959500
929.550000000 8.200000000 39.298961639400
929.050000000 9.400000000 39.276012420700
927.300000000 9.400000000 39.162578582800
927.550000000 8.400000000 38.749656677200
929.800000000 9.000000000 38.586917877200
929.800000000 8.400000000 38.528686523400
928.800000000 8.200000000 38.473205566400
929.300000000 9.400000000 38.381252288800
927.550000000 9.600000000 37.818378448500
927.800000000 9.600000000 37.624019622800
927.300000000 8.600000000 37.622016906700
929.300000000 8.000000000 37.330905914300
929.550000000 9.400000000 37.326759338400
928.050000000 9.600000000 36.889228820800
929.800000000 9.200000000 36.811000824000
929.050000000 8.000000000 36.767780304000
928.550000000 8.200000000 36.577686309800
929.800000000 8.200000000 36.494842529300
927.800000000 8.200000000 36.340141296400
928.300000000 9.600000000 36.334941864000
927.300000000 9.600000000 36.261718750000
929.550000000 8.000000000 36.215839386000
928.800000000 9.600000000 36.160808563200
928.550000000 9.600000000 36.131515502900
928.050000000 8.200000000 36.109222412100
929.050000000 9.600000000 36.094635009800
928.300000000 8.200000000 35.789180755600
929.300000000 9.600000000 35.402992248500
928.800000000 8.000000000 34.725543975800
927.550000000 8.200000000 34.522758483900
929.800000000 9.400000000 34.492008209200
929.550000000 9.600000000 34.477542877200
927.300000000 8.400000000 34.265792846700
929.800000000 8.000000000 33.712982177700
929.300000000 7.800000000 33.658901214600
927.550000000 9.800000000 33.561164856000
927.050000000 9.200000000 33.468528747600
927.800000000 9.800000000 33.365444183300
927.050000000 9.400000000 33.315017700200
930.050000000 8.800000000 33.250270843500
930.050000000 8.600000000 33.136180877700
929.050000000 7.800000000 32.871189117400
928.050000000 9.800000000 32.816619873000
927.050000000 9.000000000 32.779964447000
929.050000000 9.800000000 32.718437194800
929.550000000 7.800000000 32.644161224400
928.550000000 8.000000000 32.622814178500
927.300000000 9.800000000 32.572170257600
928.800000000 9.800000000 32.553710937500
930.050000000 9.000000000 32.488014221200
928.300000000 9.800000000 32.412490844700
928.550000000 9.800000000 32.340286254900
929.300000000 9.800000000 32.288997650100
930.050000000 8.400000000 32.089569091800
927.050000000 9.600000000 31.907106399500
929.800000000 9.600000000 31.869787216200
927.800000000 8.000000000 31.836711883500
928.050000000 8.000000000 31.729167938200
928.300000000 8.000000000 31.614332199100
929.550000000 9.800000000 31.500377655000
930.050000000 9.200000000 31.226533889800
927.050000000 8.800000000 31.180923461900
928.800000000 7.800000000 30.790279388400
929.800000000 7.800000000 30.489826202400
927.300000000 8.200000000 30.363702774000
930.050000000 8.200000000 30.225574493400
927.550000000 8.000000000 30.113454818700
929.300000000 7.600000000 29.832550048800
930.050000000 9.400000000 29.543867111200
927.050000000 9.800000000 29.430856704700
929.050000000 10.000000000 29.354103088400
927.550000000 10.000000000 29.262012481700
929.300000000 10.000000000 29.162370681800
929.800000000 9.800000000 29.156414032000
927.800000000 10.000000000 29.141592025800
929.550000000 7.600000000 29.052253723100
928.800000000 10.000000000 28.978885650600
929.050000000 7.600000000 28.922153472900
928.050000000 10.000000000 28.803298950200
927.050000000 8.600000000 28.684045791600
928.550000000 7.800000000 28.676782608000
928.550000000 10.000000000 28.614086151100
927.300000000 10.000000000 28.600570678700
928.300000000 10.000000000 28.564550399800
929.550000000 10.000000000 28.520706176800
930.050000000 8.000000000 27.794343948400
930.050000000 9.600000000 27.558668136600
928.300000000 7.800000000 27.551916122400
928.050000000 7.800000000 27.470682144200
927.800000000 7.800000000 27.455369949300
929.800000000 7.600000000 27.154098510700
933.550000000 7.200000000 27.051328659100
928.800000000 7.600000000 26.952373504600
933.550000000 7.400000000 26.707908630400
933.300000000 7.200000000 26.638963699300
933.550000000 7.000000000 26.606800079300
933.300000000 7.000000000 26.566457748400
929.800000000 10.000000000 26.473798751800
927.300000000 8.000000000 26.381317138700
933.800000000 7.200000000 26.366901397700
933.050000000 7.000000000 26.325250625600
927.050000000 10.000000000 26.301446914700
933.800000000 7.400000000 26.185155868500
929.300000000 7.400000000 26.149431228600
933.050000000 7.200000000 25.958644866900
927.550000000 7.800000000 25.903488159200
933.300000000 7.400000000 25.845392227200
933.800000000 7.000000000 25.823591232300
929.550000000 7.400000000 25.713716507000
932.800000000 7.000000000 25.709552764900
933.050000000 6.800000000 25.694263458300
927.050000000 8.400000000 25.678173065200
933.300000000 6.800000000 25.644708633400
933.550000000 7.600000000 25.606496810900
933.550000000 6.800000000 25.455265045200
930.050000000 9.800000000 25.443536758400
932.800000000 6.800000000 25.420885086100
933.800000000 7.600000000 25.285163879400
930.050000000 7.800000000 25.265214920000
929.050000000 7.400000000 25.199283599900
926.800000000 9.400000000 25.010848999000
932.800000000 7.200000000 25.002712249800
928.550000000 7.600000000 24.970338821400
926.800000000 9.600000000 24.919252395600
933.050000000 7.400000000 24.687179565400
933.800000000 6.800000000 24.644437789900
933.300000000 7.600000000 24.305440902700
932.550000000 7.000000000 24.255374908400
932.550000000 6.800000000 24.243551254300
933.050000000 6.600000000 24.225914001500
932.800000000 6.600000000 24.220153808600
930.300000000 9.000000000 24.188631057700
930.300000000 8.800000000 24.163803100600
926.800000000 9.200000000 24.120943069500
933.300000000 6.600000000 24.058599472000
934.050000000 7.200000000 24.052988052400
929.800000000 7.400000000 23.911741256700
930.300000000 9.200000000 23.857601165800
933.550000000 7.800000000 23.848110199000
928.300000000 7.600000000 23.815902710000
926.800000000 9.800000000 23.783535003700
933.550000000 6.600000000 23.780736923200
934.050000000 7.000000000 23.780565261800
933.800000000 7.800000000 23.733589172400
934.050000000 7.400000000 23.635866165200
930.300000000 8.600000000 23.628555297900
928.050000000 7.600000000 23.561031341600
932.800000000 7.400000000 23.490770340000
932.550000000 7.200000000 23.473405838000
932.550000000 6.600000000 23.443347930900
928.800000000 7.400000000 23.424922943100
927.800000000 7.600000000 23.420320510900
930.050000000 10.000000000 23.311132431000
930.300000000 9.400000000 23.153606414800
933.800000000 6.600000000 22.997915267900
934.050000000 6.800000000 22.863430023200
929.300000000 7.200000000 22.780115127600
933.050000000 7.600000000 22.748561859100
930.050000000 7.600000000 22.670997619600
931.800000000 6.800000000 22.670930862400
930.300000000 8.400000000 22.616838455200
929.550000000 7.200000000 22.610044479400
927.300000000 7.800000000 22.604064941400
934.050000000 7.600000000 22.584281921400
927.050000000 8.200000000 22.518627166700
932.300000000 6.800000000 22.462421417200
926.800000000 9.000000000 22.447603225700
931.800000000 6.600000000 22.421236038200
932.300000000 7.000000000 22.344993591300
932.800000000 6.400000000 22.315649032600
931.800000000 7.000000000 22.229814529400
933.300000000 7.800000000 22.213905334500
933.050000000 6.400000000 22.165086746200
930.300000000 9.600000000 22.151041030900
932.550000000 7.400000000 22.092216491700
927.550000000 7.600000000 22.061420440700
932.550000000 6.400000000 22.025047302200
933.300000000 6.400000000 22.022243499800
932.300000000 6.600000000 21.993167877200
931.550000000 6.600000000 21.895139694200
929.050000000 7.200000000 21.849639892600
926.800000000 10.000000000 21.812574386600
933.550000000 6.400000000 21.766649246200
931.550000000 6.800000000 21.708349227900
932.300000000 7.200000000 21.707956314100
933.800000000 8.000000000 21.693647384600
928.550000000 7.400000000 21.650861740100
933.550000000 8.000000000 21.630716323900
931.800000000 6.400000000 21.541145324700
931.550000000 6.400000000 21.514522552500
932.800000000 7.600000000 21.460960388200
934.050000000 6.600000000 21.441131591800
930.300000000 8.200000000 21.338851928700
931.800000000 7.200000000 21.309593200700
932.050000000 6.800000000 21.278455734300
931.550000000 7.000000000 21.258335113500
932.050000000 7.000000000 21.072191238400
933.800000000 6.400000000 21.049533844000
929.800000000 7.200000000 21.014768600500
934.050000000 7.800000000 21.006690979000
932.300000000 6.400000000 20.990518569900
930.300000000 9.800000000 20.941356658900
932.050000000 6.600000000 20.900983810400
932.300000000 7.400000000 20.637750625600
934.300000000 7.000000000 20.597976684600
928.300000000 7.400000000 20.528512954700
931.550000000 6.200000000 20.525329589800
934.300000000 7.200000000 20.443302154500
933.050000000 7.800000000 20.425920486500
932.050000000 7.200000000 20.394216537500
932.550000000 7.600000000 20.389411926300
926.800000000 8.800000000 20.386762619000
931.550000000 7.200000000 20.338768005400
928.800000000 7.200000000 20.302515029900
930.050000000 7.400000000 20.154766082800
932.550000000 6.200000000 20.139085769700
928.050000000 7.400000000 20.133876800500
931.800000000 7.400000000 20.125419616700
931.800000000 6.200000000 20.116807937600
934.300000000 6.800000000 20.100282669100
931.300000000 6.600000000 20.054353714000
931.300000000 6.400000000 20.042541503900
929.300000000 7.000000000 20.016824722300
932.800000000 6.200000000 20.014711380000
932.050000000 6.400000000 19.994045257600
927.800000000 7.400000000 19.873098373400
929.550000000 7.000000000 19.864078521700
933.300000000 8.000000000 19.827125549300
930.300000000 8.000000000 19.826032638500
933.050000000 6.200000000 19.801593780500
933.300000000 6.200000000 19.755092620800
931.300000000 6.200000000 19.705259323100
934.050000000 6.400000000 19.675262451200
934.300000000 7.400000000 19.664094924900
931.300000000 6.800000000 19.614562988300
930.300000000 10.000000000 19.602066040000
933.550000000 6.200000000 19.579950332600
932.300000000 6.200000000 19.565448761000
932.050000000 7.400000000 19.552345275900
927.050000000 8.000000000 19.477634429900
932.300000000 7.600000000 19.464788436900
933.800000000 8.200000000 19.381546020500
927.300000000 7.600000000 19.196834564200
932.800000000 7.800000000 19.196308136000
933.550000000 8.200000000 19.190500259400
929.050000000 7.000000000 19.113559722900
934.050000000 8.000000000 19.076612472500
931.550000000 6.000000000 19.046382904100
934.300000000 6.600000000 19.040788650500
931.550000000 7.400000000 19.037872314500
933.800000000 6.200000000 18.945447921800
931.300000000 6.000000000 18.860441207900
928.550000000 7.200000000 18.760938644400
932.050000000 6.200000000 18.755577087400
931.300000000 7.000000000 18.741239547700
931.800000000 7.600000000 18.724784851100
931.050000000 6.200000000 18.709096908600
927.550000000 7.400000000 18.692064285300
932.050000000 7.600000000 18.671588897700
929.800000000 7.000000000 18.645969390900
931.050000000 6.400000000 18.535398483300
932.550000000 7.800000000 18.511846542400
931.050000000 6.000000000 18.451944351200
934.300000000 7.600000000 18.386093139600
931.800000000 6.000000000 18.327890396100
926.800000000 8.600000000 18.293197631800
930.300000000 7.800000000 18.194917678800
932.300000000 7.800000000 18.125780105600
932.550000000 6.000000000 18.032741546600
931.050000000 6.600000000 18.004329681400
930.800000000 6.000000000 18.000492095900
933.050000000 8.000000000 17.998708725000
930.050000000 7.200000000 17.953172683700
930.800000000 6.200000000 17.876684188800
932.300000000 6.000000000 17.868091583300
931.550000000 7.600000000 17.796813964800
931.050000000 5.800000000 17.766771316500
930.800000000 5.800000000 17.738990783700
934.050000000 6.200000000 17.720571517900
932.050000000 7.800000000 17.713079452500
928.300000000 7.200000000 17.705661773700
929.550000000 6.800000000 17.692878723100
929.300000000 6.800000000 17.621908187900
932.800000000 6.000000000 17.618516922000
928.800000000 7.000000000 17.602491378800
931.300000000 5.800000000 17.581544876100
934.300000000 6.400000000 17.571464538600
931.300000000 7.200000000 17.538856506300
926.550000000 9.600000000 17.463975906400
933.300000000 6.000000000 17.457744598400
931.800000000 7.800000000 17.444879531900
930.800000000 6.400000000 17.406200408900
933.050000000 6.000000000 17.398979187000
933.300000000 8.200000000 17.382076263400
933.550000000 6.000000000 17.374820709200
930.550000000 6.000000000 17.335977554300
930.550000000 5.800000000 17.263059616100
932.050000000 6.000000000 17.241563797000
931.550000000 5.800000000 17.227371215800
928.050000000 7.200000000 17.206336975100
926.550000000 9.800000000 17.195974350000
931.050000000 6.800000000 17.166345596300
930.800000000 5.600000000 17.097953796400
930.550000000 6.200000000 17.082546234100
926.550000000 9.400000000 17.003961563100
934.050000000 8.200000000 16.986268997200
933.800000000 8.400000000 16.974390029900
922.800000000 5.600000000 16.948879241900
932.800000000 8.000000000 16.935228347800
930.550000000 5.600000000 16.847686767600
927.800000000 7.200000000 16.837884903000
933.800000000 6.000000000 16.823654174800
929.800000000 6.800000000 16.788627624500
934.300000000 7.800000000 16.770822525000
929.050000000 6.800000000 16.748106002800
930.300000000 6.000000000 16.736293792700
934.550000000 7.000000000 16.720975875900
932.050000000 8.000000000 16.713327407800
933.550000000 8.400000000 16.712255477900
923.050000000 5.600000000 16.710458755500
932.300000000 8.000000000 16.709583282500
931.050000000 5.600000000 16.707069397000
927.050000000 7.800000000 16.696958541900
930.800000000 6.600000000 16.642841339100
932.550000000 8.000000000 16.623992919900
930.300000000 5.800000000 16.623537063600
930.550000000 9.400000000 16.613101959200
934.550000000 6.800000000 16.602556228600
922.550000000 5.600000000 16.595211029100
930.300000000 7.600000000 16.563364028900
930.300000000 6.200000000 16.555891037000
930.550000000 6.400000000 16.548305511500
930.550000000 9.600000000 16.515172958400
930.550000000 9.200000000 16.501653671300
931.550000000 7.800000000 16.391830444300
931.800000000 5.800000000 16.342937469500
923.300000000 5.600000000 16.338136673000
931.800000000 8.000000000 16.315706253100
928.550000000 7.000000000 16.285661697400
934.550000000 7.200000000 16.271661758400
926.550000000 10.000000000 16.246740341200
930.050000000 7.000000000 16.237642288200
927.300000000 7.400000000 16.224086761500
930.550000000 9.800000000 16.208280563400
930.300000000 5.600000000 16.201023101800
930.550000000 9.000000000 16.198001861600
923.800000000 5.600000000 16.190181732200
924.050000000 5.600000000 16.183338165300
923.550000000 5.600000000 16.157222747800
926.800000000 8.400000000 16.128417968800
930.300000000 6.400000000 16.124744415300
931.300000000 7.400000000 16.114002227800
932.300000000 5.800000000 16.110578537000
931.050000000 7.000000000 16.062841415400
929.550000000 6.600000000 15.999050140400
931.300000000 5.600000000 15.990833282500
922.800000000 5.800000000 15.983540535000
926.550000000 9.200000000 15.946209907500
934.550000000 6.600000000 15.945743560800
932.550000000 5.800000000 15.890303611800
934.300000000 6.200000000 15.859712600700
930.050000000 6.000000000 15.840679168700
930.050000000 6.200000000 15.819057464600
927.550000000 7.200000000 15.804341316200
930.550000000 6.600000000 15.801419258100
934.050000000 6.000000000 15.725296020500
930.550000000 8.800000000 15.723361015300
922.550000000 5.800000000 15.713486671400
930.550000000 10.000000000 15.703330040000
924.300000000 5.600000000 15.688644409200
930.800000000 6.800000000 15.675415039100
933.050000000 8.200000000 15.666403770400
929.300000000 6.600000000 15.657841682400
930.050000000 5.800000000 15.653930664100
923.050000000 5.800000000 15.651719093300
929.800000000 6.600000000 15.645696640000
932.050000000 5.800000000 15.630139350900
930.050000000 6.400000000 15.622815132100
932.050000000 8.200000000 15.622641563400
930.300000000 6.600000000 15.508199691800
928.800000000 6.800000000 15.437587738000
934.550000000 7.400000000 15.333266258200
932.800000000 5.800000000 15.314642906200
928.300000000 7.000000000 15.311741828900
930.050000000 6.600000000 15.310547828700
932.300000000 8.200000000 15.285187721300
931.800000000 8.200000000 15.260451316800
933.300000000 5.800000000 15.253668785100
930.050000000 6.800000000 15.253589630100
933.550000000 5.800000000 15.248121261600
931.550000000 5.600000000 15.235138893100
930.300000000 7.400000000 15.225452423100
930.050000000 5.600000000 15.185435295100
923.300000000 5.800000000 15.175841331500
933.050000000 5.800000000 15.114554405200
930.550000000 8.600000000 15.109949111900
929.800000000 6.400000000 15.108334541300
922.300000000 5.600000000 15.091719627400
931.550000000 8.000000000 15.084541320800
933.300000000 8.400000000 15.037223815900
934.300000000 8.000000000 14.995254516600
924.050000000 5.800000000 14.976299285900
923.800000000 5.800000000 14.972808837900
923.550000000 5.800000000 14.930448532100
922.800000000 6.000000000 14.898463249200
930.550000000 6.800000000 14.896126747100
934.050000000 8.400000000 14.892873764000
934.550000000 6.400000000 14.863251686100
932.550000000 8.200000000 14.827051162700
932.800000000 8.200000000 14.821434021000
931.050000000 7.200000000 14.795390129100
929.800000000 6.200000000 14.785188674900
933.800000000 5.800000000 14.774021148700
929.550000000 6.400000000 14.762820243800
930.300000000 6.800000000 14.752225875900
931.300000000 7.600000000 14.742098808300
928.050000000 7.000000000 14.738907814000
929.050000000 6.600000000 14.730955123900
922.550000000 6.000000000 14.667634964000
924.550000000 5.600000000 14.644988060000
933.800000000 8.600000000 14.623877525300
924.300000000 5.800000000 14.607920646700
930.800000000 7.000000000 14.567922592200
923.050000000 6.000000000 14.535737991300
929.800000000 6.000000000 14.529128074600
932.050000000 8.400000000 14.492820739700
926.550000000 9.000000000 14.488769531200
930.550000000 8.400000000 14.385259628300
933.550000000 8.600000000 14.341086387600
931.800000000 5.600000000 14.311008453400
932.300000000 5.600000000 14.305335998500
927.800000000 7.000000000 14.279895782500
930.300000000 7.200000000 14.242716789200
927.050000000 7.600000000 14.242693901100
922.300000000 5.800000000 14.215195655800
928.550000000 6.800000000 14.194714546200
931.800000000 8.400000000 14.154967308000
929.300000000 6.400000000 14.089735031100
929.800000000 5.800000000 14.087531089800
934.300000000 6.000000000 14.069946289100
930.300000000 7.000000000 14.068249702500
934.550000000 7.600000000 14.055418968200
926.800000000 8.200000000 14.044424057000
923.300000000 6.000000000 14.033749580400
932.050000000 5.600000000 13.955773353600
930.550000000 7.000000000 13.953645706200
932.300000000 8.400000000 13.910133361800
929.550000000 6.200000000 13.877871513400
932.550000000 5.600000000 13.849554061900
922.800000000 6.200000000 13.818647384600
934.050000000 5.800000000 13.789330482500
931.550000000 8.200000000 13.779975891100
923.550000000 6.000000000 13.738965034500
924.050000000 6.000000000 13.721225738500
923.800000000 6.000000000 13.720652580300
924.550000000 5.800000000 13.704417228700
927.300000000 7.200000000 13.679212570200
928.800000000 6.600000000 13.602734565700
930.550000000 8.200000000 13.595732688900
929.800000000 5.600000000 13.552488327000
933.050000000 8.400000000 13.537758827200
922.550000000 6.200000000 13.519999504100
934.550000000 6.200000000 13.503691673300
923.050000000 6.200000000 13.462358474700
931.050000000 7.400000000 13.454530715900
924.300000000 6.000000000 13.450353622400
930.800000000 7.200000000 13.399075508100
927.550000000 7.000000000 13.361560821500
932.050000000 8.600000000 13.351532936100
934.800000000 6.800000000 13.333255767800
931.300000000 7.800000000 13.329010963400
928.300000000 6.800000000 13.303453445400
933.550000000 5.600000000 13.261202812200
922.300000000 6.000000000 13.248263359100
933.300000000 5.600000000 13.218966484100
932.800000000 5.600000000 13.215608596800
934.300000000 8.200000000 13.210977554300
929.550000000 6.000000000 13.187121391300
932.550000000 8.400000000 13.181317329400
934.800000000 7.000000000 13.170166969300
931.800000000 8.600000000 13.151580810500
934.800000000 6.600000000 13.147712707500
929.050000000 6.400000000 13.141292572000
933.050000000 5.600000000 13.039466857900
930.550000000 7.200000000 12.990530967700
936.050000000 6.200000000 12.946216583300
932.800000000 8.400000000 12.925640106200
929.300000000 6.200000000 12.924117088300
924.800000000 5.600000000 12.923149108900
923.300000000 6.200000000 12.916960716200
934.050000000 8.600000000 12.894288063000
933.300000000 8.600000000 12.888093948400
926.550000000 8.800000000 12.863344192500
936.050000000 6.400000000 12.857067108200
933.800000000 5.600000000 12.853576660200
936.050000000 6.000000000 12.844196319600
930.550000000 8.000000000 12.777416229200
922.800000000 6.400000000 12.717097282400
924.550000000 6.000000000 12.716140747100
935.800000000 6.200000000 12.715171814000
935.800000000 6.400000000 12.692608833300
928.050000000 6.800000000 12.683511734000
931.550000000 8.400000000 12.677410125700
932.300000000 8.600000000 12.663925170900
934.800000000 7.200000000 12.630710601800
934.550000000 7.800000000 12.597994804400
923.550000000 6.200000000 12.582195282000
936.050000000 5.800000000 12.580601692200
934.800000000 6.400000000 12.549902916000
936.050000000 6.600000000 12.548285484300
935.800000000 6.000000000 12.544567108200
924.050000000 6.200000000 12.518176078800
929.550000000 5.800000000 12.516756057700
923.800000000 6.200000000 12.502215385400
935.800000000 6.600000000 12.500888824500
928.550000000 6.600000000 12.482486724900
933.800000000 8.800000000 12.440692901600
923.050000000 6.400000000 12.433482170100
922.550000000 6.400000000 12.344011306800
932.050000000 8.800000000 12.317007064800
934.300000000 5.800000000 12.316010475200
924.300000000 6.200000000 12.301512718200
930.800000000 7.400000000 12.226970672600
930.550000000 7.800000000 12.218013763400
922.300000000 6.200000000 12.184663772600
933.550000000 8.800000000 12.175125122100
924.800000000 5.800000000 12.170205116300
926.300000000 9.800000000 12.158086776700
935.800000000 5.800000000 12.157758712800
927.800000000 6.800000000 12.153504371600
931.800000000 8.800000000 12.148665428200
926.800000000 8.000000000 12.138256073000
927.050000000 7.400000000 12.124630928000
931.050000000 7.600000000 12.114819526700
936.050000000 5.600000000 12.108052253700
935.800000000 6.800000000 12.092535018900
930.550000000 7.400000000 12.091005325300
926.300000000 9.600000000 12.070838928200
934.550000000 6.000000000 12.064222335800
928.800000000 6.400000000 12.055335044900
936.050000000 6.800000000 12.042843818700
929.300000000 6.000000000 12.010898590100
934.050000000 5.600000000 11.975678443900
931.300000000 8.000000000 11.950416564900
936.300000000 6.000000000 11.937781333900
930.800000000 10.000000000 11.925915718100
923.300000000 6.400000000 11.900005340600
929.550000000 5.600000000 11.899345397900
936.300000000 6.200000000 11.892614364600
935.550000000 6.400000000 11.891277313200
930.800000000 9.800000000 11.888967514000
929.050000000 6.200000000 11.844972610500
930.550000000 7.600000000 11.832522392300
926.300000000 10.000000000 11.805081367500
935.550000000 6.200000000 11.780760765100
936.300000000 5.800000000 11.763219833400
934.800000000 7.400000000 11.755356788600
935.550000000 6.600000000 11.753484726000
924.550000000 6.200000000 11.727689743000
930.800000000 9.600000000 11.700807571400
932.550000000 8.600000000 11.699840545700
936.300000000 6.400000000 11.682357788100
933.050000000 8.600000000 11.653454780600
934.800000000 6.200000000 11.635290145900
922.800000000 6.600000000 11.633188247700
928.300000000 6.600000000 11.624849319500
931.550000000 8.600000000 11.621431350700
935.800000000 5.600000000 11.578770637500
926.300000000 9.400000000 11.554944038400
932.300000000 8.800000000 11.543760299700
935.050000000 6.600000000 11.536855697600
927.300000000 7.000000000 11.531079292300
923.550000000 6.400000000 11.530380249000
922.050000000 5.600000000 11.518526077300
934.300000000 8.400000000 11.509709358200
935.050000000 6.800000000 11.496916770900
935.800000000 7.000000000 11.482922554000
923.050000000 6.600000000 11.441969871500
935.550000000 6.000000000 11.437461853000
923.800000000 6.400000000 11.410515785200
930.800000000 9.400000000 11.396448135400
924.050000000 6.400000000 11.376939773600
935.550000000 6.800000000 11.375517845200
936.300000000 5.600000000 11.372169494600
924.800000000 6.000000000 11.362744331400
936.050000000 7.000000000 11.358125686600
932.050000000 9.000000000 11.335231781000
927.550000000 6.800000000 11.321126937900
936.300000000 6.600000000 11.265587806700
932.800000000 8.600000000 11.260012626600
929.300000000 5.800000000 11.244458198500
926.550000000 8.600000000 11.241783142100
922.550000000 6.600000000 11.241576194800
935.050000000 6.400000000 11.239327430700
924.300000000 6.400000000 11.217411994900
935.300000000 6.600000000 11.212465286300
931.800000000 9.000000000 11.180295944200
935.300000000 6.400000000 11.159207344100
935.050000000 7.000000000 11.124466896100
934.550000000 8.000000000 11.104148864700
922.300000000 6.400000000 11.102346420300
930.800000000 7.600000000 11.094985961900
928.550000000 6.400000000 11.083988189700
934.050000000 8.800000000 11.027398109400
930.800000000 9.200000000 11.012942314100
935.300000000 6.800000000 10.985548973100
933.300000000 8.800000000 10.984811782800
928.050000000 6.600000000 10.977081298800
923.300000000 6.600000000 10.973763465900
939.800000000 7.800000000 10.937031745900
922.050000000 5.800000000 10.887035369900
935.550000000 5.800000000 10.886947631800
929.050000000 6.000000000 10.884915351900
939.800000000 8.000000000 10.878685951200
935.550000000 7.000000000 10.847245216400
931.050000000 7.800000000 10.837166786200
928.800000000 6.200000000 10.835930824300
935.300000000 6.200000000 10.834950447100
931.300000000 8.200000000 10.819274902300
931.550000000 8.800000000 10.773211479200
924.550000000 6.400000000 10.764516830400
935.800000000 7.200000000 10.712120056200
939.800000000 7.600000000 10.710774421700
926.300000000 9.200000000 10.708042144800
936.300000000 6.800000000 10.675417900100
934.300000000 5.600000000 10.670414924600
934.800000000 7.600000000 10.665442466700
935.050000000 6.200000000 10.648695945700
923.550000000 6.600000000 10.626985549900
922.800000000 6.800000000 10.606267929100
934.550000000 5.800000000 10.596179962200
930.800000000 9.000000000 10.591743469200
929.300000000 5.600000000 10.569190025300
939.800000000 8.200000000 10.551238060000
924.800000000 6.200000000 10.544714927700
923.050000000 6.800000000 10.540998458900
936.050000000 7.200000000 10.533029556300
934.800000000 6.000000000 10.524527549700
935.300000000 7.000000000 10.504300117500
932.300000000 9.000000000 10.499763488800
933.800000000 9.000000000 10.482650756800
935.050000000 7.200000000 10.472727775600
923.800000000 6.600000000 10.470396041900
926.800000000 7.800000000 10.446734428400
932.050000000 9.200000000 10.405785560600
927.800000000 6.600000000 10.394994735700
932.550000000 8.800000000 10.389311790500
924.050000000 6.600000000 10.378689765900
927.050000000 7.200000000 10.317675590500
931.800000000 9.200000000 10.313353538500
939.800000000 7.400000000 10.294216156000
935.300000000 6.000000000 10.279567718500
933.550000000 9.000000000 10.258493423500
924.300000000 6.600000000 10.238528251600
928.300000000 6.400000000 10.237758636500
922.550000000 6.800000000 10.213454246500
922.050000000 6.000000000 10.191257476800
923.300000000 6.800000000 10.175586700400
935.550000000 5.600000000 10.175482749900
930.800000000 8.800000000 10.159378051800
935.550000000 7.200000000 10.154326438900
922.300000000 6.600000000 10.148440361000
936.550000000 6.000000000 10.133315086400
929.050000000 5.800000000 10.132749557500
930.800000000 7.800000000 10.102231025700
936.550000000 5.800000000 10.079471588100
931.550000000 9.000000000 10.025217056300
933.050000000 8.800000000 10.023146629300
939.800000000 8.400000000 10.008134841900
936.550000000 6.200000000 9.967008590700
925.050000000 5.600000000 9.956665992700
934.300000000 8.600000000 9.946612358100
931.300000000 8.400000000 9.945545196500
936.300000000 7.000000000 9.939554214500
928.550000000 6.200000000 9.908141136200
923.550000000 6.800000000 9.883922576900
924.550000000 6.600000000 9.875331878700
928.800000000 6.000000000 9.859429359400
935.050000000 6.000000000 9.841783523600
935.800000000 7.400000000 9.822030067400
932.800000000 8.800000000 9.821071624800
935.300000000 7.200000000 9.820088386500
936.550000000 5.600000000 9.815709114100
927.300000000 6.800000000 9.806281089800
925.050000000 5.800000000 9.763168335000
924.800000000 6.400000000 9.760345459000
930.800000000 8.600000000 9.744857788100
926.550000000 8.400000000 9.733705520600
939.800000000 7.200000000 9.731498718300
923.050000000 7.000000000 9.706414222700
923.800000000 6.800000000 9.697859764100
922.800000000 7.000000000 9.692845344500
934.550000000 8.200000000 9.677407264700
935.050000000 7.400000000 9.669199943500
926.300000000 9.000000000 9.655996322600
931.050000000 8.000000000 9.655873298600
927.550000000 6.600000000 9.626478195200
936.050000000 7.400000000 9.606775283800
936.550000000 6.400000000 9.598344802900
931.800000000 9.400000000 9.583759307900
928.050000000 6.400000000 9.564914703400
932.050000000 9.400000000 9.548170089700
935.300000000 5.800000000 9.548066139200
924.050000000 6.800000000 9.542829513500
922.050000000 6.200000000 9.541979789700
932.300000000 9.200000000 9.537996292100
929.050000000 5.600000000 9.510688781700
925.050000000 6.000000000 9.484935760500
930.800000000 8.400000000 9.481398582500
934.800000000 7.800000000 9.479499816900
926.050000000 9.800000000 9.473801612900
923.300000000 7.000000000 9.469723701500
939.800000000 8.600000000 9.404562950100
930.800000000 8.000000000 9.396022796600
924.300000000 6.800000000 9.379860878000
926.050000000 10.000000000 9.350064277600
934.050000000 9.000000000 9.345814704900
933.300000000 9.000000000 9.334856987000
934.800000000 5.800000000 9.331814765900
935.550000000 7.400000000 9.331692695600
931.550000000 9.200000000 9.329702377300
926.050000000 9.600000000 9.315623283400
930.800000000 8.200000000 9.304454803500
925.300000000 5.600000000 9.296671867400
922.550000000 7.000000000 9.293011665300
931.300000000 8.600000000 9.281802177400
922.300000000 6.800000000 9.263152122500
923.550000000 7.000000000 9.257356643700
932.550000000 9.000000000 9.255583763100
925.300000000 5.800000000 9.214558601400
934.550000000 5.600000000 9.185588836700
928.800000000 5.800000000 9.128766059900
928.300000000 6.200000000 9.121791839600
925.050000000 6.200000000 9.120352745100
936.300000000 7.200000000 9.101999282800
923.800000000 7.000000000 9.065045356800
924.550000000 6.800000000 9.059309959400
936.550000000 6.600000000 9.053806304900
935.300000000 7.400000000 9.033249855000
925.300000000 6.000000000 9.022697448700
939.800000000 7.000000000 9.006101608300
924.800000000 6.600000000 9.006093025200
928.550000000 6.000000000 8.982719421400
931.050000000 10.000000000 8.982547760000
926.800000000 7.600000000 8.978735923800
927.800000000 6.400000000 8.948252677900
923.050000000 7.200000000 8.936017990100
935.050000000 5.800000000 8.904652595500
931.800000000 9.600000000 8.898962020900
926.050000000 9.400000000 8.896033287000
931.050000000 9.800000000 8.889952659600
922.800000000 7.200000000 8.865489959700
922.050000000 6.400000000 8.865350723300
935.800000000 7.600000000 8.863522529600
924.050000000 7.000000000 8.851880073500
931.550000000 9.400000000 8.834693908700
931.300000000 8.800000000 8.833947181700
923.300000000 7.200000000 8.825437545800
927.050000000 7.000000000 8.796775817900
939.800000000 8.800000000 8.768708229100
933.800000000 9.200000000 8.766548156700
932.050000000 9.600000000 8.758008003200
935.050000000 7.600000000 8.748625755300
931.050000000 8.200000000 8.746140480000
931.050000000 9.600000000 8.737047195400
923.550000000 7.200000000 8.717281341600
935.300000000 5.600000000 8.708253860500
925.050000000 6.400000000 8.686938285800
925.300000000 6.200000000 8.674796104400
932.300000000 9.400000000 8.668977737400
937.800000000 5.600000000 8.638511657700
924.300000000 7.000000000 8.635768890400
933.050000000 9.000000000 8.629672050500
936.050000000 7.600000000 8.626117706300
933.550000000 9.200000000 8.596007347100
932.800000000 9.000000000 8.588143348700
928.800000000 5.600000000 8.577433586100
931.050000000 9.400000000 8.553963661200
934.300000000 8.800000000 8.548500061000
922.300000000 7.000000000 8.534701347400
937.800000000 5.800000000 8.532875061000
926.300000000 8.800000000 8.532283783000
925.550000000 5.600000000 8.532081604000
922.550000000 7.200000000 8.510930061300
923.800000000 7.200000000 8.504227638200
925.550000000 5.800000000 8.446843147300
931.300000000 9.000000000 8.441085815400
936.800000000 5.800000000 8.437295913700
935.550000000 7.600000000 8.434601783800
928.050000000 6.200000000 8.398343086200
938.050000000 5.600000000 8.393012046800
926.550000000 8.200000000 8.391483306900
927.300000000 6.600000000 8.384577751200
938.050000000 5.800000000 8.384404182400
936.550000000 6.800000000 8.378334999100
934.550000000 8.400000000 8.369455337500
931.050000000 9.200000000 8.365600585900
931.550000000 9.600000000 8.364508628800
936.800000000 5.600000000 8.343766212500
936.800000000 6.000000000 8.328452110300
924.550000000 7.000000000 8.315671920800
922.050000000 6.600000000 8.308059692400
932.550000000 9.200000000 8.307832717900
924.800000000 6.800000000 8.296836853000
934.800000000 8.000000000 8.295660972600
926.050000000 9.200000000 8.277153968800
931.800000000 9.800000000 8.271254539500
931.050000000 8.400000000 8.271139144900
928.550000000 5.800000000 8.262843132000
923.300000000 7.400000000 8.262409210200
924.050000000 7.200000000 8.262001991300
923.050000000 7.400000000 8.254082679700
931.300000000 9.200000000 8.237578392000
927.550000000 6.400000000 8.227970123300
925.800000000 9.800000000 8.226675033600
937.800000000 6.000000000 8.220337867700
923.550000000 7.400000000 8.214405059800
925.050000000 6.600000000 8.210113525400
936.300000000 7.400000000 8.202898979200
931.050000000 9.000000000 8.200567245500
928.300000000 6.000000000 8.194195747400
925.300000000 6.400000000 8.192635536200
939.800000000 6.800000000 8.187067031900
938.050000000 6.000000000 8.178864479100
925.550000000 6.000000000 8.176218032800
935.300000000 7.600000000 8.169688224800
934.800000000 5.600000000 8.148559570300
925.800000000 10.000000000 8.141653060900
931.050000000 8.600000000 8.136400222800
922.800000000 7.400000000 8.133244514500
925.800000000 9.600000000 8.122185707100
939.800000000 9.000000000 8.106657028200
932.050000000 9.800000000 8.084190368700
931.050000000 8.800000000 8.078813552900
937.550000000 5.600000000 8.066811561600
931.300000000 9.400000000 8.064340591400
923.800000000 7.400000000 8.046739578200
936.800000000 6.200000000 8.021390914900
924.300000000 7.200000000 7.997161865200
937.550000000 5.800000000 7.930506229400
935.050000000 5.600000000 7.919920444500
933.300000000 9.200000000 7.919817924500
931.550000000 9.800000000 7.918860912300
931.300000000 9.600000000 7.905780315400
922.300000000 7.200000000 7.888988494900
934.050000000 9.200000000 7.887269020100
932.300000000 9.600000000 7.884612083400
935.800000000 7.800000000 7.881290912600
922.550000000 7.400000000 7.847208499900
925.800000000 9.400000000 7.843113422400
925.550000000 6.200000000 7.832214832300
938.050000000 6.200000000 7.795433521300
931.800000000 10.000000000 7.784184932700
923.550000000 7.600000000 7.783221244800
931.300000000 9.800000000 7.781083107000
922.050000000 6.800000000 7.778766155200
935.050000000 7.800000000 7.769478321100
927.800000000 6.200000000 7.761215686800
926.800000000 7.400000000 7.756424427000
928.550000000 5.600000000 7.756215572400
924.050000000 7.400000000 7.748084068300
923.300000000 7.600000000 7.747154235800
937.800000000 6.200000000 7.736926555600
931.300000000 10.000000000 7.723970890000
925.050000000 6.800000000 7.710702419300
925.300000000 6.600000000 7.697640419000
924.550000000 7.200000000 7.671675682100
923.050000000 7.600000000 7.655064582800
925.800000000 5.600000000 7.652080535900
924.800000000 7.000000000 7.651010990100
936.550000000 7.000000000 7.648914814000
936.050000000 7.800000000 7.632533550300
927.050000000 6.800000000 7.614474296600
923.800000000 7.600000000 7.614068985000
931.550000000 10.000000000 7.600518226600
937.550000000 6.000000000 7.593638420100
936.800000000 6.400000000 7.546700000800
937.050000000 5.600000000 7.545404434200
926.050000000 9.000000000 7.533387661000
932.800000000 9.200000000 7.531644821200
932.050000000 10.000000000 7.528656959500
937.300000000 5.600000000 7.525785446200
922.800000000 7.600000000 7.523649692500
935.550000000 7.800000000 7.510372638700
937.050000000 5.800000000 7.505657196000
928.300000000 5.800000000 7.478055477100
925.800000000 5.800000000 7.477239608800
932.550000000 9.400000000 7.474948883100
939.800000000 9.200000000 7.470919609100
924.300000000 7.400000000 7.467020511600
928.050000000 6.000000000 7.464084148400
933.050000000 9.200000000 7.442330837200
926.300000000 8.600000000 7.433798313100
925.800000000 9.200000000 7.426161766100
937.300000000 5.800000000 7.415715694400
939.800000000 6.600000000 7.391822814900
922.300000000 7.400000000 7.381576538100
923.550000000 7.800000000 7.373827457400
925.550000000 9.800000000 7.354823112500
925.550000000 6.400000000 7.344117641400
924.050000000 7.600000000 7.330138206500
925.550000000 9.600000000 7.325666427600
934.300000000 9.000000000 7.317978382100
922.550000000 7.600000000 7.302178859700
922.050000000 7.000000000 7.301694393200
933.800000000 9.400000000 7.295651912700
923.300000000 7.800000000 7.288640976000
936.300000000 7.600000000 7.283770084400
938.050000000 6.400000000 7.272252559700
935.300000000 7.800000000 7.268251895900
937.050000000 6.000000000 7.265129089400
925.550000000 10.000000000 7.262524604800
923.800000000 7.800000000 7.241061687500
926.550000000 8.000000000 7.226719379400
925.800000000 6.000000000 7.218201637300
921.800000000 10.000000000 7.214063167600
925.050000000 7.000000000 7.207019805900
934.550000000 8.600000000 7.203915119200
927.300000000 6.400000000 7.200984954800
932.300000000 9.800000000 7.199695587200
921.550000000 10.000000000 7.189122200000
925.550000000 9.400000000 7.184085369100
934.800000000 8.200000000 7.182494163500
933.550000000 9.400000000 7.181476593000
924.800000000 7.200000000 7.174399375900
925.300000000 6.800000000 7.148163795500
924.550000000 7.400000000 7.142620086700
923.050000000 7.800000000 7.139833927200
937.800000000 6.400000000 7.132871151000
927.550000000 6.200000000 7.107756614700
937.300000000 6.000000000 7.105638027200
937.550000000 6.200000000 7.096441268900
921.800000000 5.600000000 7.091973781600
924.300000000 7.600000000 7.041567802400
926.050000000 5.600000000 7.027908325200
921.800000000 9.800000000 7.012068748500
921.550000000 9.800000000 7.008091926600
922.800000000 7.800000000 7.006473541300
923.550000000 8.000000000 6.994389534000
928.300000000 5.600000000 6.971508979800
939.800000000 9.400000000 6.959386348700
924.050000000 7.800000000 6.955448150600
925.550000000 9.200000000 6.949311733200
936.800000000 6.600000000 6.944097995800
922.300000000 7.600000000 6.940155029300
925.800000000 9.000000000 6.929795265200
922.050000000 7.200000000 6.924839973400
935.800000000 8.000000000 6.913575172400
923.800000000 8.000000000 6.907646656000
923.300000000 8.000000000 6.905933857000
936.550000000 7.200000000 6.869442939800
921.800000000 5.800000000 6.862999916100
922.550000000 7.800000000 6.846587657900
937.050000000 6.200000000 6.845732212100
925.800000000 6.200000000 6.833241462700
926.050000000 5.800000000 6.814544677700
925.550000000 6.600000000 6.813554287000
938.300000000 5.800000000 6.809907913200
921.800000000 9.600000000 6.809288024900
935.050000000 8.000000000 6.796433925600
921.550000000 9.600000000 6.794790744800
927.800000000 6.000000000 6.789691448200
924.550000000 7.600000000 6.787155628200
924.300000000 7.800000000 6.774639606500
926.800000000 7.200000000 6.763985157000
924.800000000 7.400000000 6.760848045300
938.300000000 6.000000000 6.752784252200
926.050000000 8.800000000 6.743550777400
932.550000000 9.600000000 6.741247654000
938.300000000 5.600000000 6.728317260700
933.300000000 9.400000000 6.720107555400
925.050000000 7.200000000 6.719677925100
923.050000000 8.000000000 6.717374801600
928.050000000 5.800000000 6.699824333200
923.550000000 8.200000000 6.691296100600
924.050000000 8.000000000 6.690986156500
926.300000000 5.600000000 6.682007789600
932.300000000 10.000000000 6.668426036800
936.050000000 8.000000000 6.661996364600
938.050000000 6.600000000 6.648884296400
925.550000000 9.000000000 6.643689632400
932.800000000 9.400000000 6.631125450100
937.300000000 6.200000000 6.630035400400
934.050000000 9.400000000 6.626760006000
927.050000000 6.600000000 6.611834526100
939.800000000 9.600000000 6.604569912000
921.800000000 6.000000000 6.603667736100
935.550000000 8.000000000 6.597870349900
922.800000000 8.000000000 6.595270156900
922.300000000 7.800000000 6.594414234200
923.800000000 8.200000000 6.593548297900
939.800000000 6.400000000 6.588825225800
922.050000000 7.400000000 6.585833549500
921.800000000 9.400000000 6.585827350600
923.300000000 8.200000000 6.569606781000
924.300000000 8.000000000 6.569407939900
925.300000000 7.000000000 6.568634986900
938.300000000 6.200000000 6.558426380200
921.550000000 9.400000000 6.543220996900
926.050000000 6.000000000 6.529381752000
924.550000000 7.800000000 6.525640487700
922.050000000 10.000000000 6.517906189000
922.550000000 8.000000000 6.493074417100
937.550000000 6.400000000 6.492377281200
924.050000000 8.200000000 6.491010665900
925.300000000 9.600000000 6.470281124100
925.300000000 9.800000000 6.467704772900
925.300000000 10.000000000 6.453156948100
937.800000000 6.600000000 6.452577590900
926.300000000 5.800000000 6.449650287600
926.550000000 5.600000000 6.446569442700
921.300000000 10.000000000 6.443482399000
933.050000000 9.400000000 6.436626911200
926.300000000 8.400000000 6.422508716600
922.050000000 9.800000000 6.420185565900
923.550000000 8.400000000 6.417575836200
925.300000000 9.400000000 6.411416053800
921.800000000 6.200000000 6.410002708400
924.800000000 7.600000000 6.403290271800
925.800000000 8.800000000 6.394359111800
923.050000000 8.200000000 6.391421318100
925.800000000 6.400000000 6.386579513500
924.300000000 8.200000000 6.384370327000
936.300000000 7.800000000 6.379139900200
935.300000000 8.000000000 6.374878406500
921.800000000 9.200000000 6.345913410200
923.300000000 10.000000000 6.344840049700
923.800000000 8.400000000 6.340690136000
923.300000000 8.400000000 6.323403358500
922.300000000 8.000000000 6.321874141700
939.800000000 9.800000000 6.318405151400
924.050000000 8.400000000 6.316897869100
922.050000000 9.600000000 6.309935569800
939.550000000 7.600000000 6.309000968900
923.050000000 10.000000000 6.305045604700
925.300000000 9.200000000 6.301947116900
922.050000000 7.600000000 6.301068782800
924.550000000 8.000000000 6.296668529500
925.550000000 8.800000000 6.295763969400
939.550000000 7.800000000 6.295401096300
927.300000000 6.200000000 6.295268058800
937.050000000 6.400000000 6.292972564700
921.300000000 9.800000000 6.280711650800
923.300000000 9.800000000 6.279587268800
925.050000000 7.400000000 6.273802280400
939.550000000 7.400000000 6.270956993100
936.800000000 6.800000000 6.263488292700
926.800000000 5.600000000 6.259342193600
922.800000000 8.200000000 6.258975505800
923.050000000 9.800000000 6.252276897400
925.550000000 6.800000000 6.247955322300
934.300000000 9.200000000 6.243337154400
938.300000000 6.400000000 6.242642879500
926.550000000 7.800000000 6.235946178400
924.300000000 8.400000000 6.232439994800
921.550000000 9.200000000 6.227519035300
927.550000000 6.000000000 6.223401069600
926.550000000 5.800000000 6.210444927200
923.800000000 8.600000000 6.207970142400
923.300000000 9.600000000 6.204971313500
922.050000000 9.400000000 6.197915077200
922.550000000 8.200000000 6.197538375900
921.800000000 6.400000000 6.187872409800
923.550000000 10.000000000 6.185497283900
934.550000000 8.800000000 6.184064865100
923.550000000 8.600000000 6.182475090000
934.800000000 8.400000000 6.171549797100
924.050000000 8.600000000 6.171517372100
923.050000000 9.600000000 6.167018890400
926.050000000 6.200000000 6.161427974700
925.300000000 9.000000000 6.155053138700
926.300000000 6.000000000 6.148829460100
939.550000000 8.000000000 6.140123844100
923.050000000 8.400000000 6.139392852800
923.550000000 9.800000000 6.135369300800
923.300000000 9.400000000 6.129216671000
924.550000000 8.200000000 6.128734111800
928.050000000 5.600000000 6.123304843900
922.050000000 7.800000000 6.112683296200
925.050000000 10.000000000 6.111802578000
923.300000000 8.600000000 6.110553264600
924.300000000 8.600000000 6.109611511200
922.300000000 8.200000000 6.106044769300
927.050000000 5.600000000 6.105319023100
921.800000000 9.000000000 6.104889392900
939.800000000 10.000000000 6.104511737800
923.550000000 8.800000000 6.104406833600
923.800000000 8.800000000 6.104094982100
932.550000000 9.800000000 6.101400852200
923.550000000 9.600000000 6.093641758000
922.050000000 9.200000000 6.091426372500
924.800000000 7.800000000 6.087840080300
939.550000000 7.200000000 6.087002754200
922.800000000 10.000000000 6.081918239600
936.550000000 7.400000000 6.077540397600
923.550000000 9.000000000 6.070794582400
923.550000000 9.400000000 6.066967964200
921.300000000 9.600000000 6.066463947300
925.300000000 7.200000000 6.064671516400
921.050000000 10.000000000 6.063218116800
923.050000000 9.400000000 6.061188697800
923.550000000 9.200000000 6.058130264300
923.300000000 9.200000000 6.058033943200
922.800000000 9.800000000 6.054140090900
933.800000000 9.600000000 6.054125309000
924.050000000 8.800000000 6.053569793700
937.300000000 6.400000000 6.041984081300
926.800000000 5.800000000 6.037209510800
927.300000000 5.600000000 6.035167694100
923.800000000 9.000000000 6.024113178300
922.800000000 8.400000000 6.018509864800
924.300000000 8.800000000 6.007513046300
927.800000000 5.800000000 6.001534938800
923.300000000 9.000000000 5.998105526000
926.050000000 8.600000000 5.997656822200
922.050000000 9.000000000 5.996730804400
927.550000000 5.600000000 5.995696544600
935.800000000 8.200000000 5.993624687200
933.550000000 9.600000000 5.992905616800
922.550000000 8.400000000 5.992166519200
925.050000000 9.800000000 5.991049289700
925.300000000 8.800000000 5.989171028100
924.550000000 8.400000000 5.984756469700
922.800000000 9.600000000 5.981855869300
922.300000000 8.400000000 5.975083351100
927.550000000 5.800000000 5.970395565000
922.050000000 8.000000000 5.969259738900
938.050000000 6.800000000 5.969119548800
923.800000000 9.200000000 5.967717647600
924.050000000 9.000000000 5.961672306100
923.300000000 8.800000000 5.960657119800
923.050000000 8.600000000 5.957582950600
922.300000000 10.000000000 5.956527710000
927.050000000 5.800000000 5.955612182600
921.800000000 6.600000000 5.948274612400
923.050000000 9.200000000 5.946673393200
927.300000000 5.800000000 5.943687439000
923.800000000 10.000000000 5.940792083700
923.800000000 9.400000000 5.934706687900
925.550000000 8.600000000 5.929756641400
922.300000000 9.800000000 5.928407669100
923.800000000 9.800000000 5.925575733200
924.300000000 9.000000000 5.925177574200
926.800000000 7.000000000 5.924602508500
922.050000000 8.800000000 5.921965599100
923.800000000 9.600000000 5.921452522300
927.800000000 5.600000000 5.919283866900
926.550000000 6.000000000 5.909147739400
922.300000000 9.600000000 5.896189212800
924.050000000 9.200000000 5.896041393300
922.300000000 8.600000000 5.881446361500
922.800000000 9.400000000 5.878455162000
935.050000000 8.200000000 5.877268791200
921.800000000 8.800000000 5.876928806300
925.800000000 6.600000000 5.875758647900
922.050000000 8.200000000 5.874170303300
921.550000000 9.000000000 5.873506069200
922.050000000 8.600000000 5.871586322800
939.550000000 8.200000000 5.870645999900
932.800000000 9.600000000 5.867308139800
922.300000000 9.400000000 5.865972042100
927.300000000 6.000000000 5.863154411300
924.550000000 8.600000000 5.862727165200
924.300000000 9.200000000 5.860630512200
925.050000000 7.600000000 5.855568885800
922.050000000 8.400000000 5.853116989100
924.050000000 9.400000000 5.852361679100
925.800000000 8.600000000 5.844890594500
939.550000000 7.000000000 5.844866752600
927.050000000 6.400000000 5.841299057000
922.300000000 9.200000000 5.840785026600
922.800000000 8.600000000 5.839631080600
923.050000000 9.000000000 5.838835716200
925.050000000 9.600000000 5.837127685500
920.800000000 10.000000000 5.834239959700
922.550000000 8.600000000 5.830081462900
923.050000000 8.800000000 5.828744411500
922.300000000 8.800000000 5.828674316400
924.050000000 9.600000000 5.828103065500
937.550000000 6.600000000 5.827704429600
922.300000000 9.000000000 5.827102661100
938.300000000 6.600000000 5.825940132100
924.050000000 10.000000000 5.821898460400
924.050000000 9.800000000 5.819364547700
925.300000000 8.600000000 5.815700054200
939.800000000 6.200000000 5.813170433000
924.300000000 9.400000000 5.810038566600
924.800000000 8.000000000 5.806070327800
924.800000000 10.000000000 5.798214435600
926.300000000 6.200000000 5.796940326700
921.050000000 9.800000000 5.791126251200
921.300000000 9.400000000 5.790002346000
926.800000000 6.000000000 5.788819789900
921.800000000 6.800000000 5.776933670000
924.300000000 9.600000000 5.771689415000
927.050000000 6.000000000 5.766302585600
922.800000000 9.200000000 5.759943008400
924.550000000 8.800000000 5.757960796400
936.050000000 8.200000000 5.745365142800
926.050000000 6.400000000 5.742280960100
924.300000000 9.800000000 5.740109920500
937.800000000 6.800000000 5.739068031300
922.550000000 8.800000000 5.737042427100
935.550000000 8.200000000 5.729710102100
922.800000000 8.800000000 5.718992710100
924.300000000 10.000000000 5.712883472400
933.300000000 9.600000000 5.708969593000
922.550000000 10.000000000 5.695044517500
925.050000000 9.400000000 5.688063621500
922.550000000 9.800000000 5.680804729500
922.550000000 9.000000000 5.678225994100
925.550000000 7.000000000 5.673885822300
924.800000000 9.800000000 5.671902656600
921.800000000 8.600000000 5.669896125800
925.050000000 7.800000000 5.666630268100
924.550000000 9.000000000 5.665966510800
922.550000000 9.600000000 5.665567874900
937.050000000 6.600000000 5.656354427300
922.550000000 9.400000000 5.653521060900
922.800000000 9.000000000 5.651850700400
925.050000000 9.200000000 5.648581504800
925.300000000 8.400000000 5.648527145400
922.550000000 9.200000000 5.647684097300
939.550000000 8.400000000 5.627672195400
921.800000000 7.000000000 5.611132621800
932.550000000 10.000000000 5.603566169700
925.050000000 9.000000000 5.600591659500
924.550000000 9.200000000 5.594094276400
926.550000000 6.200000000 5.586442947400
933.050000000 9.600000000 5.585794448900
920.550000000 10.000000000 5.580522537200
925.050000000 8.000000000 5.575562000300
927.050000000 6.200000000 5.570302486400
925.550000000 8.400000000 5.569747924800
925.300000000 7.400000000 5.568494796800
924.800000000 8.200000000 5.558344841000
925.050000000 8.800000000 5.554996967300
936.800000000 7.000000000 5.554274082200
926.300000000 8.200000000 5.553476810500
934.050000000 9.600000000 5.549853324900
924.550000000 10.000000000 5.549199104300
935.300000000 8.200000000 5.526030063600
925.050000000 8.200000000 5.525903224900
924.550000000 9.400000000 5.523233890500
925.050000000 8.600000000 5.522161006900
920.800000000 9.800000000 5.521543502800
924.800000000 9.600000000 5.518190860700
936.300000000 8.000000000 5.516886711100
939.550000000 6.800000000 5.515554904900
921.300000000 9.200000000 5.514693260200
925.050000000 8.400000000 5.509610652900
921.550000000 8.800000000 5.506684303300
925.300000000 8.200000000 5.496609687800
921.800000000 8.400000000 5.493193149600
926.800000000 6.200000000 5.492942810100
921.050000000 9.600000000 5.492916107200
920.300000000 10.000000000 5.462108135200
921.800000000 7.200000000 5.457124233200
924.550000000 9.600000000 5.447543621100
920.050000000 10.000000000 5.444673538200
924.550000000 9.800000000 5.432207107500
926.300000000 6.400000000 5.409683227500
926.550000000 7.600000000 5.400521278400
937.300000000 6.600000000 5.391865730300
925.300000000 8.000000000 5.370287418400
921.800000000 8.200000000 5.366374015800
924.800000000 9.400000000 5.353587150600
924.800000000 8.400000000 5.341951847100
925.800000000 6.800000000 5.336444377900
938.300000000 6.800000000 5.335581302600
939.550000000 8.600000000 5.332684040100
921.800000000 7.400000000 5.326271534000
934.300000000 9.400000000 5.313541412400
925.800000000 8.400000000 5.312026023900
926.050000000 8.400000000 5.308380603800
936.550000000 7.600000000 5.305592536900
934.550000000 9.000000000 5.300059318500
921.800000000 8.000000000 5.297649860400
926.050000000 6.600000000 5.281294345900
921.800000000 7.600000000 5.279716968500
934.800000000 8.600000000 5.277078151700
925.300000000 7.800000000 5.275322437300
938.050000000 7.000000000 5.271996974900
921.800000000 7.800000000 5.270512580900
920.550000000 9.800000000 5.260305404700
920.050000000 9.800000000 5.252007007600
932.800000000 9.800000000 5.251619815800
926.800000000 6.800000000 5.247576236700
925.550000000 8.200000000 5.231262683900
926.550000000 6.400000000 5.226933479300
925.300000000 7.600000000 5.224327564200
926.800000000 6.400000000 5.201932430300
920.800000000 9.600000000 5.194053649900
924.800000000 9.200000000 5.192873477900
921.300000000 9.000000000 5.180565834000
920.300000000 9.800000000 5.175901413000
921.050000000 9.400000000 5.169930458100
924.800000000 8.600000000 5.155280113200
925.550000000 7.200000000 5.152383804300
921.550000000 8.600000000 5.146777629900
937.550000000 6.800000000 5.143979072600
935.800000000 8.400000000 5.137617111200
939.550000000 6.600000000 5.112893104600
920.050000000 9.600000000 5.099513053900
939.800000000 6.000000000 5.091265201600
924.800000000 9.000000000 5.056075573000
935.050000000 8.400000000 5.034501552600
937.800000000 7.000000000 5.027414321900
939.550000000 8.800000000 5.020029544800
933.800000000 9.800000000 5.014572620400
924.800000000 8.800000000 5.004572391500
933.550000000 9.800000000 4.999924659700
926.300000000 6.600000000 4.993033409100
937.050000000 6.800000000 4.986532688100
920.050000000 9.400000000 4.953006267500
920.550000000 9.600000000 4.945264339400
925.550000000 8.000000000 4.924156189000
935.550000000 8.400000000 4.921195983900
926.800000000 6.600000000 4.909478187600
936.050000000 8.400000000 4.898302078200
920.300000000 9.600000000 4.886860370600
926.550000000 6.600000000 4.868132114400
920.050000000 9.200000000 4.867774009700
933.050000000 9.800000000 4.864547729500
920.800000000 9.400000000 4.857880115500
933.300000000 9.800000000 4.857673645000
936.800000000 7.200000000 4.855294227600
939.550000000 9.000000000 4.851914405800
926.300000000 8.000000000 4.832546711000
921.050000000 9.200000000 4.829209804500
925.800000000 8.200000000 4.817258834800
921.550000000 8.400000000 4.812386989600
925.800000000 7.000000000 4.804714679700
921.300000000 8.800000000 4.804667949700
938.300000000 7.000000000 4.799505233800
926.050000000 6.800000000 4.797585010500
939.550000000 10.000000000 4.781866550400
932.800000000 10.000000000 4.781282424900
920.050000000 9.000000000 4.761515140500
935.300000000 8.400000000 4.739078044900
926.550000000 7.400000000 4.736485958100
937.300000000 6.800000000 4.725668907200
936.300000000 8.200000000 4.718500614200
939.550000000 9.200000000 4.710164070100
925.550000000 7.400000000 4.690321445500
939.550000000 9.800000000 4.681687355000
926.050000000 8.200000000 4.681199550600
925.550000000 7.800000000 4.653744220700
939.550000000 6.400000000 4.649806499500
920.550000000 9.400000000 4.636565208400
934.050000000 9.800000000 4.634836196900
920.050000000 8.800000000 4.634469509100
920.300000000 9.400000000 4.624215126000
939.550000000 9.600000000 4.607602596300
939.550000000 9.400000000 4.601572513600
938.050000000 7.200000000 4.586845874800
936.550000000 7.800000000 4.577065944700
926.300000000 6.800000000 4.574218273200
934.550000000 9.200000000 4.536235332500
920.800000000 9.200000000 4.521204471600
921.550000000 8.200000000 4.519284248400
921.050000000 9.000000000 4.513586521100
934.300000000 9.600000000 4.512812137600
920.050000000 8.600000000 4.510929584500
926.550000000 6.800000000 4.500653266900
934.800000000 8.800000000 4.498161792800
937.550000000 7.000000000 4.472830295600
938.550000000 6.200000000 4.458839416500
939.800000000 5.800000000 4.436927318600
938.550000000 6.000000000 4.432114124300
925.550000000 7.600000000 4.431715965300
938.550000000 6.400000000 4.420563697800
920.300000000 9.200000000 4.418858528100
921.300000000 8.600000000 4.413313865700
920.050000000 8.400000000 4.375507354700
925.800000000 8.000000000 4.374778270700
938.550000000 5.800000000 4.371544838000
935.800000000 8.600000000 4.358948707600
937.800000000 7.200000000 4.342032432600
920.550000000 9.200000000 4.336856365200
937.050000000 7.000000000 4.325794220000
926.050000000 7.000000000 4.317283153500
938.550000000 6.600000000 4.311345100400
921.550000000 8.000000000 4.304962158200
933.050000000 10.000000000 4.298060417200
925.800000000 7.200000000 4.291581630700
938.300000000 7.200000000 4.287648677800
935.050000000 8.600000000 4.281242847400
938.550000000 5.600000000 4.255885601000
920.300000000 9.000000000 4.232902526900
926.550000000 7.200000000 4.219917297400
926.300000000 7.800000000 4.216504097000
920.050000000 8.200000000 4.213978767400
920.800000000 9.000000000 4.195613861100
936.800000000 7.400000000 4.195546150200
921.050000000 8.800000000 4.186308860800
935.550000000 8.600000000 4.184961795800
933.550000000 10.000000000 4.176560878800
939.550000000 6.200000000 4.167397499100
926.550000000 7.000000000 4.159161567700
933.800000000 10.000000000 4.152860641500
933.300000000 10.000000000 4.152433872200
926.300000000 7.000000000 4.148001194000
938.550000000 6.800000000 4.147794723500
936.050000000 8.600000000 4.133152961700
921.550000000 7.800000000 4.131151676200
926.050000000 8.000000000 4.130352497100
939.300000000 7.000000000 4.123238563500
939.300000000 7.200000000 4.120285511000
921.550000000 5.600000000 4.113536834700
920.300000000 8.800000000 4.108404636400
921.300000000 8.400000000 4.084968090100
937.300000000 7.000000000 4.078183651000
921.550000000 5.800000000 4.055467605600
920.550000000 9.000000000 4.055158138300
920.050000000 8.000000000 4.031451702100
935.300000000 8.600000000 4.026743412000
921.550000000 6.000000000 4.019764900200
939.300000000 6.800000000 4.008768081700
939.300000000 7.400000000 4.000669956200
921.050000000 8.600000000 3.993972539900
936.300000000 8.400000000 3.993891954400
921.550000000 7.600000000 3.993033170700
925.800000000 7.800000000 3.988110780700
920.300000000 8.600000000 3.984071016300
921.550000000 6.200000000 3.976450920100
938.550000000 7.000000000 3.941854476900
938.050000000 7.400000000 3.934231758100
921.550000000 6.400000000 3.929052352900
921.300000000 8.200000000 3.916701078400
921.550000000 7.400000000 3.915800809900
936.550000000 8.000000000 3.907822608900
920.800000000 8.800000000 3.894235134100
920.300000000 8.400000000 3.882404565800
921.550000000 7.200000000 3.882113695100
921.550000000 6.600000000 3.880621194800
934.550000000 9.400000000 3.878789424900
921.550000000 6.800000000 3.871933221800
921.550000000 7.000000000 3.869224071500
934.050000000 10.000000000 3.864331960700
939.800000000 5.600000000 3.858276844000
934.300000000 9.800000000 3.852812767000
926.050000000 7.200000000 3.845012188000
920.550000000 8.800000000 3.840215683000
920.050000000 7.800000000 3.835294961900
937.550000000 7.200000000 3.834848880800
925.800000000 7.400000000 3.834666967400
934.800000000 9.000000000 3.825808048200
921.050000000 8.400000000 3.804234504700
939.300000000 6.600000000 3.790731906900
920.300000000 8.200000000 3.789676189400
939.300000000 7.600000000 3.778633594500
938.300000000 7.400000000 3.765357255900
926.300000000 7.200000000 3.745669841800
921.300000000 8.000000000 3.733261346800
937.050000000 7.200000000 3.702924490000
926.300000000 7.600000000 3.699433326700
937.800000000 7.400000000 3.699024200400
925.800000000 7.600000000 3.695912838000
920.800000000 5.600000000 3.687891960100
920.300000000 8.000000000 3.684915781000
939.550000000 6.000000000 3.675979375800
920.550000000 8.600000000 3.670627594000
938.550000000 7.200000000 3.664909362800
935.800000000 8.800000000 3.661595344500
926.050000000 7.800000000 3.656899452200
920.800000000 8.600000000 3.652677774400
921.050000000 8.200000000 3.647098779700
920.050000000 7.600000000 3.630536556200
935.050000000 8.800000000 3.618844747500
920.800000000 5.800000000 3.611210107800
920.550000000 5.600000000 3.606353998200
936.800000000 7.600000000 3.593001127200
920.300000000 7.800000000 3.570367813100
921.300000000 7.800000000 3.556983947800
920.550000000 5.800000000 3.546092271800
920.550000000 8.400000000 3.542049169500
935.550000000 8.800000000 3.524666309400
920.800000000 6.000000000 3.508817672700
939.300000000 6.400000000 3.494924783700
939.300000000 7.800000000 3.481589794200
939.050000000 7.000000000 3.477849483500
921.050000000 5.600000000 3.476004123700
938.800000000 6.800000000 3.473890781400
937.300000000 7.200000000 3.471340417900
921.050000000 8.000000000 3.466138124500
920.800000000 8.400000000 3.463929891600
920.550000000 8.200000000 3.453824043300
936.050000000 8.800000000 3.453269004800
920.550000000 6.000000000 3.452515125300
920.300000000 7.600000000 3.445948123900
939.050000000 6.800000000 3.443317174900
938.800000000 7.000000000 3.437415123000
920.050000000 7.400000000 3.425184249900
938.800000000 6.600000000 3.423642158500
939.050000000 7.200000000 3.418937444700
926.050000000 7.400000000 3.408997297300
921.050000000 5.800000000 3.407235384000
934.550000000 9.600000000 3.398173570600
920.300000000 5.600000000 3.397824049000
935.300000000 8.800000000 3.392160415600
920.800000000 6.200000000 3.385390520100
921.300000000 7.600000000 3.384354114500
920.550000000 8.000000000 3.377958059300
934.300000000 10.000000000 3.372889757200
926.300000000 7.400000000 3.371770620300
920.550000000 6.200000000 3.358494758600
920.300000000 5.800000000 3.358174800900
936.300000000 8.600000000 3.349767684900
938.550000000 7.400000000 3.329044580500
938.050000000 7.600000000 3.327945232400
939.300000000 10.000000000 3.321035385100
921.050000000 6.000000000 3.318875312800
920.300000000 7.400000000 3.315395832100
938.800000000 7.200000000 3.310804128600
939.050000000 6.600000000 3.309734106100
936.550000000 8.200000000 3.307126522100
926.050000000 7.600000000 3.306353807400
920.550000000 7.800000000 3.301354408300
938.800000000 6.400000000 3.298403024700
934.800000000 9.200000000 3.295075178100
921.050000000 7.800000000 3.294086217900
920.300000000 6.000000000 3.291707277300
920.800000000 8.200000000 3.278720855700
939.050000000 7.400000000 3.277110576600
920.050000000 7.200000000 3.261785984000
921.300000000 5.600000000 3.258232832000
920.550000000 6.400000000 3.252998352100
920.800000000 6.400000000 3.248769760100
938.300000000 7.600000000 3.246760606800
921.300000000 7.400000000 3.246414423000
937.550000000 7.400000000 3.242703199400
920.300000000 6.200000000 3.225960254700
920.050000000 5.600000000 3.223024368300
920.550000000 7.600000000 3.222296476400
921.300000000 5.800000000 3.217062473300
921.050000000 6.200000000 3.215056419400
939.550000000 5.800000000 3.205006599400
920.300000000 7.200000000 3.204249858900
920.050000000 5.800000000 3.193354368200
921.300000000 6.000000000 3.173891782800
920.300000000 6.400000000 3.164080381400
939.300000000 6.200000000 3.158888578400
920.550000000 6.600000000 3.146689891800
921.300000000 7.200000000 3.143011570000
920.550000000 7.400000000 3.142745733300
920.050000000 6.000000000 3.142100095700
939.550000000 5.600000000 3.142090559000
939.300000000 8.000000000 3.139710187900
937.050000000 7.400000000 3.135727882400
921.050000000 7.600000000 3.130179882000
921.300000000 6.200000000 3.127116441700
920.300000000 7.000000000 3.123646020900
920.050000000 7.000000000 3.120339393600
938.800000000 6.200000000 3.117975473400
920.800000000 8.000000000 3.115074634600
920.800000000 6.600000000 3.112185001400
937.800000000 7.600000000 3.108647584900
921.050000000 6.400000000 3.106876850100
939.300000000 9.800000000 3.104009151500
920.300000000 6.600000000 3.103991746900
938.800000000 7.400000000 3.102478742600
920.300000000 6.800000000 3.096021413800
939.050000000 6.400000000 3.094336748100
921.300000000 6.400000000 3.082687616300
921.300000000 7.000000000 3.081146955500
920.050000000 6.200000000 3.079741716400
920.550000000 6.800000000 3.077033519700
920.550000000 7.200000000 3.067753076600
935.050000000 9.000000000 3.066155433700
934.550000000 9.800000000 3.063333272900
936.800000000 7.800000000 3.057047605500
939.050000000 7.600000000 3.053654193900
921.300000000 6.800000000 3.051683187500
920.050000000 6.800000000 3.046158313800
935.800000000 9.000000000 3.045485258100
920.550000000 7.000000000 3.045399904300
920.050000000 6.400000000 3.045185327500
921.300000000 6.600000000 3.044396400500
939.300000000 5.600000000 3.043950080900
920.050000000 6.600000000 3.019159555400
921.050000000 6.600000000 3.002893447900
920.800000000 6.800000000 2.989915609400
920.800000000 7.800000000 2.985071182300
921.050000000 7.400000000 2.970347404500
938.550000000 7.600000000 2.951676845600
934.550000000 10.000000000 2.949155807500
939.300000000 5.800000000 2.943608045600
935.550000000 9.000000000 2.940149068800
937.300000000 7.400000000 2.917669296300
921.050000000 6.800000000 2.912381887400
939.300000000 9.600000000 2.905190467800
938.800000000 6.000000000 2.903919935200
920.800000000 7.600000000 2.892579317100
920.800000000 7.000000000 2.890791893000
934.800000000 9.400000000 2.877386808400
936.050000000 9.000000000 2.857884168600
936.800000000 10.000000000 2.849468231200
921.050000000 7.000000000 2.846576452300
920.800000000 7.400000000 2.839498281500
920.800000000 7.200000000 2.839141845700
921.050000000 7.200000000 2.836514949800
935.300000000 9.000000000 2.834000825900
938.800000000 7.600000000 2.828468799600
939.050000000 6.200000000 2.821912050200
939.300000000 6.000000000 2.819399595300
936.550000000 8.400000000 2.801203489300
938.050000000 7.800000000 2.790344476700
939.300000000 8.200000000 2.790048122400
936.300000000 8.800000000 2.785879612000
939.050000000 7.800000000 2.772548914000
938.300000000 7.800000000 2.746266365100
937.050000000 10.000000000 2.730929374700
939.300000000 9.400000000 2.728111982300
934.800000000 10.000000000 2.718541622200
937.550000000 7.600000000 2.703884840000
938.800000000 5.800000000 2.696837186800
936.550000000 10.000000000 2.658942222600
934.800000000 9.600000000 2.652606487300
937.050000000 7.600000000 2.632663726800
934.800000000 9.800000000 2.622072696700
939.050000000 5.600000000 2.611396312700
935.050000000 9.200000000 2.599860429800
936.800000000 8.000000000 2.589118719100
939.300000000 9.200000000 2.577630519900
937.800000000 7.800000000 2.576169014000
939.050000000 5.800000000 2.565798759500
938.550000000 7.800000000 2.553154707000
939.300000000 8.400000000 2.547157526000
939.050000000 6.000000000 2.519496679300
938.800000000 7.800000000 2.511680364600
935.800000000 9.200000000 2.507733106600
935.050000000 10.000000000 2.500484943400
938.800000000 5.600000000 2.493177413900
937.300000000 10.000000000 2.490012645700
939.300000000 9.000000000 2.483357906300
938.300000000 10.000000000 2.470700740800
939.300000000 8.600000000 2.462658643700
939.300000000 8.800000000 2.460323810600
939.050000000 8.000000000 2.458926439300
935.550000000 9.200000000 2.428635358800
937.300000000 7.600000000 2.423096418400
938.050000000 10.000000000 2.372280359300
936.550000000 8.600000000 2.366177320500
935.050000000 9.800000000 2.365315437300
935.300000000 9.200000000 2.350626468700
936.050000000 9.200000000 2.343443870500
938.550000000 10.000000000 2.342087507200
935.050000000 9.400000000 2.322359561900
937.550000000 10.000000000 2.313930034600
936.300000000 9.000000000 2.308029174800
938.050000000 8.000000000 2.299705743800
935.050000000 9.600000000 2.286276817300
937.800000000 10.000000000 2.279742956200
938.300000000 8.000000000 2.275467157400
936.800000000 9.800000000 2.274873971900
935.300000000 10.000000000 2.267144680000
937.550000000 7.800000000 2.222154378900
939.050000000 9.200000000 2.211506128300
936.300000000 10.000000000 2.199046850200
939.050000000 9.000000000 2.196191787700
937.050000000 7.800000000 2.195832729300
939.050000000 9.400000000 2.187635660200
936.800000000 8.200000000 2.186434030500
939.050000000 9.600000000 2.175644159300
938.800000000 8.000000000 2.175199985500
938.800000000 9.200000000 2.173779487600
938.800000000 9.400000000 2.164122819900
936.550000000 9.800000000 2.162720203400
937.050000000 9.800000000 2.160687208200
938.800000000 9.600000000 2.160451412200
938.550000000 8.000000000 2.154246091800
938.800000000 9.000000000 2.147095680200
939.050000000 8.800000000 2.142086267500
939.050000000 8.200000000 2.137015819500
939.050000000 9.800000000 2.134884357500
935.300000000 9.800000000 2.118424415600
938.800000000 9.800000000 2.118258953100
938.550000000 9.400000000 2.107446432100
937.800000000 8.000000000 2.102503061300
938.550000000 9.600000000 2.100364923500
939.050000000 8.600000000 2.100063324000
938.550000000 9.200000000 2.097146511100
938.800000000 8.800000000 2.078279018400
938.550000000 9.000000000 2.075647592500
939.050000000 10.000000000 2.071252822900
938.550000000 9.800000000 2.054526329000
935.300000000 9.400000000 2.047436475800
938.800000000 10.000000000 2.044720888100
935.800000000 9.400000000 2.043835401500
935.300000000 9.600000000 2.031785488100
936.550000000 8.800000000 2.024257659900
938.800000000 8.600000000 2.018463373200
939.050000000 8.400000000 2.015590906100
938.550000000 8.800000000 2.012955904000
938.300000000 9.800000000 1.996681571000
935.550000000 10.000000000 1.994236946100
937.300000000 7.800000000 1.989355802500
935.550000000 9.400000000 1.985900998100
937.300000000 9.800000000 1.983841061600
938.300000000 9.400000000 1.979093432400
938.300000000 9.600000000 1.961126565900
938.300000000 9.200000000 1.959108471900
938.050000000 9.800000000 1.947208523800
938.300000000 9.000000000 1.946347713500
938.550000000 8.600000000 1.937852859500
936.300000000 9.200000000 1.937839388800
938.800000000 8.400000000 1.928652167300
936.050000000 9.400000000 1.904427766800
938.300000000 8.800000000 1.900552272800
935.550000000 9.800000000 1.879816293700
936.800000000 8.400000000 1.879161238700
937.550000000 9.800000000 1.874237418200
937.800000000 9.800000000 1.871448278400
938.050000000 8.200000000 1.857621908200
938.550000000 8.400000000 1.853753089900
938.300000000 8.200000000 1.842975497200
938.800000000 8.200000000 1.840395927400
937.050000000 8.000000000 1.830632329000
935.550000000 9.600000000 1.829176306700
936.300000000 9.800000000 1.820288300500
938.300000000 8.600000000 1.818614959700
937.550000000 8.000000000 1.800305843400
938.050000000 9.400000000 1.793448567400
938.050000000 9.600000000 1.788697004300
936.550000000 9.000000000 1.787750124900
936.800000000 9.600000000 1.786848187400
938.050000000 9.200000000 1.786425352100
938.550000000 8.200000000 1.773232460000
935.800000000 10.000000000 1.761673569700
938.050000000 9.000000000 1.757678389500
938.300000000 8.400000000 1.747934937500
936.550000000 9.600000000 1.731009602500
938.050000000 8.800000000 1.724693775200
936.300000000 9.400000000 1.704965710600
935.800000000 9.600000000 1.702717661900
937.050000000 9.600000000 1.688131451600
935.800000000 9.800000000 1.687737464900
937.800000000 8.200000000 1.686695098900
936.050000000 10.000000000 1.656415224100
938.050000000 8.600000000 1.653736829800
936.800000000 8.600000000 1.652339220000
936.050000000 9.600000000 1.650773525200
936.550000000 9.200000000 1.639377594000
937.300000000 8.000000000 1.626794457400
937.800000000 9.600000000 1.598514199300
936.050000000 9.800000000 1.587052822100
936.300000000 9.600000000 1.586996316900
937.800000000 9.400000000 1.575862646100
938.050000000 8.400000000 1.575720429400
937.300000000 9.600000000 1.567941069600
937.800000000 9.200000000 1.564950823800
936.550000000 9.400000000 1.548786044100
937.050000000 8.200000000 1.542760253000
937.800000000 9.000000000 1.523819565800
937.550000000 9.600000000 1.510943651200
936.800000000 8.800000000 1.499172806700
937.800000000 8.800000000 1.489625573200
937.550000000 8.200000000 1.437856197400
937.800000000 8.600000000 1.420580267900
936.800000000 9.000000000 1.406248927100
936.800000000 9.400000000 1.402136325800
936.800000000 9.200000000 1.370734214800
937.550000000 9.400000000 1.336015462900
937.800000000 8.400000000 1.335989356000
937.050000000 8.400000000 1.326974988000
937.050000000 9.400000000 1.323538303400
937.300000000 8.200000000 1.321855306600
937.550000000 9.200000000 1.295545697200
937.550000000 9.000000000 1.253434419600
937.300000000 9.400000000 1.247497320200
937.550000000 8.800000000 1.214438557600
937.050000000 8.600000000 1.177305936800
937.300000000 8.400000000 1.158973813100
937.550000000 8.600000000 1.144356012300
937.550000000 8.400000000 1.126570463200
937.050000000 9.200000000 1.089177131700
937.050000000 8.800000000 1.087087154400
937.300000000 8.600000000 1.080417394600
937.050000000 9.000000000 1.056866645800
937.300000000 9.200000000 1.019283890700
937.300000000 8.800000000 0.986400544600
937.300000000 9.000000000 0.970205605000
