945.610000000 7.800000000 166.526672363300
945.360000000 7.800000000 166.384246826200
945.860000000 7.800000000 164.647445678700
945.110000000 7.800000000 162.980117797900
945.360000000 7.600000000 162.215484619100
945.610000000 7.600000000 161.387191772500
946.110000000 7.800000000 161.180099487300
945.110000000 7.600000000 161.041717529300
945.610000000 8.000000000 159.226867675800
945.860000000 7.600000000 158.935089111300
945.360000000 8.000000000 158.919738769500
945.860000000 8.000000000 157.068328857400
944.860000000 7.600000000 156.965240478500
946.360000000 7.800000000 156.489105224600
944.860000000 7.800000000 156.048049926800
946.110000000 7.600000000 155.178375244100
945.110000000 8.000000000 154.597976684600
946.110000000 8.000000000 153.544311523400
946.610000000 7.800000000 151.042343139600
946.360000000 7.600000000 150.025558471700
946.360000000 8.000000000 149.695190429700
945.110000000 7.400000000 149.131072998000
945.360000000 7.400000000 148.114852905300
944.610000000 7.600000000 147.463027954100
944.860000000 7.400000000 147.329101562500
944.860000000 8.000000000 146.387405395500
946.610000000 8.000000000 145.915725708000
945.610000000 7.400000000 145.730010986300
944.610000000 7.800000000 145.031753540000
946.860000000 7.800000000 143.998306274400
946.610000000 7.600000000 143.769653320300
945.610000000 8.200000000 142.493530273400
945.360000000 8.200000000 142.489517211900
945.860000000 7.400000000 142.393905639600
946.860000000 8.000000000 140.795654296900
945.860000000 8.200000000 139.633377075200
944.610000000 7.400000000 139.157653808600
945.110000000 8.200000000 138.446182251000
946.110000000 7.400000000 138.279525756800
946.860000000 7.600000000 136.007293701200
946.110000000 8.200000000 135.837310791000
944.610000000 8.000000000 134.527557373000
947.110000000 7.800000000 133.884780883800
946.360000000 7.400000000 133.231384277300
946.360000000 8.200000000 132.724990844700
947.110000000 8.000000000 132.112442016600
945.110000000 7.200000000 130.540054321300
944.860000000 8.200000000 130.514953613300
946.610000000 8.200000000 130.475692749000
944.360000000 7.600000000 130.206680297900
944.860000000 7.200000000 129.736633300800
944.360000000 7.800000000 128.989044189500
945.360000000 7.200000000 128.323898315400
946.860000000 8.200000000 127.485145568800
946.610000000 7.400000000 127.244911193800
947.110000000 7.600000000 125.774765014600
945.610000000 7.200000000 124.977874755900
945.360000000 8.400000000 122.247322082500
944.610000000 7.200000000 122.230552673300
947.360000000 7.800000000 121.750862121600
944.360000000 7.400000000 121.749755859400
945.610000000 8.400000000 121.692466735800
945.860000000 7.200000000 121.064727783200
947.110000000 8.200000000 120.860359191900
947.360000000 8.000000000 120.555709838900
946.860000000 7.400000000 120.046585083000
944.360000000 8.000000000 119.230270385700
945.110000000 8.400000000 119.147384643600
944.610000000 8.200000000 119.122413635300
945.860000000 8.400000000 118.412918090800
949.610000000 7.600000000 116.918350219700
946.110000000 7.200000000 116.791801452600
949.860000000 7.600000000 115.623710632300
949.610000000 7.800000000 115.613273620600
949.360000000 7.600000000 114.700454711900
946.110000000 8.400000000 114.494369506800
949.610000000 7.400000000 114.262931823700
947.360000000 7.600000000 114.120384216300
949.860000000 7.800000000 114.031562805200
949.360000000 7.800000000 114.007041931200
949.860000000 7.400000000 113.315513610800
944.860000000 8.400000000 112.454917907700
946.360000000 7.200000000 112.151245117200
946.360000000 8.400000000 111.814002990700
949.360000000 7.400000000 111.384765625000
949.610000000 8.000000000 110.931625366200
947.110000000 7.400000000 110.873252868700
947.360000000 8.200000000 110.613090515100
945.110000000 7.000000000 110.583595275900
947.610000000 7.800000000 110.511444091800
946.610000000 8.400000000 110.480674743700
950.110000000 7.600000000 109.996559143100
949.110000000 7.600000000 109.970214843800
949.360000000 8.000000000 109.723457336400
949.110000000 7.800000000 109.691932678200
944.860000000 7.000000000 109.310882568400
949.860000000 8.000000000 108.886360168500
947.610000000 8.000000000 108.775352478000
946.860000000 8.400000000 108.690994262700
950.110000000 7.800000000 108.480659484900
944.110000000 7.800000000 108.271858215300
945.360000000 7.000000000 108.210372924800
950.110000000 7.400000000 107.962821960400
949.610000000 7.200000000 107.962593078600
949.860000000 7.200000000 107.543174743700
944.110000000 7.600000000 107.335609436000
946.610000000 7.200000000 106.973358154300
949.110000000 7.400000000 106.049789428700
944.360000000 7.200000000 105.828071594200
949.110000000 8.000000000 105.543190002400
944.360000000 8.200000000 105.047721862800
948.860000000 7.600000000 104.919967651400
948.860000000 7.800000000 104.592239379900
949.360000000 7.200000000 104.385169982900
945.610000000 7.000000000 104.377983093300
947.610000000 7.600000000 103.951782226600
947.110000000 8.400000000 103.928878784200
949.610000000 8.200000000 103.692329406700
950.110000000 8.000000000 103.534362793000
950.110000000 7.200000000 102.700065612800
949.360000000 8.200000000 102.690643310500
944.610000000 8.400000000 102.453437805200
947.860000000 7.800000000 102.354583740200
945.360000000 8.600000000 102.267654418900
950.360000000 7.600000000 101.819816589400
944.610000000 7.000000000 101.643890380900
945.610000000 8.600000000 101.306388855000
944.110000000 8.000000000 101.171562194800
949.860000000 8.200000000 101.147674560500
946.860000000 7.200000000 100.976913452100
947.360000000 7.400000000 100.605506897000
950.360000000 7.800000000 100.474525451700
948.860000000 7.400000000 100.471420288100
945.110000000 8.600000000 100.192138671900
945.860000000 7.000000000 100.088912963900
948.610000000 7.600000000 99.988456726100
950.360000000 7.400000000 99.926788330100
948.860000000 8.000000000 99.866188049300
948.610000000 7.800000000 99.859458923300
949.860000000 7.000000000 99.252708435100
947.860000000 8.000000000 99.234321594200
947.610000000 8.200000000 99.088172912600
949.610000000 7.000000000 98.981277465800
949.110000000 8.200000000 98.330589294400
949.110000000 7.200000000 98.319557189900
944.110000000 7.400000000 98.008529663100
945.860000000 8.600000000 97.959266662600
948.110000000 7.800000000 97.853042602500
947.860000000 7.600000000 97.523780822800
948.360000000 7.800000000 97.214782714800
948.360000000 7.600000000 96.384094238300
950.360000000 8.000000000 96.112945556600
950.110000000 8.200000000 95.979187011700
946.110000000 7.000000000 95.874412536600
947.360000000 8.400000000 95.221237182600
948.110000000 7.600000000 95.218971252400
950.110000000 7.000000000 95.130981445300
950.360000000 7.200000000 95.068778991700
944.860000000 8.600000000 94.962882995600
949.610000000 8.400000000 94.873672485400
949.360000000 7.000000000 94.709877014200
948.610000000 7.400000000 94.671165466300
948.610000000 8.000000000 94.630699157700
946.110000000 8.600000000 94.230880737300
949.360000000 8.400000000 93.871978759800
947.110000000 7.200000000 93.407417297400
948.110000000 8.000000000 93.330757141100
950.610000000 7.600000000 92.667579650900
948.360000000 8.000000000 91.997566223100
949.860000000 8.400000000 91.989227294900
948.860000000 7.200000000 91.855102539100
948.860000000 8.200000000 91.845016479500
947.610000000 7.400000000 91.830444335900
946.360000000 8.600000000 91.798149108900
946.360000000 7.000000000 91.650032043500
950.610000000 7.800000000 91.527664184600
945.110000000 6.800000000 91.331596374500
946.610000000 8.600000000 90.749763488800
950.610000000 7.400000000 90.688758850100
944.360000000 8.400000000 90.067985534700
945.360000000 6.800000000 89.772727966300
948.360000000 7.400000000 89.562843322800
949.860000000 6.800000000 89.545143127400
944.110000000 8.200000000 89.498794555700
946.860000000 8.600000000 89.477859497100
944.860000000 6.800000000 89.342338562000
950.360000000 8.200000000 89.310554504400
947.860000000 8.200000000 89.304611206100
949.110000000 8.400000000 89.116683960000
949.610000000 6.800000000 88.599403381300
950.360000000 7.000000000 88.134597778300
949.110000000 7.000000000 87.896896362300
950.610000000 8.000000000 87.742858886700
946.610000000 7.000000000 87.383445739700
944.360000000 7.000000000 87.173667907700
950.110000000 8.400000000 87.008720397900
947.860000000 7.400000000 86.856460571300
944.610000000 8.600000000 86.716812133800
948.110000000 7.400000000 86.466934204100
945.610000000 6.800000000 86.401245117200
950.110000000 6.800000000 86.365936279300
950.610000000 7.200000000 86.016723632800
948.610000000 8.200000000 85.818870544400
947.110000000 8.600000000 85.638236999500
943.860000000 7.800000000 85.453033447300
949.610000000 8.600000000 85.272285461400
948.610000000 7.200000000 85.009475708000
947.360000000 7.200000000 84.947631835900
947.610000000 8.400000000 84.759933471700
945.360000000 8.800000000 84.729423522900
944.110000000 7.200000000 84.159370422400
949.360000000 8.600000000 84.136901855500
949.360000000 6.800000000 83.591545105000
948.110000000 8.200000000 83.496284484900
945.610000000 8.800000000 83.441108703600
945.110000000 8.800000000 83.286598205600
950.860000000 7.600000000 83.144554138200
943.860000000 7.600000000 82.631172180200
948.360000000 8.200000000 82.573196411100
946.860000000 7.000000000 82.519699096700
950.860000000 7.800000000 82.425094604500
949.860000000 8.600000000 82.383277893100
945.860000000 6.800000000 82.254783630400
944.610000000 6.800000000 82.113510131800
948.860000000 8.400000000 81.963645935100
943.860000000 8.000000000 81.837547302200
950.610000000 8.200000000 81.687294006300
950.360000000 8.400000000 81.080108642600
950.860000000 7.400000000 80.892143249500
948.860000000 7.000000000 80.518928527800
945.860000000 8.800000000 80.324195861800
950.360000000 6.800000000 80.303161621100
950.610000000 7.000000000 79.696556091300
949.860000000 6.600000000 79.508972168000
944.860000000 8.800000000 79.357299804700
949.110000000 8.600000000 78.966072082500
950.860000000 8.000000000 78.879325866700
948.360000000 7.200000000 78.710182189900
947.360000000 8.600000000 78.319366455100
946.110000000 6.800000000 77.928039550800
949.610000000 6.600000000 77.766502380400
947.610000000 7.200000000 77.717628479000
950.110000000 8.600000000 77.686691284200
950.110000000 6.600000000 77.305557251000
946.110000000 8.800000000 77.028045654300
944.110000000 8.400000000 76.829238891600
947.110000000 7.000000000 76.551704406700
950.860000000 7.200000000 76.377960205100
944.360000000 8.600000000 76.288116455100
954.360000000 6.800000000 76.234535217300
949.110000000 6.800000000 76.152862548800
954.360000000 7.000000000 76.116706848100
947.860000000 8.400000000 76.020378112800
954.360000000 6.600000000 75.602600097700
949.610000000 8.800000000 75.501701355000
948.610000000 8.400000000 75.335182189900
954.360000000 7.200000000 75.317718505900
954.110000000 7.000000000 74.815101623500
946.360000000 8.800000000 74.799087524400
945.110000000 6.600000000 74.684005737300
954.110000000 7.200000000 74.606422424300
948.110000000 7.200000000 74.477989196800
954.110000000 6.800000000 74.444526672400
945.360000000 6.600000000 74.283126831100
943.860000000 7.400000000 74.248680114700
954.360000000 6.400000000 74.178970336900
950.610000000 8.400000000 74.133560180700
949.360000000 8.800000000 74.102104187000
954.110000000 7.400000000 74.035179138200
954.360000000 7.400000000 74.018646240200
946.360000000 6.800000000 73.996582031200
954.610000000 6.800000000 73.858444213900
947.860000000 7.200000000 73.834365844700
943.860000000 8.200000000 73.801506042500
946.610000000 8.800000000 73.610137939500
954.610000000 6.600000000 73.488319397000
954.610000000 7.000000000 73.378166198700
954.110000000 6.600000000 73.343620300300
950.860000000 8.200000000 73.265220642100
954.110000000 7.600000000 73.221153259300
949.860000000 8.800000000 73.153244018600
953.860000000 8.200000000 73.123817443800
948.610000000 7.000000000 73.015037536600
953.860000000 8.400000000 72.968345642100
951.110000000 7.600000000 72.912117004400
953.860000000 8.000000000 72.886489868200
944.610000000 8.800000000 72.840774536100
953.610000000 8.200000000 72.624992370600
951.110000000 7.800000000 72.537002563500
953.860000000 7.800000000 72.499847412100
954.360000000 7.600000000 72.466186523400
954.610000000 6.400000000 72.392898559600
953.610000000 8.000000000 72.383659362800
954.110000000 7.800000000 72.382751464800
950.610000000 6.800000000 72.382102966300
950.360000000 8.600000000 72.376335144000
953.860000000 8.600000000 72.228363037100
954.610000000 7.200000000 72.184593200700
953.860000000 7.600000000 72.183876037600
946.860000000 8.800000000 72.159439086900
949.360000000 6.600000000 72.133697509800
953.610000000 8.400000000 72.119255065900
950.360000000 6.600000000 72.096221923800
954.360000000 6.200000000 72.057518005400
944.860000000 6.600000000 71.921920776400
953.860000000 7.400000000 71.920349121100
954.110000000 8.600000000 71.833206176800
954.110000000 8.400000000 71.822181701700
954.110000000 8.000000000 71.659675598100
953.610000000 7.800000000 71.610954284700
954.110000000 8.200000000 71.607910156200
948.860000000 8.600000000 71.540176391600
945.610000000 6.600000000 71.527442932100
953.860000000 7.200000000 71.523307800300
954.110000000 6.400000000 71.467285156200
948.110000000 8.400000000 71.436302185100
948.360000000 8.400000000 71.421516418500
954.110000000 8.800000000 71.352325439500
953.860000000 7.000000000 70.789649963400
954.610000000 6.200000000 70.763832092300
954.360000000 7.800000000 70.747863769500
953.610000000 8.600000000 70.687011718800
953.860000000 8.800000000 70.684906005900
951.110000000 7.400000000 70.519126892100
953.610000000 7.600000000 70.516342163100
954.610000000 7.400000000 70.451873779300
946.610000000 6.800000000 70.380828857400
950.860000000 7.000000000 70.258178710900
954.110000000 9.000000000 70.129486084000
953.360000000 8.200000000 69.992225647000
944.360000000 6.800000000 69.963661193800
947.360000000 7.000000000 69.876258850100
945.360000000 9.000000000 69.860679626500
949.860000000 6.400000000 69.686279296900
953.360000000 8.400000000 69.626091003400
947.610000000 8.600000000 69.575325012200
953.860000000 6.800000000 69.571182251000
954.360000000 6.000000000 69.442237854000
953.360000000 8.000000000 69.426223754900
953.610000000 7.400000000 69.203178405800
951.110000000 8.000000000 69.192764282200
944.110000000 7.000000000 69.113616943400
945.110000000 9.000000000 69.045356750500
954.360000000 8.000000000 69.008758544900
954.110000000 6.200000000 68.948936462400
954.610000000 6.000000000 68.936378479000
950.110000000 8.800000000 68.796806335400
949.110000000 8.800000000 68.794807434100
947.110000000 8.800000000 68.685531616200
945.610000000 9.000000000 68.521224975600
954.860000000 6.600000000 68.478981018100
954.860000000 6.800000000 68.424201965300
950.110000000 6.400000000 68.405708313000
954.610000000 7.600000000 68.347213745100
953.360000000 7.800000000 68.268547058100
953.610000000 8.800000000 68.216346740700
948.860000000 6.800000000 68.177963256800
953.360000000 8.600000000 68.041519165000
953.860000000 9.000000000 68.034385681200
954.860000000 6.400000000 67.909759521500
954.110000000 9.200000000 67.816833496100
953.610000000 7.200000000 67.737525939900
953.860000000 6.600000000 67.727806091300
945.860000000 6.600000000 67.607711792000
954.360000000 8.800000000 67.550903320300
954.860000000 7.000000000 67.499359130900
954.360000000 8.600000000 67.466255188000
954.610000000 5.800000000 67.265121460000
954.360000000 8.200000000 67.264373779300
949.610000000 6.400000000 67.183158874500
954.360000000 8.400000000 67.141998291000
949.110000000 9.600000000 67.136634826700
954.360000000 9.000000000 67.104370117200
954.860000000 6.200000000 66.978172302200
949.110000000 9.400000000 66.951622009300
954.360000000 5.800000000 66.787391662600
953.360000000 7.600000000 66.740036010700
944.110000000 9.200000000 66.667144775400
944.110000000 9.400000000 66.545021057100
946.860000000 6.800000000 66.528434753400
944.360000000 9.400000000 66.500129699700
948.360000000 7.000000000 66.387725830100
950.610000000 8.600000000 66.127037048300
950.860000000 8.400000000 66.070930481000
949.110000000 9.800000000 66.049026489300
951.110000000 7.200000000 66.033157348600
949.610000000 9.000000000 66.030792236300
953.610000000 7.000000000 66.016609191900
954.860000000 6.000000000 66.014007568400
954.110000000 6.000000000 66.004249572800
944.860000000 9.000000000 66.002334594700
944.360000000 9.200000000 65.991035461400
954.610000000 7.800000000 65.971435546900
954.860000000 7.200000000 65.851966857900
945.860000000 9.000000000 65.848823547400
954.610000000 5.600000000 65.705772399900
954.360000000 9.200000000 65.670364379900
948.860000000 9.400000000 65.611328125000
944.610000000 6.600000000 65.405311584500
953.860000000 6.400000000 65.396751403800
953.110000000 8.200000000 65.337699890100
949.110000000 9.200000000 65.335670471200
953.110000000 8.400000000 65.230270385700
944.110000000 8.600000000 65.175155639600
948.860000000 9.600000000 65.173645019500
953.360000000 8.800000000 65.125083923300
954.860000000 5.800000000 65.012535095200
944.360000000 9.600000000 64.991897583000
953.360000000 7.400000000 64.989929199200
949.360000000 9.600000000 64.955413818400
950.610000000 6.600000000 64.836326599100
943.610000000 7.800000000 64.736793518100
948.610000000 8.600000000 64.733428955100
954.360000000 5.600000000 64.634910583500
948.860000000 9.200000000 64.634368896500
953.610000000 9.000000000 64.547309875500
949.360000000 9.800000000 64.470268249500
944.610000000 9.400000000 64.435165405300
944.110000000 9.000000000 64.428947448700
949.860000000 9.000000000 64.366935730000
944.360000000 8.800000000 64.364944458000
949.360000000 9.000000000 64.362319946300
949.110000000 6.600000000 64.342819213900
953.110000000 8.000000000 64.342430114700
953.860000000 9.200000000 64.333251953100
943.860000000 9.200000000 64.323204040500
954.110000000 9.400000000 64.261817932100
949.360000000 9.400000000 64.219085693400
947.610000000 7.000000000 64.154579162600
943.860000000 8.400000000 64.154541015600
950.360000000 6.400000000 64.096847534200
953.610000000 6.800000000 63.974708557100
949.110000000 10.000000000 63.927391052200
943.610000000 8.000000000 63.926391601600
944.110000000 9.600000000 63.925735473600
944.610000000 9.200000000 63.889331817600
950.360000000 8.800000000 63.869819641100
954.860000000 5.600000000 63.848747253400
944.360000000 9.000000000 63.798454284700
953.110000000 8.600000000 63.757469177200
951.110000000 8.200000000 63.742057800300
954.860000000 7.400000000 63.594093322800
943.860000000 7.200000000 63.545127868700
948.860000000 9.800000000 63.526508331300
944.610000000 9.600000000 63.503662109400
946.110000000 6.600000000 63.472480773900
954.610000000 8.000000000 63.449440002400
950.860000000 6.800000000 63.337932586700
946.110000000 9.000000000 63.093048095700
943.860000000 9.400000000 63.072841644300
953.360000000 7.200000000 63.030693054200
954.360000000 9.400000000 62.971172332800
949.360000000 10.000000000 62.970630645800
954.110000000 5.800000000 62.913253784200
947.860000000 8.600000000 62.691417694100
947.360000000 8.800000000 62.683284759500
953.860000000 6.200000000 62.654731750500
953.110000000 7.800000000 62.628963470500
943.860000000 9.000000000 62.628585815400
955.110000000 6.400000000 62.456718444800
955.110000000 6.600000000 62.382034301800
949.110000000 9.000000000 62.285018920900
951.360000000 7.600000000 62.168140411400
949.360000000 9.200000000 62.164272308300
948.860000000 9.000000000 62.161018371600
944.610000000 9.000000000 62.132366180400
955.110000000 6.200000000 62.098072052000
948.110000000 7.000000000 62.051723480200
951.360000000 7.800000000 61.881946563700
947.110000000 6.800000000 61.833969116200
944.860000000 9.400000000 61.783889770500
955.110000000 6.800000000 61.646327972400
953.610000000 6.600000000 61.632526397700
955.110000000 6.000000000 61.547264099100
948.860000000 8.800000000 61.546661377000
944.360000000 9.800000000 61.544437408400
943.610000000 7.600000000 61.475765228300
944.860000000 9.200000000 61.451618194600
945.360000000 6.400000000 61.359004974400
947.860000000 7.000000000 61.135017395000
949.360000000 6.400000000 61.116756439200
946.360000000 9.000000000 61.094886779800
944.610000000 9.800000000 61.000000000000
953.360000000 9.000000000 60.996795654300
944.860000000 9.600000000 60.983440399200
945.110000000 6.400000000 60.957656860400
954.860000000 7.600000000 60.935642242400
948.860000000 10.000000000 60.935279846200
953.110000000 8.800000000 60.879528045700
948.610000000 9.400000000 60.869953155500
953.360000000 7.000000000 60.857685089100
955.110000000 5.800000000 60.806159973100
954.610000000 8.200000000 60.777923584000
948.610000000 6.800000000 60.667922973600
954.110000000 5.600000000 60.615707397500
953.110000000 7.600000000 60.587997436500
948.610000000 9.200000000 60.586357116700
944.110000000 8.800000000 60.584503173800
950.110000000 9.000000000 60.538944244400
949.860000000 6.200000000 60.461719512900
948.360000000 8.600000000 60.433422088600
951.110000000 7.000000000 60.154815673800
955.110000000 7.000000000 60.113281250000
950.110000000 6.200000000 60.070034027100
951.360000000 7.400000000 59.940444946300
953.610000000 9.200000000 59.862960815400
948.610000000 9.600000000 59.860103607200
955.110000000 5.600000000 59.847911834700
953.860000000 6.000000000 59.722728729200
953.860000000 9.400000000 59.696178436300
946.360000000 6.600000000 59.660041809100
943.610000000 8.200000000 59.620414733900
954.110000000 9.600000000 59.614418029800
946.610000000 9.000000000 59.613571167000
952.860000000 8.200000000 59.601585388200
948.110000000 8.600000000 59.573383331300
945.610000000 6.400000000 59.456066131600
952.860000000 8.400000000 59.379211425800
949.610000000 9.800000000 59.307907104500
944.110000000 9.800000000 59.303783416700
945.110000000 9.400000000 59.274253845200
949.610000000 9.600000000 59.270576477100
948.610000000 9.000000000 59.262882232700
943.860000000 9.600000000 59.231403350800
945.110000000 9.200000000 59.166122436500
953.610000000 6.400000000 59.127510070800
943.860000000 8.800000000 59.072021484400
944.860000000 9.800000000 58.959152221700
954.360000000 9.600000000 58.944042205800
954.610000000 8.400000000 58.873428344700
951.360000000 8.000000000 58.791667938200
953.110000000 7.400000000 58.770778656000
952.860000000 8.000000000 58.710559845000
954.610000000 8.600000000 58.612785339400
953.360000000 6.800000000 58.513000488300
950.860000000 8.600000000 58.417411804200
949.610000000 10.000000000 58.408000946000
945.110000000 9.600000000 58.385223388700
949.610000000 9.400000000 58.143161773700
950.610000000 8.800000000 58.092082977300
954.860000000 7.800000000 58.057598114000
954.610000000 8.800000000 58.017509460400
944.860000000 6.400000000 57.886375427200
952.860000000 8.600000000 57.848648071300
955.110000000 7.200000000 57.837051391600
948.610000000 9.800000000 57.798175811800
946.860000000 9.000000000 57.754543304400
943.610000000 9.200000000 57.697814941400
950.610000000 6.400000000 57.642673492400
945.360000000 9.200000000 57.524799346900
943.610000000 9.000000000 57.355541229200
953.110000000 7.200000000 57.331085205100
949.610000000 6.200000000 57.294162750200
953.860000000 5.800000000 57.267883300800
949.610000000 9.200000000 57.247943878200
952.860000000 7.800000000 57.169628143300
944.610000000 10.000000000 57.114742279100
945.360000000 9.400000000 57.035343170200
954.610000000 9.000000000 56.977016449000
948.610000000 8.800000000 56.853855133100
951.110000000 8.400000000 56.822383880600
953.110000000 9.000000000 56.786659240700
950.360000000 6.200000000 56.719295501700
947.360000000 6.800000000 56.692523956300
944.360000000 10.000000000 56.669216156000
953.610000000 6.200000000 56.562400817900
953.360000000 6.600000000 56.539386749300
945.110000000 9.800000000 56.464664459200
946.610000000 6.600000000 56.459350585900
950.860000000 6.600000000 56.403057098400
948.860000000 6.600000000 56.383148193400
945.610000000 9.200000000 56.313884735100
955.360000000 6.400000000 56.313102722200
955.360000000 6.200000000 56.307743072500
949.860000000 9.200000000 56.201549530000
953.110000000 7.000000000 56.034217834500
945.360000000 9.600000000 56.010490417500
955.360000000 6.000000000 55.983718872100
945.860000000 6.400000000 55.963306427000
953.360000000 9.200000000 55.937705993700
950.360000000 9.000000000 55.924118042000
947.610000000 8.800000000 55.919918060300
944.110000000 6.800000000 55.901149749800
955.360000000 6.600000000 55.805976867700
944.860000000 10.000000000 55.764190673800
944.360000000 6.600000000 55.690017700200
951.360000000 7.200000000 55.662883758500
943.610000000 9.400000000 55.654762268100
948.360000000 9.000000000 55.579502105700
952.860000000 7.600000000 55.489940643300
943.610000000 7.400000000 55.459461212200
955.360000000 5.800000000 55.399345397900
954.610000000 9.200000000 55.215053558300
948.360000000 9.200000000 55.180873870800
954.860000000 8.000000000 55.101776123000
955.110000000 7.400000000 55.089664459200
952.860000000 8.800000000 55.082038879400
948.360000000 8.800000000 55.057220459000
945.610000000 9.400000000 54.985717773400
948.610000000 10.000000000 54.970462799100
943.860000000 8.600000000 54.868972778300
953.110000000 6.800000000 54.674739837600
953.360000000 6.400000000 54.618915557900
955.360000000 6.800000000 54.597236633300
955.360000000 5.600000000 54.568279266400
948.360000000 6.800000000 54.532703399700
953.610000000 9.400000000 54.526191711400
953.860000000 9.600000000 54.496074676500
947.110000000 9.000000000 54.426044464100
948.360000000 9.400000000 54.355529785200
953.860000000 5.600000000 54.265522003200
954.110000000 9.800000000 54.246635437000
943.610000000 8.800000000 54.225528717000
945.860000000 9.200000000 54.175014495800
945.360000000 9.800000000 54.044738769500
952.860000000 7.400000000 54.040489196800
948.110000000 8.800000000 53.986824035600
953.610000000 6.000000000 53.930412292500
945.610000000 9.600000000 53.884387970000
954.360000000 9.800000000 53.824512481700
951.110000000 6.800000000 53.822605133100
943.860000000 9.800000000 53.760353088400
951.360000000 8.200000000 53.687576293900
945.110000000 10.000000000 53.575363159200
944.110000000 10.000000000 53.554580688500
946.860000000 6.600000000 53.338989257800
949.110000000 6.400000000 53.324153900100
947.860000000 8.800000000 53.290443420400
952.610000000 8.200000000 53.269317627000
943.610000000 8.400000000 53.236125946000
945.860000000 9.400000000 53.066890716600
953.110000000 6.600000000 53.017364502000
952.610000000 8.000000000 52.979938507100
950.110000000 9.200000000 52.963939666700
948.360000000 9.600000000 52.919853210400
951.610000000 7.600000000 52.916999816900
948.110000000 9.000000000 52.885086059600
952.860000000 7.200000000 52.844326019300
943.860000000 7.000000000 52.750667572000
955.360000000 7.000000000 52.669445037800
952.610000000 8.400000000 52.657863616900
954.610000000 9.400000000 52.586620330800
950.110000000 6.000000000 52.583049774200
951.610000000 7.800000000 52.328536987300
947.610000000 6.800000000 52.294822692900
944.610000000 6.400000000 52.198017120400
954.860000000 8.200000000 52.135356903100
953.360000000 6.200000000 52.133899688700
949.860000000 6.000000000 52.093570709200
955.110000000 7.600000000 52.074592590300
946.110000000 9.200000000 52.039779663100
952.610000000 7.800000000 52.030254364000
945.860000000 9.600000000 51.999053955100
946.110000000 6.400000000 51.992340087900
949.860000000 9.800000000 51.989116668700
945.610000000 9.800000000 51.906906127900
953.110000000 9.200000000 51.845886230500
952.860000000 7.000000000 51.681739807100
949.860000000 9.600000000 51.637535095200
949.860000000 10.000000000 51.482837677000
947.860000000 9.000000000 51.348850250200
943.610000000 9.600000000 51.326423645000
952.860000000 9.000000000 51.322204589800
945.360000000 10.000000000 51.251014709500
946.110000000 9.400000000 51.219013214100
950.610000000 6.200000000 51.086009979200
949.360000000 6.200000000 51.019733429000
951.610000000 7.400000000 50.948242187500
952.610000000 8.600000000 50.938632965100
953.610000000 5.800000000 50.897132873500
953.110000000 6.400000000 50.896572113000
952.610000000 7.600000000 50.869308471700
945.360000000 6.200000000 50.852012634300
948.110000000 6.800000000 50.782928466800
943.360000000 8.000000000 50.762798309300
950.860000000 8.800000000 50.752292633100
948.110000000 9.200000000 50.720767974900
948.360000000 9.800000000 50.630363464400
947.610000000 9.000000000 50.584270477300
950.610000000 9.000000000 50.445148468000
951.360000000 7.000000000 50.406444549600
953.360000000 9.400000000 50.385089874300
949.860000000 9.400000000 50.348430633500
952.860000000 6.800000000 50.333274841300
946.360000000 9.200000000 50.317348480200
946.110000000 9.600000000 50.277324676500
943.360000000 7.800000000 50.100215911900
945.860000000 9.800000000 50.099166870100
947.360000000 9.000000000 50.069820404100
950.360000000 6.000000000 50.062294006300
955.360000000 7.200000000 50.061279296900
947.860000000 6.800000000 50.021011352500
950.860000000 6.400000000 49.950317382800
945.110000000 6.200000000 49.860229492200
952.610000000 7.400000000 49.740177154500
947.110000000 6.600000000 49.698589325000
951.110000000 8.600000000 49.685878753700
945.610000000 6.200000000 49.670356750500
951.610000000 8.000000000 49.655361175500
943.610000000 8.600000000 49.448867797900
948.610000000 6.600000000 49.410499572800
946.360000000 9.400000000 49.275928497300
945.610000000 10.000000000 49.190006256100
953.860000000 9.800000000 49.139350891100
954.860000000 8.400000000 49.138446807900
943.360000000 8.200000000 49.129871368400
954.610000000 9.600000000 49.046546936000
953.360000000 6.000000000 48.989833831800
953.610000000 9.600000000 48.982673645000
955.110000000 7.800000000 48.956924438500
950.360000000 9.200000000 48.659748077400
952.860000000 6.600000000 48.634155273400
952.610000000 7.200000000 48.631916046100
946.610000000 9.200000000 48.592975616500
954.110000000 10.000000000 48.590927124000
943.360000000 9.000000000 48.554317474400
943.360000000 9.200000000 48.536632537800
946.110000000 9.800000000 48.510635376000
946.360000000 9.600000000 48.455806732200
952.610000000 8.800000000 48.344951629600
949.610000000 6.000000000 48.337516784700
946.360000000 6.400000000 48.307823181200
948.110000000 9.400000000 48.208190918000
947.860000000 9.200000000 48.157413482700
953.110000000 6.200000000 48.120697021500
954.360000000 10.000000000 48.077007293700
943.610000000 7.200000000 47.997905731200
948.360000000 10.000000000 47.795101165800
952.360000000 7.800000000 47.764194488500
952.360000000 8.000000000 47.733848571800
943.860000000 10.000000000 47.717853546100
951.110000000 6.600000000 47.696456909200
943.360000000 7.600000000 47.614662170400
951.360000000 8.400000000 47.589614868200
945.860000000 10.000000000 47.499294281000
951.610000000 7.200000000 47.377307891800
952.360000000 7.600000000 47.326400756800
952.610000000 7.000000000 47.250282287600
953.610000000 5.600000000 47.202125549300
947.610000000 9.200000000 47.180690765400
951.860000000 7.600000000 47.168724060100
952.360000000 8.200000000 47.162406921400
955.360000000 7.400000000 47.040317535400
946.610000000 9.400000000 47.013271331800
947.360000000 9.200000000 46.953163147000
952.860000000 9.200000000 46.859062194800
944.860000000 6.200000000 46.821952819800
946.360000000 9.800000000 46.806522369400
954.860000000 8.600000000 46.800231933600
947.110000000 9.200000000 46.740699768100
945.860000000 6.200000000 46.702129364000
951.860000000 7.800000000 46.646221160900
952.360000000 7.400000000 46.554660797100
946.860000000 9.200000000 46.541488647500
953.110000000 9.400000000 46.477073669400
943.360000000 8.800000000 46.393741607700
952.860000000 6.400000000 46.337684631300
948.110000000 9.600000000 46.179870605500
946.610000000 9.600000000 46.178333282500
950.110000000 9.400000000 46.062965393100
946.110000000 10.000000000 46.027126312300
952.360000000 8.400000000 45.977993011500
943.360000000 9.400000000 45.966400146500
951.860000000 7.400000000 45.911037445100
955.110000000 8.000000000 45.866577148400
943.610000000 9.800000000 45.864040374800
950.110000000 5.800000000 45.861640930200
948.860000000 6.400000000 45.847511291500
947.360000000 6.600000000 45.733898162800
952.110000000 7.600000000 45.733730316200
943.360000000 8.400000000 45.493225097700
952.610000000 6.800000000 45.489173889200
951.610000000 8.200000000 45.451499939000
952.110000000 7.800000000 45.427406311000
946.610000000 6.400000000 45.372360229500
953.360000000 5.800000000 45.288204193100
950.610000000 6.000000000 45.224979400600
952.360000000 7.200000000 45.174655914300
944.110000000 6.600000000 45.143299102800
954.860000000 8.800000000 45.005714416500
951.360000000 6.800000000 44.978237152100
952.610000000 9.000000000 44.973663330100
952.110000000 7.400000000 44.849052429200
953.360000000 9.600000000 44.765960693400
954.610000000 9.800000000 44.713336944600
953.110000000 6.000000000 44.657947540300
949.860000000 5.800000000 44.618545532200
944.360000000 6.400000000 44.591430664100
946.860000000 9.400000000 44.562705993700
946.610000000 9.800000000 44.554435730000
951.860000000 8.000000000 44.532623291000
947.860000000 9.400000000 44.479827880900
946.360000000 10.000000000 44.401573181200
952.110000000 8.000000000 44.288928985600
943.110000000 8.000000000 44.282180786100
948.360000000 6.600000000 44.143707275400
950.860000000 6.200000000 44.143119812000
950.360000000 5.800000000 44.137432098400
952.360000000 8.600000000 44.056175231900
950.110000000 9.800000000 44.002063751200
943.110000000 8.200000000 43.999847412100
942.360000000 8.200000000 43.937946319600
953.860000000 10.000000000 43.926074981700
948.110000000 9.800000000 43.842788696300
950.860000000 9.000000000 43.796279907200
955.360000000 7.600000000 43.775749206500
942.360000000 8.400000000 43.661079406700
942.610000000 8.200000000 43.635501861600
953.610000000 9.800000000 43.626682281500
950.110000000 9.600000000 43.619441986100
943.360000000 7.400000000 43.617733001700
950.110000000 10.000000000 43.596477508500
949.110000000 6.200000000 43.561523437500
950.610000000 9.200000000 43.546028137200
947.110000000 9.400000000 43.499000549300
943.860000000 6.800000000 43.444873809800
952.860000000 6.200000000 43.365871429400
946.860000000 9.600000000 43.365554809600
942.360000000 8.000000000 43.341117858900
952.610000000 6.600000000 43.254566192600
942.610000000 8.000000000 43.227413177500
947.610000000 9.400000000 43.204555511500
943.110000000 7.800000000 43.195350647000
947.360000000 9.400000000 43.101699829100
952.360000000 7.000000000 43.100578308100
942.860000000 8.200000000 43.070480346700
951.860000000 7.200000000 43.009559631300
951.110000000 8.800000000 42.942504882800
946.110000000 6.200000000 42.916984558100
951.610000000 7.000000000 42.906864166300
954.860000000 9.000000000 42.904441833500
942.610000000 8.400000000 42.876609802200
955.110000000 8.200000000 42.870983123800
942.110000000 8.200000000 42.868328094500
942.860000000 8.000000000 42.822235107400
952.110000000 7.200000000 42.790054321300
946.860000000 6.400000000 42.736568450900
942.110000000 8.400000000 42.713836669900
952.110000000 8.200000000 42.652599334700
947.610000000 6.600000000 42.416648864700
945.360000000 6.000000000 42.361736297600
942.360000000 7.800000000 42.343395233200
943.360000000 8.600000000 42.337680816700
942.110000000 8.000000000 42.248012542700
946.610000000 10.000000000 42.196563720700
942.610000000 7.800000000 42.184368133500
943.360000000 9.600000000 42.140895843500
942.360000000 8.600000000 42.130081176800
949.360000000 6.000000000 42.084312439000
950.360000000 9.400000000 42.062656402600
951.110000000 6.400000000 42.059089660600
944.610000000 6.200000000 42.037315368700
952.860000000 9.400000000 42.029994964600
943.110000000 8.400000000 41.906349182100
942.860000000 8.400000000 41.806106567400
945.610000000 6.000000000 41.714912414600
946.860000000 9.800000000 41.662132263200
942.860000000 7.800000000 41.658802032500
951.360000000 8.600000000 41.617462158200
951.860000000 8.200000000 41.583438873300
952.360000000 8.800000000 41.554969787600
942.110000000 8.600000000 41.492988586400
942.360000000 7.600000000 41.258598327600
942.110000000 7.800000000 41.237888336200
948.110000000 6.600000000 41.223590850800
943.110000000 7.600000000 41.189289093000
948.110000000 10.000000000 41.176269531200
945.110000000 6.000000000 41.138252258300
947.860000000 9.600000000 41.114273071300
953.360000000 5.600000000 41.081417083700
952.610000000 9.200000000 41.080726623500
953.110000000 9.600000000 41.072360992400
942.610000000 7.600000000 40.901084899900
943.610000000 7.000000000 40.893112182600
951.610000000 8.400000000 40.827739715600
947.860000000 6.600000000 40.718250274700
952.110000000 8.400000000 40.673511505100
953.110000000 5.800000000 40.572490692100
942.610000000 8.600000000 40.568119049100
952.360000000 6.800000000 40.556137085000
952.610000000 6.400000000 40.525169372600
955.360000000 7.800000000 40.520977020300
947.110000000 9.600000000 40.512718200700
954.860000000 9.200000000 40.474906921400
949.610000000 5.800000000 40.415740966800
943.610000000 10.000000000 40.272361755400
942.360000000 7.400000000 40.205707550000
942.110000000 7.600000000 40.145774841300
950.610000000 5.800000000 40.081630706800
942.860000000 7.600000000 40.066028595000
954.610000000 10.000000000 40.007308960000
955.110000000 8.400000000 39.983844757100
952.110000000 7.000000000 39.919216156000
947.110000000 6.400000000 39.886295318600
950.110000000 5.600000000 39.873451232900
943.110000000 9.000000000 39.864692688000
952.860000000 6.000000000 39.811325073200
951.360000000 6.600000000 39.802280426000
948.610000000 6.400000000 39.786773681600
941.860000000 8.200000000 39.654029846200
941.860000000 8.400000000 39.564277648900
942.610000000 7.400000000 39.556968689000
943.110000000 9.200000000 39.438339233400
946.360000000 6.200000000 39.424976348900
953.360000000 9.800000000 39.409214019800
946.860000000 10.000000000 39.356819152800
951.860000000 7.000000000 39.333068847700
942.360000000 7.200000000 39.258289337200
945.860000000 6.000000000 39.245121002200
942.110000000 8.800000000 39.195240020800
942.110000000 7.400000000 39.167701721200
942.360000000 8.800000000 39.162471771200
947.360000000 9.600000000 39.134017944300
950.860000000 6.000000000 39.068164825400
941.860000000 8.000000000 39.044548034700
947.610000000 9.600000000 39.041957855200
943.360000000 7.200000000 38.955101013200
950.360000000 5.600000000 38.925182342500
947.860000000 9.800000000 38.860927581800
942.860000000 8.600000000 38.685054779100
947.110000000 9.800000000 38.683223724400
941.860000000 8.600000000 38.666679382300
953.610000000 10.000000000 38.647377014200
943.110000000 7.400000000 38.601623535200
952.360000000 9.000000000 38.507530212400
951.860000000 8.400000000 38.448478698700
942.110000000 7.200000000 38.400360107400
943.110000000 8.800000000 38.389247894300
952.110000000 8.600000000 38.376785278300
951.610000000 6.800000000 38.362289428700
944.860000000 6.000000000 38.323036193800
942.360000000 7.000000000 38.313030242900
942.860000000 7.400000000 38.254524231000
942.610000000 7.200000000 38.138126373300
941.860000000 7.800000000 38.017131805400
943.110000000 8.600000000 37.992595672600
949.860000000 5.600000000 37.978683471700
942.110000000 7.000000000 37.882762908900
954.860000000 9.400000000 37.744636535600
950.860000000 9.200000000 37.620571136500
952.360000000 6.600000000 37.604366302500
943.110000000 9.400000000 37.554546356200
943.360000000 9.800000000 37.543998718300
942.110000000 6.800000000 37.499557495100
952.610000000 6.200000000 37.455520629900
950.610000000 9.400000000 37.376918792700
955.360000000 8.000000000 37.337512970000
942.360000000 6.800000000 37.314830780000
955.110000000 8.600000000 37.192115783700
952.860000000 9.600000000 37.155700683600
941.860000000 8.800000000 37.125984191900
951.110000000 6.200000000 37.104320526100
942.110000000 6.600000000 37.077838897700
951.110000000 9.000000000 37.028343200700
952.610000000 9.400000000 36.912395477300
947.360000000 6.400000000 36.880184173600
941.860000000 7.600000000 36.871150970500
948.860000000 6.200000000 36.862388610800
944.110000000 6.400000000 36.756767272900
942.610000000 8.800000000 36.654163360600
946.610000000 6.200000000 36.636241912800
947.360000000 9.800000000 36.612915039100
952.110000000 6.800000000 36.605976104700
942.610000000 7.000000000 36.563552856400
951.610000000 8.600000000 36.458038330100
947.610000000 9.800000000 36.454647064200
947.110000000 10.000000000 36.449237823500
942.110000000 6.400000000 36.432140350300
947.860000000 10.000000000 36.429077148400
950.360000000 9.800000000 36.406536102300
951.360000000 8.800000000 36.300727844200
950.360000000 9.600000000 36.212608337400
942.860000000 7.200000000 36.202632904100
944.360000000 6.200000000 36.138259887700
942.110000000 9.000000000 36.108261108400
942.360000000 6.600000000 36.068504333500
953.110000000 5.600000000 36.042938232400
943.860000000 6.600000000 35.947555542000
953.110000000 9.800000000 35.933769226100
950.360000000 10.000000000 35.872955322300
941.860000000 7.400000000 35.856887817400
952.110000000 8.800000000 35.842971801800
952.860000000 5.800000000 35.787036895800
946.110000000 6.000000000 35.780628204300
943.110000000 7.200000000 35.620121002200
950.610000000 5.600000000 35.602420806900
948.360000000 6.400000000 35.569602966300
945.360000000 5.800000000 35.481525421100
951.860000000 6.800000000 35.472309112500
951.860000000 8.600000000 35.413345336900
942.110000000 6.200000000 35.363616943400
949.110000000 6.000000000 35.220180511500
951.360000000 6.400000000 35.216209411600
945.610000000 5.800000000 35.172729492200
941.860000000 9.000000000 35.109893798800
952.360000000 9.200000000 35.104110717800
941.860000000 7.200000000 35.103603363000
941.610000000 8.400000000 35.054294586200
942.360000000 9.000000000 35.039539337200
941.610000000 8.200000000 34.936599731400
954.860000000 9.600000000 34.737377166700
942.610000000 6.800000000 34.722751617400
950.860000000 5.800000000 34.694839477500
943.610000000 6.800000000 34.657974243200
941.860000000 7.000000000 34.639415741000
941.610000000 8.600000000 34.628929138200
952.360000000 6.400000000 34.589412689200
953.360000000 10.000000000 34.513763427700
942.360000000 6.400000000 34.479084014900
955.110000000 8.800000000 34.438541412400
947.360000000 10.000000000 34.417652130100
949.360000000 5.800000000 34.391704559300
947.610000000 6.400000000 34.384773254400
955.360000000 8.200000000 34.367450714100
943.110000000 9.600000000 34.355709075900
941.860000000 6.800000000 34.343368530300
944.610000000 6.000000000 34.325241088900
946.860000000 6.200000000 34.317119598400
941.610000000 8.000000000 34.271812439000
945.110000000 5.800000000 34.203273773200
947.610000000 10.000000000 34.199527740500
943.360000000 7.000000000 34.198467254600
951.610000000 6.600000000 34.194114685100
941.860000000 6.600000000 34.119449615500
942.860000000 9.000000000 34.093292236300
952.610000000 6.000000000 34.084575653100
942.860000000 8.800000000 33.954299926800
941.860000000 6.400000000 33.896495819100
942.860000000 7.000000000 33.881374359100
942.110000000 6.000000000 33.776527404800
941.610000000 8.800000000 33.744655609100
942.860000000 9.200000000 33.594738006600
941.860000000 6.200000000 33.591331481900
949.610000000 5.600000000 33.538852691700
948.110000000 6.400000000 33.361339569100
952.110000000 6.600000000 33.294258117700
941.610000000 7.800000000 33.227081298800
945.860000000 5.800000000 33.169933319100
947.860000000 6.400000000 33.074024200400
941.860000000 6.000000000 32.998004913300
952.110000000 9.000000000 32.951698303200
943.360000000 10.000000000 32.912387847900
951.110000000 6.000000000 32.887859344500
941.860000000 9.200000000 32.859794616700
952.610000000 9.600000000 32.700897216800
942.110000000 9.200000000 32.653217315700
942.360000000 6.200000000 32.531208038300
942.610000000 6.600000000 32.525947570800
951.610000000 8.800000000 32.522659301800
941.610000000 9.000000000 32.518013000500
952.860000000 9.800000000 32.492149353000
951.860000000 8.800000000 32.464508056600
946.360000000 6.000000000 32.429870605500
943.110000000 7.000000000 32.349582672100
950.860000000 9.400000000 32.227306366000
942.610000000 9.000000000 32.187408447300
941.610000000 7.600000000 32.025894165000
947.110000000 6.200000000 32.017620086700
951.110000000 9.200000000 31.959012985200
950.610000000 9.600000000 31.932613372800
941.860000000 5.800000000 31.892936706500
951.860000000 6.600000000 31.886987686200
942.860000000 9.400000000 31.863214492800
948.610000000 6.200000000 31.825168609600
944.860000000 5.800000000 31.741085052500
951.360000000 9.000000000 31.699731826800
955.110000000 9.000000000 31.664804458600
942.110000000 5.800000000 31.599277496300
952.360000000 6.200000000 31.586702346800
955.360000000 8.400000000 31.547634124800
952.360000000 9.400000000 31.517030715900
952.860000000 5.600000000 31.509080886800
954.860000000 9.800000000 31.483140945400
942.860000000 6.800000000 31.285100936900
953.110000000 10.000000000 31.247674942000
951.360000000 6.200000000 31.243879318200
942.610000000 9.200000000 31.093278884900
941.610000000 9.200000000 31.049551010100
942.360000000 9.200000000 30.989236831700
950.860000000 5.600000000 30.936767578100
941.610000000 7.400000000 30.831022262600
943.110000000 9.800000000 30.727970123300
952.610000000 5.800000000 30.593809127800
951.610000000 6.400000000 30.501865387000
941.860000000 9.400000000 30.479785919200
944.110000000 6.200000000 30.277900695800
942.360000000 6.000000000 30.270275116000
952.110000000 6.400000000 30.205997467000
941.860000000 5.600000000 30.142541885400
942.610000000 6.400000000 30.065725326500
946.110000000 5.800000000 30.040876388500
943.860000000 6.400000000 30.017377853400
945.360000000 5.600000000 29.924158096300
943.360000000 6.800000000 29.907453537000
952.110000000 9.200000000 29.876350402800
945.610000000 5.600000000 29.779596328700
946.610000000 6.000000000 29.760560989400
941.610000000 7.200000000 29.748291015600
947.360000000 6.200000000 29.710062027000
944.360000000 6.000000000 29.703004837000
950.610000000 9.800000000 29.673847198500
942.110000000 9.400000000 29.635700225800
941.360000000 8.600000000 29.634056091300
941.360000000 8.400000000 29.600481033300
942.860000000 9.600000000 29.521450042700
943.610000000 6.600000000 29.495441436800
942.610000000 9.400000000 29.488176345800
951.860000000 9.000000000 29.467716217000
948.860000000 6.000000000 29.442157745400
941.610000000 9.400000000 29.438982009900
941.360000000 8.800000000 29.304634094200
951.110000000 5.800000000 29.274635314900
941.360000000 8.200000000 29.249509811400
942.360000000 9.400000000 29.141048431400
943.110000000 6.800000000 29.073440551800
941.610000000 5.800000000 29.001430511500
950.610000000 10.000000000 28.969589233400
951.610000000 9.000000000 28.951517105100
942.110000000 5.600000000 28.918111801100
955.360000000 8.600000000 28.911937713600
955.110000000 9.200000000 28.876417160000
941.610000000 5.600000000 28.859331131000
941.610000000 7.000000000 28.856868743900
945.110000000 5.600000000 28.744176864600
951.860000000 6.400000000 28.721248626700
952.360000000 6.000000000 28.698034286500
941.360000000 9.000000000 28.659645080600
952.610000000 9.800000000 28.641630172700
941.610000000 6.000000000 28.609022140500
948.360000000 6.200000000 28.594663620000
941.360000000 8.000000000 28.529127121000
942.860000000 6.600000000 28.468770980800
944.610000000 5.800000000 28.439012527500
949.110000000 5.800000000 28.279855728100
941.860000000 9.600000000 28.204986572300
952.860000000 10.000000000 28.204933166500
941.610000000 6.800000000 28.202623367300
945.860000000 5.600000000 28.127813339200
954.860000000 10.000000000 28.114891052200
941.610000000 6.200000000 28.114122390700
952.360000000 9.600000000 27.914674758900
949.360000000 5.600000000 27.913431167600
942.110000000 9.600000000 27.912059783900
941.610000000 6.600000000 27.840864181500
951.360000000 6.000000000 27.834285736100
947.610000000 6.200000000 27.828348159800
941.610000000 6.400000000 27.820634841900
941.360000000 9.200000000 27.780134201000
942.360000000 5.800000000 27.777782440200
941.610000000 9.600000000 27.772178649900
951.360000000 9.200000000 27.675828933700
946.860000000 6.000000000 27.652202606200
950.860000000 9.600000000 27.613822937000
951.110000000 9.400000000 27.564844131500
942.610000000 6.200000000 27.520429611200
941.360000000 7.800000000 27.498788833600
952.110000000 6.200000000 27.474815368700
942.610000000 9.600000000 27.406620025600
951.610000000 6.200000000 27.369735717800
942.360000000 9.600000000 27.175128936800
952.610000000 5.600000000 27.124519348100
941.860000000 9.800000000 27.115365982100
943.110000000 10.000000000 27.114049911500
948.110000000 6.200000000 26.997024536100
946.360000000 5.800000000 26.883956909200
947.860000000 6.200000000 26.827150344800
941.360000000 9.400000000 26.726608276400
952.110000000 9.400000000 26.713706970200
942.860000000 9.800000000 26.618568420400
944.860000000 5.600000000 26.609796524000
951.860000000 9.200000000 26.467979431200
955.360000000 8.800000000 26.385974884000
942.110000000 9.800000000 26.213722229000
941.610000000 9.800000000 26.199319839500
951.110000000 5.600000000 26.169910430900
941.360000000 7.600000000 26.158159256000
955.110000000 9.400000000 26.127408981300
943.360000000 6.600000000 26.116914749100
941.360000000 5.600000000 26.115396499600
941.860000000 10.000000000 26.046178817700
951.860000000 6.200000000 26.018997192400
952.360000000 5.800000000 25.984136581400
943.110000000 6.600000000 25.897733688400
941.610000000 10.000000000 25.834659576400
947.110000000 6.000000000 25.721498489400
942.860000000 6.400000000 25.684057235700
951.610000000 9.200000000 25.617307663000
941.360000000 9.600000000 25.616542816200
946.110000000 5.600000000 25.400529861500
948.610000000 6.000000000 25.389293670700
943.860000000 6.200000000 25.323871612500
943.610000000 6.400000000 25.289936065700
944.110000000 6.000000000 25.241470336900
942.360000000 9.800000000 25.146816253700
942.360000000 5.600000000 25.136327743500
942.610000000 9.800000000 25.123756408700
952.110000000 6.000000000 25.066205978400
942.610000000 6.000000000 25.045291900600
951.360000000 5.800000000 24.951677322400
952.610000000 10.000000000 24.873397827100
941.360000000 5.800000000 24.811899185200
944.360000000 5.800000000 24.758985519400
941.110000000 8.800000000 24.746389389000
941.360000000 7.400000000 24.685333252000
941.110000000 9.000000000 24.682369232200
951.610000000 6.000000000 24.675357818600
941.360000000 9.800000000 24.598375320400
942.110000000 10.000000000 24.549362182600
941.110000000 8.600000000 24.483743667600
952.360000000 9.800000000 24.442930221600
941.110000000 9.200000000 24.361965179400
946.610000000 5.800000000 24.343542099000
951.360000000 9.400000000 24.060371398900
941.110000000 8.400000000 23.971731185900
955.360000000 9.000000000 23.945304870600
950.860000000 9.800000000 23.938547134400
947.360000000 6.000000000 23.906717300400
944.610000000 5.600000000 23.880352020300
941.110000000 9.400000000 23.831346511800
939.610000000 7.000000000 23.804170608500
939.610000000 7.200000000 23.772825241100
942.860000000 10.000000000 23.745168685900
941.360000000 10.000000000 23.726264953600
951.860000000 6.000000000 23.712402343800
951.110000000 9.600000000 23.695003509500
952.110000000 9.600000000 23.563438415500
955.110000000 9.600000000 23.491098403900
939.360000000 7.000000000 23.460803985600
951.860000000 9.400000000 23.455400466900
952.360000000 5.600000000 23.439765930200
948.860000000 5.800000000 23.436223983800
939.360000000 7.200000000 23.385604858400
939.610000000 6.800000000 23.324985504200
941.360000000 6.000000000 23.265176773100
941.360000000 7.200000000 23.258220672600
941.110000000 9.600000000 23.255611419700
941.110000000 8.200000000 23.221738815300
939.360000000 6.800000000 23.219186782800
950.860000000 10.000000000 23.215784072900
942.360000000 10.000000000 23.147785186800
939.360000000 5.600000000 23.084640502900
942.860000000 6.200000000 23.079593658400
943.110000000 6.400000000 23.060548782300
939.110000000 7.000000000 23.020658493000
939.610000000 7.400000000 22.995937347400
948.360000000 6.000000000 22.977714538600
938.610000000 7.200000000 22.951076507600
952.110000000 5.800000000 22.936502456700
943.360000000 6.400000000 22.916309356700
939.110000000 6.800000000 22.911401748700
938.360000000 7.400000000 22.906753540000
938.860000000 7.000000000 22.889225006100
939.360000000 6.600000000 22.862094879200
939.610000000 5.600000000 22.846336364700
938.860000000 7.200000000 22.821979522700
939.110000000 7.200000000 22.816318512000
938.610000000 7.000000000 22.775993347200
941.110000000 5.600000000 22.772130966200
939.360000000 7.400000000 22.745121002200
938.360000000 7.200000000 22.741449356100
942.610000000 10.000000000 22.724485397300
941.110000000 9.800000000 22.722793579100
938.610000000 7.400000000 22.721511840800
942.610000000 5.800000000 22.713542938200
939.860000000 7.000000000 22.674531936600
939.360000000 5.800000000 22.671371460000
939.610000000 6.600000000 22.647155761700
939.110000000 6.600000000 22.617176055900
949.110000000 5.600000000 22.614719390900
938.860000000 6.800000000 22.593936920200
939.360000000 6.400000000 22.537679672200
951.610000000 9.400000000 22.518831253100
938.360000000 7.600000000 22.502511978100
946.360000000 5.600000000 22.484251022300
947.610000000 6.000000000 22.477243423500
951.360000000 5.600000000 22.462991714500
939.360000000 6.000000000 22.439409256000
939.860000000 7.200000000 22.426198959400
951.610000000 5.800000000 22.390178680400
946.860000000 5.800000000 22.369087219200
939.360000000 6.200000000 22.361400604200
938.860000000 7.400000000 22.317056655900
941.110000000 10.000000000 22.296009063700
941.110000000 8.000000000 22.256992340100
939.110000000 7.400000000 22.248968124400
939.110000000 6.400000000 22.248157501200
939.860000000 6.800000000 22.225479126000
938.610000000 6.800000000 22.155645370500
938.110000000 7.600000000 22.124406814600
938.860000000 6.600000000 22.112010955800
939.610000000 5.800000000 22.103693008400
941.360000000 7.000000000 22.075321197500
938.360000000 7.000000000 22.046527862500
939.610000000 6.400000000 22.033256530800
938.110000000 7.400000000 22.023645401000
938.610000000 7.600000000 22.022737503100
941.360000000 6.200000000 21.959560394300
939.110000000 6.200000000 21.942272186300
943.610000000 6.200000000 21.870168685900
948.110000000 6.000000000 21.863931655900
947.860000000 6.000000000 21.744243621800
951.860000000 5.800000000 21.734813690200
940.110000000 10.000000000 21.727766037000
939.610000000 6.000000000 21.707506179800
939.610000000 6.200000000 21.662853241000
939.110000000 6.000000000 21.655241012600
955.360000000 9.200000000 21.628608703600
938.110000000 7.800000000 21.602052688600
938.360000000 7.800000000 21.576744079600
943.860000000 6.000000000 21.550607681300
939.610000000 7.600000000 21.503437042200
939.360000000 7.600000000 21.478906631500
940.360000000 10.000000000 21.473606109600
939.110000000 5.800000000 21.460792541500
940.860000000 9.200000000 21.454488754300
938.860000000 6.400000000 21.430919647200
939.860000000 7.400000000 21.427385330200
938.110000000 7.200000000 21.390472412100
940.860000000 9.400000000 21.384132385300
939.110000000 5.600000000 21.382255554200
939.860000000 6.600000000 21.362577438400
938.860000000 7.600000000 21.360206604000
939.860000000 10.000000000 21.342945098900
940.860000000 9.000000000 21.317890167200
944.110000000 5.800000000 21.286912918100
941.360000000 6.800000000 21.271707534800
940.860000000 10.000000000 21.245193481400
938.610000000 6.600000000 21.221757888800
940.860000000 9.600000000 21.216375351000
952.360000000 10.000000000 21.211570739700
939.110000000 7.600000000 21.173332214400
941.360000000 6.400000000 21.158332824700
940.860000000 9.800000000 21.148649215700
940.610000000 10.000000000 21.137001037600
941.110000000 7.800000000 21.092372894300
938.360000000 6.800000000 21.061006546000
955.110000000 9.800000000 21.027881622300
952.110000000 5.600000000 21.007802963300
940.110000000 9.800000000 20.978492736800
940.860000000 8.800000000 20.939779281600
941.360000000 6.600000000 20.939670562700
944.360000000 5.600000000 20.923473358200
938.610000000 7.800000000 20.875648498500
951.360000000 9.600000000 20.853979110700
940.360000000 9.800000000 20.844533920300
942.860000000 6.000000000 20.738323211700
940.610000000 9.800000000 20.727285385100
941.110000000 5.800000000 20.713052749600
939.860000000 9.800000000 20.683881759600
947.110000000 5.800000000 20.677484512300
938.860000000 6.200000000 20.664936065700
952.110000000 9.800000000 20.552141189600
943.110000000 6.200000000 20.547283172600
951.860000000 9.600000000 20.538026809700
942.610000000 5.600000000 20.522184371900
938.110000000 8.000000000 20.494478225700
939.860000000 6.400000000 20.431835174600
951.610000000 5.600000000 20.398405075100
951.110000000 9.800000000 20.351524353000
939.610000000 10.000000000 20.298768997200
940.610000000 9.600000000 20.292295455900
940.860000000 8.600000000 20.276599884000
938.360000000 8.000000000 20.273107528700
938.110000000 7.000000000 20.270374298100
948.610000000 5.800000000 20.240522384600
943.360000000 6.200000000 20.189695358300
938.610000000 6.400000000 20.186616897600
940.360000000 9.600000000 20.098634719800
939.860000000 5.600000000 20.079673767100
946.610000000 5.600000000 20.057077407800
940.110000000 9.600000000 20.037652969400
937.860000000 7.600000000 20.002532959000
938.860000000 6.000000000 19.997882843000
938.860000000 7.800000000 19.997476577800
951.860000000 5.600000000 19.964275360100
939.610000000 9.800000000 19.929361343400
937.860000000 7.800000000 19.901561737100
940.610000000 9.400000000 19.882143020600
938.360000000 6.600000000 19.803754806500
939.860000000 7.600000000 19.792003631600
941.110000000 7.600000000 19.779239654500
939.860000000 9.600000000 19.772680282600
939.360000000 7.800000000 19.718284606900
939.860000000 6.200000000 19.701576232900
939.110000000 7.800000000 19.626441955600
951.610000000 9.600000000 19.582122802700
940.860000000 5.600000000 19.573286056500
939.610000000 7.800000000 19.528917312600
939.860000000 5.800000000 19.492853164700
940.610000000 9.200000000 19.467958450300
955.360000000 9.400000000 19.453987121600
937.860000000 7.400000000 19.427974700900
938.860000000 5.800000000 19.425113678000
939.860000000 6.000000000 19.371057510400
940.860000000 8.400000000 19.363407135000
938.610000000 8.000000000 19.356151580800
940.360000000 9.400000000 19.290655136100
939.610000000 9.600000000 19.264430999800
947.360000000 5.800000000 19.203208923300
937.860000000 8.000000000 19.126935958900
939.360000000 10.000000000 19.115165710400
938.610000000 6.200000000 19.102813720700
938.860000000 5.600000000 19.065031051600
943.610000000 6.000000000 19.045764923100
939.360000000 9.800000000 19.033418655400
940.110000000 7.000000000 19.016660690300
940.110000000 9.400000000 18.993700027500
940.610000000 9.000000000 18.961210250900
938.110000000 6.800000000 18.955448150600
938.110000000 8.200000000 18.941078186000
951.110000000 10.000000000 18.876981735200
940.110000000 6.800000000 18.862407684300
955.110000000 10.000000000 18.764745712300
939.860000000 9.400000000 18.694681167600
942.860000000 5.800000000 18.693510055500
941.110000000 6.000000000 18.676553726200
948.860000000 5.600000000 18.632230758700
939.360000000 9.600000000 18.630781173700
938.360000000 8.200000000 18.617162704500
938.360000000 6.400000000 18.577722549400
940.110000000 7.200000000 18.534976959200
943.860000000 5.800000000 18.529872894300
948.360000000 5.800000000 18.462043762200
940.360000000 9.200000000 18.456977844200
937.860000000 7.200000000 18.425071716300
941.110000000 7.400000000 18.415466308600
943.110000000 6.000000000 18.379423141500
939.610000000 9.400000000 18.355175018300
938.860000000 8.000000000 18.309158325200
940.860000000 8.200000000 18.277519226100
940.610000000 8.800000000 18.273700714100
939.110000000 10.000000000 18.216670990000
944.110000000 5.600000000 18.203376770000
939.110000000 9.800000000 18.203260421800
938.610000000 6.000000000 18.196182251000
940.110000000 6.600000000 18.192047119100
946.860000000 5.600000000 18.164165496800
947.610000000 5.800000000 18.128099441500
939.360000000 9.400000000 17.967500686600
940.110000000 9.200000000 17.931232452400
951.360000000 9.800000000 17.925188064600
937.860000000 8.200000000 17.924972534200
943.360000000 6.000000000 17.897354126000
939.110000000 9.600000000 17.876121521000
951.860000000 9.800000000 17.829326629600
939.860000000 7.800000000 17.780834198000
939.110000000 8.000000000 17.772804260300
952.110000000 10.000000000 17.771846771200
939.360000000 8.000000000 17.708806991600
948.110000000 5.800000000 17.684904098500
947.860000000 5.800000000 17.607727050800
939.860000000 9.200000000 17.590694427500
938.110000000 6.600000000 17.590372085600
940.360000000 9.000000000 17.578329086300
938.610000000 8.200000000 17.564039230300
940.110000000 5.600000000 17.554912567100
940.860000000 5.800000000 17.532783508300
938.610000000 5.800000000 17.512086868300
940.110000000 7.400000000 17.502248764000
940.610000000 5.600000000 17.472028732300
938.360000000 6.200000000 17.442457199100
955.360000000 9.600000000 17.413206100500
940.610000000 8.600000000 17.395864486700
939.610000000 8.000000000 17.365192413300
939.610000000 9.200000000 17.348150253300
938.860000000 10.000000000 17.347583770800
939.110000000 9.400000000 17.308034896900
938.860000000 9.800000000 17.262556076000
940.110000000 6.400000000 17.260217666600
941.110000000 7.200000000 17.194564819300
938.610000000 5.600000000 17.160669326800
939.360000000 9.200000000 17.115732193000
940.860000000 8.000000000 17.107164382900
938.110000000 8.400000000 17.098651886000
935.860000000 8.400000000 17.098501205400
937.860000000 7.000000000 17.075996398900
941.110000000 6.200000000 17.065448761000
942.860000000 5.600000000 16.927747726400
935.860000000 8.600000000 16.924974441500
951.610000000 9.800000000 16.921207428000
935.610000000 8.400000000 16.909168243400
935.860000000 8.200000000 16.908304214500
935.610000000 8.200000000 16.886882782000
940.360000000 5.600000000 16.881050109900
940.110000000 9.000000000 16.860237121600
938.860000000 9.600000000 16.770502090500
943.610000000 5.800000000 16.723358154300
938.360000000 8.400000000 16.715669632000
940.360000000 8.800000000 16.675193786600
947.110000000 5.600000000 16.628414154100
935.610000000 8.600000000 16.601703643800
938.360000000 6.000000000 16.554101944000
943.110000000 5.800000000 16.532682418800
939.110000000 9.200000000 16.511152267500
939.860000000 9.000000000 16.487024307300
935.610000000 8.000000000 16.475439071700
938.860000000 8.200000000 16.421270370500
935.610000000 5.600000000 16.407043457000
938.110000000 6.400000000 16.402469635000
937.860000000 8.400000000 16.373569488500
940.610000000 8.400000000 16.352849960300
940.110000000 6.200000000 16.343908309900
935.860000000 8.800000000 16.318859100300
937.610000000 7.800000000 16.315547943100
935.860000000 8.000000000 16.311651229900
939.610000000 9.000000000 16.299604415900
941.110000000 6.400000000 16.280105590800
935.610000000 5.800000000 16.268264770500
941.110000000 7.000000000 16.260980606100
951.360000000 10.000000000 16.220590591400
936.110000000 8.400000000 16.193964004500
948.610000000 5.600000000 16.131498336800
939.360000000 9.000000000 16.119962692300
943.860000000 5.600000000 16.115348815900
940.110000000 7.600000000 16.045289993300
937.610000000 8.000000000 16.035469055200
938.360000000 5.800000000 16.020893096900
937.610000000 7.600000000 16.014806747400
936.110000000 8.200000000 15.997076988200
935.610000000 8.800000000 15.992641449000
938.360000000 5.600000000 15.989211082500
943.360000000 5.800000000 15.983752250700
936.110000000 8.600000000 15.975789070100
938.860000000 9.400000000 15.943610191300
940.860000000 7.800000000 15.919043541000
938.610000000 10.000000000 15.892985343900
941.110000000 6.600000000 15.875488281200
939.110000000 8.200000000 15.823949813800
940.110000000 8.800000000 15.805945396400
951.860000000 10.000000000 15.753187179600
937.860000000 6.800000000 15.714913368200
941.110000000 6.800000000 15.714604377700
935.610000000 6.000000000 15.703607559200
935.610000000 7.800000000 15.696091651900
939.360000000 8.200000000 15.694353103600
940.360000000 8.600000000 15.677561759900
940.610000000 5.800000000 15.672158241300
940.110000000 6.000000000 15.662801742600
939.860000000 8.000000000 15.659747123700
938.610000000 8.400000000 15.625562667800
938.610000000 9.800000000 15.606773376500
940.860000000 6.000000000 15.571356773400
955.360000000 9.800000000 15.565067291300
935.860000000 7.800000000 15.492627143900
939.110000000 9.000000000 15.476143837000
938.110000000 6.200000000 15.461752891500
947.360000000 5.600000000 15.395807266200
935.860000000 9.000000000 15.381495475800
936.110000000 8.000000000 15.380691528300
940.110000000 5.800000000 15.380352020300
939.860000000 8.800000000 15.377312660200
937.610000000 8.200000000 15.351347923300
951.610000000 10.000000000 15.300158500700
937.610000000 7.400000000 15.268723487900
936.110000000 8.800000000 15.252622604400
939.610000000 8.200000000 15.244087219200
940.610000000 8.200000000 15.235019683800
939.610000000 8.800000000 15.204192161600
935.610000000 9.000000000 15.166211128200
938.110000000 5.600000000 15.161036491400
938.110000000 8.600000000 15.142828941300
935.860000000 5.600000000 15.141703605700
940.360000000 5.800000000 15.056598663300
939.360000000 8.800000000 14.997105598400
943.110000000 5.600000000 14.960777282700
938.860000000 9.200000000 14.940483093300
938.110000000 6.000000000 14.881626129200
943.610000000 5.600000000 14.828447341900
948.360000000 5.600000000 14.822472572300
940.860000000 7.600000000 14.776903152500
940.110000000 8.600000000 14.772534370400
938.610000000 9.600000000 14.763912200900
935.610000000 6.200000000 14.761046409600
938.110000000 5.800000000 14.745066642800
938.360000000 8.600000000 14.698947906500
940.360000000 8.400000000 14.667995452900
935.610000000 7.600000000 14.628396987900
937.860000000 8.600000000 14.625985145600
935.860000000 5.800000000 14.612479209900
947.610000000 5.600000000 14.576593399000
938.860000000 8.400000000 14.534616470300
936.110000000 7.800000000 14.526246070900
937.860000000 6.600000000 14.487068176300
935.860000000 7.600000000 14.444914817800
943.360000000 5.600000000 14.390099525500
940.110000000 7.800000000 14.371744155900
939.860000000 8.600000000 14.344414711000
948.110000000 5.600000000 14.276172637900
935.860000000 9.200000000 14.263659477200
940.360000000 7.000000000 14.252230644200
937.610000000 8.400000000 14.238707542400
939.110000000 8.800000000 14.227140426600
947.860000000 5.600000000 14.207434654200
935.610000000 9.200000000 14.204439163200
937.860000000 5.600000000 14.194794654800
940.360000000 6.800000000 14.193139076200
937.610000000 7.200000000 14.168984413100
939.610000000 8.600000000 14.165760994000
936.110000000 9.000000000 14.150639534000
940.610000000 8.000000000 14.107963562000
939.110000000 8.400000000 13.996587753300
940.860000000 6.200000000 13.975384712200
940.610000000 6.000000000 13.906019210800
955.360000000 10.000000000 13.894926071200
940.360000000 7.200000000 13.890172958400
939.360000000 8.600000000 13.873876571700
939.360000000 8.400000000 13.864269256600
940.860000000 6.400000000 13.855698585500
935.860000000 6.000000000 13.789644241300
940.110000000 8.400000000 13.774659156800
940.360000000 6.600000000 13.744695663500
940.860000000 7.400000000 13.737874031100
938.860000000 9.000000000 13.734950065600
940.860000000 6.600000000 13.733459472700
938.610000000 8.600000000 13.682476997400
935.610000000 6.400000000 13.675726890600
939.860000000 8.200000000 13.632299423200
940.360000000 8.200000000 13.612398147600
936.360000000 8.400000000 13.597163200400
936.110000000 7.600000000 13.578780174300
938.610000000 9.400000000 13.556437492400
937.860000000 6.400000000 13.554083824200
940.860000000 6.800000000 13.484640121500
936.360000000 8.200000000 13.468651771500
935.610000000 7.400000000 13.458450317400
939.860000000 8.400000000 13.372859954800
940.360000000 6.000000000 13.348979950000
939.610000000 8.400000000 13.343181610100
938.360000000 10.000000000 13.304290771500
935.860000000 7.400000000 13.282084465000
937.860000000 5.800000000 13.261719703700
936.360000000 8.600000000 13.225141525300
935.610000000 9.400000000 13.213871955900
940.860000000 7.000000000 13.178512573200
938.110000000 8.800000000 13.174357414200
940.360000000 7.400000000 13.164420127900
935.860000000 9.400000000 13.085961341900
940.610000000 7.800000000 13.045342445400
940.360000000 6.400000000 13.022067070000
936.360000000 8.000000000 13.017259597800
936.110000000 5.600000000 13.014241218600
937.860000000 6.200000000 12.997194290200
937.610000000 7.000000000 12.939454078700
939.110000000 8.600000000 12.926898956300
940.860000000 7.200000000 12.891455650300
937.860000000 6.000000000 12.886272430400
936.110000000 9.200000000 12.878902435300
937.610000000 8.600000000 12.863675117500
935.860000000 6.200000000 12.825017929100
937.860000000 8.800000000 12.823307991000
940.110000000 8.200000000 12.805397987400
938.860000000 8.600000000 12.763826370200
937.610000000 5.600000000 12.746375083900
938.360000000 8.800000000 12.709533691400
938.360000000 9.800000000 12.695232391400
940.110000000 8.000000000 12.673905372600
935.610000000 6.600000000 12.652010917700
940.360000000 8.000000000 12.601999282800
936.110000000 7.400000000 12.601028442400
936.360000000 8.800000000 12.451070785500
940.610000000 6.200000000 12.428071022000
936.110000000 5.800000000 12.383600235000
938.860000000 8.800000000 12.354744911200
935.610000000 7.200000000 12.350859642000
936.360000000 7.800000000 12.319758415200
935.610000000 9.600000000 12.244317054700
937.360000000 8.000000000 12.237635612500
940.360000000 6.200000000 12.194173812900
940.360000000 7.600000000 12.166398048400
938.610000000 9.200000000 12.150262832600
935.860000000 7.200000000 12.145306587200
940.610000000 7.600000000 12.137601852400
937.360000000 7.800000000 12.093303680400
937.360000000 8.200000000 12.013760566700
935.860000000 9.600000000 11.965279579200
940.610000000 6.800000000 11.945819854700
935.860000000 6.400000000 11.883312225300
940.610000000 6.600000000 11.883295059200
938.610000000 8.800000000 11.864343643200
935.610000000 6.800000000 11.843485832200
940.610000000 7.000000000 11.836894035300
937.610000000 6.800000000 11.767202377300
940.360000000 7.800000000 11.686732292200
940.610000000 6.400000000 11.678665161100
936.110000000 7.200000000 11.624214172400
937.360000000 7.600000000 11.618700981100
936.110000000 9.400000000 11.608579635600
936.110000000 6.000000000 11.593190193200
938.360000000 9.600000000 11.579955101000
940.610000000 7.200000000 11.567906379700
936.360000000 7.600000000 11.549638748200
935.610000000 7.000000000 11.532258987400
940.610000000 7.400000000 11.527899742100
937.610000000 5.800000000 11.520664215100
937.360000000 8.400000000 11.416234016400
936.360000000 9.000000000 11.403437614400
937.610000000 8.800000000 11.394880294800
935.610000000 9.800000000 11.375212669400
938.110000000 9.000000000 11.281335830700
935.860000000 7.000000000 11.165461540200
935.860000000 6.600000000 11.096123695400
937.860000000 9.000000000 11.063393592800
935.860000000 9.800000000 11.000278472900
938.360000000 9.000000000 10.876587867700
937.610000000 6.600000000 10.855980873100
937.360000000 7.400000000 10.840444564800
936.360000000 7.400000000 10.797114372300
936.110000000 6.200000000 10.793483734100
938.610000000 9.000000000 10.790467262300
935.610000000 10.000000000 10.748601913500
936.110000000 7.000000000 10.677728653000
937.610000000 6.000000000 10.645462036100
937.360000000 5.600000000 10.590479850800
935.860000000 6.800000000 10.575476646400
936.610000000 8.200000000 10.545512199400
936.610000000 8.400000000 10.512074470500
937.360000000 8.600000000 10.499258995100
936.110000000 9.600000000 10.471394538900
936.360000000 5.600000000 10.450716018700
937.610000000 6.400000000 10.322036743200
935.860000000 10.000000000 10.257846832300
936.360000000 9.200000000 10.247364997900
936.610000000 8.000000000 10.235397338900
937.610000000 6.200000000 10.232640266400
938.360000000 9.400000000 10.204235076900
936.610000000 10.000000000 10.172078132600
936.610000000 8.600000000 10.136988639800
936.360000000 7.200000000 10.070112228400
936.110000000 6.400000000 10.064134597800
936.360000000 5.800000000 9.940598487900
937.360000000 7.200000000 9.936242103600
937.610000000 9.000000000 9.929385185200
936.360000000 10.000000000 9.923365593000
936.110000000 6.800000000 9.859304428100
936.610000000 9.800000000 9.823950767500
936.360000000 9.800000000 9.823090553300
936.110000000 9.800000000 9.801913261400
938.110000000 10.000000000 9.801033973700
936.110000000 10.000000000 9.794871330300
936.610000000 7.800000000 9.726832389800
938.110000000 9.200000000 9.564087867700
936.860000000 10.000000000 9.560903549200
938.360000000 9.200000000 9.523588180500
936.360000000 9.600000000 9.509218215900
936.110000000 6.600000000 9.504472732500
937.110000000 8.200000000 9.472498893700
936.610000000 8.800000000 9.434981346100
937.860000000 9.200000000 9.420584678600
937.360000000 5.800000000 9.416968345600
937.360000000 8.800000000 9.407542228700
937.110000000 8.000000000 9.398752212500
936.360000000 7.000000000 9.346792221100
936.360000000 6.000000000 9.333939552300
936.610000000 9.600000000 9.281301498400
936.860000000 9.800000000 9.229779243500
937.110000000 8.400000000 9.219217300400
936.360000000 9.400000000 9.156784057600
936.610000000 7.600000000 9.156148910500
938.110000000 9.800000000 9.066679000900
937.110000000 7.800000000 9.063333511400
937.360000000 7.000000000 8.992893219000
936.860000000 8.200000000 8.890380859400
936.860000000 8.400000000 8.811882019000
936.860000000 9.600000000 8.729029655500
936.360000000 6.200000000 8.718493461600
937.110000000 5.600000000 8.699030876200
936.860000000 8.000000000 8.690977096600
937.110000000 8.600000000 8.663813591000
936.360000000 6.800000000 8.628467559800
936.610000000 9.400000000 8.604131698600
936.610000000 7.400000000 8.597237587000
937.360000000 6.000000000 8.557064056400
936.610000000 9.000000000 8.550730705300
937.110000000 7.600000000 8.536586761500
937.610000000 9.200000000 8.534360885600
936.610000000 5.600000000 8.506598472600
936.860000000 8.600000000 8.389365196200
936.860000000 7.800000000 8.281984329200
937.360000000 9.000000000 8.277565002400
937.360000000 6.800000000 8.186375618000
936.360000000 6.400000000 8.157756805400
938.110000000 9.600000000 8.134900093100
938.110000000 9.400000000 8.118162155200
936.860000000 9.400000000 8.088858604400
936.610000000 7.200000000 8.064361572300
937.110000000 10.000000000 8.060345649700
936.610000000 5.800000000 8.038887977600
936.360000000 6.600000000 7.959917068500
937.860000000 9.400000000 7.956231117200
937.110000000 7.400000000 7.897938251500
937.110000000 8.800000000 7.883349418600
936.860000000 5.600000000 7.878612041500
937.360000000 6.200000000 7.868257522600
936.610000000 9.200000000 7.862788200400
937.110000000 9.800000000 7.818576812700
936.860000000 7.600000000 7.803005218500
936.860000000 8.800000000 7.731704235100
937.360000000 6.600000000 7.655234336900
937.110000000 5.800000000 7.597591400100
936.860000000 9.200000000 7.560824871100
936.610000000 7.000000000 7.540952682500
937.360000000 6.400000000 7.537362575500
936.610000000 6.000000000 7.493405342100
937.110000000 9.600000000 7.405488014200
936.860000000 7.400000000 7.303987026200
937.610000000 9.400000000 7.279719352700
937.110000000 7.200000000 7.221255779300
937.360000000 9.200000000 7.202761650100
936.860000000 5.800000000 7.184523582500
936.610000000 6.800000000 7.014641284900
937.110000000 9.000000000 7.014320850400
936.860000000 9.000000000 6.992685794800
937.110000000 9.400000000 6.956082344100
936.610000000 6.200000000 6.941726207700
937.860000000 10.000000000 6.894252300300
936.860000000 7.200000000 6.803853511800
937.860000000 9.600000000 6.714175224300
937.110000000 6.000000000 6.665495395700
937.110000000 9.200000000 6.614211082500
937.110000000 7.000000000 6.598097801200
936.610000000 6.600000000 6.499998569500
937.360000000 10.000000000 6.470275402100
936.860000000 6.000000000 6.459824562100
936.610000000 6.400000000 6.430831432300
936.860000000 7.000000000 6.334867000600
937.860000000 9.800000000 6.270819664000
937.360000000 9.400000000 6.241200447100
937.110000000 6.200000000 6.195772171000
937.610000000 9.600000000 6.185649871800
937.360000000 9.800000000 6.179718971300
937.110000000 6.800000000 6.133909225500
936.860000000 6.800000000 5.929973125500
937.110000000 6.400000000 5.920588970200
937.110000000 6.600000000 5.892354488400
937.610000000 10.000000000 5.799023151400
937.360000000 9.600000000 5.780441761000
936.860000000 6.200000000 5.764869213100
936.860000000 6.600000000 5.613420963300
936.860000000 6.400000000 5.424841404000
937.610000000 9.800000000 5.362237930300
