901.990000000 8.600000000 11.560001373300
901.990000000 8.800000000 11.417989730800
901.740000000 8.600000000 11.329234123200
901.740000000 8.800000000 11.248400688200
903.740000000 8.800000000 11.061316490200
902.240000000 8.800000000 10.838433265700
903.490000000 8.800000000 10.816636085500
901.740000000 9.000000000 10.792199134800
901.990000000 9.000000000 10.792060852100
902.240000000 8.600000000 10.540891647300
898.490000000 9.400000000 10.492679595900
903.990000000 8.800000000 10.429737091100
902.240000000 9.000000000 10.257786750800
901.740000000 9.200000000 10.254360199000
901.490000000 9.200000000 10.244842529300
903.240000000 8.800000000 10.189890861500
901.490000000 8.800000000 10.182822227500
898.240000000 9.400000000 10.173445701600
901.490000000 9.000000000 10.135163307200
905.740000000 6.800000000 10.099059104900
902.490000000 8.800000000 10.043782234200
903.490000000 8.600000000 9.953060150100
903.740000000 8.600000000 9.874062538100
903.490000000 9.000000000 9.855735778800
903.740000000 9.000000000 9.854265213000
901.490000000 8.600000000 9.743626594500
901.990000000 8.400000000 9.690508842500
902.990000000 8.800000000 9.664641380300
901.740000000 8.400000000 9.661257743800
902.740000000 8.800000000 9.576429367100
905.740000000 7.000000000 9.558650970500
898.740000000 9.400000000 9.544312477100
901.990000000 9.200000000 9.538139343300
902.490000000 9.000000000 9.515614509600
903.240000000 8.600000000 9.470143318200
901.240000000 9.200000000 9.426701545700
901.240000000 9.000000000 9.349557876600
903.240000000 9.000000000 9.284994125400
902.490000000 8.600000000 9.279280662500
903.990000000 8.600000000 9.205917358400
905.490000000 6.800000000 9.172904014600
897.990000000 9.400000000 9.132197380100
898.490000000 9.200000000 9.121911048900
898.240000000 9.200000000 9.070541381800
905.740000000 6.600000000 9.030977249100
898.490000000 9.600000000 8.996909141500
902.740000000 9.000000000 8.964636802700
905.490000000 7.000000000 8.893892288200
902.990000000 9.000000000 8.879650116000
904.240000000 8.800000000 8.871469497700
902.990000000 8.600000000 8.824558258100
903.990000000 9.000000000 8.724408149700
901.240000000 8.800000000 8.664582252500
902.240000000 9.200000000 8.654159545900
902.740000000 8.600000000 8.638754844700
898.240000000 9.600000000 8.553736686700
900.990000000 9.000000000 8.466024398800
897.990000000 9.200000000 8.456620216400
898.740000000 9.200000000 8.373698234600
902.240000000 8.400000000 8.262967109700
900.990000000 9.200000000 8.247596740700
886.740000000 7.800000000 8.225529670700
897.740000000 9.400000000 8.218463897700
898.740000000 9.600000000 8.130638122600
904.240000000 8.600000000 8.092798233000
902.490000000 9.200000000 8.037651062000
903.240000000 9.200000000 8.017798423800
905.490000000 6.600000000 8.005296707200
886.990000000 7.800000000 7.974198341400
897.740000000 9.200000000 7.910625934600
905.240000000 7.000000000 7.893351078000
903.490000000 9.200000000 7.886181831400
896.990000000 9.400000000 7.850266933400
897.240000000 9.200000000 7.833554744700
897.240000000 9.400000000 7.823624134100
902.990000000 9.200000000 7.822078704800
897.490000000 9.400000000 7.818307876600
901.490000000 8.400000000 7.816686153400
886.740000000 8.000000000 7.790205001800
901.490000000 9.400000000 7.778830051400
896.990000000 9.200000000 7.772580623600
902.740000000 9.200000000 7.758207798000
905.240000000 6.800000000 7.749658584600
897.490000000 9.200000000 7.748536586800
886.490000000 7.800000000 7.744100093800
898.990000000 9.400000000 7.726208686800
901.240000000 8.600000000 7.701884746600
903.740000000 9.200000000 7.670618534100
897.990000000 9.600000000 7.638689041100
886.990000000 8.000000000 7.621703624700
901.740000000 9.400000000 7.603372573900
903.990000000 9.200000000 7.600681781800
905.740000000 6.400000000 7.549190044400
900.740000000 9.000000000 7.472892284400
893.740000000 8.600000000 7.426622390700
896.740000000 9.400000000 7.424952507000
900.990000000 8.800000000 7.377757549300
901.240000000 9.400000000 7.352894306200
898.490000000 9.000000000 7.298312187200
887.240000000 7.800000000 7.285174369800
904.240000000 9.000000000 7.257289886500
904.240000000 9.200000000 7.239533424400
898.740000000 8.800000000 7.234678268400
898.740000000 9.000000000 7.205756187400
893.990000000 8.600000000 7.196320056900
896.740000000 9.200000000 7.180412769300
887.240000000 7.600000000 7.170732498200
886.490000000 8.000000000 7.161233902000
898.990000000 9.200000000 7.108644008600
901.990000000 9.400000000 7.076178073900
887.490000000 7.600000000 7.069719314600
900.740000000 9.200000000 7.062733173400
904.490000000 8.800000000 6.998153686500
898.990000000 8.800000000 6.993402004200
898.490000000 8.800000000 6.991108417500
901.490000000 6.600000000 6.949051380200
886.240000000 9.600000000 6.945637702900
886.990000000 7.600000000 6.927418708800
898.990000000 9.600000000 6.892940998100
898.240000000 9.000000000 6.884501934100
897.740000000 9.600000000 6.803502559700
893.490000000 8.600000000 6.777094841000
887.240000000 8.000000000 6.766609668700
887.740000000 7.600000000 6.764626026200
904.490000000 8.600000000 6.736705780000
897.740000000 10.000000000 6.731793880500
898.990000000 9.000000000 6.726667881000
897.990000000 10.000000000 6.705863952600
904.490000000 9.200000000 6.700925350200
888.990000000 7.600000000 6.694702625300
902.490000000 8.400000000 6.692408084900
888.740000000 7.600000000 6.678237915000
899.990000000 8.600000000 6.676332473800
900.740000000 8.800000000 6.667324543000
901.240000000 6.600000000 6.654036045100
899.740000000 8.600000000 6.652998924300
904.990000000 7.000000000 6.607897758500
904.490000000 9.000000000 6.587703228000
902.240000000 9.400000000 6.582743167900
901.740000000 6.600000000 6.572149276700
903.490000000 9.400000000 6.570935726200
903.740000000 9.400000000 6.555385589600
903.240000000 9.400000000 6.540812492400
903.990000000 9.400000000 6.509351253500
900.990000000 9.400000000 6.508582592000
896.990000000 5.800000000 6.505693435700
886.240000000 7.800000000 6.500190734900
893.990000000 8.800000000 6.497198104900
885.990000000 9.600000000 6.496785640700
893.740000000 8.800000000 6.472352027900
900.490000000 8.800000000 6.443526268000
900.490000000 9.000000000 6.428489208200
905.740000000 6.000000000 6.427169323000
900.240000000 8.800000000 6.425251960800
899.240000000 8.800000000 6.418811798100
899.990000000 8.800000000 6.416465282400
902.990000000 9.400000000 6.391267776500
897.240000000 5.800000000 6.389833927200
897.990000000 9.000000000 6.377235889400
904.240000000 9.400000000 6.374633789100
887.490000000 7.800000000 6.371495246900
887.990000000 7.600000000 6.371200561500
897.490000000 10.000000000 6.367561817200
886.490000000 9.600000000 6.358839035000
899.740000000 8.800000000 6.354529857600
905.740000000 7.200000000 6.345489978800
900.240000000 8.600000000 6.331387043000
896.490000000 9.400000000 6.304326534300
898.490000000 9.800000000 6.298029422800
888.490000000 7.600000000 6.298024177600
905.240000000 6.600000000 6.294853210400
898.240000000 8.800000000 6.279805660200
894.240000000 8.600000000 6.278653144800
889.740000000 7.600000000 6.271438598600
902.490000000 9.400000000 6.266836643200
905.490000000 6.400000000 6.249183177900
905.240000000 7.800000000 6.229948043800
905.490000000 7.200000000 6.224453449200
904.990000000 7.800000000 6.224428653700
903.490000000 8.400000000 6.223156929000
897.490000000 9.600000000 6.222207069400
889.490000000 7.600000000 6.214396476700
900.990000000 8.600000000 6.208202362100
903.740000000 8.400000000 6.206388473500
899.490000000 8.600000000 6.202369213100
899.490000000 8.800000000 6.200329780600
898.240000000 9.800000000 6.181568145800
896.740000000 5.800000000 6.177567958800
904.740000000 9.200000000 6.171854019200
888.240000000 7.600000000 6.155276298500
904.990000000 6.800000000 6.135515213000
897.740000000 9.000000000 6.100824832900
892.740000000 9.000000000 6.092044353500
902.740000000 9.400000000 6.089879512800
889.240000000 7.600000000 6.088807582900
890.990000000 6.600000000 6.085721492800
901.990000000 6.600000000 6.084913730600
904.490000000 9.400000000 6.084579944600
894.240000000 8.800000000 6.074283599900
886.240000000 8.000000000 6.049939632400
891.240000000 6.600000000 6.047338485700
893.740000000 8.400000000 6.044673919700
894.490000000 6.400000000 6.019141197200
896.740000000 7.000000000 6.015716075900
886.740000000 7.600000000 6.014665126800
893.490000000 8.800000000 6.009700298300
898.740000000 9.800000000 6.008444309200
905.740000000 5.800000000 6.003221988700
901.490000000 6.400000000 5.990684032400
896.490000000 9.200000000 5.986944675400
899.240000000 9.000000000 5.981593132000
905.490000000 5.800000000 5.969766140000
897.490000000 5.800000000 5.965252876300
905.490000000 6.000000000 5.951909542100
900.490000000 9.200000000 5.947619915000
897.240000000 10.000000000 5.941983223000
888.990000000 7.400000000 5.937476158100
901.740000000 6.400000000 5.934055805200
897.240000000 6.000000000 5.933500289900
885.990000000 7.200000000 5.930776596100
896.490000000 7.000000000 5.914726734200
904.740000000 9.000000000 5.905868530300
903.240000000 8.400000000 5.900046825400
897.240000000 9.600000000 5.882750988000
903.990000000 8.200000000 5.878582000700
900.490000000 8.600000000 5.870169162800
898.740000000 8.400000000 5.869766712200
894.240000000 6.400000000 5.867161750800
903.740000000 8.200000000 5.859817981700
897.490000000 9.000000000 5.854838371300
898.240000000 10.000000000 5.841530799900
893.490000000 8.400000000 5.840860843700
885.990000000 7.400000000 5.826788902300
904.740000000 7.800000000 5.817439079300
901.990000000 8.200000000 5.799565792100
903.990000000 8.400000000 5.794857025100
905.240000000 5.800000000 5.790874004400
905.240000000 7.200000000 5.789520263700
897.490000000 6.000000000 5.784455776200
904.990000000 9.200000000 5.780354976700
888.740000000 7.400000000 5.779233932500
896.990000000 6.000000000 5.779028892500
895.990000000 10.000000000 5.778840065000
892.490000000 9.000000000 5.773060798600
902.740000000 8.400000000 5.769237518300
902.240000000 6.600000000 5.763816833500
900.490000000 5.800000000 5.762732029000
905.740000000 6.200000000 5.758486747700
904.990000000 8.000000000 5.742609024000
897.990000000 9.800000000 5.740044593800
898.490000000 8.400000000 5.735926151300
886.490000000 7.600000000 5.729301452600
901.990000000 6.400000000 5.726519584700
889.990000000 7.600000000 5.726403713200
896.240000000 10.000000000 5.713430881500
901.240000000 6.400000000 5.713090896600
886.240000000 7.200000000 5.702005386400
896.990000000 9.600000000 5.687746048000
904.740000000 9.400000000 5.680948734300
900.740000000 5.800000000 5.680572986600
900.740000000 8.600000000 5.675162315400
896.490000000 5.800000000 5.649342060100
887.490000000 8.000000000 5.631347656200
903.490000000 8.200000000 5.631186485300
893.240000000 8.600000000 5.626786708800
905.490000000 7.800000000 5.609779834700
899.240000000 9.200000000 5.605382442500
896.990000000 10.000000000 5.601085186000
902.990000000 8.400000000 5.595944881400
886.740000000 9.600000000 5.590478897100
894.740000000 6.400000000 5.586211204500
897.240000000 9.000000000 5.585834503200
902.490000000 6.600000000 5.585532188400
905.740000000 8.800000000 5.578879356400
899.240000000 9.400000000 5.575891017900
891.490000000 6.600000000 5.573000431100
896.990000000 7.000000000 5.572428703300
900.740000000 9.400000000 5.569982528700
898.740000000 8.600000000 5.564149379700
905.240000000 8.000000000 5.562520504000
904.240000000 8.200000000 5.559971332600
905.240000000 9.200000000 5.552502155300
890.740000000 6.600000000 5.548351287800
901.740000000 8.200000000 5.531460285200
895.490000000 5.800000000 5.512621879600
892.990000000 9.000000000 5.512016773200
895.740000000 5.800000000 5.508814334900
900.240000000 5.800000000 5.507033824900
904.740000000 8.800000000 5.505209446000
899.240000000 8.600000000 5.503382206000
898.990000000 8.600000000 5.501231670400
893.990000000 8.400000000 5.493888378100
887.990000000 10.000000000 5.492421150200
896.490000000 10.000000000 5.492347240400
901.240000000 8.400000000 5.491910457600
887.240000000 9.400000000 5.491870403300
886.240000000 9.400000000 5.482881546000
904.740000000 8.000000000 5.479193687400
897.990000000 8.800000000 5.478079319000
904.740000000 8.400000000 5.473329067200
900.990000000 5.800000000 5.467513561200
902.240000000 6.400000000 5.463688373600
897.740000000 5.800000000 5.462213993100
898.990000000 8.400000000 5.458993911700
904.740000000 8.600000000 5.450962543500
887.740000000 7.800000000 5.446489810900
905.740000000 8.600000000 5.441246032700
896.740000000 9.600000000 5.440242767300
889.740000000 6.800000000 5.432420253800
896.740000000 10.000000000 5.431469440500
887.490000000 9.400000000 5.426118850700
905.490000000 9.200000000 5.424851417500
889.740000000 7.400000000 5.420758724200
890.990000000 10.000000000 5.418167114300
904.990000000 8.400000000 5.415732383700
891.240000000 10.000000000 5.406212806700
902.740000000 6.600000000 5.405067443800
897.740000000 6.000000000 5.399703502700
904.240000000 8.400000000 5.396507263200
894.490000000 8.800000000 5.386215210000
889.490000000 7.400000000 5.385851383200
889.240000000 7.400000000 5.384625911700
887.740000000 10.000000000 5.381377697000
898.490000000 8.200000000 5.380035877200
904.990000000 9.000000000 5.378196716300
891.240000000 6.800000000 5.364167690300
886.240000000 7.400000000 5.363999366800
900.990000000 6.600000000 5.359914302800
904.490000000 7.800000000 5.356901168800
896.740000000 6.000000000 5.353534221600
890.990000000 6.800000000 5.352190971400
898.990000000 9.800000000 5.347685337100
886.490000000 9.400000000 5.340235233300
904.990000000 5.800000000 5.336807727800
895.990000000 5.800000000 5.332858085600
901.490000000 5.800000000 5.329625129700
901.740000000 5.800000000 5.329238891600
900.240000000 9.000000000 5.328794002500
901.240000000 5.800000000 5.324464798000
896.240000000 5.800000000 5.318835258500
888.490000000 7.400000000 5.307906150800
903.240000000 8.200000000 5.307626724200
904.740000000 8.200000000 5.305935382800
905.240000000 6.000000000 5.300129413600
897.740000000 9.800000000 5.292662143700
894.490000000 8.600000000 5.291606903100
904.990000000 9.400000000 5.291298866300
905.740000000 9.200000000 5.290284633600
904.490000000 8.400000000 5.283617973300
889.740000000 6.600000000 5.276256084400
888.240000000 7.400000000 5.265395164500
900.990000000 7.200000000 5.264163017300
895.740000000 10.000000000 5.256143569900
894.240000000 6.200000000 5.247653007500
893.240000000 8.800000000 5.238795280500
898.740000000 8.200000000 5.235821247100
898.490000000 8.600000000 5.218625545500
886.990000000 9.400000000 5.211823463400
901.490000000 6.800000000 5.208812236800
894.490000000 6.200000000 5.204440116900
905.740000000 9.000000000 5.204170703900
899.490000000 9.000000000 5.202681541400
889.490000000 6.800000000 5.200497627300
896.990000000 9.000000000 5.199537754100
903.740000000 8.000000000 5.183064460800
887.490000000 7.400000000 5.182285308800
902.490000000 6.400000000 5.181637764000
890.740000000 10.000000000 5.174966812100
892.240000000 9.000000000 5.164198398600
893.240000000 8.400000000 5.154563427000
886.990000000 9.600000000 5.148090839400
904.990000000 8.200000000 5.146811962100
887.990000000 7.400000000 5.140455722800
903.990000000 8.000000000 5.135915756200
889.990000000 7.400000000 5.127299308800
886.490000000 7.200000000 5.126529693600
902.990000000 6.600000000 5.125153064700
904.740000000 7.000000000 5.124928951300
890.740000000 6.800000000 5.118103504200
889.490000000 6.600000000 5.115777492500
888.240000000 10.000000000 5.114850044300
905.240000000 9.000000000 5.110983848600
895.240000000 5.800000000 5.105999469800
905.490000000 8.800000000 5.103347301500
903.990000000 9.600000000 5.101721286800
885.990000000 7.800000000 5.099047660800
897.240000000 7.000000000 5.098727703100
905.490000000 9.000000000 5.094527721400
887.240000000 7.400000000 5.091353893300
905.240000000 8.400000000 5.091191768600
904.490000000 8.200000000 5.090055942500
886.740000000 9.400000000 5.086752891500
891.490000000 6.800000000 5.079662323000
899.240000000 9.600000000 5.078279495200
904.240000000 9.600000000 5.071094036100
885.990000000 7.600000000 5.064933300000
889.990000000 6.800000000 5.055802822100
894.990000000 6.400000000 5.052467823000
891.740000000 6.600000000 5.044523239100
903.740000000 9.600000000 5.039168834700
896.240000000 7.000000000 5.038374424000
901.990000000 5.800000000 5.037589073200
905.240000000 7.600000000 5.035473823500
898.240000000 8.200000000 5.032469749500
904.990000000 7.600000000 5.018235206600
904.990000000 7.200000000 5.005166530600
902.990000000 8.200000000 5.002725124400
904.240000000 7.800000000 5.001317977900
885.990000000 10.000000000 5.000911235800
905.240000000 9.400000000 4.998322010000
904.490000000 8.000000000 4.996657848400
903.490000000 9.600000000 4.995727062200
905.490000000 8.000000000 4.991527557400
903.240000000 9.600000000 4.989031791700
885.990000000 8.000000000 4.983469963100
887.740000000 9.400000000 4.983160018900
903.490000000 8.000000000 4.978764057200
891.490000000 10.000000000 4.969150066400
897.990000000 5.800000000 4.966154098500
887.740000000 7.400000000 4.965291976900
897.490000000 9.800000000 4.949831962600
886.740000000 8.200000000 4.948835849800
901.240000000 6.800000000 4.948717117300
889.740000000 10.000000000 4.947303295100
905.490000000 6.200000000 4.946965217600
887.740000000 8.000000000 4.942794323000
890.490000000 10.000000000 4.936651706700
893.990000000 6.400000000 4.936188221000
902.240000000 8.200000000 4.932441234600
902.990000000 9.600000000 4.926868915600
901.740000000 6.800000000 4.924156189000
904.740000000 5.800000000 4.923624038700
887.240000000 9.600000000 4.922787189500
905.490000000 8.600000000 4.914468288400
897.740000000 8.800000000 4.914119720500
898.240000000 8.400000000 4.913910388900
904.990000000 8.600000000 4.902863025700
896.490000000 6.000000000 4.898467063900
889.990000000 10.000000000 4.896358966800
900.990000000 6.400000000 4.894919395400
902.740000000 6.400000000 4.889107227300
899.240000000 8.400000000 4.883888721500
897.990000000 6.000000000 4.868155956300
901.240000000 7.200000000 4.864975452400
889.990000000 6.600000000 4.862321853600
900.240000000 9.200000000 4.858314514200
896.490000000 9.600000000 4.851830959300
890.240000000 10.000000000 4.849067211200
896.490000000 7.200000000 4.845357418100
890.490000000 6.600000000 4.831839561500
886.240000000 7.600000000 4.830486774400
904.490000000 9.600000000 4.829299926800
899.740000000 9.000000000 4.828567504900
887.990000000 7.800000000 4.826323509200
892.490000000 9.200000000 4.818739414200
903.990000000 7.800000000 4.815933227500
889.490000000 10.000000000 4.815735817000
885.990000000 9.400000000 4.814399242400
894.740000000 8.800000000 4.812382698100
903.740000000 7.800000000 4.812378406500
885.990000000 7.000000000 4.809170723000
897.240000000 6.200000000 4.804203033400
889.240000000 7.000000000 4.802561283100
904.740000000 7.600000000 4.796809673300
892.740000000 9.200000000 4.792937755600
887.490000000 10.000000000 4.792157173200
897.490000000 7.000000000 4.791936397600
905.490000000 9.400000000 4.791362762500
895.240000000 8.000000000 4.788752079000
889.740000000 7.000000000 4.786169052100
905.240000000 8.600000000 4.784219265000
886.490000000 7.400000000 4.782455921200
899.990000000 8.400000000 4.773138046300
899.740000000 8.400000000 4.772348880800
899.990000000 9.000000000 4.764080047600
886.990000000 8.200000000 4.759676933300
905.490000000 8.400000000 4.759476661700
895.490000000 9.600000000 4.756496429400
895.740000000 6.000000000 4.756071090700
902.740000000 8.200000000 4.752913951900
893.990000000 6.200000000 4.752835273700
889.990000000 7.000000000 4.749458789800
891.490000000 6.400000000 4.749361515000
900.740000000 7.200000000 4.747613906900
900.490000000 9.400000000 4.747499942800
897.490000000 6.200000000 4.737142086000
902.740000000 9.600000000 4.735740661600
904.240000000 8.000000000 4.731905937200
903.240000000 8.000000000 4.728885650600
897.240000000 9.800000000 4.721998214700
899.990000000 5.800000000 4.719761848400
904.990000000 8.800000000 4.718756198900
895.240000000 6.400000000 4.716701507600
901.490000000 9.600000000 4.715816497800
895.990000000 6.000000000 4.715025901800
898.990000000 8.200000000 4.712579250300
889.490000000 7.000000000 4.712565898900
896.740000000 7.200000000 4.705700397500
886.240000000 7.000000000 4.704298973100
905.240000000 8.200000000 4.702945709200
886.990000000 7.400000000 4.702420234700
887.490000000 9.600000000 4.693247318300
903.240000000 6.600000000 4.693110466000
905.740000000 8.400000000 4.690398693100
894.990000000 8.000000000 4.687718868300
891.740000000 6.800000000 4.681967258500
896.240000000 6.000000000 4.680521488200
889.990000000 8.800000000 4.679926872300
896.240000000 9.400000000 4.675980091100
891.240000000 6.400000000 4.672421455400
893.990000000 9.000000000 4.661640167200
898.490000000 10.000000000 4.661002636000
905.240000000 8.800000000 4.659505844100
901.740000000 9.600000000 4.657095909100
895.240000000 9.400000000 4.656471252400
905.490000000 7.600000000 4.656157970400
896.740000000 6.800000000 4.646664142600
903.490000000 7.800000000 4.646059989900
896.740000000 9.000000000 4.642274379700
904.740000000 6.800000000 4.639762401600
894.740000000 8.600000000 4.637351512900
888.990000000 7.000000000 4.635396480600
900.490000000 8.400000000 4.632568836200
889.740000000 8.800000000 4.630994796800
895.490000000 9.400000000 4.630958557100
895.740000000 9.600000000 4.630669593800
905.740000000 9.400000000 4.621860981000
901.240000000 9.600000000 4.605901241300
904.990000000 6.600000000 4.595519065900
894.240000000 7.600000000 4.584992885600
895.490000000 6.400000000 4.584497928600
895.240000000 8.800000000 4.582946777300
897.490000000 8.800000000 4.581599235500
905.240000000 6.400000000 4.578440189400
904.490000000 7.600000000 4.577493190800
894.990000000 8.800000000 4.575465679200
894.740000000 6.200000000 4.574540615100
891.990000000 6.600000000 4.571200847600
896.990000000 6.200000000 4.569152832000
902.990000000 8.000000000 4.568864822400
902.990000000 6.400000000 4.567353248600
892.990000000 8.600000000 4.566147804300
888.490000000 10.000000000 4.561922073400
890.240000000 7.000000000 4.561161518100
901.990000000 6.800000000 4.560475826300
887.990000000 9.800000000 4.559665679900
905.740000000 7.800000000 4.556216239900
889.240000000 6.600000000 4.552892684900
890.490000000 6.800000000 4.550204277000
886.240000000 10.000000000 4.545602321600
892.240000000 10.000000000 4.538491249100
895.490000000 8.800000000 4.538246154800
901.740000000 6.200000000 4.536311149600
888.240000000 9.800000000 4.530906677200
896.990000000 6.800000000 4.518053054800
896.990000000 9.800000000 4.516319274900
887.740000000 9.800000000 4.515087604500
904.490000000 5.800000000 4.514658451100
897.740000000 7.000000000 4.513304233600
892.490000000 10.000000000 4.511387348200
893.990000000 7.600000000 4.510381698600
894.490000000 6.600000000 4.505535602600
895.240000000 9.600000000 4.503832817100
886.490000000 8.200000000 4.502012729600
899.240000000 9.800000000 4.501266002700
894.240000000 9.000000000 4.499160289800
901.990000000 9.600000000 4.496827602400
898.740000000 10.000000000 4.496361732500
902.490000000 8.200000000 4.489480495500
895.490000000 8.000000000 4.487268924700
901.490000000 6.200000000 4.483772277800
895.490000000 6.000000000 4.483462810500
894.240000000 8.400000000 4.481637001000
890.240000000 7.600000000 4.479894638100
900.240000000 8.400000000 4.478094577800
894.740000000 6.600000000 4.477214336400
895.240000000 7.600000000 4.475965023000
902.490000000 9.600000000 4.470825672100
892.240000000 9.200000000 4.459420204200
892.990000000 7.600000000 4.458987712900
898.240000000 8.600000000 4.456621646900
892.990000000 8.400000000 4.454356193500
902.740000000 8.000000000 4.452119827300
898.240000000 5.800000000 4.452019214600
896.240000000 9.200000000 4.450841903700
900.740000000 8.400000000 4.450294494600
891.990000000 10.000000000 4.439130306200
885.990000000 9.800000000 4.438130855600
899.490000000 8.400000000 4.437179565400
888.240000000 7.800000000 4.437077045400
893.740000000 9.000000000 4.432729244200
892.990000000 8.800000000 4.431077003500
904.240000000 7.600000000 4.426697254200
899.740000000 5.800000000 4.425609111800
894.490000000 7.600000000 4.420386791200
895.740000000 6.400000000 4.419997215300
894.740000000 8.000000000 4.419497013100
894.990000000 8.200000000 4.415986061100
891.990000000 9.000000000 4.414185524000
887.990000000 9.400000000 4.413670539900
904.740000000 9.600000000 4.409173011800
889.240000000 6.800000000 4.407399177600
897.740000000 6.200000000 4.404034614600
901.990000000 6.200000000 4.402136325800
889.740000000 9.000000000 4.399957180000
897.240000000 6.800000000 4.398539543200
904.990000000 6.000000000 4.396024227100
896.490000000 6.800000000 4.394364357000
891.740000000 6.400000000 4.390281677200
893.240000000 9.000000000 4.384415626500
887.740000000 9.600000000 4.384217739100
890.240000000 6.800000000 4.373116970100
893.740000000 7.600000000 4.366344928700
891.740000000 10.000000000 4.362699985500
895.240000000 7.800000000 4.361867427800
893.240000000 7.600000000 4.353466987600
889.240000000 10.000000000 4.351016998300
887.490000000 9.800000000 4.350831508600
902.240000000 5.800000000 4.348946094500
898.240000000 8.000000000 4.345350742300
894.990000000 8.600000000 4.325453758200
890.240000000 6.600000000 4.324825763700
894.990000000 7.600000000 4.323017120400
889.490000000 9.000000000 4.320922851600
902.240000000 6.800000000 4.315105438200
886.240000000 9.800000000 4.314593792000
904.740000000 6.000000000 4.312558651000
894.990000000 5.800000000 4.311045169800
891.990000000 6.800000000 4.310810565900
894.240000000 9.200000000 4.307745933500
888.740000000 7.000000000 4.304257869700
897.990000000 8.600000000 4.301813125600
893.490000000 7.600000000 4.300360679600
905.490000000 8.200000000 4.296537399300
896.240000000 7.200000000 4.295516490900
903.740000000 7.600000000 4.290937900500
888.490000000 9.800000000 4.290513992300
902.240000000 9.600000000 4.289257049600
903.990000000 7.600000000 4.287646293600
898.240000000 6.000000000 4.287229538000
898.990000000 10.000000000 4.286005020100
900.990000000 9.600000000 4.281261920900
901.240000000 6.200000000 4.281001091000
897.990000000 8.000000000 4.279976368000
905.740000000 8.200000000 4.272668838500
893.740000000 6.400000000 4.271240234400
886.740000000 7.200000000 4.270949840500
897.990000000 8.200000000 4.264101028400
892.240000000 6.600000000 4.259086132000
897.240000000 8.800000000 4.257519722000
894.740000000 8.200000000 4.255690097800
886.490000000 7.000000000 4.255314827000
889.490000000 6.400000000 4.251006603200
895.990000000 9.600000000 4.246908187900
894.990000000 9.400000000 4.228378295900
895.990000000 6.600000000 4.227309227000
901.490000000 8.200000000 4.224758625000
890.240000000 8.800000000 4.222579002400
895.740000000 9.400000000 4.220687866200
902.490000000 8.000000000 4.213330268900
893.990000000 9.200000000 4.211609363600
887.740000000 8.200000000 4.210233211500
895.240000000 8.200000000 4.209333419800
892.740000000 7.600000000 4.208642959600
890.240000000 7.400000000 4.207254409800
888.490000000 7.800000000 4.206670761100
896.740000000 9.800000000 4.201761722600
897.490000000 6.800000000 4.201719284100
900.990000000 7.400000000 4.201610565200
895.740000000 6.600000000 4.197921276100
895.240000000 8.600000000 4.193989276900
889.490000000 8.800000000 4.190747737900
895.490000000 7.800000000 4.190079689000
897.990000000 7.000000000 4.187045574200
895.740000000 8.800000000 4.185680866200
887.990000000 8.000000000 4.182877540600
896.990000000 7.200000000 4.181602954900
902.490000000 6.800000000 4.177920341500
896.740000000 6.200000000 4.175328731500
894.990000000 7.800000000 4.173792839100
894.740000000 8.400000000 4.171756267500
894.740000000 7.600000000 4.168189525600
904.490000000 6.000000000 4.167355060600
895.490000000 7.600000000 4.162380218500
894.990000000 6.600000000 4.161866664900
892.990000000 9.200000000 4.160817623100
894.490000000 9.000000000 4.159480571700
903.240000000 6.400000000 4.152838230100
889.240000000 6.400000000 4.149993896500
894.490000000 8.000000000 4.147903919200
905.740000000 8.000000000 4.145809650400
888.990000000 6.200000000 4.145294666300
890.490000000 7.000000000 4.143551349600
891.490000000 8.800000000 4.143372535700
888.740000000 7.800000000 4.138251781500
896.240000000 6.600000000 4.137472629500
894.990000000 6.200000000 4.137467861200
887.240000000 10.000000000 4.133261203800
900.240000000 7.800000000 4.132666587800
900.740000000 8.000000000 4.124274730700
897.240000000 7.800000000 4.123696327200
903.490000000 7.600000000 4.119630813600
894.490000000 9.200000000 4.117231845900
895.490000000 10.000000000 4.117032527900
889.990000000 9.000000000 4.116347789800
901.240000000 8.200000000 4.116269111600
900.740000000 9.600000000 4.115916252100
905.740000000 9.600000000 4.114089012100
902.240000000 6.200000000 4.113028526300
899.490000000 9.200000000 4.108929634100
888.490000000 6.800000000 4.106303691900
900.490000000 7.800000000 4.105558872200
899.490000000 5.800000000 4.104006767300
888.740000000 6.200000000 4.102030754100
889.740000000 6.400000000 4.099845409400
897.490000000 7.800000000 4.094417572000
892.240000000 6.800000000 4.088866710700
892.490000000 6.600000000 4.082281112700
900.990000000 8.000000000 4.078868389100
902.740000000 6.800000000 4.077556610100
892.740000000 10.000000000 4.076620101900
898.490000000 8.000000000 4.074875354800
895.490000000 8.600000000 4.074055194900
888.490000000 7.000000000 4.068055152900
900.990000000 8.400000000 4.065062522900
904.240000000 5.800000000 4.059011459400
895.990000000 9.800000000 4.056299686400
889.240000000 9.000000000 4.055371284500
899.240000000 8.200000000 4.047350883500
893.740000000 6.200000000 4.043176651000
891.740000000 8.800000000 4.042421817800
900.240000000 9.400000000 4.041895389600
892.490000000 6.800000000 4.041199207300
895.990000000 6.400000000 4.040323734300
900.740000000 7.400000000 4.037736415900
903.490000000 6.600000000 4.036801815000
892.740000000 8.400000000 4.026136875200
894.240000000 6.600000000 4.024835586500
887.240000000 9.800000000 4.024602413200
892.740000000 8.600000000 4.017185688000
897.740000000 8.600000000 4.017085075400
891.990000000 8.400000000 4.013015747100
904.990000000 9.600000000 4.011635303500
888.740000000 10.000000000 4.011435508700
886.740000000 7.400000000 4.009867668200
887.490000000 8.200000000 4.007450580600
891.990000000 9.200000000 4.006264209700
887.240000000 8.200000000 4.005963325500
893.490000000 7.800000000 4.004498958600
895.490000000 6.600000000 4.004470825200
888.990000000 7.800000000 4.003637790700
891.740000000 8.400000000 4.001873970000
892.740000000 6.800000000 4.001455307000
890.990000000 6.400000000 4.001140594500
893.240000000 7.800000000 3.989181041700
893.990000000 6.000000000 3.989151477800
903.240000000 7.800000000 3.985851287800
897.740000000 6.800000000 3.970505237600
894.740000000 7.800000000 3.967118024800
903.240000000 6.800000000 3.967026233700
897.490000000 8.600000000 3.965396642700
887.990000000 9.600000000 3.964877128600
900.240000000 7.200000000 3.960862398100
894.240000000 6.000000000 3.960236787800
891.990000000 6.400000000 3.958481311800
891.740000000 9.000000000 3.953639745700
901.740000000 7.200000000 3.953479766800
893.490000000 9.600000000 3.953098297100
896.990000000 7.800000000 3.952636957200
899.990000000 7.800000000 3.951182603800
895.240000000 6.600000000 3.949687242500
902.990000000 6.800000000 3.948453664800
892.240000000 8.400000000 3.946974039100
892.740000000 6.600000000 3.945878744100
904.740000000 7.200000000 3.944485664400
905.490000000 9.600000000 3.943006038700
889.240000000 6.200000000 3.941653490100
900.490000000 7.200000000 3.940465211900
888.740000000 6.800000000 3.939670562700
900.990000000 8.200000000 3.934222221400
902.990000000 7.800000000 3.933625936500
899.990000000 10.000000000 3.930291175800
902.740000000 7.800000000 3.930263757700
904.240000000 6.000000000 3.928336620300
889.740000000 9.800000000 3.927115202000
900.740000000 7.800000000 3.925887584700
903.490000000 6.800000000 3.925827741600
898.490000000 5.800000000 3.925098419200
897.990000000 6.200000000 3.924570083600
893.240000000 9.600000000 3.921402454400
900.490000000 8.000000000 3.918277263600
894.740000000 9.200000000 3.917703390100
900.990000000 6.200000000 3.911681890500
905.740000000 7.600000000 3.907414913200
893.740000000 6.000000000 3.907280445100
891.990000000 8.600000000 3.907097578000
899.240000000 10.000000000 3.906391620600
899.490000000 7.400000000 3.904935121500
892.490000000 8.400000000 3.901219368000
900.240000000 8.000000000 3.900459528000
888.990000000 6.600000000 3.900434970900
894.490000000 8.400000000 3.898730278000
894.990000000 7.400000000 3.895604610400
894.990000000 8.400000000 3.894250392900
892.740000000 8.800000000 3.893307447400
897.740000000 8.000000000 3.885689973800
894.740000000 9.000000000 3.884896278400
894.490000000 8.200000000 3.884579181700
888.240000000 6.800000000 3.883152246500
893.490000000 9.000000000 3.882818937300
899.240000000 7.400000000 3.881644487400
889.490000000 9.800000000 3.881101846700
899.990000000 7.200000000 3.880610227600
888.990000000 6.400000000 3.878208637200
896.240000000 9.800000000 3.877918481800
888.240000000 7.000000000 3.877055168200
900.990000000 6.800000000 3.871110439300
888.990000000 6.000000000 3.869247198100
900.240000000 7.400000000 3.868013620400
895.490000000 8.200000000 3.867427825900
888.740000000 6.000000000 3.864550113700
890.490000000 8.400000000 3.863943576800
895.240000000 6.200000000 3.860481739000
895.240000000 6.000000000 3.858388662300
898.240000000 7.000000000 3.855294227600
894.990000000 9.200000000 3.850488185900
899.990000000 9.200000000 3.850248575200
886.240000000 8.200000000 3.848477125200
896.490000000 9.000000000 3.848473548900
891.740000000 8.600000000 3.847600698500
892.240000000 8.600000000 3.847565412500
893.740000000 7.800000000 3.847281456000
894.990000000 9.600000000 3.845241546600
900.490000000 7.400000000 3.843150138900
896.490000000 6.200000000 3.839026689500
897.740000000 7.800000000 3.835151910800
894.240000000 8.000000000 3.831438303000
888.240000000 8.000000000 3.829721212400
904.490000000 6.800000000 3.828984975800
886.490000000 10.000000000 3.826081991200
891.490000000 8.400000000 3.823381662400
892.490000000 8.600000000 3.822985410700
892.990000000 7.800000000 3.820772409400
888.240000000 9.400000000 3.818493366200
895.740000000 9.800000000 3.817834138900
905.240000000 6.200000000 3.815389633200
893.490000000 6.400000000 3.807143688200
901.240000000 8.000000000 3.804646492000
902.490000000 6.200000000 3.802436828600
887.990000000 8.200000000 3.798912048300
891.490000000 8.600000000 3.796107053800
896.240000000 9.600000000 3.795183897000
895.740000000 8.600000000 3.792975187300
896.990000000 8.800000000 3.792196989100
893.990000000 5.800000000 3.792112588900
900.490000000 9.600000000 3.791418552400
894.740000000 7.400000000 3.790418863300
901.490000000 7.200000000 3.784801006300
893.740000000 9.400000000 3.783576965300
901.740000000 7.400000000 3.781959056900
905.240000000 9.600000000 3.779681682600
898.490000000 6.000000000 3.778119087200
888.990000000 9.000000000 3.775456666900
904.490000000 7.000000000 3.774041414300
895.240000000 9.200000000 3.772674322100
901.240000000 7.400000000 3.769900798800
895.990000000 9.400000000 3.765078544600
890.990000000 9.800000000 3.763693332700
902.490000000 7.800000000 3.760256052000
895.740000000 8.000000000 3.756951332100
886.990000000 10.000000000 3.753949642200
904.240000000 6.200000000 3.752764463400
896.490000000 6.600000000 3.752682209000
904.240000000 6.800000000 3.747176408800
893.740000000 5.800000000 3.742939472200
889.240000000 8.800000000 3.741745472000
892.990000000 6.600000000 3.727991342500
893.740000000 9.200000000 3.726769447300
888.490000000 6.200000000 3.725960016300
901.990000000 7.200000000 3.724432468400
902.240000000 8.000000000 3.723197937000
895.740000000 7.800000000 3.723147392300
894.990000000 9.000000000 3.723092317600
893.740000000 9.600000000 3.722316741900
894.240000000 8.200000000 3.722141742700
892.490000000 7.600000000 3.720815897000
892.990000000 6.800000000 3.719825267800
897.240000000 8.600000000 3.719659090000
890.490000000 8.800000000 3.717143058800
900.490000000 6.000000000 3.714296579400
892.490000000 8.800000000 3.712191343300
889.990000000 6.400000000 3.710199832900
895.990000000 7.000000000 3.709174156200
900.240000000 10.000000000 3.706758022300
895.990000000 6.200000000 3.705192089100
886.490000000 9.800000000 3.704902648900
896.490000000 9.800000000 3.702472209900
891.240000000 8.600000000 3.700883865400
897.990000000 8.400000000 3.700234890000
894.490000000 6.000000000 3.700147390400
901.490000000 7.400000000 3.699584722500
893.490000000 9.400000000 3.697966814000
888.240000000 9.600000000 3.696857452400
896.240000000 6.200000000 3.692976713200
896.990000000 7.600000000 3.685690879800
892.240000000 8.800000000 3.684380769700
903.990000000 5.800000000 3.683722019200
891.240000000 9.800000000 3.681340694400
895.740000000 6.200000000 3.680898189500
897.990000000 6.800000000 3.679610729200
893.990000000 7.800000000 3.678286314000
899.990000000 8.000000000 3.676603078800
896.240000000 6.800000000 3.675436019900
892.240000000 6.400000000 3.669549942000
900.990000000 7.800000000 3.669173002200
893.490000000 6.000000000 3.669065237000
904.490000000 6.200000000 3.662207603500
897.240000000 7.600000000 3.660224676100
900.740000000 6.000000000 3.659144640000
898.990000000 7.200000000 3.657989263500
900.240000000 7.600000000 3.654464483300
899.740000000 10.000000000 3.649478435500
899.990000000 7.600000000 3.648597240400
889.990000000 9.800000000 3.646729707700
886.990000000 9.800000000 3.646071195600
889.490000000 6.200000000 3.644613266000
903.990000000 6.200000000 3.643500566500
888.490000000 8.000000000 3.641872406000
886.740000000 10.000000000 3.638519763900
891.740000000 9.200000000 3.636011600500
892.990000000 9.600000000 3.635533571200
891.240000000 8.800000000 3.626225709900
892.740000000 7.800000000 3.624395608900
890.740000000 9.800000000 3.624132156400
895.240000000 7.400000000 3.623283147800
897.240000000 7.200000000 3.619516372700
899.490000000 9.800000000 3.616479158400
888.740000000 9.800000000 3.616105556500
896.740000000 7.800000000 3.616064071700
890.240000000 8.400000000 3.612462043800
903.990000000 6.000000000 3.610617876100
888.240000000 6.600000000 3.609245061900
895.740000000 7.600000000 3.606950521500
904.990000000 7.400000000 3.602131843600
896.490000000 7.600000000 3.595345735500
904.740000000 7.400000000 3.594685077700
903.990000000 6.800000000 3.593821764000
895.240000000 9.000000000 3.593383073800
896.240000000 6.400000000 3.593043088900
902.740000000 6.200000000 3.591907978100
888.740000000 9.000000000 3.591293096500
898.740000000 7.200000000 3.586803913100
893.490000000 6.200000000 3.583156108900
889.240000000 7.200000000 3.580790758100
888.240000000 8.800000000 3.578709125500
900.240000000 6.000000000 3.577486991900
899.740000000 7.200000000 3.576915025700
886.740000000 7.000000000 3.576495885800
894.490000000 7.800000000 3.576473236100
895.490000000 9.200000000 3.576076507600
903.490000000 6.400000000 3.573421478300
900.990000000 6.000000000 3.568912744500
894.240000000 7.800000000 3.568048000300
887.990000000 6.800000000 3.566686630200
894.740000000 9.400000000 3.564621925400
891.490000000 9.800000000 3.563723325700
900.990000000 7.000000000 3.561950683600
888.240000000 9.000000000 3.560919761700
898.740000000 8.000000000 3.560754776000
901.990000000 7.800000000 3.560701131800
899.240000000 7.200000000 3.560029268300
885.990000000 6.800000000 3.558699131000
887.990000000 8.800000000 3.556142568600
900.490000000 9.800000000 3.553519249000
895.490000000 6.200000000 3.553503990200
890.240000000 8.600000000 3.553111791600
900.490000000 7.600000000 3.550770044300
904.490000000 7.400000000 3.550689935700
887.990000000 9.000000000 3.550019979500
896.240000000 7.600000000 3.549562692600
905.240000000 7.400000000 3.546429395700
893.990000000 9.600000000 3.546295404400
899.490000000 7.200000000 3.539979219400
899.740000000 7.400000000 3.538845300700
896.240000000 7.800000000 3.537837505300
899.740000000 7.800000000 3.537407398200
888.490000000 9.000000000 3.535306930500
899.990000000 7.400000000 3.530198097200
891.490000000 9.000000000 3.528987169300
900.740000000 6.600000000 3.527956247300
900.740000000 6.400000000 3.527030229600
890.990000000 9.400000000 3.525270700500
896.740000000 7.600000000 3.524807930000
891.990000000 8.800000000 3.524171352400
890.990000000 8.600000000 3.523989677400
893.990000000 8.000000000 3.523531913800
895.240000000 8.400000000 3.521409034700
903.240000000 7.600000000 3.519492149400
895.990000000 7.800000000 3.516131401100
893.990000000 9.400000000 3.511434793500
889.990000000 8.600000000 3.508036851900
893.240000000 8.200000000 3.507397413300
893.740000000 8.200000000 3.506218910200
899.490000000 8.200000000 3.503168582900
901.490000000 8.000000000 3.501837730400
889.490000000 7.200000000 3.501113891600
892.490000000 6.400000000 3.500799655900
892.240000000 9.800000000 3.498921632800
888.490000000 8.800000000 3.496315717700
888.490000000 6.600000000 3.495827674900
895.990000000 9.200000000 3.495214700700
895.990000000 9.000000000 3.494969606400
888.490000000 6.000000000 3.493732929200
889.240000000 6.000000000 3.491197347600
891.990000000 9.800000000 3.490643024400
900.740000000 8.200000000 3.490289926500
895.490000000 9.000000000 3.490183353400
888.990000000 10.000000000 3.489839315400
888.990000000 8.800000000 3.487241506600
899.740000000 7.600000000 3.485902309400
888.990000000 7.200000000 3.485479116400
888.740000000 6.400000000 3.484968662300
893.490000000 8.200000000 3.483513593700
887.990000000 7.000000000 3.479609489400
896.490000000 7.800000000 3.478529691700
895.740000000 9.000000000 3.475801467900
893.240000000 9.200000000 3.474476099000
894.240000000 5.800000000 3.472826719300
901.240000000 6.000000000 3.471729993800
902.990000000 6.200000000 3.470322132100
891.740000000 9.800000000 3.470115661600
893.990000000 8.200000000 3.467417240100
895.990000000 7.600000000 3.466676950500
904.240000000 7.400000000 3.462277174000
894.490000000 10.000000000 3.461161851900
897.490000000 7.600000000 3.461097002000
890.490000000 8.600000000 3.460016250600
890.740000000 9.400000000 3.459718227400
904.740000000 6.600000000 3.459650278100
889.990000000 9.600000000 3.454802513100
888.990000000 6.800000000 3.454768896100
903.740000000 6.800000000 3.450263023400
889.240000000 9.200000000 3.450250864000
901.740000000 7.800000000 3.449672937400
896.740000000 8.800000000 3.449467182200
903.740000000 6.200000000 3.448435545000
893.490000000 5.800000000 3.447620630300
901.240000000 7.800000000 3.447221040700
898.740000000 6.000000000 3.445095300700
890.240000000 9.000000000 3.444030046500
895.740000000 9.200000000 3.443252086600
898.490000000 7.000000000 3.441936254500
899.490000000 10.000000000 3.439514637000
895.990000000 8.800000000 3.439199447600
896.990000000 6.600000000 3.438344001800
903.740000000 5.800000000 3.437172889700
901.740000000 7.600000000 3.435461282700
888.740000000 8.800000000 3.434030532800
898.740000000 5.800000000 3.431330442400
893.240000000 9.400000000 3.429961204500
891.240000000 9.400000000 3.423431634900
890.740000000 8.600000000 3.422415971800
901.990000000 7.400000000 3.422064065900
890.740000000 7.000000000 3.421933412600
901.240000000 7.000000000 3.421020031000
894.740000000 10.000000000 3.418639898300
889.240000000 7.800000000 3.418453455000
899.990000000 7.000000000 3.416327714900
902.490000000 5.800000000 3.414046287500
900.740000000 7.600000000 3.413496494300
899.240000000 5.800000000 3.411005020100
898.240000000 6.200000000 3.410858869600
889.740000000 7.200000000 3.410702943800
899.740000000 9.200000000 3.408577680600
901.490000000 6.000000000 3.407853126500
901.990000000 7.600000000 3.405210256600
891.240000000 8.400000000 3.401996851000
886.740000000 9.800000000 3.401417493800
893.490000000 9.200000000 3.399174451800
889.240000000 9.800000000 3.396974325200
893.240000000 6.400000000 3.396621704100
900.240000000 9.600000000 3.394480943700
885.990000000 8.200000000 3.391305685000
904.740000000 6.200000000 3.389726877200
904.240000000 9.800000000 3.383711814900
897.990000000 7.800000000 3.382342577000
900.740000000 9.800000000 3.382219314600
898.490000000 7.200000000 3.379741907100
886.990000000 7.200000000 3.379504203800
903.990000000 9.800000000 3.378157615700
898.240000000 6.800000000 3.374372005500
899.490000000 9.400000000 3.373280286800
900.740000000 10.000000000 3.373261451700
899.490000000 9.600000000 3.372978210400
900.240000000 7.000000000 3.372910976400
892.990000000 8.200000000 3.370176553700
904.240000000 7.000000000 3.369687557200
898.990000000 7.400000000 3.369064569500
905.490000000 7.400000000 3.368501424800
889.490000000 9.200000000 3.368242740600
892.490000000 9.800000000 3.367825269700
902.240000000 7.800000000 3.367369175000
897.490000000 7.200000000 3.366159439100
901.490000000 7.800000000 3.365720987300
887.990000000 6.600000000 3.363703727700
890.740000000 8.400000000 3.362875461600
893.740000000 8.000000000 3.362490654000
901.490000000 7.600000000 3.361849069600
889.740000000 6.200000000 3.358282566100
899.990000000 9.400000000 3.356417655900
887.740000000 9.000000000 3.356059789700
886.240000000 6.400000000 3.355606079100
889.740000000 9.600000000 3.353555917700
891.490000000 9.200000000 3.345354318600
900.240000000 9.800000000 3.345227003100
890.240000000 9.600000000 3.342504739800
886.490000000 6.400000000 3.340231657000
896.740000000 8.600000000 3.338669061700
890.490000000 9.400000000 3.337249040600
888.740000000 8.000000000 3.334351301200
893.240000000 6.600000000 3.332809209800
903.490000000 5.800000000 3.329305410400
896.740000000 6.600000000 3.320721864700
900.990000000 7.600000000 3.319033145900
892.740000000 6.400000000 3.317934989900
901.740000000 6.000000000 3.317267417900
888.740000000 6.600000000 3.316337347000
897.490000000 8.000000000 3.316283941300
902.240000000 7.200000000 3.316156387300
897.740000000 8.200000000 3.315824508700
900.490000000 10.000000000 3.313696861300
891.240000000 5.800000000 3.313250541700
896.240000000 9.000000000 3.312248468400
901.990000000 8.000000000 3.311511039700
897.240000000 6.600000000 3.309099912600
893.490000000 8.000000000 3.309050321600
903.990000000 6.400000000 3.305572748200
903.490000000 6.200000000 3.305300712600
890.740000000 9.600000000 3.304488182100
901.240000000 7.600000000 3.304188489900
895.990000000 7.200000000 3.302671194100
891.490000000 5.800000000 3.301643371600
903.240000000 5.800000000 3.300551414500
887.740000000 6.800000000 3.297955751400
901.740000000 8.000000000 3.297649383500
903.990000000 7.400000000 3.297349453000
894.740000000 5.800000000 3.296833753600
903.740000000 6.000000000 3.296738386200
903.240000000 6.200000000 3.294625520700
890.740000000 8.800000000 3.293723821600
900.990000000 9.800000000 3.291714191400
904.990000000 6.400000000 3.290387868900
896.490000000 8.600000000 3.287846565200
888.740000000 7.200000000 3.282240390800
890.490000000 9.600000000 3.282220840500
886.740000000 6.600000000 3.282144069700
902.990000000 7.000000000 3.280896186800
890.240000000 9.800000000 3.280384063700
892.240000000 7.600000000 3.279501676600
887.740000000 8.800000000 3.277684211700
900.990000000 10.000000000 3.275921821600
895.490000000 7.400000000 3.273205757100
903.740000000 6.400000000 3.270784854900
894.240000000 10.000000000 3.268928527800
888.990000000 9.200000000 3.266932725900
892.990000000 10.000000000 3.266807079300
890.240000000 6.400000000 3.266128063200
904.240000000 6.400000000 3.265309810600
891.740000000 6.200000000 3.265270710000
902.740000000 7.000000000 3.263189315800
897.740000000 7.200000000 3.262419223800
892.490000000 7.800000000 3.258020877800
889.990000000 7.200000000 3.257521867800
900.740000000 7.000000000 3.252416610700
900.740000000 6.200000000 3.251417875300
898.740000000 7.400000000 3.250663280500
899.240000000 7.600000000 3.245642662000
902.740000000 7.600000000 3.245130538900
898.490000000 6.200000000 3.244294405000
899.740000000 8.000000000 3.243881940800
903.740000000 9.800000000 3.243644952800
902.990000000 7.600000000 3.243366003000
897.240000000 8.000000000 3.242949485800
893.240000000 8.000000000 3.239994764300
899.490000000 7.600000000 3.237721681600
901.990000000 6.000000000 3.233904123300
890.490000000 6.200000000 3.232310295100
901.240000000 9.800000000 3.230452060700
902.240000000 6.000000000 3.230371952100
904.490000000 6.600000000 3.227906465500
891.490000000 6.200000000 3.226731300400
897.490000000 6.400000000 3.226137161300
902.240000000 9.800000000 3.224806070300
894.490000000 7.400000000 3.224671125400
894.740000000 6.000000000 3.224507093400
890.490000000 9.800000000 3.224074602100
894.990000000 6.000000000 3.223355054900
904.240000000 6.600000000 3.222886562300
897.490000000 8.400000000 3.221776723900
902.990000000 5.800000000 3.219260454200
893.990000000 6.600000000 3.216602087000
890.990000000 9.600000000 3.214460849800
900.740000000 6.800000000 3.214331865300
897.740000000 8.400000000 3.210893392600
890.240000000 9.400000000 3.207231521600
898.990000000 6.000000000 3.205708265300
903.990000000 7.000000000 3.205187320700
886.490000000 6.600000000 3.201043367400
890.490000000 7.600000000 3.199494361900
899.740000000 7.000000000 3.196110248600
899.740000000 8.200000000 3.190976858100
904.490000000 9.800000000 3.189737558400
888.240000000 6.200000000 3.186491489400
894.240000000 9.600000000 3.181505203200
902.490000000 9.800000000 3.181450843800
889.990000000 6.200000000 3.180544614800
890.240000000 6.200000000 3.180496931100
897.740000000 7.600000000 3.179029941600
893.240000000 6.000000000 3.178579092000
890.990000000 8.800000000 3.174119710900
899.740000000 6.000000000 3.172881364800
900.490000000 7.000000000 3.172583103200
892.990000000 6.400000000 3.167563438400
897.240000000 8.400000000 3.167251586900
889.740000000 8.600000000 3.161318063700
898.990000000 8.000000000 3.159245014200
886.990000000 6.600000000 3.157705068600
897.240000000 6.400000000 3.157573461500
895.990000000 6.800000000 3.157182455100
903.740000000 6.600000000 3.156545877500
890.490000000 7.400000000 3.154572725300
905.740000000 9.800000000 3.153716564200
903.240000000 7.000000000 3.153670549400
895.990000000 8.600000000 3.149933099700
890.740000000 5.800000000 3.148125648500
887.490000000 6.800000000 3.147865295400
902.240000000 7.600000000 3.147656917600
897.990000000 7.200000000 3.147520542100
901.990000000 9.800000000 3.147369146300
895.490000000 8.400000000 3.147325277300
892.740000000 9.600000000 3.146842956500
903.990000000 6.600000000 3.146529197700
891.490000000 9.400000000 3.144303083400
890.740000000 6.400000000 3.143540144000
894.240000000 9.400000000 3.143093109100
895.490000000 9.800000000 3.141031265300
901.240000000 10.000000000 3.140892982500
896.490000000 8.400000000 3.134898662600
888.490000000 9.400000000 3.130043268200
888.490000000 7.200000000 3.121806860000
887.240000000 6.800000000 3.121591806400
896.990000000 8.000000000 3.119962215400
898.740000000 6.200000000 3.119877338400
904.990000000 6.200000000 3.119232416200
890.990000000 8.400000000 3.119201183300
902.740000000 9.800000000 3.116725206400
887.240000000 7.200000000 3.116147756600
902.490000000 7.600000000 3.115531921400
897.740000000 6.400000000 3.113322019600
903.490000000 9.800000000 3.111881732900
894.490000000 9.400000000 3.110879421200
899.490000000 7.800000000 3.107633113900
893.240000000 6.800000000 3.104145765300
885.990000000 6.400000000 3.104009866700
903.490000000 6.000000000 3.103456020400
898.240000000 7.200000000 3.103001833000
896.990000000 8.600000000 3.102880239500
893.740000000 9.800000000 3.096021413800
899.490000000 6.000000000 3.088520050000
892.740000000 9.800000000 3.085437297800
894.240000000 7.400000000 3.081133842500
886.740000000 6.400000000 3.079878568600
890.240000000 7.200000000 3.073467493100
897.740000000 6.600000000 3.072947263700
904.490000000 6.400000000 3.072729349100
902.990000000 9.800000000 3.072197914100
887.990000000 7.200000000 3.071757555000
890.240000000 8.200000000 3.070098877000
892.990000000 9.800000000 3.069565296200
891.740000000 5.800000000 3.069416999800
885.990000000 6.600000000 3.065866947200
890.740000000 6.200000000 3.065653801000
903.740000000 7.000000000 3.065147638300
894.990000000 10.000000000 3.064245224000
891.240000000 9.000000000 3.062402963600
887.490000000 9.200000000 3.061820507000
887.740000000 6.600000000 3.061657905600
897.240000000 7.400000000 3.060234069800
903.240000000 9.800000000 3.059201002100
902.490000000 6.000000000 3.057119846300
903.740000000 7.400000000 3.055578947100
899.990000000 6.000000000 3.053014755200
899.740000000 9.800000000 3.050832748400
899.990000000 8.200000000 3.050335407300
902.490000000 7.000000000 3.050004959100
895.740000000 7.400000000 3.047622919100
896.240000000 8.600000000 3.046232938800
903.240000000 6.000000000 3.044641256300
891.490000000 9.600000000 3.043709993400
888.490000000 9.600000000 3.043535947800
896.490000000 8.800000000 3.042978048300
903.490000000 7.000000000 3.042826414100
886.990000000 6.800000000 3.042267561000
898.990000000 6.200000000 3.038348436400
896.490000000 6.400000000 3.032890796700
890.490000000 5.800000000 3.032881498300
896.740000000 6.400000000 3.032490491900
887.490000000 7.200000000 3.028942346600
890.740000000 6.000000000 3.027632951700
889.990000000 9.400000000 3.027472496000
887.740000000 7.200000000 3.026422023800
893.490000000 9.800000000 3.025412559500
887.740000000 9.200000000 3.024924278300
898.490000000 6.800000000 3.023012638100
885.990000000 8.800000000 3.020010232900
888.240000000 7.200000000 3.017950773200
895.240000000 9.800000000 3.016842365300
891.240000000 9.600000000 3.016242027300
894.740000000 9.600000000 3.015331268300
888.240000000 6.000000000 3.014668941500
905.490000000 9.800000000 3.012758016600
894.490000000 5.800000000 3.012646198300
894.490000000 6.800000000 3.011543989200
890.740000000 8.200000000 3.011353015900
893.240000000 5.800000000 3.009052991900
888.490000000 6.400000000 3.008576393100
902.990000000 6.000000000 3.008404254900
896.490000000 7.400000000 3.007295846900
896.990000000 6.400000000 3.007292747500
896.240000000 7.400000000 3.006699800500
894.740000000 6.800000000 3.005872488000
905.740000000 7.400000000 3.003538131700
888.740000000 9.200000000 2.999328613300
897.490000000 6.600000000 2.998715877500
899.990000000 6.200000000 2.995841264700
888.240000000 8.200000000 2.995603561400
898.990000000 7.600000000 2.994616985300
898.490000000 7.400000000 2.991417169600
891.990000000 6.200000000 2.991076707800
900.490000000 6.800000000 2.991009235400
889.990000000 8.400000000 2.989424228700
902.740000000 6.000000000 2.987704753900
893.240000000 9.800000000 2.987450599700
904.740000000 6.400000000 2.987422704700
895.990000000 7.400000000 2.985617876100
890.490000000 6.000000000 2.983611583700
902.740000000 5.800000000 2.982223987600
892.740000000 8.200000000 2.980283021900
901.490000000 9.800000000 2.979806423200
887.240000000 6.600000000 2.978778123900
893.990000000 7.400000000 2.976135730700
892.990000000 5.800000000 2.975753545800
899.240000000 6.200000000 2.971687555300
897.490000000 7.400000000 2.970561027500
890.490000000 6.400000000 2.970255613300
892.240000000 7.800000000 2.969609499000
897.990000000 6.600000000 2.969104051600
893.740000000 6.600000000 2.968317747100
889.490000000 6.000000000 2.967088699300
893.990000000 10.000000000 2.966495990800
899.490000000 7.000000000 2.965193033200
895.740000000 8.200000000 2.962127685500
902.240000000 7.400000000 2.961353063600
891.990000000 7.600000000 2.957932233800
892.740000000 5.800000000 2.955069780300
891.490000000 8.200000000 2.954726934400
899.990000000 9.600000000 2.953996419900
886.990000000 6.000000000 2.953799247700
890.490000000 8.200000000 2.953256845500
895.240000000 10.000000000 2.951462745700
889.490000000 9.600000000 2.947613477700
900.240000000 8.200000000 2.946332931500
887.740000000 7.000000000 2.945491313900
898.990000000 5.800000000 2.944332122800
889.740000000 9.200000000 2.934525013000
887.990000000 9.200000000 2.933048963500
896.740000000 8.400000000 2.930180549600
896.990000000 8.400000000 2.929201602900
900.240000000 6.200000000 2.926240921000
886.990000000 7.000000000 2.924981117200
896.740000000 7.400000000 2.923227071800
899.740000000 6.200000000 2.921329021500
896.240000000 8.400000000 2.921222925200
890.740000000 7.600000000 2.921207904800
890.990000000 5.800000000 2.920392990100
890.990000000 9.200000000 2.920192003300
887.490000000 6.600000000 2.914862871200
899.490000000 6.200000000 2.910962343200
887.490000000 9.000000000 2.909754991500
899.240000000 7.800000000 2.909591436400
891.240000000 9.200000000 2.907174110400
899.990000000 9.800000000 2.906882047700
890.740000000 9.200000000 2.904867410700
891.240000000 8.200000000 2.903918027900
893.990000000 9.800000000 2.899049043700
895.740000000 6.800000000 2.895268440200
890.740000000 7.400000000 2.894512176500
891.990000000 5.800000000 2.891469240200
898.240000000 7.800000000 2.891139507300
893.240000000 6.200000000 2.890829801600
891.990000000 7.000000000 2.890817642200
904.490000000 7.200000000 2.888309717200
891.240000000 7.000000000 2.885770797700
890.990000000 8.200000000 2.885363102000
904.740000000 9.800000000 2.884240388900
892.490000000 5.800000000 2.881466865500
891.990000000 7.800000000 2.880115270600
901.740000000 9.800000000 2.877943515800
891.740000000 9.600000000 2.877704620400
891.740000000 8.200000000 2.871988773300
902.490000000 7.200000000 2.869307279600
890.990000000 7.800000000 2.865376234100
891.740000000 7.000000000 2.864301919900
890.740000000 7.800000000 2.863692998900
887.490000000 7.000000000 2.863487720500
900.240000000 6.800000000 2.861544370700
895.740000000 7.000000000 2.860246896700
891.490000000 7.000000000 2.860180616400
901.490000000 7.000000000 2.856747388800
901.490000000 10.000000000 2.856347560900
890.490000000 9.200000000 2.855946302400
899.240000000 6.000000000 2.855920553200
892.990000000 8.000000000 2.855691194500
891.740000000 9.400000000 2.854711294200
898.990000000 7.800000000 2.853358030300
899.240000000 7.000000000 2.850252151500
900.490000000 8.200000000 2.849304437600
899.740000000 9.600000000 2.843263864500
886.740000000 6.800000000 2.840809106800
887.240000000 6.000000000 2.840318441400
892.240000000 5.800000000 2.839219331700
896.740000000 8.000000000 2.838649511300
886.240000000 6.600000000 2.837653160100
892.990000000 9.400000000 2.835632085800
896.990000000 7.400000000 2.834487915000
891.490000000 7.400000000 2.832794189500
888.240000000 9.200000000 2.829085826900
888.490000000 9.200000000 2.827161312100
896.740000000 8.200000000 2.825278997400
897.990000000 7.600000000 2.825054407100
891.240000000 7.800000000 2.821800947200
899.990000000 6.800000000 2.808144092600
902.740000000 7.200000000 2.807222843200
889.490000000 8.000000000 2.805655717800
904.240000000 7.200000000 2.805487871200
897.990000000 6.400000000 2.805276393900
893.740000000 7.400000000 2.802888393400
889.740000000 9.400000000 2.801580667500
888.990000000 8.000000000 2.794861555100
887.240000000 9.200000000 2.793850421900
887.240000000 7.000000000 2.793334960900
894.490000000 9.600000000 2.792068719900
887.740000000 6.000000000 2.787983655900
899.240000000 8.000000000 2.787707090400
890.990000000 7.000000000 2.786563634900
903.490000000 7.400000000 2.785866498900
887.240000000 6.200000000 2.785197973300
891.740000000 7.400000000 2.780066013300
898.740000000 7.000000000 2.779165267900
887.990000000 6.200000000 2.778383016600
898.990000000 7.000000000 2.775542974500
892.240000000 7.000000000 2.773494482000
895.990000000 8.000000000 2.768152952200
892.490000000 8.200000000 2.767356157300
889.740000000 8.400000000 2.761983633000
889.240000000 9.600000000 2.761595249200
895.240000000 6.800000000 2.759789228400
899.740000000 9.400000000 2.756549358400
891.490000000 7.800000000 2.751895427700
890.490000000 7.200000000 2.749462604500
889.990000000 8.200000000 2.747537612900
893.490000000 6.600000000 2.745016574900
893.490000000 7.400000000 2.741331815700
888.740000000 8.400000000 2.740410804700
891.490000000 7.600000000 2.739961385700
893.240000000 7.000000000 2.739064216600
892.740000000 6.000000000 2.738000154500
888.990000000 9.800000000 2.737590313000
890.490000000 7.800000000 2.735755682000
890.990000000 7.600000000 2.727157831200
891.740000000 7.600000000 2.724743604700
892.240000000 6.200000000 2.724423885300
890.240000000 9.200000000 2.721345663100
886.240000000 6.800000000 2.721319198600
902.990000000 7.200000000 2.717543840400
891.240000000 6.200000000 2.717155695000
887.990000000 6.000000000 2.713689088800
902.490000000 7.400000000 2.713105917000
899.740000000 6.800000000 2.711424827600
887.490000000 6.200000000 2.710348606100
892.990000000 7.000000000 2.709056377400
895.490000000 6.800000000 2.708699464800
902.240000000 7.000000000 2.706238746600
889.490000000 7.800000000 2.700124740600
898.740000000 7.600000000 2.698987722400
901.740000000 10.000000000 2.695542812300
891.240000000 7.400000000 2.695521354700
901.990000000 10.000000000 2.692333698300
894.990000000 7.200000000 2.692066907900
890.990000000 9.000000000 2.691435813900
889.740000000 8.000000000 2.691248893700
897.740000000 7.400000000 2.689846515700
887.490000000 8.800000000 2.688767910000
891.990000000 8.200000000 2.687233686400
889.240000000 8.000000000 2.686942577400
888.990000000 8.400000000 2.681579351400
893.240000000 7.400000000 2.679346084600
886.990000000 6.400000000 2.676148653000
891.740000000 7.800000000 2.675424337400
890.490000000 9.000000000 2.674898624400
901.740000000 7.000000000 2.671717166900
888.240000000 8.600000000 2.670766353600
894.990000000 6.800000000 2.670199871100
885.990000000 9.000000000 2.669675350200
899.490000000 8.000000000 2.669285774200
890.990000000 7.400000000 2.667493820200
892.490000000 7.000000000 2.665025949500
886.740000000 6.000000000 2.661442279800
905.240000000 9.800000000 2.661274671600
888.490000000 8.400000000 2.660636186600
904.990000000 9.800000000 2.652881145500
891.240000000 7.600000000 2.652655363100
893.740000000 10.000000000 2.651881694800
898.240000000 7.400000000 2.651134014100
890.240000000 6.000000000 2.650396108600
898.740000000 7.800000000 2.650373220400
889.740000000 7.800000000 2.649026632300
901.990000000 7.000000000 2.647801399200
892.740000000 7.000000000 2.644145965600
887.740000000 6.200000000 2.641204834000
886.990000000 6.200000000 2.639057636300
892.490000000 9.600000000 2.637139558800
896.240000000 8.000000000 2.635296106300
888.740000000 8.600000000 2.635016441300
890.990000000 6.200000000 2.628780841800
890.240000000 5.800000000 2.627951860400
887.490000000 6.000000000 2.627393722500
887.990000000 6.400000000 2.624061107600
889.490000000 8.400000000 2.617662191400
895.740000000 8.400000000 2.614307880400
894.740000000 7.200000000 2.611478328700
887.740000000 8.400000000 2.610456705100
898.490000000 7.800000000 2.608110427900
894.240000000 6.800000000 2.607759952500
889.490000000 9.400000000 2.605659246400
889.240000000 8.400000000 2.605267763100
888.240000000 6.400000000 2.601102352100
892.240000000 9.400000000 2.599145174000
891.990000000 9.400000000 2.596956491500
892.990000000 6.000000000 2.595627307900
888.990000000 9.600000000 2.588620662700
887.990000000 8.600000000 2.587051153200
889.490000000 8.600000000 2.585980892200
887.990000000 8.400000000 2.581754684400
895.990000000 8.400000000 2.573653698000
896.990000000 8.200000000 2.572724103900
892.490000000 6.200000000 2.568856477700
890.990000000 6.000000000 2.568301916100
898.240000000 6.600000000 2.568221569100
903.990000000 7.200000000 2.565776109700
888.740000000 9.600000000 2.564791441000
885.990000000 6.200000000 2.559159994100
888.990000000 5.800000000 2.558598518400
891.990000000 7.400000000 2.558237075800
892.240000000 8.200000000 2.557480573700
885.990000000 8.400000000 2.555576086000
889.740000000 6.000000000 2.553271532100
887.740000000 5.800000000 2.553189277600
888.740000000 5.800000000 2.551011562300
898.240000000 6.400000000 2.550918579100
896.490000000 8.200000000 2.548874616600
896.490000000 8.000000000 2.542253494300
903.240000000 7.400000000 2.541299581500
888.490000000 8.600000000 2.540621995900
896.240000000 8.800000000 2.539842128800
895.740000000 7.200000000 2.539200544400
902.240000000 10.000000000 2.538542270700
889.240000000 9.400000000 2.537289381000
893.490000000 7.000000000 2.535387039200
889.490000000 5.800000000 2.533717393900
903.240000000 7.200000000 2.532026052500
892.490000000 6.000000000 2.529639244100
891.740000000 8.000000000 2.527171611800
890.740000000 9.000000000 2.527054786700
888.990000000 8.600000000 2.522632598900
894.240000000 9.800000000 2.521281480800
902.990000000 7.400000000 2.513104915600
899.490000000 6.800000000 2.510916709900
891.990000000 9.600000000 2.510061502500
902.740000000 7.400000000 2.509467840200
905.740000000 10.000000000 2.508785963100
900.490000000 6.200000000 2.508040666600
897.240000000 8.200000000 2.496756315200
892.490000000 9.400000000 2.496128559100
898.490000000 7.600000000 2.495454549800
889.240000000 5.800000000 2.495013237000
886.240000000 6.200000000 2.490442752800
891.990000000 8.000000000 2.489820957200
893.490000000 6.800000000 2.489664554600
889.990000000 9.200000000 2.486407041500
888.990000000 9.400000000 2.481505394000
886.990000000 9.200000000 2.481355905500
891.490000000 8.000000000 2.480840921400
886.240000000 8.800000000 2.475927591300
898.740000000 6.800000000 2.472299575800
886.240000000 6.000000000 2.471182346300
898.240000000 7.600000000 2.471137046800
897.490000000 8.200000000 2.468695879000
894.990000000 9.800000000 2.467813968700
892.740000000 8.000000000 2.465826988200
886.490000000 6.800000000 2.463067531600
889.490000000 8.200000000 2.452227830900
889.740000000 8.200000000 2.451515436200
886.240000000 9.000000000 2.449463367500
892.490000000 8.000000000 2.449059963200
887.490000000 8.400000000 2.444934368100
892.240000000 8.000000000 2.443809509300
895.240000000 7.200000000 2.443475008000
886.490000000 9.200000000 2.430948972700
893.490000000 10.000000000 2.430784463900
889.990000000 6.000000000 2.429874181700
892.740000000 6.200000000 2.426478385900
899.490000000 6.600000000 2.426257610300
889.240000000 8.600000000 2.424896955500
893.240000000 10.000000000 2.423698425300
887.990000000 5.800000000 2.422887325300
889.990000000 8.000000000 2.422502040900
902.490000000 10.000000000 2.413209915200
886.240000000 8.400000000 2.410246610600
889.740000000 5.800000000 2.408245563500
897.990000000 7.400000000 2.402807951000
899.740000000 6.600000000 2.402717113500
899.240000000 6.400000000 2.402511119800
888.490000000 5.800000000 2.400889158200
899.490000000 6.400000000 2.398821353900
892.240000000 9.600000000 2.397176504100
902.740000000 10.000000000 2.396069526700
886.490000000 6.000000000 2.392966270400
903.490000000 7.200000000 2.391901493100
892.990000000 7.400000000 2.389252901100
887.740000000 6.400000000 2.386649608600
885.990000000 9.200000000 2.385820865600
886.740000000 9.200000000 2.385665893600
887.240000000 9.000000000 2.384247303000
890.240000000 7.800000000 2.382189750700
903.740000000 7.200000000 2.372736692400
888.240000000 8.400000000 2.371132850600
902.990000000 10.000000000 2.366043806100
895.990000000 8.200000000 2.363706827200
903.490000000 10.000000000 2.360714912400
891.240000000 8.000000000 2.356080293700
891.240000000 6.000000000 2.349586248400
885.990000000 6.000000000 2.349418401700
888.740000000 9.400000000 2.334360599500
889.990000000 7.800000000 2.334091424900
889.240000000 8.200000000 2.334054470100
887.240000000 6.400000000 2.332243919400
903.240000000 10.000000000 2.324429512000
887.740000000 8.600000000 2.323520660400
892.240000000 7.400000000 2.323244094800
886.490000000 9.000000000 2.320833683000
886.240000000 9.200000000 2.305969953500
890.740000000 7.200000000 2.304488897300
888.240000000 5.800000000 2.296701669700
892.740000000 9.400000000 2.290979147000
887.490000000 5.800000000 2.290254831300
886.490000000 8.400000000 2.286641597700
887.240000000 8.400000000 2.280378580100
898.490000000 6.600000000 2.272905111300
889.990000000 5.800000000 2.268336057700
886.740000000 9.000000000 2.267894983300
892.990000000 6.200000000 2.266940832100
903.740000000 10.000000000 2.265833616300
894.490000000 7.200000000 2.241618633300
886.990000000 9.000000000 2.240602970100
888.990000000 8.200000000 2.240262270000
886.490000000 6.200000000 2.239897251100
886.740000000 8.400000000 2.232057333000
887.490000000 6.400000000 2.228118181200
896.240000000 8.200000000 2.218523025500
891.990000000 7.200000000 2.215006113100
892.240000000 7.200000000 2.214746713600
888.740000000 8.200000000 2.206832408900
898.490000000 6.400000000 2.206021785700
899.240000000 6.800000000 2.205094099000
899.240000000 6.600000000 2.203990221000
892.240000000 6.000000000 2.201920986200
898.990000000 6.400000000 2.200532913200
886.990000000 8.400000000 2.200529575300
890.990000000 8.000000000 2.195442676500
899.990000000 6.600000000 2.187324285500
893.740000000 6.800000000 2.185934543600
900.490000000 6.400000000 2.175602912900
894.490000000 9.800000000 2.168625831600
886.740000000 6.200000000 2.162115335500
888.490000000 8.200000000 2.155638217900
887.240000000 8.800000000 2.154776334800
893.990000000 6.800000000 2.140007257500
899.740000000 6.400000000 2.137091398200
903.990000000 10.000000000 2.125986576100
894.990000000 7.000000000 2.121081352200
892.740000000 7.400000000 2.118763685200
890.240000000 8.000000000 2.115623235700
895.240000000 7.000000000 2.115463495300
890.990000000 7.200000000 2.114260196700
895.490000000 7.200000000 2.110718011900
885.990000000 8.600000000 2.103807210900
890.740000000 8.000000000 2.099574565900
900.490000000 6.600000000 2.095953702900
898.740000000 6.600000000 2.092549085600
886.990000000 5.800000000 2.083234787000
893.740000000 7.000000000 2.081768512700
894.740000000 7.000000000 2.075018644300
904.240000000 10.000000000 2.045020103500
895.490000000 7.000000000 2.043636322000
894.490000000 7.000000000 2.042016744600
891.240000000 7.200000000 2.038553237900
892.490000000 7.200000000 2.032685041400
891.490000000 7.200000000 2.032604217500
898.740000000 6.400000000 2.023897886300
900.240000000 6.600000000 2.020536661100
892.490000000 7.400000000 2.009213686000
898.990000000 6.800000000 2.001879930500
891.740000000 7.200000000 2.001322746300
891.490000000 6.000000000 1.998027443900
890.490000000 8.000000000 1.996364831900
887.490000000 8.600000000 1.985720992100
905.490000000 10.000000000 1.979544401200
894.740000000 9.800000000 1.973900795000
893.490000000 7.200000000 1.953895449600
893.240000000 7.200000000 1.951427698100
904.490000000 10.000000000 1.942286729800
886.990000000 8.800000000 1.927583813700
887.240000000 5.800000000 1.924946904200
886.740000000 5.800000000 1.922852516200
886.240000000 8.600000000 1.913524270100
899.990000000 6.400000000 1.912708878500
898.990000000 6.600000000 1.886923193900
892.990000000 7.200000000 1.885984063100
894.240000000 7.200000000 1.885645270300
904.740000000 10.000000000 1.882569074600
886.490000000 8.800000000 1.867353320100
893.740000000 7.200000000 1.848659753800
905.240000000 10.000000000 1.847349286100
900.240000000 6.400000000 1.843013167400
886.240000000 5.800000000 1.828676104500
904.990000000 10.000000000 1.826425671600
894.240000000 7.000000000 1.803897500000
892.740000000 7.200000000 1.798706531500
886.740000000 8.800000000 1.798233151400
886.490000000 8.600000000 1.766347527500
891.990000000 6.000000000 1.761005640000
893.990000000 7.000000000 1.757500886900
886.490000000 5.800000000 1.757265687000
891.740000000 6.000000000 1.751090645800
885.990000000 5.800000000 1.730814576100
887.240000000 8.600000000 1.723236799200
886.990000000 8.600000000 1.714107036600
886.740000000 8.600000000 1.710412025500
893.990000000 7.200000000 1.605792880100
