939.240000000 7.600000000 62.366973877000
938.990000000 7.600000000 62.284702301000
938.990000000 7.400000000 58.991268158000
939.240000000 7.400000000 55.925441741900
939.490000000 7.600000000 55.547981262200
938.740000000 7.600000000 55.308738708500
939.240000000 7.800000000 55.283107757600
938.740000000 7.400000000 54.713985443100
938.990000000 7.800000000 53.797210693400
939.490000000 7.800000000 51.324699401900
938.740000000 7.800000000 47.968555450400
939.490000000 7.400000000 47.934181213400
938.490000000 7.600000000 45.955116272000
938.490000000 7.400000000 45.831645965600
939.740000000 7.600000000 45.668239593500
939.740000000 7.800000000 43.812023162800
938.990000000 7.200000000 43.693035125700
939.240000000 8.000000000 43.452480316200
938.740000000 7.200000000 43.062145233200
938.990000000 8.000000000 42.685287475600
939.490000000 8.000000000 40.842357635500
938.490000000 7.800000000 40.642307281500
939.240000000 7.200000000 39.560131073000
938.240000000 7.600000000 38.725463867200
939.740000000 7.400000000 38.693954467800
938.740000000 8.000000000 38.585941314700
938.490000000 7.200000000 38.053207397500
938.240000000 7.400000000 37.958808898900
939.990000000 7.600000000 36.566879272500
939.740000000 8.000000000 36.200901031500
939.990000000 7.800000000 36.197425842300
937.490000000 7.400000000 35.365116119400
937.990000000 7.600000000 35.263240814200
937.490000000 7.600000000 35.026676178000
937.740000000 7.600000000 34.755687713600
943.740000000 7.800000000 34.719104766800
937.240000000 7.400000000 34.607238769500
938.240000000 7.800000000 34.598861694300
937.990000000 7.400000000 34.172397613500
937.740000000 7.400000000 34.108657836900
937.240000000 7.600000000 33.527278900100
939.240000000 8.200000000 33.336036682100
939.490000000 7.200000000 33.273868560800
943.740000000 8.000000000 33.104488372800
938.490000000 8.000000000 33.025562286400
938.990000000 8.200000000 32.919319152800
938.240000000 7.200000000 32.489994049100
937.490000000 7.800000000 31.844991684000
939.490000000 8.200000000 31.439304351800
939.990000000 8.000000000 31.392904281600
943.490000000 7.800000000 31.354450225800
937.990000000 7.800000000 31.258855819700
941.240000000 7.600000000 31.174325943000
937.240000000 7.800000000 31.104427337600
940.240000000 7.800000000 30.840377807600
937.740000000 7.800000000 30.799131393400
937.240000000 7.200000000 30.766912460300
939.990000000 7.400000000 30.693178176900
937.490000000 7.200000000 30.606460571300
943.490000000 8.000000000 30.530380249000
941.240000000 7.800000000 30.479307174700
940.240000000 7.600000000 30.272129058800
938.740000000 8.200000000 30.258901596100
940.990000000 7.600000000 30.240900039700
941.490000000 7.600000000 30.228273391700
936.990000000 7.400000000 29.930101394700
943.740000000 7.600000000 29.885711669900
940.990000000 7.800000000 29.813068389900
938.740000000 7.000000000 29.536336898800
937.990000000 7.200000000 29.472856521600
937.740000000 7.200000000 29.351366043100
941.490000000 7.800000000 29.341188430800
936.990000000 7.600000000 29.144561767600
943.740000000 8.200000000 28.936637878400
938.240000000 8.000000000 28.608156204200
940.740000000 7.600000000 28.607339859000
940.740000000 7.800000000 28.569707870500
940.490000000 7.800000000 28.452020645100
939.740000000 8.200000000 28.426258087200
941.240000000 8.000000000 28.395814895600
938.990000000 7.000000000 28.255302429200
940.240000000 8.000000000 27.886726379400
938.490000000 7.000000000 27.886556625400
941.490000000 8.000000000 27.802703857400
940.490000000 7.600000000 27.787002563500
936.990000000 7.200000000 27.776279449500
940.990000000 8.000000000 27.738222122200
943.490000000 7.600000000 27.444284439100
940.990000000 7.400000000 27.423730850200
937.490000000 8.000000000 27.408464431800
939.740000000 7.200000000 27.321191787700
941.740000000 7.600000000 27.238624572800
941.740000000 7.800000000 27.221237182600
941.240000000 7.400000000 27.219627380400
936.990000000 7.800000000 27.160699844400
943.240000000 7.800000000 27.117683410600
937.240000000 8.000000000 26.871892929100
940.740000000 8.000000000 26.657997131300
943.490000000 8.200000000 26.657674789400
938.490000000 8.200000000 26.609750747700
940.240000000 7.400000000 26.535802841200
937.740000000 8.000000000 26.476076126100
937.990000000 8.000000000 26.382112503100
940.490000000 8.000000000 26.375907897900
943.240000000 8.000000000 26.219331741300
940.740000000 7.400000000 26.206792831400
939.240000000 8.400000000 26.021846771200
938.990000000 8.400000000 26.015445709200
941.740000000 8.000000000 25.752586364700
939.990000000 8.200000000 25.607435226400
940.490000000 7.400000000 25.414638519300
938.240000000 7.000000000 25.151086807300
937.240000000 7.000000000 25.013254165600
939.240000000 7.000000000 24.957523345900
941.490000000 7.400000000 24.874351501500
939.490000000 8.400000000 24.840133667000
938.740000000 8.400000000 24.558359146100
941.990000000 7.800000000 24.384344101000
937.490000000 7.000000000 24.371135711700
941.240000000 8.200000000 24.010040283200
943.240000000 7.600000000 23.999938964800
936.990000000 7.000000000 23.938320159900
940.990000000 8.200000000 23.851749420200
940.240000000 8.200000000 23.781949996900
936.990000000 8.000000000 23.666872024500
938.240000000 8.200000000 23.602800369300
937.990000000 7.000000000 23.486652374300
941.490000000 8.200000000 23.452270507800
937.740000000 7.000000000 23.435293197600
940.740000000 8.200000000 23.375209808300
943.240000000 8.200000000 23.289680481000
939.990000000 7.200000000 23.265781402600
940.490000000 8.200000000 23.149137496900
941.990000000 7.600000000 23.130922317500
937.490000000 8.200000000 23.111356735200
936.740000000 7.600000000 22.991098403900
942.990000000 7.800000000 22.937726974500
939.740000000 8.400000000 22.840246200600
936.740000000 7.400000000 22.796194076500
937.240000000 8.200000000 22.789880752600
941.990000000 8.000000000 22.620826721200
937.740000000 8.200000000 22.418075561500
937.990000000 8.200000000 22.238821029700
938.490000000 8.400000000 22.207170486500
936.740000000 7.200000000 22.127622604400
938.990000000 8.600000000 22.102388382000
941.740000000 8.200000000 21.985427856400
939.240000000 8.600000000 21.659427642800
942.990000000 8.000000000 21.582614898700
939.490000000 7.000000000 21.529493331900
938.740000000 8.600000000 21.329975128200
936.740000000 7.800000000 21.289562225300
942.240000000 7.800000000 21.221473693800
941.740000000 7.400000000 21.137207031200
939.990000000 8.400000000 21.104511261000
943.740000000 7.400000000 21.074388504000
940.240000000 7.200000000 20.759052276600
936.990000000 8.200000000 20.643522262600
936.740000000 7.000000000 20.642801284800
943.740000000 8.400000000 20.608049392700
938.240000000 8.400000000 20.580808639500
938.990000000 8.800000000 20.478504180900
938.740000000 8.800000000 20.478376388500
942.990000000 7.600000000 20.444519043000
939.490000000 8.600000000 20.436275482200
940.990000000 7.200000000 20.355888366700
938.490000000 8.600000000 20.333900451700
937.490000000 8.400000000 20.307806015000
940.990000000 8.400000000 20.291238784800
937.240000000 8.400000000 20.282878875700
940.740000000 8.400000000 20.240819931000
940.240000000 8.400000000 20.122333526600
938.990000000 9.000000000 20.072921752900
940.740000000 7.200000000 20.060832977300
942.740000000 7.800000000 20.024675369300
938.740000000 9.000000000 20.023336410500
940.490000000 8.400000000 19.985767364500
937.240000000 6.800000000 19.961423873900
937.740000000 8.400000000 19.862220764200
941.240000000 8.400000000 19.844957351700
940.490000000 7.200000000 19.830139160200
937.990000000 8.400000000 19.793464660600
941.990000000 8.200000000 19.719215393100
938.490000000 8.800000000 19.701475143400
938.490000000 6.800000000 19.674430847200
943.490000000 7.400000000 19.624958038300
936.990000000 6.800000000 19.566278457600
942.990000000 8.200000000 19.557416915900
941.240000000 7.200000000 19.546068191500
939.240000000 8.800000000 19.481595993000
942.490000000 7.800000000 19.413507461500
942.240000000 8.000000000 19.411926269500
942.240000000 7.600000000 19.410192489600
938.240000000 8.600000000 19.327169418300
937.490000000 6.800000000 19.326028823900
937.240000000 8.600000000 19.305463790900
936.990000000 8.400000000 19.178131103500
938.740000000 6.800000000 19.155607223500
938.240000000 6.800000000 19.155504226700
938.490000000 9.000000000 19.099208831800
943.490000000 8.400000000 19.093029022200
937.490000000 8.600000000 19.068336486800
939.740000000 8.600000000 19.045398712200
938.990000000 9.200000000 19.013738632200
938.740000000 9.200000000 18.940799713100
941.490000000 8.400000000 18.908023834200
936.990000000 8.600000000 18.894824981700
936.740000000 8.000000000 18.864608764600
939.240000000 9.000000000 18.859977722200
937.240000000 8.800000000 18.797250747700
939.740000000 7.000000000 18.781116485600
938.240000000 8.800000000 18.769233703600
937.990000000 8.600000000 18.731674194300
937.740000000 8.600000000 18.709606170700
937.740000000 6.800000000 18.630460739100
936.990000000 8.800000000 18.581317901600
937.990000000 6.800000000 18.565595626800
937.490000000 8.800000000 18.463397979700
942.740000000 8.000000000 18.330516815200
937.990000000 8.800000000 18.184989929200
937.740000000 8.800000000 18.126945495600
938.240000000 9.000000000 18.018392562900
936.740000000 6.800000000 17.994562149000
939.990000000 8.600000000 17.960618972800
939.490000000 8.800000000 17.922060012800
938.490000000 9.200000000 17.918962478600
942.740000000 7.600000000 17.907487869300
939.240000000 9.200000000 17.748981475800
936.740000000 8.600000000 17.679273605300
942.490000000 8.000000000 17.603940963700
940.740000000 8.600000000 17.595443725600
937.240000000 9.000000000 17.560956955000
938.990000000 6.800000000 17.551149368300
941.740000000 8.400000000 17.506071090700
936.740000000 8.800000000 17.491722106900
940.490000000 8.600000000 17.455047607400
940.240000000 8.600000000 17.450454711900
942.490000000 7.600000000 17.447431564300
940.990000000 8.600000000 17.434896469100
936.740000000 8.200000000 17.412549972500
941.490000000 7.200000000 17.399278640700
937.490000000 9.000000000 17.348003387500
942.240000000 8.200000000 17.330820083600
937.990000000 9.000000000 17.297237396200
936.990000000 9.000000000 17.255243301400
936.740000000 8.400000000 17.243223190300
936.490000000 7.400000000 17.231575012200
941.990000000 7.400000000 17.202772140500
937.740000000 9.000000000 17.121980667100
938.740000000 9.400000000 17.114715576200
943.240000000 7.400000000 17.084093093900
936.490000000 7.600000000 16.998477935800
938.990000000 9.400000000 16.966081619300
939.490000000 9.000000000 16.878328323400
943.240000000 8.400000000 16.845848083500
942.740000000 8.200000000 16.774898529100
941.240000000 8.600000000 16.749992370600
939.990000000 7.000000000 16.745975494400
938.240000000 9.200000000 16.657329559300
939.740000000 8.800000000 16.534187316900
938.490000000 9.400000000 16.399251937900
936.490000000 7.200000000 16.288412094100
936.990000000 9.200000000 16.233644485500
936.740000000 9.000000000 16.158065795900
936.490000000 7.000000000 16.134347915600
937.240000000 9.200000000 16.083864212000
942.490000000 8.200000000 16.019443512000
936.490000000 8.600000000 15.868745803800
936.490000000 7.800000000 15.713114738500
939.240000000 6.800000000 15.711752891500
937.990000000 9.200000000 15.686157226600
939.490000000 9.200000000 15.670346260100
941.990000000 8.400000000 15.657209396400
936.490000000 8.800000000 15.656712532000
939.990000000 8.800000000 15.596004486100
939.240000000 9.400000000 15.567687988300
941.490000000 8.600000000 15.561888694800
943.740000000 8.600000000 15.545306205700
938.240000000 9.400000000 15.497908592200
937.490000000 9.200000000 15.489985466000
936.490000000 8.400000000 15.488307952900
940.740000000 8.800000000 15.419809341400
940.490000000 8.800000000 15.395007133500
936.740000000 9.200000000 15.333706855800
940.240000000 7.000000000 15.330445289600
940.240000000 8.800000000 15.297790527300
938.740000000 9.600000000 15.253688812300
937.740000000 9.200000000 15.243754386900
936.490000000 6.800000000 15.199797630300
943.740000000 7.200000000 15.134746551500
938.490000000 9.600000000 15.119860649100
937.240000000 6.600000000 15.102298736600
940.990000000 8.800000000 15.059238433800
939.740000000 9.000000000 15.021329879800
936.990000000 6.600000000 14.966814994800
937.490000000 6.600000000 14.938306808500
936.990000000 9.400000000 14.908953666700
942.240000000 6.000000000 14.824653625500
941.990000000 6.000000000 14.793684005700
940.490000000 6.000000000 14.759229660000
937.740000000 6.600000000 14.741589546200
941.990000000 5.800000000 14.725028038000
937.990000000 6.600000000 14.703392982500
938.240000000 6.600000000 14.664229393000
937.240000000 9.400000000 14.625920295700
940.240000000 6.000000000 14.586028099100
942.240000000 5.800000000 14.572908401500
941.740000000 7.200000000 14.554314613300
938.990000000 9.600000000 14.503082275400
940.490000000 7.000000000 14.501873970000
937.990000000 9.400000000 14.492928504900
940.490000000 5.800000000 14.453214645400
936.490000000 8.200000000 14.436806678800
936.740000000 6.600000000 14.430204391500
936.490000000 9.000000000 14.406700134300
940.490000000 6.200000000 14.401580810500
942.990000000 8.400000000 14.400032043500
940.240000000 6.200000000 14.385471344000
942.990000000 7.400000000 14.358261108400
936.740000000 9.400000000 14.343538284300
939.490000000 6.800000000 14.315091133100
941.740000000 8.600000000 14.291860580400
940.740000000 6.000000000 14.285778045700
940.240000000 5.800000000 14.278873443600
941.990000000 6.200000000 14.274058342000
938.490000000 6.600000000 14.267077446000
936.240000000 8.600000000 14.266477584800
941.240000000 8.800000000 14.252882957500
941.740000000 6.000000000 14.242091178900
936.490000000 8.000000000 14.233226776100
941.740000000 5.800000000 14.209727287300
940.740000000 7.000000000 14.172660827600
938.240000000 9.600000000 14.169748306300
942.240000000 6.200000000 14.150619506800
940.740000000 5.800000000 14.098236084000
937.490000000 9.400000000 14.088421821600
943.490000000 8.600000000 14.046808242800
942.240000000 7.400000000 14.026806831400
942.490000000 6.000000000 14.012671470600
940.990000000 7.000000000 14.000905990600
937.740000000 9.400000000 13.954150199900
940.740000000 6.200000000 13.888209343000
941.740000000 6.200000000 13.861729621900
939.990000000 9.000000000 13.775184631300
939.740000000 9.200000000 13.737564086900
942.240000000 8.400000000 13.715276718100
941.490000000 8.800000000 13.706825256300
942.490000000 5.800000000 13.688950538600
938.740000000 9.800000000 13.682649612400
938.490000000 9.800000000 13.674632072400
939.990000000 6.000000000 13.672753334000
936.240000000 8.400000000 13.671422004700
940.990000000 6.000000000 13.658000946000
941.490000000 6.000000000 13.623607635500
939.990000000 6.200000000 13.622851371800
940.490000000 9.000000000 13.610121727000
940.990000000 5.800000000 13.603022575400
941.490000000 5.800000000 13.601167678800
940.240000000 6.400000000 13.575383186300
939.490000000 9.400000000 13.555830001800
936.240000000 8.800000000 13.553755760200
936.490000000 9.200000000 13.511907577500
940.490000000 6.400000000 13.465787887600
941.240000000 7.000000000 13.462305069000
939.740000000 6.800000000 13.454094886800
943.490000000 7.200000000 13.408448219300
938.740000000 6.600000000 13.382829666100
941.240000000 5.800000000 13.377118110700
940.240000000 9.000000000 13.375759124800
941.240000000 6.000000000 13.369352340700
940.740000000 9.000000000 13.367293357800
939.990000000 5.800000000 13.352389335600
941.490000000 6.200000000 13.323472023000
940.990000000 6.200000000 13.299642562900
936.990000000 9.600000000 13.294955253600
942.490000000 6.200000000 13.187800407400
941.990000000 6.400000000 13.179946899400
937.990000000 9.600000000 13.132239341700
941.240000000 6.200000000 13.063888549800
936.240000000 7.600000000 13.056685447700
936.740000000 9.600000000 12.992256164600
937.240000000 9.600000000 12.984833717300
941.740000000 6.400000000 12.976617813100
936.490000000 9.400000000 12.913419723500
939.240000000 9.600000000 12.890768051100
937.990000000 6.000000000 12.886058807400
940.990000000 9.000000000 12.881904602100
939.990000000 6.800000000 12.881690979000
928.240000000 9.200000000 12.866312980700
938.240000000 6.000000000 12.861403465300
938.240000000 9.800000000 12.853750228900
940.740000000 6.400000000 12.849615097000
939.990000000 6.400000000 12.829133033800
936.240000000 7.400000000 12.787958145100
942.240000000 6.400000000 12.782765388500
927.990000000 9.200000000 12.768912315400
941.740000000 8.800000000 12.728378295900
935.990000000 8.600000000 12.719514846800
942.740000000 8.400000000 12.710255622900
941.990000000 8.600000000 12.684447288500
936.490000000 6.600000000 12.629621505700
937.740000000 6.000000000 12.579877853400
938.490000000 6.000000000 12.571681022600
937.490000000 9.600000000 12.564527511600
937.990000000 6.400000000 12.562968254100
928.740000000 8.000000000 12.562836647000
937.740000000 9.600000000 12.542896270800
938.240000000 6.400000000 12.535921096800
937.990000000 5.800000000 12.521873474100
941.490000000 6.400000000 12.517847061200
928.990000000 8.000000000 12.512462616000
937.740000000 6.400000000 12.511240005500
942.740000000 7.400000000 12.496671676600
942.490000000 8.400000000 12.490511894200
939.990000000 9.200000000 12.484704971300
938.240000000 6.200000000 12.479989051800
939.740000000 6.000000000 12.455607414200
938.990000000 9.800000000 12.450306892400
941.490000000 7.000000000 12.431213378900
937.740000000 5.800000000 12.422012329100
936.240000000 9.000000000 12.412608146700
940.240000000 6.600000000 12.407269477800
943.240000000 6.200000000 12.398753166200
938.240000000 5.800000000 12.384981155400
942.740000000 5.800000000 12.362490654000
942.740000000 6.000000000 12.352696418800
940.240000000 6.800000000 12.352515220600
940.490000000 6.600000000 12.351333618200
937.490000000 6.400000000 12.347563743600
939.740000000 6.200000000 12.331285476700
938.490000000 6.200000000 12.321944236800
942.490000000 7.400000000 12.320126533500
937.990000000 6.200000000 12.313977241500
938.990000000 6.600000000 12.302334785500
940.990000000 6.400000000 12.292487144500
941.240000000 9.000000000 12.291272163400
941.990000000 7.200000000 12.283779144300
940.490000000 9.200000000 12.267288208000
938.490000000 6.400000000 12.250139236500
928.490000000 8.000000000 12.246465683000
938.490000000 10.000000000 12.210372924800
943.490000000 6.200000000 12.205028533900
938.490000000 5.800000000 12.204925537100
943.740000000 8.800000000 12.204530715900
941.240000000 6.400000000 12.183941841100
929.240000000 8.000000000 12.145205497700
940.240000000 9.200000000 12.129222869900
935.990000000 8.400000000 12.088294982900
938.740000000 10.000000000 12.082251548800
938.740000000 6.000000000 12.067678451500
936.240000000 7.200000000 12.061196327200
928.490000000 9.200000000 12.022432327300
937.740000000 6.200000000 12.018419265700
928.740000000 8.200000000 12.012216568000
939.740000000 5.800000000 11.982072830200
936.490000000 9.600000000 11.951086044300
943.240000000 10.000000000 11.944622993500
942.990000000 6.200000000 11.924654007000
940.490000000 6.800000000 11.924636840800
942.240000000 10.000000000 11.923592567400
937.240000000 6.400000000 11.907259941100
943.240000000 8.600000000 11.906922340400
937.490000000 5.800000000 11.904503822300
936.240000000 7.000000000 11.883257865900
928.240000000 9.400000000 11.863737106300
936.240000000 8.200000000 11.861737251300
937.490000000 6.000000000 11.861025810200
939.990000000 6.600000000 11.854949951200
937.990000000 9.800000000 11.853240013100
928.490000000 8.200000000 11.848381996200
927.990000000 9.400000000 11.834008216900
939.740000000 9.400000000 11.825801849400
938.740000000 5.800000000 11.825517654400
935.990000000 8.800000000 11.813195228600
940.740000000 6.600000000 11.803147316000
936.240000000 7.800000000 11.800250053400
941.990000000 6.600000000 11.796150207500
941.740000000 6.600000000 11.785777092000
927.740000000 9.200000000 11.760571479800
942.240000000 9.800000000 11.752985000600
938.740000000 6.200000000 11.736823082000
942.990000000 10.000000000 11.708234787000
936.240000000 6.800000000 11.633234977700
928.990000000 7.800000000 11.633037567100
928.990000000 8.200000000 11.626229286200
929.490000000 8.000000000 11.622132301300
940.740000000 6.800000000 11.620832443200
941.740000000 7.000000000 11.610046386700
943.240000000 6.400000000 11.595493316700
938.740000000 6.400000000 11.593719482400
940.740000000 9.200000000 11.589196205100
941.990000000 9.800000000 11.584682464600
941.490000000 9.000000000 11.570162773100
942.490000000 6.400000000 11.546884536700
937.490000000 6.200000000 11.543385505700
941.990000000 10.000000000 11.537121772800
928.740000000 7.800000000 11.531306266800
942.740000000 6.200000000 11.522217750500
938.990000000 6.000000000 11.516314506500
939.490000000 6.000000000 11.511135101300
943.490000000 10.000000000 11.507168769800
938.240000000 10.000000000 11.499519348100
928.240000000 8.000000000 11.497970581100
941.490000000 6.600000000 11.489614486700
939.240000000 6.600000000 11.462189674400
939.740000000 6.400000000 11.460573196400
928.240000000 9.000000000 11.414115905800
929.240000000 7.800000000 11.406214714100
939.740000000 6.600000000 11.401195526100
936.990000000 9.800000000 11.394723892200
936.240000000 9.200000000 11.383094787600
941.990000000 8.800000000 11.383036613500
938.990000000 5.800000000 11.344218254100
940.990000000 6.800000000 11.339162826500
940.990000000 6.600000000 11.308365821800
935.740000000 8.600000000 11.306382179300
936.990000000 6.400000000 11.287775039700
943.240000000 7.200000000 11.270019531200
936.740000000 9.800000000 11.262647628800
942.990000000 6.400000000 11.237865448000
937.240000000 5.800000000 11.230160713200
941.240000000 6.600000000 11.227680206300
943.490000000 6.400000000 11.226075172400
942.990000000 9.800000000 11.225998878500
942.240000000 6.600000000 11.221901893600
943.490000000 8.800000000 11.215792655900
939.240000000 6.000000000 11.206838607800
941.240000000 6.800000000 11.204826355000
927.990000000 9.000000000 11.184961319000
943.740000000 6.200000000 11.184240341200
928.490000000 7.800000000 11.183704376200
940.990000000 9.200000000 11.177211761500
939.490000000 6.600000000 11.161066055300
943.240000000 9.800000000 11.151656150800
937.740000000 9.800000000 11.148336410500
937.240000000 9.800000000 11.140525817900
941.490000000 6.800000000 11.135335922200
940.240000000 9.400000000 11.134276390100
928.490000000 9.400000000 11.129326820400
940.490000000 9.400000000 11.129056930500
939.490000000 6.200000000 11.120239257800
936.240000000 9.400000000 11.108568191500
929.740000000 8.000000000 11.103003501900
942.490000000 10.000000000 11.082604408300
939.490000000 5.800000000 11.075742721600
938.990000000 6.200000000 11.056193351700
939.490000000 9.600000000 11.009441375700
928.240000000 8.200000000 11.004705429100
942.240000000 8.600000000 10.993554115300
941.740000000 6.800000000 10.992154121400
929.240000000 8.200000000 10.985410690300
939.240000000 5.800000000 10.951901435900
929.490000000 7.800000000 10.942550659200
937.490000000 9.800000000 10.941366195700
927.740000000 9.400000000 10.932469368000
937.240000000 6.000000000 10.918321609500
935.740000000 8.400000000 10.869954109200
942.740000000 10.000000000 10.837465286300
938.990000000 10.000000000 10.835385322600
939.990000000 9.400000000 10.823124885600
938.990000000 6.400000000 10.822950363200
939.240000000 6.200000000 10.766564369200
928.740000000 9.200000000 10.761013031000
942.490000000 8.800000000 10.758467674300
942.240000000 8.800000000 10.732722282400
929.740000000 9.200000000 10.709650993300
928.490000000 9.000000000 10.698314666700
928.490000000 8.400000000 10.694791793800
928.740000000 8.400000000 10.686552047700
932.490000000 6.000000000 10.686278343200
932.240000000 6.000000000 10.686141967800
937.240000000 6.200000000 10.675344467200
943.740000000 7.000000000 10.660445213300
935.990000000 9.000000000 10.658368110700
939.240000000 9.800000000 10.653218269300
942.740000000 6.400000000 10.651413917500
941.990000000 9.600000000 10.631696701000
936.240000000 8.000000000 10.631155014000
941.990000000 6.800000000 10.629325866700
942.240000000 9.600000000 10.621713638300
939.490000000 6.400000000 10.610836982700
928.240000000 7.800000000 10.598763465900
942.490000000 9.800000000 10.597137451200
935.740000000 8.800000000 10.591442108200
941.990000000 7.000000000 10.587782859800
929.990000000 8.000000000 10.579936981200
941.740000000 9.000000000 10.577099800100
940.740000000 9.400000000 10.545396804800
942.740000000 9.800000000 10.544039726300
943.740000000 10.000000000 10.542510986300
936.490000000 9.800000000 10.509397506700
937.990000000 10.000000000 10.483997345000
936.240000000 9.600000000 10.477798461900
942.990000000 5.800000000 10.457855224600
942.240000000 7.200000000 10.455128669700
941.740000000 9.800000000 10.445781707800
941.240000000 9.200000000 10.444128036500
936.740000000 6.400000000 10.432755470300
931.990000000 6.000000000 10.424195289600
929.490000000 8.200000000 10.421019554100
929.740000000 7.800000000 10.403000831600
943.490000000 9.800000000 10.401702880900
939.240000000 6.400000000 10.392039299000
929.490000000 9.200000000 10.372253418000
941.740000000 10.000000000 10.273742675800
932.740000000 6.000000000 10.268989563000
935.490000000 8.600000000 10.251637458800
942.990000000 6.000000000 10.246376991300
929.490000000 6.000000000 10.238366127000
929.740000000 9.400000000 10.208395004300
929.990000000 9.200000000 10.202327728300
927.490000000 9.200000000 10.198123931900
927.990000000 8.000000000 10.183223724400
928.990000000 6.000000000 10.165679931600
929.240000000 6.000000000 10.162848472600
932.240000000 6.200000000 10.157155990600
935.990000000 8.200000000 10.145215034500
940.240000000 9.600000000 10.125736236600
928.740000000 9.400000000 10.123779296900
927.740000000 9.000000000 10.123668670700
942.240000000 9.000000000 10.111845970200
942.990000000 8.600000000 10.105485916100
936.240000000 6.600000000 10.103482246400
929.740000000 8.200000000 10.084877014200
928.740000000 6.000000000 10.063726425200
929.490000000 6.200000000 10.058624267600
932.490000000 5.800000000 10.052394866900
928.990000000 8.400000000 10.045962333700
935.490000000 8.400000000 10.029958725000
929.240000000 6.200000000 10.014776229900
940.490000000 9.600000000 10.011103630100
932.490000000 6.200000000 10.007903099100
929.490000000 9.400000000 10.002222061200
936.990000000 5.800000000 9.984306335400
943.740000000 6.400000000 9.983358383200
942.490000000 9.000000000 9.977996826200
929.740000000 6.000000000 9.972239494300
931.990000000 6.200000000 9.940409660300
928.240000000 8.400000000 9.937647819500
932.240000000 5.800000000 9.923839569100
928.990000000 6.200000000 9.917995452900
931.740000000 6.000000000 9.912161827100
943.240000000 8.800000000 9.906967163100
928.990000000 9.200000000 9.892807960500
942.490000000 6.600000000 9.891153335600
929.740000000 6.200000000 9.883114814800
942.240000000 6.800000000 9.872507095300
929.990000000 8.200000000 9.869443893400
932.740000000 5.800000000 9.866167068500
930.240000000 8.000000000 9.855001449600
929.240000000 9.200000000 9.846410751300
941.740000000 9.600000000 9.816406250000
935.990000000 7.400000000 9.794996261600
929.990000000 7.800000000 9.785161972000
929.490000000 5.800000000 9.783657074000
935.990000000 7.600000000 9.754655838000
940.240000000 10.000000000 9.733865737900
928.740000000 6.200000000 9.720061302200
929.240000000 5.800000000 9.694299697900
939.990000000 9.600000000 9.687102317800
931.990000000 5.800000000 9.675568580600
932.990000000 6.000000000 9.670014381400
942.490000000 8.600000000 9.656317710900
943.240000000 6.600000000 9.642715454100
927.990000000 7.800000000 9.639175415000
937.740000000 10.000000000 9.624050140400
935.490000000 8.800000000 9.619731903100
942.740000000 8.800000000 9.611411094700
940.990000000 9.400000000 9.600604057300
943.240000000 6.000000000 9.595979690600
939.740000000 9.600000000 9.593836784400
936.990000000 6.000000000 9.586471557600
928.490000000 8.600000000 9.582193374600
936.990000000 6.200000000 9.580580711400
928.490000000 6.000000000 9.579744339000
935.240000000 8.600000000 9.570321083100
929.990000000 9.400000000 9.562744140600
929.240000000 9.400000000 9.549818038900
929.740000000 5.800000000 9.541008949300
928.990000000 5.800000000 9.537174224900
940.740000000 9.600000000 9.532178878800
942.990000000 9.600000000 9.520023345900
940.490000000 10.000000000 9.516480445900
935.240000000 8.400000000 9.514908790600
928.740000000 9.000000000 9.513458252000
932.740000000 6.200000000 9.503606796300
928.990000000 9.400000000 9.500245094300
927.990000000 8.200000000 9.496909141500
929.740000000 9.000000000 9.492854118300
939.990000000 10.000000000 9.473018646200
942.990000000 7.200000000 9.472328186000
935.990000000 9.200000000 9.465813636800
943.490000000 7.000000000 9.461879730200
942.990000000 6.600000000 9.455576896700
941.490000000 9.200000000 9.451404571500
930.240000000 8.200000000 9.444804191600
942.490000000 9.600000000 9.442950248700
943.490000000 6.000000000 9.435888290400
935.740000000 9.000000000 9.432026863100
935.990000000 7.200000000 9.422483444200
929.990000000 9.000000000 9.421923637400
931.740000000 6.200000000 9.412239074700
942.240000000 7.000000000 9.409526825000
929.240000000 7.600000000 9.406793594400
935.990000000 9.400000000 9.394040107700
928.990000000 7.600000000 9.392613410900
928.740000000 5.800000000 9.385641098000
929.990000000 6.000000000 9.379222869900
941.990000000 9.000000000 9.376732826200
927.490000000 9.400000000 9.375432014500
928.740000000 8.600000000 9.371156692500
928.240000000 9.600000000 9.345474243200
929.990000000 6.200000000 9.324255943300
936.990000000 10.000000000 9.323798179600
942.240000000 9.400000000 9.323225021400
943.490000000 6.600000000 9.320831298800
942.740000000 8.600000000 9.306990623500
940.240000000 9.800000000 9.300154686000
936.740000000 10.000000000 9.291270256000
936.240000000 9.800000000 9.270242691000
939.240000000 10.000000000 9.267755508400
932.990000000 5.800000000 9.260915756200
935.740000000 8.200000000 9.249377250700
927.990000000 9.600000000 9.238975524900
929.240000000 8.400000000 9.238762855500
943.740000000 9.800000000 9.227166175800
929.490000000 7.600000000 9.224170684800
934.990000000 8.400000000 9.204110145600
923.990000000 6.000000000 9.201853752100
928.490000000 6.200000000 9.199607849100
935.240000000 8.800000000 9.196009635900
931.740000000 5.800000000 9.192602157600
942.740000000 6.600000000 9.191281318700
937.490000000 10.000000000 9.178863525400
942.740000000 9.600000000 9.172680854800
941.490000000 9.800000000 9.167535781900
928.740000000 7.600000000 9.161025047300
937.240000000 10.000000000 9.155984878500
942.240000000 9.200000000 9.138542175300
941.990000000 9.400000000 9.125284194900
941.490000000 10.000000000 9.122569084200
943.240000000 9.600000000 9.121473312400
928.240000000 8.600000000 9.104606628400
939.990000000 9.800000000 9.102171897900
929.490000000 6.400000000 9.101961135900
934.990000000 8.600000000 9.092137336700
943.740000000 9.000000000 9.085864067100
923.990000000 6.200000000 9.079598426800
942.490000000 7.200000000 9.077806472800
928.490000000 5.800000000 9.062752723700
940.490000000 9.800000000 9.056317329400
936.490000000 6.400000000 9.040644645700
929.740000000 6.400000000 9.031210899400
929.240000000 6.400000000 9.016645431500
935.990000000 7.000000000 9.013688087500
929.490000000 9.000000000 9.004154205300
932.990000000 6.200000000 9.003624916100
931.490000000 6.000000000 8.995135307300
929.740000000 6.600000000 8.985018730200
941.490000000 9.600000000 8.982900619500
940.990000000 9.600000000 8.976606369000
930.240000000 7.800000000 8.962691307100
940.740000000 10.000000000 8.957371711700
939.490000000 9.800000000 8.957003593400
934.990000000 8.800000000 8.944231987000
935.990000000 9.600000000 8.937030792200
934.740000000 8.400000000 8.913443565400
928.490000000 9.600000000 8.909312248200
929.490000000 6.600000000 8.904201507600
935.490000000 8.200000000 8.885996818500
928.990000000 6.400000000 8.883105278000
930.240000000 9.200000000 8.869768142700
929.740000000 7.600000000 8.848777771000
939.740000000 10.000000000 8.827873230000
942.990000000 8.800000000 8.806527137800
929.990000000 5.800000000 8.795005798300
942.740000000 9.000000000 8.775922775300
935.240000000 8.200000000 8.768918037400
933.240000000 6.000000000 8.768613815300
943.740000000 6.000000000 8.756552696200
928.490000000 7.600000000 8.753678321800
935.490000000 9.000000000 8.751092910800
936.490000000 10.000000000 8.748474121100
934.990000000 8.200000000 8.717976570100
941.740000000 9.400000000 8.710519790600
924.240000000 6.000000000 8.709998130800
930.490000000 8.000000000 8.706375122100
927.490000000 9.000000000 8.704144477800
941.240000000 9.600000000 8.692842483500
934.740000000 8.600000000 8.689902305600
941.240000000 9.400000000 8.683479309100
941.990000000 9.200000000 8.673222541800
930.240000000 9.000000000 8.668464660600
928.990000000 8.600000000 8.666386604300
942.740000000 7.200000000 8.664809227000
942.490000000 6.800000000 8.655421257000
929.990000000 6.400000000 8.653529167200
928.240000000 6.000000000 8.646450042700
929.490000000 8.400000000 8.643998146100
928.740000000 6.400000000 8.642851829500
935.990000000 6.800000000 8.641509056100
928.990000000 9.000000000 8.627319335900
943.490000000 9.000000000 8.614083290100
934.740000000 8.200000000 8.611038208000
927.990000000 8.400000000 8.604255676300
940.740000000 9.800000000 8.594336509700
928.490000000 8.800000000 8.590994834900
930.740000000 6.000000000 8.585232734700
942.490000000 9.400000000 8.583958625800
942.490000000 9.200000000 8.580953598000
929.990000000 6.600000000 8.560902595500
934.740000000 8.800000000 8.535766601600
935.990000000 7.800000000 8.534678459200
934.490000000 8.400000000 8.534577369700
931.490000000 6.200000000 8.519820213300
923.990000000 6.400000000 8.515696525600
929.740000000 9.600000000 8.511660575900
932.240000000 6.400000000 8.511565208400
929.240000000 9.000000000 8.506795883200
927.240000000 9.200000000 8.501518249500
924.240000000 6.200000000 8.491298675500
941.240000000 10.000000000 8.489273071300
934.240000000 9.000000000 8.488506317100
930.490000000 6.000000000 8.469181060800
940.990000000 10.000000000 8.467465400700
930.490000000 8.200000000 8.462401390100
930.490000000 5.800000000 8.459663391100
927.740000000 9.600000000 8.450282096900
924.490000000 6.000000000 8.433732032800
935.240000000 9.000000000 8.430207252500
930.240000000 6.000000000 8.425211906400
939.740000000 9.800000000 8.420529365500
934.490000000 9.000000000 8.415597915600
929.490000000 9.600000000 8.408278465300
928.240000000 5.800000000 8.402337074300
930.240000000 6.200000000 8.399637222300
943.240000000 9.000000000 8.393260002100
933.990000000 9.000000000 8.390362739600
934.490000000 8.200000000 8.378973960900
929.990000000 8.800000000 8.374606132500
941.490000000 9.400000000 8.374011993400
943.240000000 5.800000000 8.373463630700
941.240000000 9.800000000 8.370564460800
931.990000000 6.400000000 8.368082046500
934.490000000 9.200000000 8.367533683800
934.740000000 9.200000000 8.366643905600
924.490000000 6.200000000 8.362162590000
929.740000000 8.400000000 8.355166435200
929.740000000 6.800000000 8.343918800400
934.740000000 9.000000000 8.343556404100
930.740000000 5.800000000 8.343417167700
930.740000000 6.200000000 8.342424392700
932.490000000 6.400000000 8.341834068300
928.740000000 8.800000000 8.333834648100
927.740000000 8.000000000 8.332758903500
930.240000000 8.800000000 8.329632759100
933.990000000 8.800000000 8.323497772200
933.240000000 6.200000000 8.316986084000
941.740000000 9.200000000 8.309781074500
928.740000000 9.600000000 8.306573867800
933.240000000 5.800000000 8.306447029100
931.490000000 5.800000000 8.303977012600
934.990000000 9.200000000 8.298415184000
942.990000000 9.000000000 8.283523559600
929.990000000 7.600000000 8.283414840700
928.240000000 7.600000000 8.274310112000
928.240000000 6.200000000 8.266144752500
929.490000000 6.800000000 8.265934944200
934.240000000 9.200000000 8.264799118000
936.740000000 5.800000000 8.257382392900
924.740000000 6.000000000 8.249622345000
940.990000000 9.800000000 8.246281623800
930.240000000 5.800000000 8.246177673300
928.240000000 8.800000000 8.244236946100
934.990000000 9.000000000 8.236197471600
929.240000000 6.600000000 8.235669136000
942.490000000 7.000000000 8.235025405900
929.990000000 8.400000000 8.233438491800
935.240000000 9.200000000 8.228531837500
927.740000000 7.800000000 8.211682319600
924.740000000 6.200000000 8.208574295000
935.990000000 8.000000000 8.201889038100
934.240000000 10.000000000 8.199951171900
935.490000000 9.200000000 8.199615478500
943.240000000 7.000000000 8.197006225600
934.490000000 8.600000000 8.195719718900
934.740000000 8.000000000 8.192962646500
930.490000000 6.200000000 8.188975334200
934.240000000 8.800000000 8.184234619100
924.240000000 6.400000000 8.180577278100
943.740000000 6.600000000 8.179235458400
943.490000000 9.600000000 8.156478881800
934.240000000 8.400000000 8.152556419400
935.740000000 9.200000000 8.147474288900
930.240000000 6.400000000 8.136878013600
932.740000000 6.400000000 8.133024215700
933.740000000 10.000000000 8.132403373700
928.490000000 6.400000000 8.128685951200
923.990000000 5.800000000 8.124359130900
933.740000000 8.800000000 8.123183250400
934.490000000 8.000000000 8.119448661800
934.240000000 8.200000000 8.101460456800
936.740000000 6.200000000 8.095695495600
929.240000000 9.600000000 8.090586662300
930.240000000 9.400000000 8.073737144500
924.490000000 6.400000000 8.073418617200
925.490000000 7.000000000 8.065766334500
930.240000000 6.600000000 8.046611785900
927.990000000 8.600000000 8.043934822100
934.490000000 8.800000000 8.037002563500
934.990000000 8.000000000 8.033750534100
930.990000000 6.000000000 8.014194488500
933.490000000 8.600000000 8.009329795800
930.740000000 6.600000000 8.009188652000
943.740000000 6.800000000 8.006841659500
939.490000000 10.000000000 8.004035949700
933.740000000 8.200000000 7.999759674100
934.240000000 8.000000000 7.997055053700
933.490000000 10.000000000 7.995639324200
933.740000000 8.000000000 7.991710186000
935.740000000 9.400000000 7.986033916500
928.990000000 9.600000000 7.979959964800
929.990000000 9.600000000 7.977618217500
930.490000000 6.400000000 7.973531246200
929.490000000 7.400000000 7.966820240000
933.490000000 8.200000000 7.965782642400
933.990000000 8.200000000 7.963075161000
930.240000000 8.400000000 7.962046146400
933.990000000 8.000000000 7.955547332800
929.990000000 6.800000000 7.953972339600
933.990000000 9.200000000 7.940737247500
930.490000000 6.600000000 7.932939052600
933.490000000 8.000000000 7.925066471100
933.740000000 8.600000000 7.921119689900
929.240000000 8.600000000 7.919679641700
923.990000000 6.600000000 7.915614128100
933.740000000 9.000000000 7.908024311100
933.990000000 8.400000000 7.903330326100
929.240000000 7.400000000 7.901955127700
933.490000000 8.400000000 7.897957801800
931.740000000 6.400000000 7.895947456400
928.990000000 8.800000000 7.884216785400
924.740000000 6.400000000 7.881110668200
927.990000000 8.800000000 7.880075454700
930.740000000 6.400000000 7.879671096800
933.490000000 8.800000000 7.877715587600
933.490000000 6.200000000 7.867442607900
934.490000000 10.000000000 7.864570140800
933.990000000 10.000000000 7.859927654300
930.990000000 6.600000000 7.856331348400
935.990000000 9.800000000 7.843961715700
930.490000000 7.800000000 7.843471050300
933.490000000 6.000000000 7.840585708600
933.740000000 8.400000000 7.832160472900
935.990000000 10.000000000 7.829552650500
929.740000000 8.800000000 7.826047420500
932.990000000 6.400000000 7.822567462900
934.240000000 8.600000000 7.818414688100
924.240000000 5.800000000 7.816611290000
925.740000000 7.200000000 7.813545227100
930.740000000 9.400000000 7.792581558200
930.990000000 6.200000000 7.786118507400
935.740000000 7.200000000 7.776370525400
925.490000000 7.200000000 7.774278163900
935.740000000 10.000000000 7.762742996200
943.240000000 9.200000000 7.756116867100
933.990000000 8.600000000 7.751437187200
936.740000000 6.000000000 7.740284442900
929.740000000 7.400000000 7.740179538700
925.740000000 7.000000000 7.738870143900
943.240000000 6.800000000 7.732032299000
924.990000000 6.200000000 7.725582599600
924.990000000 6.000000000 7.723055362700
925.490000000 6.800000000 7.720415592200
935.740000000 7.400000000 7.718457222000
936.240000000 10.000000000 7.717026710500
931.240000000 6.000000000 7.708794593800
930.990000000 6.800000000 7.708116531400
930.490000000 8.800000000 7.697757244100
943.490000000 9.200000000 7.677331924400
927.990000000 7.600000000 7.675431251500
928.990000000 6.600000000 7.667065620400
930.990000000 5.800000000 7.665692806200
933.740000000 7.800000000 7.664501667000
930.490000000 9.400000000 7.662385463700
942.990000000 6.800000000 7.647902965500
928.990000000 7.400000000 7.643706321700
934.240000000 9.800000000 7.635103225700
933.490000000 7.800000000 7.613561630200
933.990000000 7.800000000 7.611663818400
934.490000000 7.800000000 7.597548008000
942.740000000 6.800000000 7.590933322900
935.240000000 8.000000000 7.585086345700
930.240000000 7.600000000 7.583937168100
927.740000000 8.200000000 7.582135200500
934.240000000 7.800000000 7.580077171300
942.990000000 9.200000000 7.574308872200
927.240000000 9.400000000 7.566429138200
932.240000000 8.600000000 7.565266132400
934.490000000 9.400000000 7.558367252300
935.990000000 6.600000000 7.556168556200
924.490000000 5.800000000 7.553432464600
930.740000000 6.800000000 7.544723510700
930.240000000 6.800000000 7.544503688800
923.990000000 6.800000000 7.542824268300
943.490000000 6.800000000 7.534846305800
933.240000000 8.600000000 7.519084930400
933.740000000 7.600000000 7.514633178700
935.740000000 9.600000000 7.514065265700
934.740000000 9.400000000 7.505625724800
930.990000000 6.400000000 7.500093460100
935.490000000 9.400000000 7.498603820800
933.240000000 8.000000000 7.493585586500
942.740000000 9.400000000 7.488743782000
929.240000000 6.800000000 7.480626106300
927.990000000 5.800000000 7.469446659100
925.240000000 7.000000000 7.468586921700
933.240000000 6.400000000 7.468312263500
930.240000000 8.600000000 7.460618495900
927.990000000 6.000000000 7.460552692400
924.240000000 6.600000000 7.460429668400
930.490000000 8.600000000 7.450675010700
934.740000000 7.800000000 7.449992656700
925.740000000 7.400000000 7.448420524600
933.990000000 7.600000000 7.445715427400
942.740000000 7.000000000 7.437751293200
928.740000000 6.600000000 7.436317443800
933.240000000 7.800000000 7.434489727000
924.490000000 6.600000000 7.432198524500
933.240000000 8.200000000 7.425507068600
923.990000000 7.000000000 7.423901557900
934.740000000 6.200000000 7.419560432400
929.490000000 8.600000000 7.411083698300
942.990000000 7.000000000 7.404620647400
933.490000000 7.600000000 7.396040916400
935.740000000 7.600000000 7.394480228400
927.240000000 9.000000000 7.389734745000
925.240000000 6.800000000 7.381716728200
930.490000000 6.800000000 7.376051902800
933.990000000 9.800000000 7.375011920900
934.240000000 9.400000000 7.364573001900
942.740000000 9.200000000 7.357583999600
932.240000000 8.400000000 7.353964328800
933.240000000 8.800000000 7.351332187700
934.990000000 9.400000000 7.350887775400
924.740000000 5.800000000 7.342714309700
934.490000000 6.800000000 7.340828895600
930.490000000 9.000000000 7.340500831600
936.240000000 6.400000000 7.333459854100
929.490000000 7.200000000 7.332509040800
933.240000000 8.400000000 7.324663162200
931.240000000 6.800000000 7.323610305800
935.240000000 9.400000000 7.317618370100
935.740000000 7.000000000 7.314076900500
942.990000000 9.400000000 7.304532051100
935.490000000 10.000000000 7.295023441300
931.240000000 6.200000000 7.288695335400
928.740000000 7.400000000 7.282353878000
933.740000000 6.200000000 7.275235176100
928.240000000 6.400000000 7.268814563800
930.990000000 9.400000000 7.267727851900
933.240000000 10.000000000 7.265404701200
924.740000000 6.600000000 7.259511947600
933.740000000 9.200000000 7.256961822500
933.490000000 6.400000000 7.256660461400
935.740000000 8.000000000 7.248195648200
929.240000000 7.200000000 7.244613170600
931.990000000 8.600000000 7.243467807800
924.990000000 6.400000000 7.240561008500
934.740000000 6.400000000 7.226332664500
934.240000000 7.600000000 7.224913120300
929.240000000 8.800000000 7.222851753200
934.740000000 9.600000000 7.222211360900
934.740000000 10.000000000 7.219875335700
934.740000000 6.800000000 7.219695568100
929.990000000 7.400000000 7.203372478500
934.490000000 7.000000000 7.200884819000
943.740000000 9.200000000 7.180471420300
930.490000000 8.400000000 7.176915168800
934.490000000 6.600000000 7.165620327000
935.490000000 8.000000000 7.156826496100
933.740000000 7.400000000 7.140461444900
931.490000000 6.400000000 7.138692379000
929.740000000 7.000000000 7.130593776700
933.740000000 9.800000000 7.129734993000
934.740000000 9.800000000 7.126372814200
934.490000000 9.800000000 7.125233650200
933.490000000 9.000000000 7.124545574200
929.740000000 8.600000000 7.123952388800
930.490000000 9.200000000 7.120993614200
932.490000000 8.600000000 7.119298458100
931.240000000 6.600000000 7.109917163800
934.740000000 7.400000000 7.107696056400
931.990000000 8.400000000 7.104025363900
930.740000000 8.000000000 7.102430820500
931.240000000 5.800000000 7.100143432600
934.740000000 6.600000000 7.097970008900
934.490000000 9.600000000 7.097847461700
927.490000000 9.600000000 7.096117019700
927.990000000 6.200000000 7.092170238500
925.990000000 7.400000000 7.091864585900
933.490000000 5.800000000 7.089266777000
933.240000000 7.600000000 7.086740970600
925.740000000 6.800000000 7.059749126400
934.990000000 9.600000000 7.059504985800
930.740000000 9.600000000 7.058578014400
934.990000000 6.200000000 7.053870677900
934.240000000 7.000000000 7.044510841400
934.990000000 7.800000000 7.039215564700
926.990000000 9.200000000 7.036546230300
925.490000000 7.400000000 7.025696277600
934.490000000 6.200000000 7.022878170000
933.990000000 7.400000000 7.011166095700
928.990000000 6.800000000 7.011127948800
933.740000000 6.000000000 7.006630897500
929.740000000 7.200000000 7.002271652200
930.740000000 9.200000000 7.002161502800
929.490000000 7.000000000 6.995905876200
925.240000000 7.200000000 6.995626926400
929.490000000 8.800000000 6.994580268900
927.740000000 8.400000000 6.992021560700
934.240000000 6.800000000 6.986263275100
925.990000000 7.200000000 6.982287406900
933.490000000 7.400000000 6.982089996300
934.490000000 6.400000000 6.973028659800
932.490000000 8.400000000 6.968290329000
928.490000000 6.600000000 6.963768959000
934.740000000 7.000000000 6.963283538800
933.490000000 9.800000000 6.947220325500
929.240000000 7.000000000 6.945007324200
934.990000000 6.400000000 6.942270755800
943.740000000 9.600000000 6.935695648200
934.990000000 10.000000000 6.935497760800
924.990000000 5.800000000 6.935464382200
933.990000000 9.400000000 6.926159381900
934.490000000 7.400000000 6.925104141200
929.990000000 8.600000000 6.924125671400
928.490000000 7.400000000 6.923242092100
934.490000000 7.600000000 6.912374973300
930.740000000 7.800000000 6.908157348600
934.990000000 6.800000000 6.896393775900
927.740000000 8.800000000 6.891434669500
934.990000000 9.800000000 6.889651298500
930.740000000 8.600000000 6.888860225700
934.490000000 7.200000000 6.888598918900
928.990000000 7.200000000 6.888169288600
924.240000000 6.800000000 6.884212493900
930.990000000 7.000000000 6.879433155100
935.240000000 10.000000000 6.868890762300
925.490000000 8.800000000 6.868261337300
934.740000000 7.200000000 6.866832256300
935.490000000 7.200000000 6.865425586700
935.740000000 9.800000000 6.858174324000
929.990000000 7.000000000 6.857349872600
930.490000000 7.600000000 6.850262641900
934.990000000 7.000000000 6.840147495300
934.240000000 9.600000000 6.832766532900
943.740000000 5.800000000 6.832456588700
931.240000000 7.000000000 6.828395843500
924.740000000 6.800000000 6.825370788600
924.490000000 6.800000000 6.824793338800
925.740000000 8.800000000 6.821078777300
930.740000000 8.200000000 6.816126823400
930.490000000 9.600000000 6.809604644800
933.740000000 6.400000000 6.809541225400
927.740000000 7.600000000 6.808578491200
924.740000000 7.000000000 6.801084518400
925.240000000 6.200000000 6.776055336000
933.740000000 7.200000000 6.768367767300
928.240000000 9.800000000 6.767481327100
925.990000000 7.600000000 6.767234325400
924.240000000 7.000000000 6.756298542000
924.990000000 6.800000000 6.749686241100
928.990000000 7.000000000 6.749415397600
943.490000000 5.800000000 6.749020576500
930.240000000 9.600000000 6.731756687200
932.990000000 7.800000000 6.730551242800
934.990000000 6.600000000 6.721884727500
933.990000000 9.600000000 6.716121673600
932.740000000 6.600000000 6.703605651900
923.990000000 7.200000000 6.692596435500
925.740000000 7.600000000 6.687516212500
930.990000000 9.600000000 6.683999061600
925.490000000 6.600000000 6.670876503000
930.740000000 8.800000000 6.670415878300
934.240000000 7.400000000 6.660131454500
934.990000000 7.400000000 6.659339904800
932.990000000 6.600000000 6.658512115500
932.490000000 6.600000000 6.658158779100
933.990000000 7.200000000 6.657614707900
924.490000000 7.000000000 6.655642986300
928.240000000 7.400000000 6.643522739400
935.490000000 7.400000000 6.639771461500
932.240000000 6.600000000 6.635056972500
927.740000000 8.600000000 6.631576061200
933.490000000 7.200000000 6.628855228400
928.740000000 6.800000000 6.622602939600
935.240000000 7.000000000 6.620417118100
925.240000000 6.600000000 6.620324611700
930.740000000 9.800000000 6.619880676300
936.490000000 5.800000000 6.619656562800
935.240000000 9.600000000 6.616343498200
925.490000000 8.600000000 6.614216327700
925.240000000 6.000000000 6.609643459300
933.240000000 7.400000000 6.608608245800
927.990000000 9.800000000 6.601359367400
934.740000000 6.000000000 6.601076126100
943.240000000 9.400000000 6.597074985500
924.990000000 7.000000000 6.596029758500
934.240000000 6.600000000 6.591534614600
932.990000000 7.600000000 6.588885307300
933.240000000 9.000000000 6.587738037100
929.740000000 9.800000000 6.584578037300
928.490000000 9.800000000 6.569521427200
930.740000000 7.000000000 6.564465045900
923.990000000 9.800000000 6.563441753400
931.240000000 6.400000000 6.561176776900
933.240000000 6.600000000 6.560781478900
934.990000000 7.200000000 6.556162834200
935.240000000 6.800000000 6.554780006400
929.490000000 9.800000000 6.554778575900
930.240000000 7.000000000 6.547226429000
931.990000000 6.600000000 6.538174152400
934.490000000 6.000000000 6.535696029700
930.990000000 9.800000000 6.521377563500
930.990000000 9.200000000 6.518998146100
935.240000000 7.200000000 6.517766475700
924.990000000 6.600000000 6.509662151300
935.740000000 6.800000000 6.501652240800
930.240000000 7.400000000 6.495011329700
933.240000000 9.800000000 6.488888263700
925.990000000 7.000000000 6.485197067300
928.740000000 7.200000000 6.481645584100
935.240000000 6.400000000 6.476486682900
936.490000000 6.200000000 6.476386547100
934.740000000 7.600000000 6.473722457900
935.490000000 9.800000000 6.464812278700
932.990000000 8.000000000 6.451975822400
923.990000000 9.600000000 6.446624755900
928.740000000 7.000000000 6.433699607800
925.240000000 8.800000000 6.423341751100
935.240000000 6.600000000 6.421728611000
931.240000000 9.400000000 6.421152591700
935.490000000 7.000000000 6.420761585200
930.490000000 7.000000000 6.420222282400
925.740000000 8.600000000 6.418518066400
934.240000000 7.200000000 6.408165931700
933.990000000 7.000000000 6.407099247000
933.490000000 6.600000000 6.403533458700
925.490000000 9.000000000 6.402192592600
929.990000000 7.200000000 6.389925479900
927.740000000 5.800000000 6.378472328200
935.240000000 7.800000000 6.375309944200
926.990000000 9.000000000 6.367534637500
927.490000000 7.800000000 6.366521358500
927.990000000 7.400000000 6.361550331100
929.240000000 9.800000000 6.360906601000
935.740000000 7.800000000 6.355869770100
935.240000000 9.800000000 6.354253768900
935.240000000 6.200000000 6.341919899000
935.740000000 6.600000000 6.335853576700
933.740000000 7.000000000 6.335557460800
933.490000000 7.000000000 6.329824447600
935.490000000 6.600000000 6.325316429100
935.240000000 7.400000000 6.315879344900
925.740000000 9.000000000 6.305985450700
933.990000000 6.800000000 6.301937580100
931.740000000 8.600000000 6.301671028100
933.240000000 7.200000000 6.297310352300
928.740000000 9.800000000 6.294360637700
935.490000000 6.800000000 6.291279315900
928.490000000 10.000000000 6.290257930800
935.490000000 9.600000000 6.286983013200
933.740000000 9.400000000 6.282284259800
933.990000000 6.200000000 6.279854774500
924.990000000 7.200000000 6.275526523600
933.490000000 9.200000000 6.269117832200
931.740000000 8.400000000 6.254910945900
928.240000000 10.000000000 6.252789020500
927.490000000 8.000000000 6.248778820000
928.240000000 6.600000000 6.241228103600
932.740000000 8.600000000 6.240797042800
932.740000000 8.400000000 6.232475757600
929.990000000 9.800000000 6.232362747200
931.490000000 6.800000000 6.216539859800
925.990000000 8.800000000 6.216260910000
928.990000000 9.800000000 6.210610866500
931.740000000 6.600000000 6.208949089100
925.240000000 8.600000000 6.208484172800
927.990000000 6.400000000 6.208220481900
926.240000000 7.600000000 6.206440925600
927.740000000 6.000000000 6.199804782900
933.240000000 7.000000000 6.181640148200
926.240000000 7.400000000 6.166460037200
928.490000000 6.800000000 6.162856578800
933.240000000 6.800000000 6.161257743800
930.490000000 9.800000000 6.157596111300
928.490000000 7.200000000 6.154290676100
932.990000000 7.400000000 6.150602340700
933.490000000 6.800000000 6.143726348900
932.990000000 8.600000000 6.135833740200
933.740000000 6.600000000 6.132010936700
933.990000000 6.400000000 6.127151966100
925.240000000 6.400000000 6.126664638500
928.490000000 7.000000000 6.125319004100
923.990000000 10.000000000 6.124039650000
933.740000000 9.600000000 6.123643398300
935.490000000 6.400000000 6.120473861700
926.740000000 9.200000000 6.119925499000
924.240000000 9.800000000 6.116220951100
932.240000000 8.800000000 6.115699768100
935.490000000 7.600000000 6.107138633700
927.240000000 8.800000000 6.106082439400
934.990000000 7.600000000 6.105818271600
925.240000000 7.400000000 6.103423118600
934.990000000 6.000000000 6.100394725800
932.990000000 10.000000000 6.096435070000
928.740000000 10.000000000 6.095348835000
930.740000000 7.600000000 6.092898368800
925.240000000 5.800000000 6.091647148100
932.990000000 8.200000000 6.086878776600
932.240000000 9.400000000 6.070175170900
933.740000000 5.800000000 6.065211296100
934.240000000 6.400000000 6.063792705500
932.990000000 6.800000000 6.058572292300
931.240000000 9.600000000 6.057629108400
924.240000000 7.200000000 6.051596641500
931.490000000 6.600000000 6.045151233700
935.740000000 6.400000000 6.044674873400
935.990000000 6.400000000 6.034358024600
930.990000000 8.600000000 6.033734798400
927.740000000 7.400000000 6.031629085500
926.990000000 9.400000000 6.023969173400
933.740000000 6.800000000 6.020145893100
930.740000000 8.400000000 6.016378879500
943.490000000 9.400000000 6.004619121600
931.490000000 7.000000000 5.998415947000
927.990000000 10.000000000 5.992559909800
934.240000000 6.000000000 5.985647201500
926.990000000 8.800000000 5.972277164500
924.740000000 7.200000000 5.965753555300
932.990000000 8.800000000 5.955749511700
928.240000000 7.200000000 5.953318595900
934.240000000 6.200000000 5.952974796300
927.740000000 10.000000000 5.941410064700
932.240000000 9.600000000 5.939004421200
925.490000000 7.600000000 5.917053699500
927.740000000 9.800000000 5.915623664900
932.990000000 8.400000000 5.915480613700
933.990000000 6.000000000 5.902299881000
932.490000000 9.400000000 5.900553703300
931.240000000 9.800000000 5.888692379000
925.240000000 9.000000000 5.872145652800
924.240000000 9.600000000 5.871570110300
931.740000000 6.800000000 5.867317676500
927.740000000 6.200000000 5.863303661300
930.490000000 7.400000000 5.862171649900
932.740000000 7.600000000 5.862127304100
931.240000000 7.200000000 5.861488819100
927.990000000 7.200000000 5.856425285300
930.490000000 10.000000000 5.855082511900
928.990000000 10.000000000 5.852019786800
924.240000000 10.000000000 5.851224422500
932.990000000 7.000000000 5.848238945000
931.990000000 9.400000000 5.845215320600
932.990000000 7.200000000 5.844500064800
925.740000000 6.600000000 5.843480587000
930.990000000 7.200000000 5.842053890200
930.240000000 7.200000000 5.839420318600
928.240000000 7.000000000 5.835475444800
943.740000000 9.400000000 5.833055973100
936.240000000 5.800000000 5.830698967000
930.990000000 10.000000000 5.821987152100
925.990000000 8.600000000 5.816111087800
936.490000000 6.000000000 5.811780452700
931.240000000 9.200000000 5.807745933500
932.740000000 6.800000000 5.797016620600
925.990000000 9.000000000 5.786005497000
931.490000000 9.400000000 5.785350322700
931.990000000 9.600000000 5.785325527200
932.990000000 9.800000000 5.784852027900
935.490000000 6.200000000 5.777708530400
931.990000000 8.800000000 5.772416114800
930.740000000 10.000000000 5.770896434800
933.990000000 6.600000000 5.767144203200
924.490000000 7.200000000 5.766767978700
935.240000000 7.600000000 5.763041496300
932.490000000 8.800000000 5.749720096600
926.490000000 9.200000000 5.747536182400
932.490000000 9.600000000 5.737279892000
925.990000000 7.800000000 5.736125946000
935.490000000 7.800000000 5.718541145300
927.740000000 7.200000000 5.717319488500
930.740000000 9.000000000 5.716557979600
927.490000000 8.200000000 5.706837654100
929.240000000 10.000000000 5.705690860700
933.490000000 9.600000000 5.705543994900
927.490000000 8.800000000 5.695697784400
930.990000000 8.000000000 5.694767475100
925.740000000 8.400000000 5.688296318100
926.740000000 9.000000000 5.684146404300
930.990000000 7.800000000 5.680613517800
924.490000000 8.200000000 5.673660278300
928.240000000 6.800000000 5.667961597400
926.240000000 7.200000000 5.666306972500
925.990000000 6.000000000 5.638506889300
931.490000000 9.600000000 5.637263298000
929.490000000 10.000000000 5.634631156900
931.740000000 9.400000000 5.631294727300
927.490000000 10.000000000 5.626280784600
932.740000000 7.400000000 5.614304542500
932.240000000 8.200000000 5.612927913700
927.490000000 7.600000000 5.604055404700
927.240000000 8.600000000 5.592913627600
931.740000000 9.600000000 5.588681697800
925.490000000 8.400000000 5.587295055400
924.240000000 8.200000000 5.583982944500
930.240000000 10.000000000 5.576070785500
924.740000000 8.200000000 5.572443962100
930.490000000 7.200000000 5.571892738300
925.990000000 6.800000000 5.571627616900
931.240000000 10.000000000 5.565304756200
935.990000000 6.200000000 5.559580326100
930.740000000 7.200000000 5.558511734000
931.740000000 7.000000000 5.556865692100
926.740000000 8.800000000 5.554936409000
935.740000000 6.200000000 5.550084590900
927.990000000 7.000000000 5.535882949800
930.990000000 9.000000000 5.530366897600
930.990000000 8.800000000 5.525030136100
926.240000000 9.200000000 5.519840717300
926.740000000 9.400000000 5.517119884500
927.240000000 9.600000000 5.514285087600
932.740000000 7.800000000 5.503206253100
925.490000000 6.200000000 5.499100208300
923.990000000 8.200000000 5.489842414900
933.490000000 9.400000000 5.489109039300
932.490000000 6.800000000 5.488698005700
926.240000000 7.800000000 5.487485408800
930.240000000 9.800000000 5.482540607500
931.490000000 8.600000000 5.482464790300
926.240000000 8.800000000 5.481153965000
924.740000000 8.000000000 5.478664398200
930.740000000 7.400000000 5.467766761800
929.740000000 10.000000000 5.465087890600
925.490000000 6.000000000 5.463691711400
927.490000000 8.400000000 5.451853752100
924.490000000 8.000000000 5.451329231300
927.490000000 7.400000000 5.449160099000
930.990000000 8.400000000 5.439326763200
931.990000000 8.200000000 5.423717021900
932.740000000 7.000000000 5.422547817200
936.240000000 6.200000000 5.410615921000
927.490000000 8.600000000 5.407715320600
931.240000000 8.600000000 5.405154228200
931.490000000 7.200000000 5.400970935800
935.240000000 6.000000000 5.399664402000
926.490000000 7.600000000 5.381947994200
924.990000000 8.800000000 5.378521919300
927.990000000 6.600000000 5.372158527400
932.490000000 8.200000000 5.370928764300
923.990000000 9.400000000 5.365037918100
925.740000000 7.800000000 5.364881515500
931.490000000 8.400000000 5.364708900500
932.990000000 9.000000000 5.340681552900
926.490000000 9.000000000 5.334580421400
925.990000000 6.200000000 5.327480316200
932.740000000 7.200000000 5.327372074100
927.490000000 7.200000000 5.325829505900
924.990000000 8.600000000 5.319760799400
927.240000000 8.400000000 5.316307067900
925.990000000 8.400000000 5.311916828200
926.490000000 8.800000000 5.301059246100
925.740000000 6.000000000 5.296377658800
933.240000000 9.600000000 5.282666206400
925.990000000 8.000000000 5.281389236500
925.740000000 8.200000000 5.279533863100
926.990000000 8.600000000 5.278538227100
924.240000000 8.000000000 5.255888938900
932.240000000 6.800000000 5.253617286700
926.240000000 6.000000000 5.251180648800
932.240000000 9.200000000 5.231842041000
925.490000000 9.200000000 5.227796077700
930.990000000 7.600000000 5.225727081300
926.240000000 9.000000000 5.223702907600
924.990000000 7.400000000 5.222435474400
933.240000000 9.200000000 5.218206405600
927.740000000 7.000000000 5.216441154500
930.990000000 7.400000000 5.208704948400
925.740000000 8.000000000 5.207184314700
936.240000000 6.000000000 5.201796054800
931.490000000 9.200000000 5.198798179600
934.740000000 5.800000000 5.197707176200
925.490000000 6.400000000 5.194947719600
931.990000000 6.800000000 5.193562030800
925.990000000 8.200000000 5.188210964200
923.990000000 8.000000000 5.168382644700
927.990000000 6.800000000 5.162522316000
926.240000000 6.200000000 5.155746936800
927.490000000 5.800000000 5.135711669900
932.740000000 9.400000000 5.134101867700
935.990000000 5.800000000 5.132170677200
926.240000000 8.600000000 5.128800392200
927.740000000 6.400000000 5.126541137700
925.740000000 9.200000000 5.125617027300
927.240000000 10.000000000 5.122950077100
924.490000000 9.800000000 5.121250629400
932.490000000 9.200000000 5.119953155500
934.990000000 5.800000000 5.114096641500
924.990000000 8.200000000 5.107355117800
923.990000000 7.400000000 5.096976280200
933.990000000 5.800000000 5.086134910600
931.240000000 9.000000000 5.084147453300
926.490000000 7.400000000 5.072930336000
925.990000000 5.800000000 5.072022438000
931.240000000 8.800000000 5.070433139800
931.240000000 8.400000000 5.070154190100
931.990000000 9.200000000 5.058248519900
925.240000000 8.400000000 5.045266628300
926.990000000 9.600000000 5.043278694200
932.740000000 9.600000000 5.033294677700
931.990000000 9.800000000 5.030348300900
929.990000000 10.000000000 5.022150039700
925.990000000 9.200000000 5.017077446000
932.490000000 7.400000000 5.017041683200
931.490000000 9.800000000 5.014436245000
924.990000000 8.000000000 5.008923530600
931.490000000 10.000000000 4.998412609100
924.490000000 10.000000000 4.991488456700
927.490000000 6.000000000 4.990228176100
927.240000000 8.200000000 4.990064621000
931.740000000 8.800000000 4.986833572400
931.740000000 9.200000000 4.953358650200
932.740000000 8.800000000 4.947916507700
932.490000000 7.000000000 4.943886280100
931.740000000 9.800000000 4.938797473900
925.240000000 7.600000000 4.929340839400
926.490000000 7.800000000 4.926462650300
932.740000000 8.000000000 4.925273895300
935.740000000 5.800000000 4.915431499500
934.490000000 5.800000000 4.908639431000
926.490000000 9.400000000 4.901551246600
932.490000000 7.200000000 4.898590087900
925.740000000 10.000000000 4.889703273800
925.490000000 8.200000000 4.887985229500
932.740000000 8.200000000 4.885145664200
934.240000000 5.800000000 4.884864807100
926.240000000 7.000000000 4.883360385900
931.990000000 10.000000000 4.880343437200
932.240000000 9.800000000 4.879205226900
926.740000000 8.600000000 4.877039909400
932.490000000 7.600000000 4.876408100100
925.740000000 5.800000000 4.868366241500
932.740000000 9.800000000 4.866539478300
926.990000000 8.400000000 4.863327503200
924.490000000 9.600000000 4.860889434800
925.490000000 5.800000000 4.860494136800
926.240000000 8.000000000 4.860066890700
935.490000000 6.000000000 4.850177288100
925.990000000 10.000000000 4.848986625700
931.740000000 10.000000000 4.839260578200
924.240000000 9.400000000 4.835963249200
927.490000000 7.000000000 4.835166931200
924.240000000 7.400000000 4.833590030700
931.240000000 7.400000000 4.830041408500
932.990000000 9.600000000 4.818463802300
932.490000000 9.000000000 4.817839622500
925.740000000 6.200000000 4.808443546300
924.990000000 9.000000000 4.802141189600
932.490000000 9.800000000 4.798504352600
931.740000000 8.200000000 4.790010452300
932.240000000 9.000000000 4.783951759300
924.740000000 7.400000000 4.782898902900
926.490000000 8.600000000 4.774832248700
926.240000000 9.400000000 4.771756649000
931.990000000 7.000000000 4.771646499600
930.990000000 8.200000000 4.769508838700
926.240000000 8.200000000 4.765310764300
927.490000000 9.800000000 4.762287139900
923.990000000 8.400000000 4.760073185000
932.740000000 9.000000000 4.746039867400
932.490000000 7.800000000 4.742347240400
925.240000000 9.200000000 4.741854190800
926.240000000 8.400000000 4.738274574300
932.740000000 10.000000000 4.738248348200
935.240000000 5.800000000 4.731650352500
924.240000000 8.400000000 4.731114387500
925.740000000 9.800000000 4.709576606800
931.740000000 7.200000000 4.661509037000
927.740000000 6.800000000 4.657363414800
925.490000000 8.000000000 4.652938365900
932.240000000 10.000000000 4.649661541000
926.240000000 5.800000000 4.649494648000
933.240000000 9.400000000 4.647953033400
924.490000000 7.400000000 4.646568298300
932.490000000 10.000000000 4.646065235100
932.740000000 9.200000000 4.643888950300
927.490000000 6.200000000 4.635009765600
926.740000000 9.600000000 4.631786823300
935.740000000 6.000000000 4.626204490700
926.990000000 10.000000000 4.622419357300
926.240000000 10.000000000 4.621524810800
925.490000000 10.000000000 4.616971015900
927.240000000 7.400000000 4.614726066600
931.490000000 9.000000000 4.614618778200
927.240000000 7.200000000 4.608475685100
931.240000000 7.800000000 4.585376262700
926.740000000 7.600000000 4.583209037800
932.240000000 7.000000000 4.577019214600
926.990000000 8.200000000 4.574629306800
932.490000000 8.000000000 4.574493885000
931.990000000 9.000000000 4.567264080000
935.990000000 6.000000000 4.566051006300
925.490000000 9.800000000 4.559414863600
924.490000000 8.400000000 4.558454036700
925.990000000 9.800000000 4.535149097400
926.490000000 6.200000000 4.512712001800
931.240000000 8.000000000 4.503981113400
927.240000000 7.800000000 4.499207496600
932.240000000 7.800000000 4.498344421400
925.490000000 7.800000000 4.485752105700
927.740000000 6.600000000 4.484136104600
925.740000000 6.400000000 4.475340366400
926.490000000 6.000000000 4.474070072200
932.240000000 7.400000000 4.472324848200
931.490000000 8.800000000 4.468983173400
925.990000000 6.600000000 4.440651893600
927.240000000 8.000000000 4.439946651500
931.740000000 9.000000000 4.434822559400
926.740000000 8.400000000 4.434058189400
932.240000000 7.200000000 4.424992561300
924.490000000 9.400000000 4.418994426700
923.990000000 7.600000000 4.418187141400
935.490000000 5.800000000 4.405070304900
926.490000000 10.000000000 4.380575180100
926.490000000 8.200000000 4.371373653400
926.490000000 8.400000000 4.370438098900
925.990000000 9.400000000 4.361792564400
926.490000000 7.200000000 4.357320308700
926.740000000 10.000000000 4.342343330400
932.240000000 8.000000000 4.340932369200
925.240000000 8.200000000 4.321949482000
926.740000000 7.800000000 4.317049503300
927.240000000 7.000000000 4.306966304800
931.990000000 7.800000000 4.302330017100
924.740000000 7.800000000 4.298167228700
926.740000000 8.200000000 4.295689582800
931.490000000 7.800000000 4.280023098000
926.490000000 8.000000000 4.278441429100
924.990000000 8.400000000 4.271649360700
931.240000000 7.600000000 4.267917156200
926.240000000 6.400000000 4.265177249900
931.490000000 7.400000000 4.248416423800
924.740000000 8.600000000 4.239397525800
932.990000000 9.200000000 4.237614631700
931.740000000 7.800000000 4.237166404700
924.740000000 8.400000000 4.234349727600
927.240000000 7.600000000 4.233284473400
924.990000000 7.600000000 4.226446151700
931.490000000 8.000000000 4.207078933700
926.240000000 9.800000000 4.199924469000
925.990000000 6.400000000 4.197624683400
931.990000000 8.000000000 4.195718765300
924.740000000 9.400000000 4.192664623300
931.740000000 8.000000000 4.185780048400
924.490000000 7.800000000 4.165415763900
924.240000000 7.600000000 4.163495540600
931.490000000 7.600000000 4.154841899900
926.740000000 7.400000000 4.125212192500
924.740000000 8.800000000 4.122245311700
924.740000000 9.800000000 4.118998050700
927.490000000 6.800000000 4.113033294700
932.240000000 7.600000000 4.097985744500
931.990000000 7.200000000 4.096932411200
924.240000000 7.800000000 4.092190742500
925.240000000 8.000000000 4.090347766900
924.740000000 9.600000000 4.084471225700
927.240000000 9.800000000 4.073795318600
925.240000000 9.800000000 4.061118125900
927.490000000 6.400000000 4.060009956400
931.490000000 8.200000000 4.047567844400
923.990000000 9.200000000 4.023883342700
924.990000000 7.800000000 4.023716926600
923.990000000 7.800000000 4.016114711800
924.740000000 10.000000000 4.001963138600
925.240000000 10.000000000 4.001252174400
926.990000000 8.000000000 3.996299028400
931.240000000 8.200000000 3.988213777500
932.990000000 9.400000000 3.985613822900
926.990000000 7.600000000 3.963479280500
926.240000000 6.800000000 3.956217289000
924.240000000 9.200000000 3.953387498900
924.490000000 7.600000000 3.946456193900
926.740000000 8.000000000 3.946392536200
931.740000000 7.400000000 3.942850112900
923.990000000 8.600000000 3.935310602200
926.490000000 9.600000000 3.933979272800
924.740000000 7.600000000 3.932292223000
926.490000000 9.800000000 3.891439676300
925.740000000 9.600000000 3.880342721900
925.490000000 9.600000000 3.880189895600
926.490000000 5.800000000 3.872063875200
924.990000000 9.400000000 3.863038778300
926.490000000 6.400000000 3.848333835600
931.990000000 7.600000000 3.844215869900
931.990000000 7.400000000 3.840045213700
923.990000000 8.800000000 3.837508440000
926.740000000 6.200000000 3.822767019300
924.240000000 8.600000000 3.817395687100
926.990000000 7.200000000 3.806572914100
924.490000000 9.200000000 3.789113760000
927.240000000 5.800000000 3.786428690000
924.990000000 9.200000000 3.781026840200
926.990000000 7.800000000 3.775233507200
926.990000000 9.800000000 3.773478508000
925.740000000 9.400000000 3.772432088900
925.490000000 9.400000000 3.770270586000
931.740000000 7.600000000 3.760919332500
926.740000000 9.800000000 3.731712579700
926.990000000 5.800000000 3.713947534600
926.990000000 7.400000000 3.703821182300
926.740000000 5.800000000 3.703786134700
926.740000000 6.000000000 3.695624828300
924.990000000 9.600000000 3.685708522800
927.240000000 6.000000000 3.668905019800
925.240000000 7.800000000 3.646821498900
927.490000000 6.600000000 3.617918014500
925.240000000 9.600000000 3.614773750300
924.740000000 9.200000000 3.606868743900
926.990000000 7.000000000 3.590855836900
924.740000000 9.000000000 3.548967838300
926.490000000 7.000000000 3.546060323700
925.990000000 9.600000000 3.541181564300
924.990000000 9.800000000 3.528493166000
925.240000000 9.400000000 3.522471189500
923.990000000 9.000000000 3.505149364500
927.240000000 6.800000000 3.479432821300
926.240000000 9.600000000 3.475907325700
924.490000000 8.600000000 3.473795890800
927.240000000 6.200000000 3.447863102000
924.240000000 8.800000000 3.412061214400
926.740000000 7.200000000 3.404336690900
926.990000000 6.200000000 3.382915735200
926.740000000 6.400000000 3.331802606600
924.990000000 10.000000000 3.293298482900
924.240000000 9.000000000 3.225019931800
926.990000000 6.000000000 3.164541959800
924.490000000 8.800000000 3.141543149900
926.240000000 6.600000000 3.075280666400
927.240000000 6.400000000 3.032542944000
926.990000000 6.400000000 3.028633594500
924.490000000 9.000000000 3.027658700900
926.490000000 6.600000000 2.866667270700
926.490000000 6.800000000 2.815461874000
926.740000000 7.000000000 2.771374702500
927.240000000 6.600000000 2.753290653200
926.990000000 6.800000000 2.739489793800
926.740000000 6.600000000 2.666074037600
926.740000000 6.800000000 2.519169807400
926.990000000 6.600000000 2.330473661400
