1170.370000000 7.000000000 365.286560058600
1171.120000000 7.500000000 363.635314941400
1170.120000000 7.000000000 360.982971191400
1170.870000000 7.500000000 359.941436767600
1170.620000000 7.000000000 359.309570312500
1171.370000000 7.500000000 357.598297119100
1170.620000000 7.500000000 352.770446777300
1174.870000000 7.000000000 348.804534912100
1170.370000000 7.500000000 348.601196289100
1170.870000000 7.000000000 347.673034668000
1169.870000000 7.000000000 342.179870605500
1175.120000000 7.000000000 339.586456298800
1171.620000000 7.500000000 338.813171386700
1174.620000000 7.000000000 337.051940918000
1170.120000000 7.500000000 334.736206054700
1171.120000000 7.000000000 333.214904785200
1174.370000000 7.000000000 329.233184814500
1171.370000000 7.000000000 324.840759277300
1171.620000000 7.000000000 314.001251220700
1175.370000000 7.000000000 311.938842773400
1169.620000000 7.000000000 308.601379394500
1169.870000000 7.500000000 308.173858642600
1171.870000000 7.500000000 307.373260498000
1171.870000000 7.000000000 293.975585937500
1174.120000000 7.000000000 292.249786377000
1175.620000000 7.000000000 277.945892334000
1169.620000000 7.500000000 271.245483398400
1172.120000000 7.500000000 267.145019531200
1169.370000000 7.000000000 265.228668212900
1172.120000000 7.000000000 264.530975341800
1173.870000000 7.000000000 241.297058105500
1175.870000000 7.000000000 241.032333374000
1174.870000000 7.500000000 232.646163940400
1169.370000000 7.500000000 230.092819213900
1172.370000000 7.000000000 229.651062011700
1174.620000000 7.500000000 228.686492919900
1172.370000000 7.500000000 224.258514404300
1169.120000000 7.000000000 220.077011108400
1175.120000000 7.500000000 216.363662719700
1174.370000000 7.500000000 207.665573120100
1176.120000000 7.000000000 201.629852294900
1167.120000000 7.000000000 199.111480712900
1173.620000000 7.000000000 196.442398071300
1172.620000000 7.000000000 196.409744262700
1166.870000000 7.000000000 193.019821167000
1167.370000000 7.000000000 191.720062255900
1169.120000000 7.500000000 190.648620605500
1175.370000000 7.500000000 187.681091308600
1172.620000000 7.500000000 185.125961303700
1168.870000000 7.000000000 180.754272460900
1174.120000000 7.500000000 178.858612060500
1166.620000000 7.000000000 176.885269165000
1167.620000000 7.000000000 173.393920898400
1172.870000000 7.000000000 171.891143798800
1173.370000000 7.000000000 168.975585937500
1176.370000000 7.000000000 163.582183837900
1173.120000000 7.000000000 161.458480835000
1175.620000000 7.500000000 158.053695678700
1166.370000000 7.000000000 156.955795288100
1168.870000000 7.500000000 156.887756347700
1166.370000000 6.500000000 156.208724975600
1172.870000000 7.500000000 154.795501709000
1173.870000000 7.500000000 154.579071044900
1167.870000000 7.000000000 152.798171997100
1167.120000000 7.500000000 152.792861938500
1168.620000000 7.000000000 152.553161621100
1167.370000000 7.500000000 151.791198730500
1166.620000000 6.500000000 150.705810546900
1166.120000000 6.500000000 150.182632446300
1166.870000000 7.500000000 144.781845092800
1175.120000000 6.500000000 144.026672363300
1175.370000000 6.500000000 143.889770507800
1167.620000000 7.500000000 141.312728881800
1168.120000000 7.000000000 139.245269775400
1168.370000000 7.000000000 138.480239868200
1173.620000000 7.500000000 137.728988647500
1173.120000000 7.500000000 136.259094238300
1166.120000000 7.000000000 135.968292236300
1166.870000000 6.500000000 134.975448608400
1165.870000000 6.500000000 133.670394897500
1175.870000000 7.500000000 133.014862060500
1175.620000000 6.500000000 132.365921020500
1168.620000000 7.500000000 131.766571044900
1174.870000000 6.500000000 131.515731811500
1166.620000000 7.500000000 130.767623901400
1173.370000000 7.500000000 130.758407592800
1176.620000000 7.000000000 127.607421875000
1167.870000000 7.500000000 126.647865295400
1168.370000000 7.500000000 117.893333435100
1168.120000000 7.500000000 116.718132019000
1175.870000000 6.500000000 114.929000854500
1165.870000000 7.000000000 114.888038635300
1166.370000000 7.500000000 113.877220153800
1167.120000000 6.500000000 112.953598022500
1176.120000000 7.500000000 111.531372070300
1174.620000000 6.500000000 110.886611938500
1165.620000000 6.500000000 109.783523559600
1166.120000000 7.500000000 96.966697692900
1176.120000000 6.500000000 96.580642700200
1165.620000000 7.000000000 94.384597778300
1176.370000000 7.500000000 91.247749328600
1176.870000000 7.000000000 91.191741943400
1174.370000000 6.500000000 90.947364807100
1167.370000000 6.500000000 89.809501647900
1165.370000000 6.500000000 84.750305175800
1170.870000000 6.500000000 83.914108276400
1170.620000000 6.500000000 83.799095153800
1171.120000000 6.500000000 81.327507019000
1170.370000000 6.500000000 81.166481018100
1165.870000000 7.500000000 80.101242065400
1176.370000000 6.500000000 78.857994079600
1174.870000000 8.000000000 77.249282836900
1170.120000000 6.500000000 76.229423522900
1171.370000000 6.500000000 76.147392272900
1175.120000000 8.000000000 76.108695983900
1165.370000000 7.000000000 74.786407470700
1170.870000000 8.000000000 73.302566528300
1171.120000000 8.000000000 72.981155395500
1174.620000000 8.000000000 72.637763977100
1176.620000000 7.500000000 72.082351684600
1170.620000000 8.000000000 71.564071655300
1175.370000000 8.000000000 70.797142028800
1171.370000000 8.000000000 70.299713134800
1174.120000000 6.500000000 70.199729919400
1167.620000000 6.500000000 69.531570434600
1166.620000000 8.000000000 69.433685302700
1169.870000000 6.500000000 69.200378418000
1171.620000000 6.500000000 69.016098022500
1166.370000000 8.000000000 68.591445922900
1170.370000000 8.000000000 68.102806091300
1171.620000000 8.000000000 65.228668212900
1165.620000000 7.500000000 64.284790039100
1166.870000000 8.000000000 64.181045532200
1170.120000000 8.000000000 63.326107025100
1174.370000000 8.000000000 62.714778900100
1175.620000000 8.000000000 62.659179687500
1166.120000000 8.000000000 62.361545562700
1171.870000000 6.500000000 62.011329650900
1176.620000000 6.500000000 61.710533142100
1165.120000000 6.500000000 61.358711242700
1169.620000000 6.500000000 60.588832855200
1171.870000000 8.000000000 58.793956756600
1165.870000000 6.000000000 58.334701538100
1169.870000000 8.000000000 57.261096954300
1177.120000000 7.000000000 56.818950653100
1166.120000000 6.000000000 56.733818054200
1165.120000000 7.000000000 56.494621276900
1176.870000000 7.500000000 54.542835235600
1167.120000000 8.000000000 54.532314300500
1172.120000000 6.500000000 54.170875549300
1165.620000000 6.000000000 54.108341217000
1167.870000000 6.500000000 53.933147430400
1165.870000000 8.000000000 53.418720245400
1175.870000000 8.000000000 53.110305786100
1173.870000000 6.500000000 52.849773407000
1169.370000000 6.500000000 51.429950714100
1172.120000000 8.000000000 51.237251281700
1166.370000000 6.000000000 50.995601654100
1174.120000000 8.000000000 50.743614196800
1165.370000000 7.500000000 50.284069061300
1169.620000000 8.000000000 50.208152771000
1172.370000000 6.500000000 46.502471923800
1176.870000000 6.500000000 46.154441833500
1165.370000000 6.000000000 45.472908020000
1165.620000000 8.000000000 45.084266662600
1176.120000000 8.000000000 43.691131591800
1166.620000000 6.000000000 43.645767211900
1167.370000000 8.000000000 43.510101318400
1168.120000000 6.500000000 43.243320465100
1172.370000000 8.000000000 43.242641449000
1169.120000000 6.500000000 43.146903991700
1169.370000000 8.000000000 42.833156585700
1173.620000000 6.500000000 41.108692169200
1164.870000000 6.500000000 40.782501220700
1164.870000000 7.000000000 40.230167388900
1173.870000000 8.000000000 40.059886932400
1172.620000000 6.500000000 39.994731903100
1165.120000000 7.500000000 38.592563629200
1177.120000000 7.500000000 38.026340484600
1165.370000000 8.000000000 37.647392272900
1168.870000000 6.500000000 37.100093841600
1168.370000000 6.500000000 37.096614837600
1166.870000000 6.000000000 36.541137695300
1172.620000000 8.000000000 36.002849578900
1169.120000000 8.000000000 35.880748748800
1165.120000000 6.000000000 35.593669891400
1172.870000000 6.500000000 35.419666290300
1168.620000000 6.500000000 35.117786407500
1173.370000000 6.500000000 34.990264892600
1176.370000000 8.000000000 34.924964904800
1167.620000000 8.000000000 33.881866455100
1177.120000000 6.500000000 33.876857757600
1173.120000000 6.500000000 33.465671539300
1175.370000000 6.000000000 32.721717834500
1173.620000000 8.000000000 32.435939788800
1164.620000000 7.000000000 32.248874664300
1177.370000000 7.000000000 32.022308349600
1175.120000000 6.000000000 31.790014267000
1175.620000000 6.000000000 31.707683563200
1165.120000000 8.000000000 31.062908172600
1172.870000000 8.000000000 30.620908737200
1167.120000000 6.000000000 30.534265518200
1168.870000000 8.000000000 30.015413284300
1165.870000000 8.500000000 29.700469970700
1165.620000000 8.500000000 29.404922485400
1175.870000000 6.000000000 29.305521011400
1164.870000000 7.500000000 29.260543823200
1174.870000000 6.000000000 28.553333282500
1166.120000000 8.500000000 28.521064758300
1173.370000000 8.000000000 28.411844253500
1173.120000000 8.000000000 27.913845062300
1165.370000000 8.500000000 27.875608444200
1167.870000000 8.000000000 27.196147918700
1164.620000000 6.500000000 26.869718551600
1177.370000000 6.500000000 26.778356552100
1176.620000000 8.000000000 26.604255676300
1164.870000000 6.000000000 26.562204361000
1176.120000000 6.000000000 25.948644638100
1175.370000000 8.500000000 25.810152053800
1166.370000000 8.500000000 25.793800354000
1167.370000000 6.000000000 25.751232147200
1168.620000000 8.000000000 25.748676300000
1175.620000000 8.500000000 25.484504699700
1165.120000000 8.500000000 25.461217880200
1164.870000000 8.000000000 25.083389282200
1170.620000000 6.000000000 24.958740234400
1164.370000000 7.000000000 24.786819458000
1170.870000000 6.000000000 24.646512985200
1175.120000000 8.500000000 24.471811294600
1170.370000000 6.000000000 24.423353195200
1177.620000000 6.500000000 24.300447464000
1174.620000000 6.000000000 23.980911254900
1177.370000000 7.500000000 23.968467712400
1177.870000000 6.500000000 23.907388687100
1168.120000000 8.000000000 23.831993103000
1175.870000000 8.500000000 23.814781189000
1164.620000000 7.500000000 23.786722183200
1168.370000000 8.000000000 23.520757675200
1171.120000000 6.000000000 23.388071060200
1170.120000000 6.000000000 22.907026290900
1177.870000000 7.500000000 22.615314483600
1164.870000000 8.500000000 22.490310668900
1176.370000000 6.000000000 22.354814529400
1167.620000000 6.000000000 21.945392608600
1166.620000000 8.500000000 21.865127563500
1174.870000000 8.500000000 21.658826828000
1164.620000000 6.000000000 21.596519470200
1171.370000000 6.000000000 21.422336578400
1176.120000000 8.500000000 21.213157653800
1164.370000000 6.500000000 20.966381073000
1169.870000000 6.000000000 20.563678741500
1177.620000000 7.000000000 20.356447219800
1164.370000000 7.500000000 19.956007003800
1177.870000000 7.000000000 19.791669845600
1164.620000000 8.000000000 19.593393325800
1165.120000000 5.500000000 19.332481384300
1174.370000000 6.000000000 19.286962509200
1164.870000000 5.500000000 19.284435272200
1176.620000000 6.000000000 19.117664337200
1164.620000000 5.500000000 19.042503356900
1171.620000000 6.000000000 19.031124115000
1176.870000000 8.000000000 18.997997283900
1164.620000000 8.500000000 18.881082534800
1167.870000000 6.000000000 18.822845459000
1164.370000000 6.000000000 18.755516052200
1165.370000000 5.500000000 18.516090393100
1170.870000000 8.500000000 18.338306427000
1174.620000000 8.500000000 18.195480346700
1164.370000000 5.500000000 18.192466735800
1170.620000000 8.500000000 18.110889434800
1176.370000000 8.500000000 18.052089691200
1171.120000000 8.500000000 17.925760269200
1169.620000000 6.000000000 17.888988494900
1164.120000000 7.000000000 17.788356781000
1177.620000000 7.500000000 17.477827072100
1166.870000000 8.500000000 17.473327636700
1170.370000000 8.500000000 17.317207336400
1158.120000000 5.000000000 17.180646896400
1160.620000000 6.000000000 17.095899581900
1171.370000000 8.500000000 16.943330764800
1165.620000000 5.500000000 16.850526809700
1164.120000000 5.500000000 16.785226821900
1160.870000000 6.000000000 16.752399444600
1160.370000000 6.000000000 16.684579849200
1164.120000000 6.000000000 16.679067611700
1164.120000000 7.500000000 16.639249801600
1171.870000000 6.000000000 16.467166900600
1158.370000000 5.000000000 16.314018249500
1164.120000000 6.500000000 16.252471923800
1168.120000000 6.000000000 16.251928329500
1176.870000000 6.000000000 16.225824356100
1170.120000000 8.500000000 16.075195312500
1161.120000000 6.000000000 16.002820968600
1160.120000000 6.000000000 15.948454856900
1171.620000000 8.500000000 15.457783699000
1164.370000000 8.000000000 15.455091476400
1169.370000000 6.000000000 15.454191207900
1158.620000000 5.000000000 15.235047340400
1174.120000000 6.000000000 15.155179023700
1163.870000000 5.500000000 15.083946228000
1164.370000000 8.500000000 15.037808418300
1159.870000000 6.000000000 14.928159713700
1174.370000000 8.500000000 14.918573379500
1161.370000000 6.000000000 14.760125160200
1176.620000000 8.500000000 14.740532875100
1163.870000000 6.000000000 14.727350235000
1165.870000000 5.500000000 14.704254150400
1160.120000000 5.500000000 14.563085556000
1169.870000000 8.500000000 14.531622886700
1160.370000000 5.500000000 14.469527244600
1164.870000000 9.000000000 14.464946746800
1177.870000000 8.000000000 14.348009109500
1168.370000000 6.000000000 14.295621871900
1159.870000000 5.500000000 14.249276161200
1165.120000000 9.000000000 14.246265411400
1158.870000000 5.000000000 14.216816902200
1177.120000000 6.000000000 13.997572898900
1172.120000000 6.000000000 13.956350326500
1163.870000000 7.500000000 13.887753486600
1164.620000000 9.000000000 13.844548225400
1160.620000000 5.500000000 13.813188552900
1159.620000000 6.000000000 13.737060546900
1169.120000000 6.000000000 13.710557937600
1171.870000000 8.500000000 13.676578521700
1159.120000000 5.000000000 13.601136207600
1159.870000000 5.000000000 13.594145774800
1159.620000000 5.000000000 13.531939506500
1159.370000000 5.000000000 13.433132171600
1167.120000000 8.500000000 13.394371986400
1158.120000000 5.500000000 13.361486434900
1159.620000000 5.500000000 13.294322013900
1160.120000000 5.000000000 13.270469665500
1165.370000000 9.000000000 13.241096496600
1163.620000000 5.500000000 13.232394218400
1161.620000000 6.000000000 13.212017059300
1177.120000000 8.000000000 13.136305809000
1168.620000000 6.000000000 13.128641128500
1164.120000000 5.000000000 12.924173355100
1168.870000000 6.000000000 12.911199569700
1160.370000000 5.000000000 12.886921882600
1163.620000000 6.000000000 12.886469841000
1169.620000000 8.500000000 12.844839096100
1164.120000000 8.000000000 12.720172882100
1160.870000000 5.500000000 12.596172332800
1164.370000000 9.000000000 12.527055740400
1163.870000000 5.000000000 12.471512794500
1159.370000000 6.000000000 12.438673019400
1166.120000000 5.500000000 12.435903549200
1164.370000000 5.000000000 12.435111045800
1177.370000000 6.000000000 12.348840713500
1163.870000000 6.500000000 12.343223571800
1160.620000000 5.000000000 12.292570114100
1174.120000000 8.500000000 12.205555915800
1177.620000000 8.000000000 12.131514549300
1176.870000000 8.500000000 12.114789962800
1163.870000000 7.000000000 12.101151466400
1164.120000000 8.500000000 12.072517395000
1173.870000000 6.000000000 12.069624900800
1177.870000000 6.000000000 11.899822235100
1172.120000000 8.500000000 11.833686828600
1159.370000000 5.500000000 11.806058883700
1160.620000000 6.500000000 11.805886268600
1177.620000000 6.000000000 11.792937278700
1160.870000000 6.500000000 11.716489791900
1172.370000000 6.000000000 11.712326049800
1165.620000000 9.000000000 11.710054397600
1161.870000000 6.000000000 11.707453727700
1163.620000000 8.000000000 11.487154960600
1163.370000000 5.500000000 11.470078468300
1163.620000000 7.500000000 11.389875412000
1177.370000000 8.000000000 11.357649803200
1160.370000000 6.500000000 11.350679397600
1163.620000000 5.000000000 11.342013359100
1163.370000000 8.000000000 11.306207656900
1164.620000000 5.000000000 11.182910919200
1169.370000000 8.500000000 11.151264190700
1162.870000000 9.500000000 11.114101409900
1163.370000000 6.000000000 11.096237182600
1160.870000000 5.000000000 11.092187881500
1158.370000000 5.500000000 11.081906318700
1161.120000000 6.500000000 11.062282562300
1163.870000000 8.000000000 11.030889511100
1162.620000000 9.500000000 11.015551567100
1161.120000000 5.500000000 10.969251632700
1159.120000000 6.000000000 10.968240737900
1163.120000000 9.500000000 10.967687606800
1164.120000000 9.000000000 10.944108963000
1163.370000000 7.500000000 10.723464965800
1162.370000000 9.500000000 10.648606300400
1162.120000000 6.000000000 10.600046157800
1163.120000000 8.000000000 10.584081649800
1161.120000000 7.000000000 10.559651374800
1163.620000000 8.500000000 10.518771171600
1160.120000000 6.500000000 10.505657196000
1163.370000000 9.500000000 10.462846756000
1160.870000000 7.000000000 10.356430053700
1159.120000000 5.500000000 10.334469795200
1163.870000000 8.500000000 10.332934379600
1163.620000000 6.500000000 10.324752807600
1166.370000000 5.500000000 10.304199218800
1161.370000000 7.000000000 10.295850753800
1167.370000000 8.500000000 10.288243293800
1163.620000000 9.500000000 10.245994567900
1163.120000000 7.500000000 10.234281539900
1163.370000000 8.500000000 10.219990730300
1161.370000000 6.500000000 10.201543808000
1172.370000000 8.500000000 10.143593788100
1173.870000000 8.500000000 10.117135047900
1163.370000000 9.000000000 10.116007804900
1172.620000000 6.000000000 10.084403991700
1173.620000000 6.000000000 10.044506073000
1163.120000000 5.500000000 10.024369239800
1163.620000000 9.000000000 10.023584365800
1163.120000000 9.000000000 10.000905036900
1165.870000000 9.000000000 10.000862121600
1163.120000000 8.500000000 9.981619834900
1163.370000000 5.000000000 9.955212593100
1162.870000000 8.000000000 9.910054206800
1160.620000000 7.000000000 9.896087646500
1162.120000000 9.500000000 9.867961883500
1177.120000000 8.500000000 9.858016967800
1163.870000000 9.500000000 9.839556694000
1162.370000000 6.000000000 9.755191803000
1161.620000000 6.500000000 9.750671386700
1162.870000000 9.000000000 9.736001014700
1159.870000000 6.500000000 9.670865058900
1163.870000000 9.000000000 9.667337417600
1161.620000000 7.000000000 9.588788986200
1169.120000000 8.500000000 9.551014900200
1161.120000000 7.500000000 9.543891906700
1164.870000000 5.000000000 9.538699150100
1162.870000000 7.500000000 9.513887405400
1163.620000000 7.000000000 9.503899574300
1161.370000000 7.500000000 9.500658989000
1158.620000000 5.500000000 9.469602584800
1158.870000000 5.500000000 9.409699440000
1163.120000000 6.000000000 9.398640632600
1162.870000000 8.500000000 9.392512321500
1161.620000000 7.500000000 9.375582695000
1160.870000000 7.500000000 9.368739128100
1161.370000000 5.500000000 9.329653739900
1161.120000000 5.000000000 9.321134567300
1160.370000000 7.000000000 9.282561302200
1161.870000000 9.500000000 9.198736190800
1162.620000000 6.000000000 9.183367729200
1162.620000000 9.000000000 9.164947509800
1161.870000000 7.500000000 9.162004470800
1158.870000000 6.000000000 9.156660080000
1172.870000000 6.000000000 9.047691345200
1161.370000000 8.000000000 9.041445732100
1164.120000000 9.500000000 9.015286445600
1161.870000000 6.500000000 8.983839988700
1163.370000000 7.000000000 8.983077049300
1161.620000000 8.000000000 8.963830947900
1173.370000000 6.000000000 8.952945709200
1162.870000000 6.000000000 8.822508812000
1160.620000000 7.500000000 8.817861557000
1161.120000000 8.000000000 8.802940368700
1162.620000000 7.500000000 8.787451744100
1172.620000000 8.500000000 8.784680366500
1163.120000000 7.000000000 8.768484115600
1162.120000000 7.500000000 8.741291999800
1159.620000000 6.500000000 8.716177940400
1162.620000000 8.000000000 8.705113410900
1162.870000000 5.500000000 8.676364898700
1163.370000000 6.500000000 8.652680397000
1173.120000000 6.000000000 8.649686813400
1173.620000000 8.500000000 8.647027969400
1161.870000000 7.000000000 8.540587425200
1177.370000000 8.500000000 8.537328720100
1161.870000000 8.000000000 8.517694473300
1162.870000000 7.000000000 8.506444931000
1162.370000000 9.000000000 8.471302986100
1161.620000000 9.500000000 8.469058036800
1166.620000000 5.500000000 8.461694717400
1163.120000000 5.000000000 8.367451667800
1160.870000000 8.000000000 8.346501350400
1166.120000000 9.000000000 8.338473320000
1162.620000000 7.000000000 8.324246406600
1160.120000000 7.000000000 8.323410987900
1162.620000000 8.500000000 8.233812332200
1167.620000000 8.500000000 8.168914794900
1168.870000000 8.500000000 8.130125045800
1162.370000000 7.500000000 8.098312377900
1162.870000000 5.000000000 8.028767585800
1161.620000000 5.500000000 8.014190673800
1162.620000000 5.000000000 7.972076892900
1162.370000000 5.000000000 7.951854229000
1177.620000000 8.500000000 7.936167717000
1164.370000000 9.500000000 7.928658485400
1177.870000000 8.500000000 7.926160335500
1162.120000000 6.500000000 7.914645195000
1172.870000000 8.500000000 7.893774032600
1162.370000000 7.000000000 7.863974571200
1160.370000000 7.500000000 7.848389148700
1165.120000000 5.000000000 7.823472023000
1162.120000000 5.000000000 7.808660984000
1173.370000000 8.500000000 7.796097278600
1162.120000000 8.000000000 7.794472217600
1160.620000000 8.000000000 7.759747028400
1159.370000000 6.500000000 7.700544357300
1162.120000000 9.000000000 7.602362155900
1173.120000000 8.500000000 7.552635669700
1162.120000000 7.000000000 7.548832416500
1161.870000000 5.000000000 7.507469177200
1161.370000000 5.000000000 7.500530719800
1161.370000000 9.500000000 7.479616165200
1162.620000000 5.500000000 7.465170383500
1170.370000000 5.500000000 7.366793632500
1158.620000000 6.000000000 7.276436805700
1170.120000000 5.500000000 7.271010398900
1175.870000000 9.000000000 7.250539779700
1162.370000000 8.000000000 7.233872413600
1161.870000000 5.500000000 7.204229831700
1159.870000000 7.000000000 7.162115573900
1168.620000000 8.500000000 7.146338462800
1170.620000000 5.500000000 7.138329982800
1161.620000000 5.000000000 7.110506057700
1160.370000000 8.000000000 7.084482193000
1176.120000000 9.000000000 7.082779407500
1166.870000000 5.500000000 7.034509658800
1162.370000000 5.500000000 6.989257335700
1167.870000000 8.500000000 6.943560600300
1163.120000000 6.500000000 6.943036079400
1175.620000000 9.000000000 6.933503150900
1162.120000000 5.500000000 6.903150081600
1160.120000000 7.500000000 6.902081966400
1169.870000000 5.500000000 6.882684707600
1162.370000000 8.500000000 6.847285747500
1161.870000000 9.000000000 6.802054405200
1164.620000000 9.500000000 6.793325901000
1158.120000000 9.500000000 6.785835266100
1166.370000000 9.000000000 6.722979545600
1170.870000000 5.500000000 6.703047275500
1159.120000000 6.500000000 6.682053089100
1162.370000000 6.500000000 6.653880119300
1168.370000000 8.500000000 6.574899196600
1161.120000000 9.500000000 6.490631580400
1176.370000000 9.000000000 6.482066631300
1168.120000000 8.500000000 6.466786384600
1160.120000000 8.000000000 6.359360694900
1169.620000000 5.500000000 6.315305233000
1175.370000000 9.000000000 6.276265144300
1165.370000000 5.000000000 6.238674640700
1171.120000000 5.500000000 6.213378906200
1158.370000000 9.500000000 6.103092670400
1161.370000000 8.500000000 6.020838737500
1159.870000000 7.500000000 6.004053115800
1161.120000000 8.500000000 5.927879810300
1162.870000000 6.500000000 5.926365375500
1159.620000000 7.000000000 5.921137332900
1161.620000000 9.000000000 5.901703357700
1167.120000000 5.500000000 5.900057792700
1158.370000000 6.000000000 5.848123550400
1158.120000000 9.000000000 5.836598873100
1161.620000000 8.500000000 5.795641422300
1164.870000000 9.500000000 5.795119762400
1162.120000000 8.500000000 5.780349254600
1158.870000000 6.500000000 5.735794544200
1169.370000000 5.500000000 5.710303306600
1159.870000000 8.000000000 5.618972301500
1176.620000000 9.000000000 5.608107566800
1158.120000000 6.000000000 5.605894565600
1171.370000000 5.500000000 5.599520683300
1160.870000000 8.500000000 5.547367095900
1161.870000000 8.500000000 5.544752597800
1158.620000000 9.500000000 5.519752502400
1158.370000000 9.000000000 5.493064880400
1175.120000000 9.000000000 5.492987155900
1162.620000000 6.500000000 5.463471889500
1160.870000000 9.500000000 5.457922935500
1166.620000000 9.000000000 5.367547512100
1169.120000000 5.500000000 5.181454181700
1167.370000000 5.500000000 5.062257289900
1161.370000000 9.000000000 5.030543804200
1160.620000000 9.500000000 5.018368244200
1159.620000000 7.500000000 5.017815113100
1158.620000000 9.000000000 4.992006301900
1160.620000000 8.500000000 4.976391792300
1160.370000000 8.500000000 4.958561897300
1158.620000000 6.500000000 4.949896335600
1171.620000000 5.500000000 4.922152519200
1160.370000000 9.500000000 4.884521961200
1165.620000000 5.000000000 4.870309352900
1159.620000000 8.000000000 4.870098114000
1159.370000000 7.000000000 4.836942672700
1165.120000000 9.500000000 4.814221382100
1176.870000000 9.000000000 4.812457084700
1168.870000000 5.500000000 4.808734893800
1175.370000000 5.500000000 4.808712005600
1175.620000000 5.500000000 4.808083057400
1170.620000000 9.000000000 4.774055481000
1158.870000000 9.500000000 4.719976425200
1170.870000000 9.000000000 4.716155529000
1174.870000000 9.000000000 4.701053142500
1170.370000000 9.000000000 4.697326183300
1175.120000000 5.500000000 4.650896549200
1160.120000000 8.500000000 4.636678218800
1160.120000000 9.500000000 4.626202583300
1167.620000000 5.500000000 4.607860565200
1175.870000000 5.500000000 4.595580101000
1168.620000000 5.500000000 4.566956520100
1171.120000000 9.000000000 4.521634101900
1160.370000000 9.000000000 4.515128612500
1170.120000000 9.000000000 4.509351253500
1159.120000000 9.500000000 4.463845729800
1158.370000000 6.500000000 4.459046840700
1161.120000000 9.000000000 4.456043243400
1160.620000000 9.000000000 4.438756942700
1158.870000000 9.000000000 4.402944088000
1167.870000000 5.500000000 4.387636184700
1160.120000000 9.000000000 4.384360790300
1168.370000000 5.500000000 4.379552841200
1159.370000000 9.500000000 4.331178188300
1168.120000000 5.500000000 4.328407287600
1174.870000000 5.500000000 4.318091869400
1160.870000000 9.000000000 4.289054870600
1177.120000000 9.000000000 4.264575004600
1166.870000000 9.000000000 4.253555774700
1171.870000000 5.500000000 4.241279125200
1169.870000000 9.000000000 4.240202903700
1171.370000000 9.000000000 4.216854572300
1158.120000000 6.500000000 4.212458610500
1159.870000000 9.000000000 4.191528320300
1176.120000000 5.500000000 4.191209793100
1159.370000000 8.000000000 4.152905941000
1159.620000000 9.500000000 4.114729881300
1159.870000000 9.500000000 4.082316398600
1158.120000000 8.000000000 4.076937198600
1159.620000000 9.000000000 4.060785293600
1173.120000000 9.000000000 4.038070678700
1159.870000000 8.500000000 4.025759220100
1159.370000000 9.000000000 4.016490459400
1159.120000000 9.000000000 4.000469684600
1159.370000000 7.500000000 3.975547790500
1173.370000000 9.000000000 3.966312170000
1159.120000000 7.000000000 3.945355892200
1174.620000000 9.000000000 3.929045677200
1169.620000000 9.000000000 3.915980577500
1165.370000000 9.500000000 3.879251956900
1174.620000000 5.500000000 3.852104663800
1171.620000000 9.000000000 3.842012167000
1172.870000000 9.000000000 3.823805093800
1165.870000000 5.000000000 3.740516901000
1176.370000000 5.500000000 3.717097759200
1158.370000000 8.000000000 3.701447725300
1173.620000000 9.000000000 3.669948816300
1158.120000000 7.500000000 3.659880638100
1177.370000000 9.000000000 3.626915454900
1158.370000000 7.500000000 3.618810176800
1159.120000000 8.000000000 3.618625640900
1172.120000000 5.500000000 3.607671976100
1159.120000000 7.500000000 3.558639287900
1169.370000000 9.000000000 3.557516813300
1158.620000000 7.500000000 3.543691158300
1158.870000000 7.500000000 3.498009443300
1159.620000000 8.500000000 3.465160131500
1159.370000000 8.500000000 3.455665588400
1158.120000000 8.500000000 3.446146011400
1171.870000000 9.000000000 3.428701162300
1172.620000000 9.000000000 3.414996385600
1158.870000000 8.000000000 3.407173633600
1167.120000000 9.000000000 3.388097286200
1174.370000000 5.500000000 3.350869417200
1176.620000000 5.500000000 3.350745916400
1158.620000000 8.000000000 3.343870639800
1159.120000000 8.500000000 3.300972938500
1173.870000000 9.000000000 3.241891145700
1158.370000000 8.500000000 3.217630147900
1174.370000000 9.000000000 3.204215526600
1169.120000000 9.000000000 3.179901361500
1158.870000000 7.000000000 3.144125223200
1158.870000000 8.500000000 3.110695600500
1172.370000000 5.500000000 3.075171470600
1165.620000000 9.500000000 3.063588619200
1158.620000000 8.500000000 3.046020746200
1172.370000000 9.000000000 3.037123680100
1172.120000000 9.000000000 2.994958639100
1176.870000000 5.500000000 2.973733425100
1177.620000000 9.000000000 2.913425445600
1174.120000000 5.500000000 2.889878273000
1168.870000000 9.000000000 2.808740139000
1166.120000000 5.000000000 2.808325767500
1167.370000000 9.000000000 2.757772922500
1174.120000000 9.000000000 2.741819381700
1177.120000000 5.500000000 2.626248836500
1172.620000000 5.500000000 2.621452570000
1158.620000000 7.000000000 2.530746221500
1173.870000000 5.500000000 2.503139019000
1168.620000000 9.000000000 2.474398613000
1175.870000000 9.500000000 2.473559856400
1176.120000000 9.500000000 2.448855638500
1175.620000000 9.500000000 2.429684877400
1165.870000000 9.500000000 2.406488418600
1158.120000000 7.000000000 2.377231359500
1176.370000000 9.500000000 2.372661113700
1177.370000000 5.500000000 2.345199585000
1167.620000000 9.000000000 2.342288255700
1177.870000000 5.500000000 2.319578647600
1175.370000000 9.500000000 2.304756641400
1176.620000000 9.500000000 2.302015781400
1177.870000000 9.000000000 2.293337822000
1172.870000000 5.500000000 2.287859201400
1173.620000000 5.500000000 2.233250618000
1158.370000000 7.000000000 2.229339599600
1177.620000000 5.500000000 2.196585416800
1168.370000000 9.000000000 2.176812648800
1176.870000000 9.500000000 2.174368143100
1167.870000000 9.000000000 2.121511459400
1173.120000000 5.500000000 2.120094299300
1173.370000000 5.500000000 2.107451915700
1168.120000000 9.000000000 2.094861984300
1175.120000000 9.500000000 2.094796896000
1177.120000000 9.500000000 2.039382696200
1166.370000000 5.000000000 2.030226230600
1166.120000000 9.500000000 1.964081168200
1177.370000000 9.500000000 1.909018635700
1174.870000000 9.500000000 1.814070105600
1177.620000000 9.500000000 1.764576315900
1166.370000000 9.500000000 1.709717392900
1177.870000000 9.500000000 1.626845359800
1169.870000000 9.500000000 1.521313071300
1170.120000000 9.500000000 1.515354633300
1166.620000000 9.500000000 1.512389779100
1174.620000000 9.500000000 1.507812142400
1169.620000000 9.500000000 1.473604440700
1170.370000000 9.500000000 1.468363046600
1166.620000000 5.000000000 1.458895206500
1169.870000000 5.000000000 1.417523860900
1169.620000000 5.000000000 1.415750384300
1170.620000000 9.500000000 1.403053402900
1169.370000000 5.000000000 1.392657756800
1170.120000000 5.000000000 1.387153267900
1169.370000000 9.500000000 1.377788901300
1166.870000000 9.500000000 1.365026235600
1176.620000000 5.000000000 1.354566216500
1176.370000000 5.000000000 1.351904392200
1169.120000000 5.000000000 1.346341371500
1170.870000000 9.500000000 1.335412621500
1170.370000000 5.000000000 1.325248122200
1176.120000000 5.000000000 1.315486192700
1176.870000000 5.000000000 1.311951875700
1175.870000000 5.000000000 1.284733533900
1167.120000000 9.500000000 1.272206783300
1171.120000000 9.500000000 1.267401218400
1168.870000000 5.000000000 1.259797453900
1168.120000000 9.500000000 1.254876017600
1168.370000000 9.500000000 1.252027154000
1169.120000000 9.500000000 1.251756072000
1167.870000000 9.500000000 1.244334816900
1175.620000000 5.000000000 1.238017439800
1167.370000000 9.500000000 1.232955217400
1167.620000000 9.500000000 1.231562256800
1177.120000000 5.000000000 1.228489637400
1170.620000000 5.000000000 1.224650621400
1168.620000000 9.500000000 1.219656467400
1174.370000000 9.500000000 1.204226493800
1171.370000000 9.500000000 1.190914988500
1171.120000000 5.000000000 1.187363147700
1168.870000000 9.500000000 1.186573386200
1170.870000000 5.000000000 1.183094978300
1171.370000000 5.000000000 1.163109898600
1175.370000000 5.000000000 1.161169886600
1173.870000000 5.000000000 1.127282023400
1168.620000000 5.000000000 1.122398138000
1174.120000000 5.000000000 1.119194626800
1177.370000000 5.000000000 1.116217136400
1173.620000000 5.000000000 1.112356305100
1171.620000000 5.000000000 1.099724054300
1171.620000000 9.500000000 1.093903422400
1173.370000000 5.000000000 1.082342982300
1174.370000000 5.000000000 1.079611539800
1166.870000000 5.000000000 1.073308825500
1175.120000000 5.000000000 1.067864060400
1173.120000000 5.000000000 1.034439086900
1177.620000000 5.000000000 1.019724369000
1171.870000000 5.000000000 1.006559133500
1174.620000000 5.000000000 1.006257772400
1171.870000000 9.500000000 0.969281911800
1172.870000000 5.000000000 0.960622966300
1174.870000000 5.000000000 0.954383492500
1168.370000000 5.000000000 0.949246525800
1174.120000000 9.500000000 0.927165210200
1177.870000000 5.000000000 0.919732809100
1172.120000000 5.000000000 0.904471337800
1173.870000000 9.500000000 0.891643345400
1172.620000000 5.000000000 0.860580623100
1173.620000000 9.500000000 0.847968578300
1172.120000000 9.500000000 0.841582119500
1167.120000000 5.000000000 0.822607696100
1172.370000000 5.000000000 0.809448480600
1168.120000000 5.000000000 0.771222055000
1167.370000000 5.000000000 0.746018767400
1173.370000000 9.500000000 0.738939762100
1172.370000000 9.500000000 0.716159820600
1167.620000000 5.000000000 0.690362930300
1167.870000000 5.000000000 0.640416085700
1172.620000000 9.500000000 0.599061191100
1173.120000000 9.500000000 0.585057318200
1172.870000000 9.500000000 0.539872825100
