894.540000000 8.200000000 28.029108047500
894.790000000 8.200000000 27.535615921000
894.540000000 8.000000000 26.826223373400
894.540000000 8.400000000 26.777820587200
894.790000000 8.000000000 26.604246139500
894.290000000 8.200000000 26.579246521000
894.290000000 8.400000000 26.468685150100
894.540000000 7.800000000 25.749666214000
894.290000000 8.000000000 25.665340423600
895.040000000 8.000000000 25.639226913500
894.290000000 7.800000000 25.620023727400
894.790000000 8.400000000 25.444948196400
895.040000000 8.200000000 25.425861358600
894.790000000 7.800000000 25.075120925900
895.290000000 8.000000000 24.414657592800
895.040000000 7.800000000 24.264137268100
894.040000000 7.800000000 23.876037597700
895.290000000 7.800000000 23.670928955100
894.290000000 7.600000000 23.615905761700
894.040000000 8.400000000 23.536619186400
895.040000000 8.400000000 23.513345718400
895.540000000 7.800000000 23.308568954500
894.540000000 7.600000000 23.276624679600
894.040000000 8.200000000 23.246444702100
895.540000000 8.000000000 23.108125686600
894.040000000 8.000000000 22.828632354700
895.790000000 7.800000000 22.778669357300
895.290000000 8.200000000 22.615314483600
894.040000000 7.600000000 22.547565460200
894.790000000 7.600000000 22.420480728100
894.290000000 8.600000000 21.972925186200
895.040000000 7.600000000 21.690694809000
895.790000000 8.000000000 21.677951812700
895.290000000 8.400000000 21.572687149000
896.040000000 7.800000000 21.441474914600
894.540000000 8.600000000 21.357412338300
895.290000000 7.600000000 21.328689575200
895.540000000 7.600000000 21.214611053500
895.790000000 7.600000000 20.947061538700
895.540000000 8.200000000 20.247463226300
893.790000000 7.800000000 20.125286102300
894.040000000 8.600000000 20.065820694000
896.040000000 7.600000000 19.986183166500
896.040000000 8.000000000 19.971942901600
895.540000000 8.400000000 19.886110305800
894.790000000 8.600000000 19.878967285200
894.290000000 7.400000000 19.621881485000
893.790000000 7.600000000 19.418659210200
894.540000000 7.400000000 19.390966415400
896.290000000 7.800000000 18.988187789900
894.790000000 7.400000000 18.757514953600
895.040000000 8.600000000 18.751319885300
894.040000000 7.400000000 18.734071731600
893.790000000 8.000000000 18.659921646100
895.790000000 8.200000000 18.560335159300
895.790000000 8.400000000 18.471624374400
893.790000000 8.200000000 18.367259979200
893.790000000 8.400000000 18.340309143100
888.290000000 7.800000000 18.259914398200
895.040000000 7.400000000 18.232891082800
888.540000000 7.800000000 18.230720520000
895.290000000 8.600000000 18.133939743000
896.290000000 7.600000000 18.023162841800
895.290000000 7.400000000 17.923828125000
896.290000000 8.000000000 17.798517227200
895.540000000 8.600000000 17.689689636200
895.540000000 7.400000000 17.648597717300
895.790000000 7.400000000 17.165060043300
896.040000000 8.200000000 17.148746490500
895.790000000 8.600000000 17.071517944300
896.040000000 8.400000000 16.994407653800
888.790000000 7.800000000 16.704191207900
888.540000000 8.000000000 16.394601821900
888.290000000 8.000000000 16.353313446000
896.040000000 7.400000000 16.294261932400
893.790000000 7.400000000 16.254306793200
888.040000000 7.800000000 16.131134033200
896.040000000 8.600000000 15.905896186800
896.540000000 7.800000000 15.801815986600
890.290000000 7.800000000 15.786556243900
896.290000000 8.200000000 15.579068183900
893.790000000 8.600000000 15.574640274000
888.290000000 7.600000000 15.442674636800
888.540000000 7.600000000 15.396327018700
896.540000000 7.600000000 15.316107749900
896.540000000 8.000000000 15.041086196900
890.040000000 7.800000000 14.976867675800
896.290000000 7.400000000 14.956357955900
890.540000000 7.800000000 14.933629035900
893.540000000 7.800000000 14.922450065600
889.040000000 7.800000000 14.915527343800
894.290000000 8.800000000 14.882128715500
896.290000000 8.400000000 14.862315177900
888.790000000 8.000000000 14.768591880800
894.540000000 8.800000000 14.721237182600
893.540000000 7.600000000 14.617766380300
894.540000000 7.200000000 14.497174263000
894.290000000 7.200000000 14.458282470700
890.290000000 7.600000000 14.449162483200
888.040000000 8.000000000 14.448476791400
888.790000000 7.600000000 14.363032341000
894.790000000 7.200000000 14.215964317300
894.790000000 8.800000000 14.088405609100
886.540000000 6.200000000 13.899729728700
893.540000000 8.000000000 13.882151603700
888.040000000 7.600000000 13.848617553700
895.040000000 7.200000000 13.847085952800
889.790000000 7.800000000 13.829081535300
894.040000000 7.200000000 13.728794097900
890.040000000 7.600000000 13.718869209300
896.290000000 8.600000000 13.713261604300
894.040000000 8.800000000 13.703082084700
889.290000000 7.800000000 13.684881210300
895.040000000 8.800000000 13.649661064100
895.540000000 8.800000000 13.639407157900
895.290000000 8.800000000 13.562241554300
895.790000000 8.800000000 13.527072906500
895.290000000 7.200000000 13.496375083900
886.290000000 6.200000000 13.492182731600
893.540000000 8.200000000 13.488986969000
890.540000000 7.600000000 13.466474533100
896.540000000 8.200000000 13.376623153700
886.790000000 6.200000000 13.345823288000
889.540000000 7.800000000 13.308718681300
896.540000000 7.400000000 13.185786247300
895.540000000 7.200000000 13.179031372100
889.040000000 7.600000000 13.101112365700
893.540000000 8.400000000 12.890285491900
895.790000000 7.200000000 12.816530227700
890.290000000 8.000000000 12.762836456300
896.040000000 8.800000000 12.756343841600
887.790000000 7.800000000 12.733605384800
889.040000000 8.000000000 12.673538208000
886.540000000 6.400000000 12.643924713100
886.290000000 6.400000000 12.621890068100
896.790000000 7.800000000 12.579697608900
889.790000000 7.600000000 12.516598701500
896.790000000 7.600000000 12.477428436300
886.040000000 6.200000000 12.471880912800
893.540000000 7.400000000 12.381287574800
890.790000000 7.800000000 12.257600784300
896.040000000 7.200000000 12.250922203100
890.540000000 8.000000000 12.202268600500
889.290000000 7.600000000 12.153485298200
890.040000000 8.000000000 12.080955505400
886.540000000 6.000000000 12.039033889800
893.790000000 7.200000000 11.961522102400
886.790000000 6.000000000 11.954997062700
889.540000000 7.600000000 11.899853706400
896.790000000 8.000000000 11.885819435100
887.040000000 6.200000000 11.799822807300
887.790000000 8.000000000 11.776700019800
888.290000000 8.200000000 11.757849693300
896.540000000 8.400000000 11.718303680400
886.040000000 6.400000000 11.684951782200
886.790000000 6.400000000 11.665530204800
888.540000000 8.200000000 11.660830497700
884.540000000 6.400000000 11.640506744400
884.790000000 6.400000000 11.608186721800
896.290000000 7.200000000 11.346965789800
886.290000000 6.000000000 11.286877632100
885.790000000 6.200000000 11.230634689300
889.290000000 8.000000000 11.172667503400
896.790000000 7.400000000 11.118806839000
889.790000000 8.000000000 11.101267814600
893.790000000 8.800000000 10.984374046300
884.540000000 6.200000000 10.983030319200
884.540000000 6.600000000 10.953485488900
887.790000000 7.600000000 10.951237678500
887.040000000 6.000000000 10.945229530300
890.790000000 7.600000000 10.930345535300
896.290000000 8.800000000 10.928553581200
884.790000000 6.200000000 10.893915176400
885.040000000 6.400000000 10.883492469800
884.290000000 6.400000000 10.805611610400
893.540000000 8.600000000 10.782292366000
884.790000000 6.600000000 10.779006004300
888.040000000 8.200000000 10.758311271700
889.540000000 8.000000000 10.667834281900
896.790000000 8.200000000 10.501830101000
884.290000000 6.600000000 10.414658546400
893.290000000 8.000000000 10.393230438200
896.540000000 8.600000000 10.375357627900
888.790000000 8.200000000 10.374907493600
885.790000000 6.400000000 10.361036300700
885.040000000 6.200000000 10.275632858300
890.790000000 8.000000000 10.273775100700
885.540000000 6.200000000 10.231108665500
893.290000000 7.600000000 10.212292671200
896.540000000 7.200000000 10.124195098900
886.040000000 6.000000000 10.096191406200
885.040000000 6.600000000 10.053794860800
885.290000000 6.400000000 10.045754432700
897.040000000 7.600000000 10.022501945500
890.290000000 7.400000000 10.011730194100
884.290000000 6.200000000 9.995910644500
887.040000000 6.400000000 9.940158844000
885.290000000 6.200000000 9.897649765000
887.290000000 6.200000000 9.869846344000
887.540000000 7.800000000 9.862863540600
897.040000000 7.800000000 9.831644058200
886.290000000 6.600000000 9.822917938200
893.290000000 7.800000000 9.811484336900
893.290000000 8.200000000 9.795731544500
885.540000000 6.400000000 9.773044586200
887.540000000 8.000000000 9.768781662000
888.540000000 7.400000000 9.738045692400
888.290000000 7.400000000 9.694008827200
899.290000000 9.200000000 9.530808448800
887.290000000 6.000000000 9.483222961400
895.540000000 9.000000000 9.480230331400
886.790000000 8.000000000 9.479603767400
894.540000000 7.000000000 9.469696044900
890.040000000 7.400000000 9.453672409100
895.790000000 9.000000000 9.441447258000
899.290000000 8.800000000 9.434203147900
894.790000000 9.000000000 9.417034149200
890.540000000 7.400000000 9.405929565400
894.540000000 9.000000000 9.401305198700
894.290000000 7.000000000 9.396416664100
895.290000000 9.000000000 9.365511894200
887.790000000 8.200000000 9.364498138400
886.040000000 6.600000000 9.360533714300
899.290000000 8.600000000 9.360491752600
895.040000000 9.000000000 9.337376594500
886.540000000 6.600000000 9.336942672700
887.040000000 8.000000000 9.288373947100
894.790000000 7.000000000 9.280802726700
893.540000000 7.200000000 9.222713470500
888.790000000 7.400000000 9.221597671500
883.790000000 7.600000000 9.214320182800
884.040000000 6.400000000 9.200567245500
886.790000000 7.800000000 9.185242652900
883.540000000 7.600000000 9.164765358000
895.040000000 7.000000000 9.142466545100
885.290000000 6.600000000 9.111947059600
891.040000000 7.800000000 9.106643676800
887.290000000 8.000000000 9.082128524800
899.290000000 8.400000000 9.071029663100
884.040000000 6.600000000 9.038376808200
886.540000000 8.000000000 9.031456947300
897.040000000 7.400000000 9.022007942200
894.290000000 9.000000000 8.997253418000
895.790000000 7.000000000 8.949125289900
897.040000000 8.000000000 8.936861991900
895.290000000 7.000000000 8.935795784000
896.040000000 9.000000000 8.925683021500
896.040000000 7.000000000 8.915826797500
885.790000000 6.000000000 8.902617454500
899.290000000 9.400000000 8.887958526600
893.290000000 7.400000000 8.881743431100
895.540000000 7.000000000 8.879735946700
894.040000000 7.000000000 8.865833282500
886.540000000 7.800000000 8.848947525000
887.040000000 7.800000000 8.774418830900
883.790000000 7.800000000 8.765351295500
888.040000000 7.400000000 8.762618064900
884.540000000 6.000000000 8.758145332300
896.790000000 7.200000000 8.738339424100
885.790000000 6.600000000 8.731195449800
881.790000000 7.600000000 8.648469924900
899.290000000 9.000000000 8.632602691700
887.290000000 7.800000000 8.623789787300
888.290000000 6.000000000 8.614358902000
883.540000000 7.800000000 8.611653327900
889.040000000 8.200000000 8.605204582200
896.290000000 7.000000000 8.585992813100
885.540000000 6.600000000 8.575037002600
888.040000000 6.000000000 8.559119224500
883.290000000 7.600000000 8.533702850300
889.790000000 7.400000000 8.500758171100
889.040000000 7.400000000 8.495026588400
887.540000000 6.200000000 8.489475250200
884.790000000 6.000000000 8.474452018700
896.790000000 8.400000000 8.463756561300
887.540000000 6.000000000 8.448076248200
886.790000000 8.200000000 8.362250328100
899.290000000 8.200000000 8.355775833100
887.540000000 8.200000000 8.349862098700
881.540000000 7.600000000 8.344890594500
887.790000000 6.000000000 8.287877082800
884.290000000 6.000000000 8.281160354600
884.040000000 7.600000000 8.269404411300
883.540000000 7.400000000 8.262434005700
887.040000000 8.200000000 8.259737014800
891.040000000 7.600000000 8.252171516400
897.290000000 7.600000000 8.251558303800
882.040000000 7.600000000 8.225286483800
888.540000000 6.000000000 8.213772773700
888.040000000 6.200000000 8.180187225300
893.290000000 8.400000000 8.174807548500
887.540000000 7.600000000 8.167907714800
896.540000000 8.800000000 8.163600921600
884.040000000 6.200000000 8.096545219400
881.790000000 7.400000000 8.084455490100
887.790000000 6.200000000 8.083209037800
887.290000000 8.200000000 8.067524910000
888.290000000 6.200000000 8.067100524900
885.540000000 6.000000000 8.058696746800
884.540000000 6.800000000 8.055245399500
887.290000000 6.400000000 8.055200576800
883.790000000 7.400000000 8.040295600900
885.040000000 6.000000000 8.038910865800
883.290000000 7.400000000 8.035079002400
883.290000000 7.800000000 8.030144691500
894.040000000 9.000000000 8.028872489900
884.040000000 7.800000000 7.936791420000
889.290000000 7.400000000 7.935023307800
884.790000000 6.800000000 7.928466796900
896.540000000 7.000000000 7.920889854400
886.540000000 8.200000000 7.908560752900
886.790000000 6.600000000 7.908517837500
889.540000000 7.400000000 7.897653102900
890.290000000 8.200000000 7.854821205100
886.290000000 8.000000000 7.824169635800
897.290000000 7.800000000 7.817233562500
883.040000000 7.600000000 7.814464092300
891.040000000 8.000000000 7.807715416000
882.040000000 7.400000000 7.795782566100
881.790000000 7.800000000 7.789392471300
885.290000000 6.000000000 7.781624317200
890.790000000 7.400000000 7.760438442200
896.290000000 9.000000000 7.751326084100
884.290000000 6.800000000 7.746111393000
881.540000000 7.400000000 7.720207691200
899.290000000 7.800000000 7.720152854900
893.790000000 7.000000000 7.719209194200
882.290000000 7.600000000 7.668060779600
899.290000000 7.600000000 7.643987655600
897.040000000 8.200000000 7.631261348700
898.790000000 7.400000000 7.605711937000
886.290000000 7.800000000 7.589596748400
890.540000000 8.200000000 7.587121009800
882.790000000 7.600000000 7.557817935900
893.540000000 8.800000000 7.557338237800
883.040000000 7.400000000 7.551651001000
888.290000000 8.400000000 7.543692112000
885.040000000 6.800000000 7.535500049600
881.540000000 7.800000000 7.514798164400
888.540000000 6.200000000 7.510369777700
898.290000000 7.600000000 7.499003887200
882.040000000 7.800000000 7.476401329000
882.540000000 7.600000000 7.474769115400
898.040000000 7.600000000 7.465837478600
883.040000000 7.800000000 7.461555481000
890.040000000 8.200000000 7.443168640100
898.540000000 7.400000000 7.438512325300
899.040000000 7.400000000 7.428803443900
888.790000000 6.000000000 7.420961856800
885.790000000 6.800000000 7.390158653300
882.290000000 7.400000000 7.379764080000
882.790000000 7.400000000 7.352416515400
893.040000000 8.000000000 7.345507621800
897.540000000 7.600000000 7.331039428700
897.290000000 7.400000000 7.296010494200
888.040000000 8.400000000 7.293250083900
885.540000000 6.800000000 7.291058540300
886.040000000 6.800000000 7.291045665700
888.540000000 8.400000000 7.285189151800
881.290000000 7.600000000 7.272171020500
885.290000000 6.800000000 7.271039962800
899.290000000 8.000000000 7.253513813000
898.790000000 7.200000000 7.250027656600
882.540000000 7.400000000 7.234887123100
889.290000000 8.200000000 7.227850437200
897.040000000 7.200000000 7.217328548400
897.790000000 7.600000000 7.213213920600
884.040000000 7.400000000 7.206808090200
882.290000000 7.800000000 7.182471275300
886.790000000 7.600000000 7.181464195300
899.290000000 7.400000000 7.171379089400
898.540000000 7.600000000 7.159923553500
895.540000000 9.600000000 7.155817031900
885.790000000 9.400000000 7.151735305800
883.790000000 6.400000000 7.117899894700
882.790000000 7.800000000 7.117628097500
882.290000000 6.000000000 7.095083236700
886.540000000 7.600000000 7.091522693600
899.040000000 7.200000000 7.078753471400
882.540000000 7.800000000 7.071144104000
886.040000000 9.400000000 7.069716930400
899.040000000 8.400000000 7.058456420900
899.040000000 9.200000000 7.051630973800
883.790000000 6.600000000 7.043949127200
887.790000000 7.400000000 7.030118465400
895.790000000 9.600000000 6.995216369600
883.290000000 7.200000000 6.994951725000
883.040000000 7.200000000 6.990130424500
883.540000000 7.200000000 6.972257614100
884.040000000 6.000000000 6.970070838900
899.040000000 7.600000000 6.968056201900
896.790000000 7.000000000 6.964018821700
898.540000000 7.200000000 6.958045482600
893.040000000 7.800000000 6.952729225200
885.790000000 9.200000000 6.931506156900
899.290000000 7.200000000 6.927079200700
895.290000000 9.600000000 6.913412571000
899.040000000 8.200000000 6.910501003300
886.290000000 6.800000000 6.900895118700
886.040000000 9.200000000 6.892287254300
884.040000000 6.800000000 6.872387409200
898.290000000 7.800000000 6.862434864000
891.290000000 7.800000000 6.844736576100
898.790000000 7.600000000 6.843013763400
889.790000000 8.200000000 6.841248035400
883.790000000 8.000000000 6.824298381800
882.790000000 7.200000000 6.812648296400
887.790000000 8.400000000 6.800796508800
882.290000000 8.800000000 6.796029090900
893.040000000 8.200000000 6.788388252300
891.790000000 9.800000000 6.787357807200
882.040000000 6.000000000 6.785183429700
881.790000000 7.200000000 6.771233558700
886.290000000 8.200000000 6.765359878500
882.040000000 7.200000000 6.759317398100
883.540000000 8.000000000 6.729661941500
897.290000000 8.000000000 6.709631443000
887.290000000 7.600000000 6.703054904900
898.290000000 7.400000000 6.699790000900
899.040000000 7.800000000 6.692859172800
887.540000000 6.400000000 6.684620380400
899.290000000 9.600000000 6.681291580200
897.540000000 7.800000000 6.676413059200
898.040000000 7.800000000 6.672181606300
887.040000000 7.600000000 6.666239738500
893.290000000 8.600000000 6.664874076800
896.790000000 8.600000000 6.658517837500
889.540000000 8.200000000 6.652784824400
898.540000000 7.800000000 6.648833274800
890.790000000 8.200000000 6.642611026800
895.290000000 9.200000000 6.642421245600
881.290000000 7.800000000 6.639518261000
888.790000000 6.200000000 6.625077724500
892.040000000 9.800000000 6.616479396800
881.290000000 7.400000000 6.615825176200
895.040000000 9.600000000 6.614992141700
882.540000000 7.200000000 6.609381198900
882.540000000 6.000000000 6.607657909400
886.790000000 8.400000000 6.597806930500
882.290000000 7.200000000 6.595572471600
899.040000000 9.400000000 6.584188461300
885.540000000 9.400000000 6.581086158800
886.290000000 9.400000000 6.579185962700
895.040000000 9.200000000 6.575641632100
883.790000000 7.200000000 6.565896034200
893.790000000 9.000000000 6.544156074500
882.040000000 8.800000000 6.535368442500
887.040000000 8.400000000 6.522484779400
891.540000000 9.800000000 6.519661903400
882.290000000 6.200000000 6.517116546600
879.790000000 9.000000000 6.514472007800
885.540000000 9.200000000 6.511514663700
884.290000000 7.600000000 6.508422374700
895.540000000 9.200000000 6.508293151900
893.290000000 8.800000000 6.505834579500
893.290000000 7.200000000 6.503415584600
891.290000000 7.600000000 6.485863208800
880.040000000 9.000000000 6.484144210800
888.790000000 8.400000000 6.473815918000
894.790000000 9.600000000 6.461402893100
882.540000000 8.800000000 6.456725120500
886.290000000 9.200000000 6.435357093800
887.040000000 6.600000000 6.427814483600
894.540000000 9.600000000 6.419327735900
897.790000000 7.800000000 6.405293941500
887.540000000 8.400000000 6.403416633600
898.790000000 7.800000000 6.402618885000
883.290000000 8.000000000 6.394954681400
894.290000000 9.600000000 6.383739948300
894.790000000 9.200000000 6.379396438600
899.040000000 8.600000000 6.372541904400
899.040000000 9.000000000 6.336962223100
887.290000000 8.400000000 6.332680225400
889.040000000 6.000000000 6.324378967300
882.290000000 8.600000000 6.315268039700
899.040000000 8.800000000 6.304428100600
898.790000000 7.000000000 6.293344020800
883.790000000 9.400000000 6.289248943300
893.040000000 7.600000000 6.284522056600
893.290000000 9.000000000 6.282774925200
893.040000000 8.800000000 6.282409191100
894.040000000 9.600000000 6.273545742000
884.040000000 9.400000000 6.267102241500
881.540000000 7.200000000 6.263416767100
882.540000000 6.200000000 6.258931636800
897.540000000 7.400000000 6.257770538300
880.290000000 9.000000000 6.251104354900
897.040000000 8.400000000 6.236165046700
896.040000000 9.600000000 6.231059074400
886.540000000 6.800000000 6.215786457100
879.540000000 9.000000000 6.205825805700
884.040000000 8.000000000 6.205427646600
898.290000000 7.200000000 6.178759098100
899.040000000 7.000000000 6.173414230300
893.540000000 9.000000000 6.158719062800
899.040000000 8.000000000 6.155556201900
895.790000000 9.200000000 6.148776531200
891.790000000 9.600000000 6.136372566200
886.540000000 8.400000000 6.134914875000
884.290000000 7.800000000 6.121945381200
887.790000000 6.400000000 6.119774818400
892.040000000 7.800000000 6.112255096400
883.040000000 8.000000000 6.100137233700
882.290000000 9.400000000 6.095546245600
892.040000000 10.000000000 6.091897010800
893.040000000 9.000000000 6.091528415700
888.040000000 6.400000000 6.090178489700
895.540000000 10.000000000 6.090021610300
886.040000000 8.000000000 6.082365036000
882.540000000 9.400000000 6.075258731800
884.040000000 9.600000000 6.070006847400
882.540000000 8.600000000 6.069017887100
882.290000000 8.000000000 6.068533897400
884.540000000 7.000000000 6.064762592300
882.040000000 6.200000000 6.064111232800
891.790000000 10.000000000 6.055291175800
882.040000000 8.600000000 6.053966999100
883.790000000 6.200000000 6.052003383600
891.290000000 9.800000000 6.050940513600
891.540000000 9.600000000 6.046496391300
888.290000000 6.400000000 6.043615341200
891.040000000 7.400000000 6.042156219500
886.290000000 7.600000000 6.041944980600
893.040000000 8.400000000 6.039044380200
883.790000000 9.600000000 6.036541461900
894.540000000 9.200000000 6.035262107800
884.790000000 7.000000000 6.031917095200
896.540000000 9.000000000 6.028571605700
887.540000000 9.800000000 6.027119159700
886.540000000 9.400000000 6.020118713400
893.790000000 9.600000000 6.017382144900
887.790000000 9.600000000 6.013295650500
883.040000000 7.000000000 6.008201599100
883.290000000 7.000000000 6.001505851700
887.790000000 9.800000000 5.994216918900
886.040000000 8.200000000 5.985959529900
899.290000000 7.000000000 5.985552310900
893.540000000 7.000000000 5.982690811200
887.540000000 9.600000000 5.981270790100
895.540000000 9.400000000 5.980081081400
898.540000000 7.000000000 5.971136093100
891.790000000 7.800000000 5.969545841200
897.290000000 8.800000000 5.954110622400
882.040000000 8.000000000 5.953208446500
892.290000000 9.800000000 5.951490402200
898.790000000 8.600000000 5.947912216200
882.290000000 9.600000000 5.947903633100
882.540000000 8.000000000 5.944973945600
881.790000000 8.800000000 5.942731380500
895.790000000 9.800000000 5.938647270200
891.540000000 7.800000000 5.936987876900
888.790000000 9.600000000 5.935402870200
882.790000000 8.000000000 5.932142734500
880.540000000 9.000000000 5.924926757800
898.790000000 8.800000000 5.922245979300
888.040000000 10.000000000 5.909125804900
884.290000000 7.400000000 5.906927585600
882.790000000 7.000000000 5.902497768400
897.040000000 8.800000000 5.895875453900
887.540000000 10.000000000 5.889262199400
884.290000000 7.000000000 5.887829780600
889.040000000 9.600000000 5.887108326000
897.040000000 8.600000000 5.885693073300
897.790000000 7.400000000 5.884221077000
895.540000000 9.800000000 5.883784294100
893.790000000 9.400000000 5.882129192400
884.040000000 7.200000000 5.872647762300
882.290000000 7.000000000 5.867544174200
882.540000000 7.000000000 5.865359306300
891.290000000 8.000000000 5.863052368200
885.040000000 7.000000000 5.859961509700
881.790000000 6.000000000 5.858176708200
896.040000000 9.200000000 5.855990886700
887.540000000 9.400000000 5.852787017800
897.540000000 8.800000000 5.851017475100
892.290000000 7.800000000 5.849059104900
883.540000000 7.000000000 5.847565650900
898.040000000 7.400000000 5.835877418500
888.040000000 9.600000000 5.832745075200
882.290000000 9.000000000 5.829195022600
894.790000000 6.800000000 5.827221393600
888.540000000 9.600000000 5.824445247700
898.290000000 9.200000000 5.819777011900
886.040000000 7.800000000 5.817692756700
885.790000000 7.000000000 5.816152572600
894.540000000 6.800000000 5.815881252300
898.790000000 9.000000000 5.811951637300
881.040000000 7.600000000 5.809882640800
895.790000000 10.000000000 5.797498226200
895.290000000 9.400000000 5.797478199000
895.790000000 9.400000000 5.794573307000
888.040000000 9.800000000 5.793664932300
891.540000000 7.600000000 5.793340206100
885.540000000 7.000000000 5.787354469300
898.540000000 9.200000000 5.786462307000
895.290000000 10.000000000 5.783096313500
898.040000000 9.200000000 5.772184371900
882.540000000 9.600000000 5.770544529000
897.040000000 7.000000000 5.770023822800
892.040000000 9.600000000 5.769633770000
894.040000000 9.400000000 5.767300128900
881.790000000 8.000000000 5.764747619600
888.790000000 9.800000000 5.760885238600
893.040000000 7.400000000 5.756247997300
898.790000000 9.200000000 5.749375343300
885.290000000 7.000000000 5.748781204200
897.290000000 7.200000000 5.745733737900
888.290000000 9.600000000 5.744181156200
893.540000000 9.600000000 5.743544101700
897.540000000 9.000000000 5.735743999500
890.540000000 10.000000000 5.732909679400
889.040000000 9.800000000 5.731965065000
896.790000000 8.800000000 5.731448650400
893.790000000 9.800000000 5.728370666500
890.540000000 9.800000000 5.720835685700
891.540000000 10.000000000 5.719699382800
891.790000000 7.600000000 5.714468956000
887.790000000 9.400000000 5.713434696200
883.540000000 9.400000000 5.713365078000
886.540000000 9.200000000 5.709364414200
888.290000000 10.000000000 5.707494735700
892.790000000 8.800000000 5.697191715200
897.790000000 9.000000000 5.693907260900
887.290000000 9.400000000 5.691245079000
894.290000000 9.400000000 5.691187381700
891.040000000 9.800000000 5.690745830500
887.290000000 10.000000000 5.689357757600
888.540000000 9.800000000 5.686350345600
882.040000000 7.000000000 5.681363582600
897.790000000 9.200000000 5.675976276400
893.540000000 9.800000000 5.675444603000
884.040000000 7.000000000 5.675067901600
893.040000000 8.600000000 5.671104431200
880.790000000 9.000000000 5.670897007000
888.290000000 9.800000000 5.670525074000
887.540000000 7.400000000 5.670126915000
883.790000000 7.000000000 5.667544841800
892.040000000 7.600000000 5.648184776300
882.790000000 6.000000000 5.644283294700
885.290000000 9.200000000 5.641391754200
888.540000000 6.400000000 5.637894630400
897.790000000 8.800000000 5.635846614800
882.040000000 9.000000000 5.635532856000
886.790000000 9.400000000 5.635485172300
886.040000000 7.000000000 5.623176097900
895.040000000 6.800000000 5.622557163200
890.790000000 9.800000000 5.622327327700
893.790000000 9.200000000 5.617249488800
887.790000000 10.000000000 5.610765934000
891.290000000 9.600000000 5.610730171200
890.790000000 10.000000000 5.609036445600
892.290000000 10.000000000 5.608300685900
881.540000000 8.000000000 5.606299877200
881.040000000 9.000000000 5.606128692600
890.290000000 9.800000000 5.601247310600
881.290000000 9.000000000 5.592431545300
882.790000000 9.400000000 5.580509662600
894.040000000 9.200000000 5.580041408500
882.790000000 8.800000000 5.578247547100
882.040000000 9.600000000 5.574241638200
895.290000000 9.800000000 5.573428630800
897.290000000 8.200000000 5.573115348800
892.540000000 8.800000000 5.570144176500
887.290000000 9.800000000 5.558327198000
895.040000000 9.400000000 5.555024147000
889.290000000 9.600000000 5.551476955400
892.290000000 9.600000000 5.551331043200
883.790000000 6.800000000 5.545970916700
894.540000000 9.400000000 5.543094158200
892.040000000 8.000000000 5.541296482100
887.040000000 9.400000000 5.539804935500
882.790000000 6.200000000 5.538393497500
897.290000000 9.000000000 5.538136482200
898.040000000 9.000000000 5.530970573400
894.290000000 9.200000000 5.530285835300
898.540000000 8.600000000 5.523002147700
890.290000000 10.000000000 5.520393848400
893.540000000 10.000000000 5.519991874700
897.540000000 9.200000000 5.510993480700
889.040000000 6.200000000 5.510282993300
892.290000000 8.000000000 5.509962081900
898.540000000 8.800000000 5.507947921800
885.790000000 9.600000000 5.507928371400
882.040000000 9.400000000 5.507103920000
896.040000000 6.800000000 5.506506919900
893.290000000 9.600000000 5.499553680400
882.540000000 9.000000000 5.482882022900
898.540000000 9.000000000 5.481840610500
895.790000000 6.800000000 5.473646640800
884.290000000 9.400000000 5.472805023200
894.790000000 9.400000000 5.466651439700
879.540000000 9.400000000 5.463795661900
883.540000000 9.600000000 5.448007583600
881.040000000 7.800000000 5.445346355400
894.290000000 6.800000000 5.444448947900
898.290000000 9.400000000 5.442960262300
893.540000000 9.400000000 5.440797805800
892.790000000 8.600000000 5.440099239300
881.790000000 8.600000000 5.436154365500
895.290000000 6.800000000 5.433535099000
891.290000000 10.000000000 5.430979251900
889.290000000 9.800000000 5.426485538500
887.290000000 9.600000000 5.423545837400
886.040000000 9.600000000 5.423254489900
898.790000000 8.400000000 5.423184871700
885.290000000 9.400000000 5.420707702600
898.040000000 8.800000000 5.417066097300
881.790000000 7.000000000 5.416719436600
891.040000000 10.000000000 5.414530277300
896.040000000 9.800000000 5.407891273500
898.290000000 9.000000000 5.406331539200
895.540000000 6.800000000 5.400802135500
890.540000000 9.600000000 5.393863201100
898.040000000 9.400000000 5.390469074200
897.290000000 8.600000000 5.389804363300
892.790000000 9.000000000 5.389517784100
890.290000000 7.200000000 5.385893821700
896.290000000 6.800000000 5.385448455800
886.790000000 6.800000000 5.382606506300
892.790000000 7.800000000 5.382461071000
881.540000000 8.800000000 5.381522655500
891.040000000 8.200000000 5.375597953800
892.540000000 7.800000000 5.371954917900
889.040000000 8.400000000 5.370214462300
880.790000000 8.800000000 5.369090080300
882.790000000 8.600000000 5.365178585100
884.290000000 9.600000000 5.362038135500
892.790000000 8.000000000 5.343389987900
888.540000000 10.000000000 5.338655948600
894.040000000 9.800000000 5.336475849200
880.540000000 8.800000000 5.335232734700
898.290000000 8.800000000 5.332949161500
893.290000000 10.000000000 5.312119483900
892.290000000 7.600000000 5.306750297500
893.790000000 10.000000000 5.303561210600
898.540000000 9.400000000 5.299884796100
883.790000000 6.000000000 5.299062252000
886.290000000 8.400000000 5.297825336500
895.040000000 9.800000000 5.290119171100
880.040000000 9.200000000 5.281805515300
881.540000000 9.000000000 5.280897140500
896.290000000 9.200000000 5.276765823400
880.040000000 6.000000000 5.271978855100
893.040000000 9.200000000 5.267098903700
881.290000000 7.200000000 5.260646343200
882.790000000 9.600000000 5.251218795800
890.290000000 9.600000000 5.250476837200
892.540000000 8.600000000 5.248567581200
890.790000000 9.600000000 5.248238086700
897.540000000 8.000000000 5.247779369400
898.790000000 8.200000000 5.243128299700
886.290000000 7.000000000 5.232491016400
879.790000000 6.000000000 5.214890956900
893.290000000 9.200000000 5.210613250700
887.540000000 9.200000000 5.209815979000
881.040000000 7.400000000 5.207078933700
879.790000000 9.200000000 5.204476833300
881.790000000 9.000000000 5.200080394700
897.790000000 9.400000000 5.196424484300
889.290000000 10.000000000 5.194776058200
886.540000000 10.000000000 5.188513755800
890.540000000 7.200000000 5.187171936000
892.540000000 8.000000000 5.186963558200
891.790000000 8.000000000 5.185090541800
891.040000000 9.600000000 5.183103084600
881.040000000 8.800000000 5.180760860400
880.290000000 6.000000000 5.178403854400
893.290000000 9.800000000 5.176837444300
883.290000000 9.400000000 5.173217773400
881.290000000 9.200000000 5.165685176800
884.290000000 7.200000000 5.163849353800
892.290000000 8.800000000 5.159105300900
893.540000000 9.200000000 5.158661365500
883.540000000 6.400000000 5.157349109600
882.290000000 6.800000000 5.156150817900
886.790000000 10.000000000 5.155632495900
887.790000000 9.200000000 5.144428730000
888.040000000 9.400000000 5.142241478000
888.790000000 10.000000000 5.141615867600
889.540000000 10.000000000 5.139970302600
897.290000000 9.200000000 5.137874603300
880.290000000 9.200000000 5.132617473600
883.040000000 9.400000000 5.129889488200
879.540000000 6.000000000 5.129547596000
883.540000000 6.600000000 5.129199504900
887.290000000 6.600000000 5.128583431200
890.040000000 7.200000000 5.122616291000
896.040000000 9.400000000 5.122508525800
889.040000000 10.000000000 5.114069938700
897.040000000 9.000000000 5.113862037700
881.790000000 6.200000000 5.113458156600
898.790000000 9.400000000 5.112462520600
881.290000000 8.800000000 5.112394809700
898.290000000 8.600000000 5.101731777200
882.540000000 6.800000000 5.097715377800
881.540000000 9.200000000 5.091031074500
888.790000000 9.400000000 5.090027332300
892.790000000 9.200000000 5.082528114300
895.040000000 10.000000000 5.082362651800
894.790000000 9.800000000 5.081871032700
885.790000000 8.200000000 5.080856800100
887.040000000 10.000000000 5.080495357500
879.540000000 9.600000000 5.080162525200
898.290000000 7.000000000 5.073548793800
887.040000000 8.600000000 5.062896251700
891.540000000 8.000000000 5.049558639500
888.540000000 9.400000000 5.042150020600
896.540000000 6.800000000 5.041745185900
888.290000000 9.400000000 5.039341449700
897.540000000 8.600000000 5.032950401300
898.790000000 8.000000000 5.032832622500
889.040000000 9.400000000 5.031417369800
897.290000000 8.400000000 5.030606746700
881.290000000 8.000000000 5.030357360800
886.790000000 9.200000000 5.029983520500
898.540000000 8.400000000 5.028325080900
885.790000000 8.000000000 5.027622222900
886.790000000 8.600000000 5.026768207600
892.790000000 8.200000000 5.019718170200
889.290000000 6.000000000 5.016622543300
882.040000000 6.800000000 5.014039516400
898.540000000 8.000000000 5.012944221500
885.540000000 9.600000000 5.003608226800
896.290000000 9.600000000 4.999788761100
896.040000000 10.000000000 4.997461795800
893.040000000 9.600000000 4.996421337100
883.540000000 6.200000000 4.988957881900
886.290000000 9.600000000 4.987165451000
891.290000000 7.400000000 4.982862472500
882.790000000 6.800000000 4.982374191300
892.540000000 9.600000000 4.976227283500
892.290000000 8.600000000 4.958871364600
890.040000000 9.800000000 4.955671310400
881.040000000 9.200000000 4.954049110400
898.290000000 8.000000000 4.944192409500
892.540000000 9.800000000 4.935484886200
889.790000000 7.200000000 4.935090065000
898.040000000 7.200000000 4.927933692900
888.040000000 8.600000000 4.924817085300
886.290000000 10.000000000 4.918058395400
883.540000000 6.800000000 4.916667461400
880.540000000 9.200000000 4.915853023500
887.290000000 9.200000000 4.912671566000
888.290000000 8.600000000 4.907677173600
883.290000000 9.600000000 4.896121501900
880.540000000 6.000000000 4.893357753800
883.040000000 6.800000000 4.891114711800
883.290000000 6.800000000 4.887224197400
879.790000000 8.800000000 4.887005329100
879.790000000 9.400000000 4.884213924400
887.290000000 8.600000000 4.883416175800
899.040000000 9.600000000 4.882584095000
894.040000000 6.800000000 4.881443023700
894.540000000 9.800000000 4.880444049800
888.790000000 6.400000000 4.874228954300
880.290000000 8.800000000 4.867136955300
879.540000000 6.200000000 4.863550663000
879.540000000 8.800000000 4.862630844100
897.540000000 9.400000000 4.860732555400
889.540000000 9.600000000 4.853378772700
881.540000000 6.000000000 4.850180625900
892.540000000 7.600000000 4.848048210100
886.040000000 8.400000000 4.846913814500
890.040000000 10.000000000 4.844741821300
881.540000000 7.000000000 4.835051059700
883.040000000 9.600000000 4.831603527100
893.040000000 10.000000000 4.826520443000
881.540000000 8.400000000 4.826251506800
887.790000000 8.600000000 4.824803352400
880.790000000 9.200000000 4.822119236000
891.540000000 9.400000000 4.802337169600
892.790000000 9.600000000 4.791077613800
892.790000000 7.600000000 4.790204048200
897.790000000 8.600000000 4.788132190700
886.540000000 7.000000000 4.781907081600
886.540000000 7.400000000 4.778819561000
889.790000000 10.000000000 4.776251792900
887.540000000 8.600000000 4.774612426800
881.540000000 8.200000000 4.773118972800
879.540000000 9.200000000 4.772305011700
884.290000000 8.000000000 4.771903514900
883.790000000 9.200000000 4.770542621600
879.790000000 6.200000000 4.763972282400
882.790000000 10.000000000 4.760893344900
898.040000000 8.600000000 4.754670620000
879.540000000 6.400000000 4.749842643700
890.290000000 9.400000000 4.749292373700
898.040000000 8.000000000 4.745149135600
891.290000000 9.400000000 4.744381904600
894.040000000 10.000000000 4.738148689300
884.540000000 7.400000000 4.738068103800
887.040000000 9.200000000 4.737857341800
884.540000000 7.600000000 4.737488746600
881.540000000 8.600000000 4.735258579300
889.540000000 9.800000000 4.734993934600
893.290000000 9.400000000 4.728028297400
883.040000000 6.200000000 4.721154213000
897.790000000 8.000000000 4.720885753600
881.790000000 8.200000000 4.716186523400
887.290000000 7.400000000 4.713926315300
879.790000000 9.600000000 4.712895870200
894.290000000 9.800000000 4.712588787100
881.790000000 9.600000000 4.706634044600
880.040000000 8.800000000 4.701576709700
889.290000000 9.400000000 4.701223373400
890.540000000 9.400000000 4.697200298300
881.290000000 8.400000000 4.692724704700
880.540000000 8.600000000 4.688976287800
891.790000000 9.400000000 4.688195705400
884.040000000 9.200000000 4.685304641700
882.540000000 10.000000000 4.679332256300
888.540000000 8.600000000 4.671653270700
881.790000000 6.800000000 4.671638011900
896.790000000 9.000000000 4.670178413400
883.040000000 8.200000000 4.665801525100
883.040000000 6.000000000 4.664902687100
884.540000000 7.200000000 4.661904811900
882.790000000 9.000000000 4.659456253100
882.790000000 9.800000000 4.656711101500
892.790000000 8.400000000 4.646746158600
892.540000000 10.000000000 4.640639782000
881.790000000 8.400000000 4.627364158600
883.040000000 10.000000000 4.624476432800
882.290000000 8.400000000 4.623803615600
880.040000000 9.400000000 4.612821102100
883.290000000 8.200000000 4.610394001000
891.540000000 7.400000000 4.609184742000
886.790000000 7.400000000 4.593287944800
882.790000000 8.200000000 4.585486412000
879.790000000 6.400000000 4.585409164400
888.040000000 9.200000000 4.581697940800
892.040000000 9.400000000 4.571195602400
898.290000000 8.400000000 4.566690444900
882.540000000 9.200000000 4.563510417900
880.040000000 9.600000000 4.561268806500
891.040000000 9.400000000 4.560472011600
897.540000000 7.200000000 4.556666851000
882.290000000 10.000000000 4.554134845700
880.040000000 6.200000000 4.552325725600
882.040000000 8.200000000 4.551912784600
882.040000000 8.400000000 4.546201229100
893.040000000 9.400000000 4.535277843500
883.040000000 8.800000000 4.534553051000
883.040000000 8.600000000 4.521465301500
880.790000000 8.600000000 4.520739555400
891.790000000 7.400000000 4.520181179000
889.540000000 7.200000000 4.515748977700
899.040000000 6.800000000 4.515699386600
898.790000000 6.800000000 4.513135433200
890.790000000 9.400000000 4.512168884300
881.790000000 9.400000000 4.511360645300
892.540000000 9.000000000 4.507792472800
886.040000000 7.600000000 4.507728099800
893.040000000 9.800000000 4.506762027700
887.040000000 9.800000000 4.503417968800
890.790000000 7.200000000 4.502266883900
885.040000000 9.200000000 4.501278877300
891.290000000 8.200000000 4.499008655500
886.540000000 8.600000000 4.498265743300
882.540000000 9.800000000 4.496840000200
893.040000000 6.800000000 4.495849609400
881.290000000 10.000000000 4.494944095600
883.040000000 9.800000000 4.490048408500
883.540000000 6.000000000 4.488666057600
897.290000000 7.000000000 4.487644195600
882.540000000 8.200000000 4.484485149400
882.040000000 10.000000000 4.482948303200
888.540000000 7.200000000 4.481643199900
886.040000000 9.000000000 4.478701114700
897.040000000 9.200000000 4.473858356500
892.790000000 9.400000000 4.471046924600
892.290000000 9.400000000 4.468688964800
881.790000000 9.200000000 4.461189746900
888.290000000 7.200000000 4.459586620300
882.290000000 8.200000000 4.458431243900
883.540000000 9.200000000 4.457460403400
899.290000000 6.800000000 4.456770420100
881.290000000 8.200000000 4.454699516300
886.040000000 10.000000000 4.453885078400
898.540000000 8.200000000 4.453037738800
886.540000000 9.600000000 4.449913024900
881.040000000 8.400000000 4.449459075900
893.290000000 6.800000000 4.449073314700
882.290000000 9.200000000 4.447616100300
880.290000000 9.600000000 4.446833610500
894.790000000 10.000000000 4.443832874300
881.790000000 10.000000000 4.443722248100
879.540000000 6.600000000 4.443274498000
880.290000000 8.600000000 4.442080974600
885.790000000 7.800000000 4.441796779600
892.540000000 9.200000000 4.430488109600
890.040000000 9.600000000 4.429854393000
896.790000000 6.800000000 4.428473949400
883.290000000 10.000000000 4.426301002500
892.040000000 8.800000000 4.424556732200
884.790000000 7.200000000 4.410983085600
892.790000000 9.800000000 4.410767078400
880.790000000 6.000000000 4.409162044500
880.290000000 9.400000000 4.407797813400
896.540000000 9.200000000 4.407749652900
881.040000000 10.000000000 4.407089233400
893.040000000 7.200000000 4.394606590300
890.540000000 6.000000000 4.394062519100
886.290000000 7.400000000 4.390722751600
897.540000000 8.200000000 4.386651992800
887.040000000 7.400000000 4.384587764700
892.040000000 7.400000000 4.382206440000
880.790000000 7.600000000 4.382081031800
899.290000000 9.800000000 4.366274356800
889.290000000 8.400000000 4.365491867100
892.790000000 10.000000000 4.360392093700
891.540000000 8.200000000 4.356329917900
893.290000000 7.000000000 4.355257511100
890.790000000 6.000000000 4.354631900800
896.290000000 9.800000000 4.354350566900
883.290000000 9.800000000 4.353780746500
887.040000000 8.800000000 4.343523979200
882.540000000 8.400000000 4.338732719400
883.540000000 8.200000000 4.336921215100
883.040000000 8.400000000 4.336208343500
881.540000000 10.000000000 4.333572387700
892.290000000 8.200000000 4.331242561300
879.790000000 6.600000000 4.329440116900
886.290000000 9.000000000 4.320283889800
897.290000000 9.400000000 4.320261001600
887.040000000 9.600000000 4.319675922400
885.040000000 7.200000000 4.316509723700
890.290000000 6.000000000 4.315956115700
884.540000000 9.400000000 4.315233707400
892.040000000 8.600000000 4.311271667500
883.790000000 8.200000000 4.308833122300
889.540000000 6.000000000 4.306543350200
883.540000000 10.000000000 4.303112506900
886.540000000 9.800000000 4.301514625500
882.790000000 9.200000000 4.300525188400
882.790000000 8.400000000 4.299888134000
892.540000000 8.200000000 4.291112899800
881.290000000 8.600000000 4.288299083700
898.540000000 6.800000000 4.284849166900
887.040000000 6.800000000 4.281220912900
897.540000000 8.400000000 4.275429725600
888.790000000 7.200000000 4.275131225600
882.290000000 9.800000000 4.267077922800
881.040000000 8.600000000 4.266830444300
885.790000000 9.000000000 4.253247261000
892.790000000 6.800000000 4.252026557900
884.540000000 9.600000000 4.250565052000
885.290000000 7.200000000 4.248564720200
881.290000000 9.800000000 4.242684841200
889.290000000 6.200000000 4.236931324000
885.790000000 8.400000000 4.236633777600
892.790000000 7.400000000 4.232133865400
886.790000000 7.000000000 4.229387283300
893.790000000 6.800000000 4.228777885400
892.040000000 8.200000000 4.225371837600
898.040000000 8.400000000 4.221968650800
893.040000000 7.000000000 4.219721794100
887.290000000 8.800000000 4.216266155200
881.540000000 6.800000000 4.213549137100
880.290000000 6.200000000 4.212810993200
893.040000000 6.600000000 4.211953640000
881.040000000 9.800000000 4.211384296400
886.290000000 8.600000000 4.207095146200
889.790000000 6.000000000 4.205854892700
888.790000000 8.600000000 4.204856872600
881.540000000 6.200000000 4.201006412500
883.290000000 8.400000000 4.198009967800
893.540000000 6.800000000 4.191147327400
883.290000000 6.200000000 4.183713913000
887.040000000 9.000000000 4.181203365300
891.040000000 6.000000000 4.177762031600
890.040000000 6.000000000 4.175673961600
892.290000000 7.400000000 4.170418739300
884.040000000 9.800000000 4.169188499500
884.540000000 7.800000000 4.162298679400
887.540000000 6.600000000 4.160567760500
881.290000000 7.000000000 4.157834529900
891.040000000 7.200000000 4.152766227700
898.290000000 8.200000000 4.151588439900
881.290000000 6.000000000 4.148458957700
886.790000000 9.800000000 4.147364616400
890.290000000 8.400000000 4.147300243400
892.540000000 7.400000000 4.143510341600
898.290000000 9.800000000 4.141643524200
885.540000000 7.200000000 4.138429641700
886.790000000 9.600000000 4.137385845200
882.290000000 6.600000000 4.135815620400
880.790000000 10.000000000 4.135323047600
882.040000000 9.800000000 4.133394241300
881.040000000 7.200000000 4.133089065600
880.040000000 6.400000000 4.132058620500
884.290000000 9.200000000 4.129511833200
881.040000000 8.000000000 4.128072738600
886.290000000 9.800000000 4.123257637000
888.040000000 7.200000000 4.119538307200
886.040000000 8.600000000 4.119448185000
896.290000000 9.400000000 4.119286060300
882.540000000 6.600000000 4.119029045100
891.790000000 8.200000000 4.117594242100
890.540000000 8.400000000 4.109434127800
889.790000000 9.800000000 4.108576297800
887.290000000 9.000000000 4.103440284700
892.540000000 8.400000000 4.101407527900
882.290000000 6.400000000 4.099371433300
883.290000000 6.000000000 4.095139503500
886.790000000 8.800000000 4.094537735000
883.540000000 9.800000000 4.089727878600
885.540000000 8.000000000 4.089706420900
897.790000000 8.400000000 4.086853027300
883.790000000 10.000000000 4.082530021700
881.790000000 9.800000000 4.081796646100
881.540000000 9.800000000 4.080106258400
885.540000000 7.800000000 4.078426837900
880.790000000 7.800000000 4.073427677200
892.790000000 6.600000000 4.072335243200
890.040000000 9.400000000 4.068863391900
892.540000000 9.400000000 4.068739891100
882.540000000 6.400000000 4.067325592000
884.790000000 7.400000000 4.060622692100
889.040000000 7.200000000 4.059240818000
898.290000000 10.000000000 4.057799339300
883.790000000 9.800000000 4.054942607900
889.290000000 7.200000000 4.051869392400
885.040000000 9.400000000 4.051155567200
894.540000000 6.000000000 4.050638198900
889.790000000 9.400000000 4.049172401400
883.290000000 9.200000000 4.046985149400
893.290000000 6.600000000 4.038834571800
892.790000000 6.000000000 4.036793232000
880.790000000 9.800000000 4.033333301500
894.290000000 10.000000000 4.031395912200
882.040000000 6.600000000 4.029842853500
894.540000000 10.000000000 4.026007175400
896.290000000 10.000000000 4.021839141800
889.540000000 9.400000000 4.020998954800
883.040000000 9.200000000 4.019343376200
882.790000000 6.600000000 4.014667987800
885.790000000 7.200000000 4.013281822200
880.540000000 9.600000000 4.010075092300
893.040000000 6.000000000 4.007983684500
898.540000000 10.000000000 4.003982067100
892.540000000 6.800000000 3.994259119000
880.790000000 8.400000000 3.987707376500
882.040000000 9.200000000 3.980741977700
898.540000000 9.800000000 3.976445674900
892.540000000 6.000000000 3.971003532400
885.290000000 9.600000000 3.963193893400
892.040000000 6.000000000 3.962851524400
899.040000000 9.800000000 3.961331844300
894.290000000 6.000000000 3.959282159800
881.040000000 8.200000000 3.955278158200
892.540000000 6.600000000 3.949745893500
885.790000000 10.000000000 3.946603536600
887.540000000 8.800000000 3.945872306800
880.790000000 7.400000000 3.940684080100
898.040000000 9.800000000 3.939456462900
886.540000000 8.800000000 3.938797473900
894.290000000 6.400000000 3.937682867100
890.540000000 6.200000000 3.937473535500
892.290000000 6.000000000 3.936142921400
888.790000000 9.200000000 3.936060428600
897.790000000 8.200000000 3.934446811700
893.290000000 6.000000000 3.934015989300
894.790000000 6.000000000 3.930415391900
880.540000000 6.200000000 3.928449869200
892.290000000 9.000000000 3.925238370900
891.790000000 6.000000000 3.921024084100
898.040000000 8.200000000 3.916227817500
883.290000000 6.600000000 3.913043499000
890.790000000 6.200000000 3.910575866700
883.290000000 6.400000000 3.908363342300
886.040000000 7.200000000 3.907553911200
897.790000000 7.200000000 3.905112981800
884.040000000 8.200000000 3.901510238600
885.790000000 7.600000000 3.900537252400
889.790000000 9.600000000 3.894841671000
888.540000000 9.200000000 3.894432067900
886.290000000 8.800000000 3.890937805200
885.540000000 7.600000000 3.883463382700
898.790000000 9.600000000 3.883334636700
890.040000000 8.400000000 3.882489681200
884.040000000 10.000000000 3.879724741000
888.290000000 9.200000000 3.879486084000
891.540000000 6.000000000 3.873449325600
892.540000000 7.000000000 3.869414567900
891.290000000 6.000000000 3.862811803800
883.290000000 8.600000000 3.862537384000
889.040000000 6.400000000 3.861237287500
898.040000000 7.000000000 3.860875129700
889.040000000 9.200000000 3.860756397200
880.540000000 9.400000000 3.857983589200
885.540000000 7.400000000 3.857576847100
885.290000000 7.400000000 3.853918075600
885.040000000 7.400000000 3.851845026000
883.040000000 6.600000000 3.849471092200
885.540000000 9.000000000 3.849031686800
886.040000000 9.800000000 3.840870618800
898.290000000 6.800000000 3.839545011500
893.540000000 6.000000000 3.826665639900
894.040000000 6.400000000 3.823765277900
881.790000000 6.600000000 3.819202899900
889.540000000 6.200000000 3.813829422000
879.540000000 9.800000000 3.812318325000
890.290000000 6.200000000 3.810832738900
891.290000000 7.200000000 3.808956623100
880.540000000 10.000000000 3.808633089100
885.790000000 8.600000000 3.807014465300
881.040000000 6.000000000 3.805801630000
880.540000000 9.800000000 3.804754257200
884.290000000 9.800000000 3.803723335300
886.540000000 9.000000000 3.799849033400
894.540000000 6.400000000 3.797115325900
893.540000000 6.600000000 3.788519382500
891.040000000 8.400000000 3.787663936600
898.040000000 10.000000000 3.785890340800
892.290000000 8.400000000 3.785459280000
892.790000000 7.000000000 3.783001422900
896.790000000 9.200000000 3.779038906100
880.040000000 6.600000000 3.776372194300
883.540000000 8.400000000 3.776278495800
886.290000000 7.200000000 3.764786720300
898.540000000 9.600000000 3.759056329700
894.290000000 6.600000000 3.757948875400
881.540000000 9.400000000 3.756020069100
887.790000000 8.800000000 3.755069017400
889.540000000 8.400000000 3.749659299900
880.040000000 8.600000000 3.747713327400
890.790000000 8.400000000 3.743345260600
886.790000000 9.000000000 3.742615461300
887.540000000 9.000000000 3.741038799300
886.040000000 8.800000000 3.738494157800
896.540000000 9.600000000 3.725632429100
898.290000000 9.600000000 3.721176385900
887.790000000 7.200000000 3.717552900300
882.040000000 6.400000000 3.714502334600
894.540000000 6.600000000 3.711769104000
882.790000000 6.400000000 3.710845947300
891.290000000 8.400000000 3.709153413800
883.290000000 8.800000000 3.708485126500
888.040000000 8.800000000 3.704602718400
883.040000000 9.000000000 3.702221870400
885.790000000 7.400000000 3.700142383600
888.290000000 8.800000000 3.697965145100
880.790000000 6.200000000 3.696569919600
881.290000000 9.400000000 3.693318605400
885.540000000 8.200000000 3.691245555900
884.290000000 10.000000000 3.686033248900
894.040000000 6.600000000 3.681399583800
891.040000000 6.200000000 3.679123640100
879.790000000 9.800000000 3.678476810500
890.040000000 6.200000000 3.674908638000
892.290000000 6.600000000 3.669871568700
881.290000000 6.800000000 3.666393518400
889.790000000 6.200000000 3.664741516100
893.790000000 6.600000000 3.662001848200
884.790000000 7.600000000 3.658123731600
892.790000000 6.400000000 3.652405977200
880.040000000 9.800000000 3.650494337100
898.040000000 9.600000000 3.649361610400
897.040000000 9.400000000 3.647956848100
895.040000000 6.000000000 3.647367477400
885.290000000 7.800000000 3.645170211800
898.790000000 10.000000000 3.639164924600
884.040000000 8.800000000 3.637154340700
880.290000000 9.800000000 3.636401891700
881.290000000 6.200000000 3.635311842000
879.540000000 10.000000000 3.632759571100
889.790000000 8.400000000 3.631631135900
892.290000000 6.800000000 3.629574298900
879.790000000 10.000000000 3.624135732700
894.040000000 6.000000000 3.623100519200
880.540000000 8.400000000 3.615877866700
881.540000000 9.600000000 3.613866567600
880.290000000 8.400000000 3.607294321100
887.790000000 6.600000000 3.604236125900
880.790000000 9.600000000 3.603058576600
887.790000000 9.000000000 3.593638420100
884.290000000 8.800000000 3.593558549900
893.790000000 6.400000000 3.592091560400
888.540000000 8.800000000 3.590645790100
897.040000000 6.800000000 3.590293884300
884.040000000 8.600000000 3.589643001600
881.040000000 9.600000000 3.588287830400
889.790000000 9.200000000 3.584823846800
880.290000000 10.000000000 3.583563327800
893.790000000 6.000000000 3.583295822100
886.540000000 7.200000000 3.579162597700
897.790000000 9.600000000 3.571411371200
893.040000000 6.400000000 3.569787263900
879.540000000 6.800000000 3.568917512900
885.540000000 10.000000000 3.558635473300
889.040000000 8.600000000 3.557410240200
885.790000000 8.800000000 3.554216861700
898.790000000 9.800000000 3.549163579900
879.790000000 6.800000000 3.547846555700
880.040000000 10.000000000 3.544213533400
889.540000000 9.200000000 3.538832187700
899.290000000 10.000000000 3.538748741100
892.290000000 7.000000000 3.535644054400
894.790000000 6.600000000 3.532885074600
891.540000000 6.200000000 3.532483339300
889.290000000 9.200000000 3.531033992800
881.540000000 6.600000000 3.524638414400
884.790000000 9.200000000 3.521060705200
884.540000000 10.000000000 3.519898891400
891.540000000 7.200000000 3.504780054100
884.290000000 8.600000000 3.502194404600
892.790000000 6.200000000 3.496370315600
881.040000000 9.400000000 3.493785858200
883.540000000 8.600000000 3.484348297100
891.540000000 8.400000000 3.483038187000
897.790000000 9.800000000 3.470216989500
880.290000000 6.400000000 3.463478565200
890.040000000 9.200000000 3.453059434900
881.040000000 7.000000000 3.448980808300
891.790000000 8.800000000 3.444157838800
884.540000000 9.800000000 3.443905830400
885.290000000 7.600000000 3.443680048000
883.040000000 6.400000000 3.442955493900
881.290000000 9.600000000 3.441584110300
887.040000000 7.000000000 3.439786911000
886.790000000 7.200000000 3.437136173200
897.540000000 7.000000000 3.427554130600
880.790000000 8.200000000 3.424436807600
892.040000000 9.200000000 3.421301841700
892.540000000 7.200000000 3.416010618200
891.290000000 6.200000000 3.415572404900
879.540000000 8.400000000 3.413498163200
886.040000000 7.400000000 3.409572124500
891.790000000 6.200000000 3.407122612000
880.790000000 8.000000000 3.405992031100
880.540000000 6.600000000 3.403956413300
892.540000000 6.400000000 3.400380849800
884.790000000 10.000000000 3.397036790800
891.540000000 6.800000000 3.396457910500
893.040000000 6.200000000 3.393944501900
892.040000000 6.600000000 3.393868684800
892.040000000 6.800000000 3.393586158800
881.040000000 6.200000000 3.393191337600
885.290000000 9.000000000 3.390719413800
885.790000000 9.800000000 3.389719247800
892.540000000 6.200000000 3.383152008100
888.040000000 6.600000000 3.382490396500
883.790000000 8.600000000 3.379930973100
888.040000000 9.000000000 3.379370689400
884.290000000 8.400000000 3.373593568800
885.040000000 7.800000000 3.372680902500
884.040000000 8.400000000 3.369259357500
892.290000000 7.200000000 3.368640184400
892.790000000 7.200000000 3.368559598900
891.790000000 6.800000000 3.367830753300
891.790000000 8.600000000 3.365727186200
884.790000000 9.800000000 3.363656282400
891.790000000 8.400000000 3.353590488400
879.790000000 8.200000000 3.337919950500
888.290000000 6.600000000 3.335255861300
885.290000000 10.000000000 3.334336280800
890.290000000 9.200000000 3.333086967500
897.790000000 10.000000000 3.330216646200
891.790000000 7.200000000 3.329375982300
891.290000000 6.800000000 3.327162504200
880.790000000 9.400000000 3.320237159700
888.290000000 9.000000000 3.319692373300
892.290000000 9.200000000 3.318508863400
885.540000000 8.600000000 3.316529035600
884.790000000 7.800000000 3.316071987200
893.290000000 6.400000000 3.314917326000
894.790000000 6.400000000 3.312823772400
880.540000000 7.600000000 3.309260368300
899.290000000 6.600000000 3.305799245800
893.540000000 6.400000000 3.304539442100
892.040000000 7.200000000 3.303520441100
884.040000000 9.000000000 3.301383018500
897.540000000 9.600000000 3.300463438000
885.040000000 9.800000000 3.300287485100
894.290000000 6.200000000 3.295600891100
885.040000000 7.600000000 3.292396545400
890.540000000 9.200000000 3.292083263400
884.540000000 9.200000000 3.289490699800
888.790000000 8.800000000 3.289479732500
885.040000000 10.000000000 3.289356946900
884.290000000 9.000000000 3.287408828700
890.790000000 9.200000000 3.280187845200
899.040000000 6.600000000 3.278085470200
888.540000000 9.000000000 3.275419712100
879.790000000 8.000000000 3.271967411000
883.290000000 9.000000000 3.269411087000
880.040000000 8.400000000 3.269235134100
898.790000000 6.600000000 3.268863201100
891.540000000 6.600000000 3.265003681200
896.540000000 10.000000000 3.262968301800
891.790000000 9.200000000 3.261590242400
891.290000000 6.600000000 3.260574817700
891.790000000 6.600000000 3.258035183000
896.540000000 9.800000000 3.257719039900
894.540000000 6.200000000 3.254581451400
888.540000000 6.600000000 3.250450134300
880.790000000 6.600000000 3.250355482100
883.540000000 8.800000000 3.249377489100
880.040000000 8.200000000 3.238908290900
884.540000000 8.600000000 3.238175392200
880.540000000 8.200000000 3.230804443400
883.790000000 8.800000000 3.230301380200
892.040000000 6.200000000 3.230163097400
885.540000000 8.800000000 3.217826366400
884.790000000 9.400000000 3.213382959400
895.290000000 6.000000000 3.213366985300
884.540000000 8.800000000 3.212822675700
891.040000000 9.200000000 3.209892988200
887.540000000 7.200000000 3.207896947900
880.790000000 7.200000000 3.200319528600
879.540000000 8.000000000 3.197961807300
894.040000000 6.200000000 3.197765827200
898.040000000 6.800000000 3.186420440700
894.790000000 6.200000000 3.184340000200
884.540000000 8.400000000 3.181905031200
884.790000000 9.600000000 3.181571245200
898.540000000 6.600000000 3.181366682100
899.040000000 10.000000000 3.181226968800
892.290000000 6.200000000 3.176439523700
881.040000000 6.800000000 3.172501087200
884.540000000 8.000000000 3.167926788300
892.040000000 9.000000000 3.166845083200
895.040000000 6.600000000 3.164376735700
893.290000000 6.200000000 3.164034605000
880.290000000 6.600000000 3.163712978400
880.040000000 6.800000000 3.159599304200
896.790000000 9.400000000 3.157302618000
892.040000000 8.400000000 3.156306982000
890.040000000 6.400000000 3.155198574100
899.290000000 6.000000000 3.151874542200
896.540000000 9.400000000 3.143741130800
887.040000000 7.200000000 3.134015321700
898.790000000 6.000000000 3.133974313700
881.290000000 6.600000000 3.131844520600
880.790000000 6.800000000 3.128489017500
889.290000000 6.400000000 3.128072023400
889.790000000 6.400000000 3.116339683500
879.540000000 8.600000000 3.113551378300
879.540000000 8.200000000 3.112886428800
885.290000000 9.800000000 3.108892440800
885.290000000 8.000000000 3.108519077300
883.790000000 8.400000000 3.108134746600
881.790000000 6.400000000 3.106435298900
880.540000000 6.800000000 3.081282615700
892.290000000 6.400000000 3.068776369100
885.540000000 9.800000000 3.061642885200
899.040000000 6.000000000 3.057630062100
891.290000000 9.200000000 3.051756382000
884.290000000 8.200000000 3.047243118300
897.290000000 10.000000000 3.046496868100
888.790000000 9.000000000 3.042585134500
898.540000000 6.000000000 3.025743961300
883.790000000 9.000000000 3.016604661900
880.540000000 7.800000000 3.012823104900
885.540000000 8.400000000 3.009998321500
880.540000000 7.400000000 3.004462003700
891.540000000 9.200000000 3.003913164100
884.540000000 9.000000000 2.998753786100
889.540000000 6.400000000 2.998441219300
880.040000000 8.000000000 2.998108625400
890.290000000 6.400000000 2.995103120800
893.790000000 6.200000000 2.992091655700
895.040000000 6.200000000 2.985456943500
897.040000000 10.000000000 2.985201597200
885.040000000 9.600000000 2.974165916400
881.290000000 6.400000000 2.962158203100
881.040000000 6.400000000 2.960663080200
880.290000000 8.200000000 2.955890417100
893.540000000 6.200000000 2.950181007400
880.540000000 6.400000000 2.945322990400
884.790000000 8.400000000 2.942854404400
888.790000000 6.600000000 2.942446947100
896.790000000 10.000000000 2.941678524000
881.540000000 6.400000000 2.937415123000
884.790000000 8.600000000 2.931705474900
887.290000000 6.800000000 2.929331064200
880.790000000 6.400000000 2.927883625000
891.040000000 6.800000000 2.914480924600
885.040000000 9.000000000 2.902044773100
884.540000000 8.200000000 2.897913932800
897.540000000 9.800000000 2.897413253800
897.540000000 10.000000000 2.897217273700
898.290000000 6.600000000 2.890514135400
891.040000000 6.600000000 2.873885393100
879.790000000 8.600000000 2.870943546300
898.290000000 6.000000000 2.870906829800
896.790000000 9.600000000 2.868291378000
881.040000000 6.600000000 2.860313415500
897.290000000 9.600000000 2.860112190200
889.290000000 8.600000000 2.849515914900
891.540000000 7.000000000 2.844949960700
897.790000000 7.000000000 2.842779874800
883.540000000 9.000000000 2.841367721600
879.790000000 8.400000000 2.834257364300
880.790000000 7.000000000 2.829008817700
884.790000000 8.000000000 2.824112176900
895.040000000 6.400000000 2.819868803000
880.540000000 8.000000000 2.815749168400
889.040000000 8.800000000 2.814993858300
892.040000000 6.400000000 2.809716939900
887.290000000 7.200000000 2.809068203000
885.040000000 8.000000000 2.805377006500
884.790000000 8.200000000 2.772620677900
884.790000000 8.800000000 2.772466182700
885.290000000 8.600000000 2.764320135100
885.040000000 8.400000000 2.763028383300
892.040000000 7.000000000 2.743184089700
880.290000000 6.800000000 2.741595029800
898.040000000 6.000000000 2.739095687900
895.540000000 6.000000000 2.738912582400
897.290000000 6.800000000 2.738251447700
890.540000000 6.400000000 2.735242128400
889.040000000 6.600000000 2.729520320900
891.790000000 7.000000000 2.726046323800
880.540000000 7.000000000 2.703299760800
891.290000000 7.000000000 2.687522649800
885.040000000 8.600000000 2.674546480200
889.040000000 9.000000000 2.672909021400
895.290000000 6.200000000 2.666932582900
885.290000000 8.400000000 2.659076690700
885.040000000 8.200000000 2.657610178000
897.790000000 6.000000000 2.640506506000
891.790000000 6.400000000 2.635385751700
879.790000000 7.000000000 2.634861469300
879.540000000 7.000000000 2.633457422300
887.290000000 7.000000000 2.631264686600
890.040000000 7.000000000 2.630298614500
884.790000000 9.000000000 2.615533113500
891.040000000 8.600000000 2.615168094600
891.290000000 6.400000000 2.613434076300
895.290000000 6.600000000 2.613386154200
891.540000000 6.400000000 2.612182855600
880.540000000 7.200000000 2.607580900200
897.040000000 9.600000000 2.607364893000
889.790000000 7.000000000 2.606508255000
885.290000000 8.200000000 2.603077650100
890.790000000 6.400000000 2.592143535600
896.040000000 6.600000000 2.589909315100
885.290000000 8.800000000 2.581790924100
897.540000000 6.000000000 2.578589677800
890.790000000 8.600000000 2.576511621500
879.540000000 7.800000000 2.573581457100
897.040000000 6.000000000 2.569301605200
896.290000000 6.600000000 2.566102027900
880.290000000 7.000000000 2.564019203200
897.290000000 6.000000000 2.563340663900
880.290000000 8.000000000 2.559201717400
895.790000000 6.600000000 2.558386802700
879.790000000 7.800000000 2.550581216800
891.290000000 8.600000000 2.549081087100
880.040000000 7.000000000 2.548294067400
896.790000000 9.800000000 2.544713497200
880.290000000 7.600000000 2.542870044700
896.540000000 6.200000000 2.532103538500
896.790000000 6.000000000 2.530251503000
889.540000000 9.000000000 2.527482509600
889.790000000 9.000000000 2.522491693500
890.290000000 7.000000000 2.522390365600
889.290000000 9.000000000 2.514899492300
895.540000000 6.600000000 2.509825468100
896.540000000 6.600000000 2.500014543500
898.540000000 6.200000000 2.494551420200
880.290000000 7.400000000 2.483808994300
890.540000000 8.600000000 2.481985092200
898.290000000 6.200000000 2.471102714500
899.290000000 6.200000000 2.470018625300
891.540000000 8.800000000 2.467555046100
896.790000000 6.200000000 2.465933322900
891.540000000 8.600000000 2.457287550000
897.790000000 6.800000000 2.456204652800
885.040000000 8.800000000 2.450242042500
896.290000000 6.400000000 2.449275255200
890.290000000 8.600000000 2.439867258100
896.290000000 6.200000000 2.434910297400
889.540000000 7.000000000 2.430517435100
890.040000000 8.800000000 2.426988363300
897.040000000 9.800000000 2.419371604900
889.790000000 8.800000000 2.416711330400
890.040000000 9.000000000 2.410432100300
890.040000000 8.600000000 2.406858682600
891.040000000 6.400000000 2.401984930000
891.040000000 7.000000000 2.393445968600
891.790000000 9.000000000 2.391193151500
897.290000000 9.800000000 2.377500295600
898.040000000 6.200000000 2.376147747000
896.040000000 6.400000000 2.367598056800
889.290000000 6.600000000 2.367130279500
889.540000000 8.800000000 2.365025758700
898.040000000 6.600000000 2.361612558400
895.790000000 6.000000000 2.361354351000
898.790000000 6.200000000 2.355472803100
890.790000000 7.000000000 2.354843854900
896.540000000 6.000000000 2.351928234100
890.540000000 9.000000000 2.336187362700
889.290000000 8.800000000 2.331076622000
879.540000000 7.200000000 2.326463937800
890.790000000 9.000000000 2.326436996500
880.040000000 7.400000000 2.320785999300
890.290000000 9.000000000 2.318737745300
879.540000000 7.400000000 2.318725109100
891.540000000 9.000000000 2.318628788000
895.540000000 6.200000000 2.317774534200
896.790000000 6.600000000 2.305994987500
897.040000000 6.200000000 2.303226947800
895.290000000 6.400000000 2.301650762600
896.540000000 6.400000000 2.300541877700
890.290000000 8.800000000 2.298214912400
880.040000000 7.600000000 2.297603368800
880.290000000 7.200000000 2.297454834000
880.040000000 7.800000000 2.290268182800
891.290000000 9.000000000 2.289942503000
889.540000000 8.600000000 2.278599023800
891.040000000 9.000000000 2.277551889400
897.790000000 6.200000000 2.272438526200
890.540000000 7.000000000 2.271734714500
899.290000000 6.400000000 2.266921520200
896.040000000 6.200000000 2.238140821500
897.040000000 6.600000000 2.231795072600
880.290000000 7.800000000 2.228499174100
891.290000000 8.800000000 2.225831270200
879.790000000 7.400000000 2.219069719300
887.540000000 6.800000000 2.218909740400
887.540000000 7.000000000 2.204126596500
880.040000000 7.200000000 2.201591253300
889.790000000 8.600000000 2.198335647600
899.040000000 6.200000000 2.196473836900
897.540000000 6.200000000 2.196103572800
897.290000000 6.200000000 2.195553779600
897.290000000 6.600000000 2.190118312800
889.790000000 6.600000000 2.181754589100
891.040000000 8.800000000 2.176725149200
899.040000000 6.400000000 2.172262191800
879.790000000 7.600000000 2.169678688000
879.790000000 7.200000000 2.159165144000
896.040000000 6.000000000 2.151194572400
890.790000000 6.800000000 2.143661022200
890.040000000 6.600000000 2.134809732400
897.540000000 6.800000000 2.133519411100
898.790000000 6.400000000 2.131540775300
895.790000000 6.400000000 2.128935098600
889.540000000 6.600000000 2.113984823200
889.290000000 7.000000000 2.112448215500
896.290000000 6.000000000 2.096694231000
879.540000000 7.600000000 2.090160608300
890.790000000 8.800000000 2.085694789900
895.540000000 6.400000000 2.084036588700
890.790000000 6.600000000 2.079272747000
895.790000000 6.200000000 2.032976150500
896.790000000 6.400000000 2.027926683400
897.540000000 6.600000000 2.022336244600
898.540000000 6.400000000 2.007358312600
890.290000000 6.600000000 1.993329405800
890.540000000 8.800000000 1.981355309500
897.790000000 6.600000000 1.943108558700
897.040000000 6.400000000 1.935389041900
897.290000000 6.400000000 1.907081246400
898.290000000 6.400000000 1.877304673200
887.790000000 6.800000000 1.875765800500
890.540000000 6.600000000 1.840251207400
887.790000000 7.000000000 1.836899995800
888.040000000 7.000000000 1.829517960500
897.540000000 6.400000000 1.796416521100
888.290000000 7.000000000 1.785158395800
889.040000000 7.000000000 1.779171466800
888.790000000 6.800000000 1.759709715800
888.040000000 6.800000000 1.728300213800
888.540000000 6.800000000 1.714036703100
888.540000000 7.000000000 1.711170196500
889.040000000 6.800000000 1.698127508200
888.290000000 6.800000000 1.683561086700
897.790000000 6.400000000 1.651929378500
888.790000000 7.000000000 1.629813075100
898.040000000 6.400000000 1.623102426500
889.290000000 6.800000000 1.514495492000
890.540000000 6.800000000 1.491163849800
889.790000000 6.800000000 1.397062659300
889.540000000 6.800000000 1.395233511900
890.040000000 6.800000000 1.384877443300
890.290000000 6.800000000 1.359985351600
