1130.180000000 6.400000000 105.265205383300
1129.930000000 6.400000000 104.189239502000
1130.430000000 6.400000000 99.341735839800
1129.680000000 6.400000000 98.524162292500
1129.930000000 6.200000000 96.593666076700
1129.680000000 6.200000000 95.506546020500
1130.180000000 6.200000000 91.132347106900
1129.430000000 6.400000000 90.999908447300
1129.430000000 6.200000000 90.464271545400
1133.680000000 6.600000000 90.255989074700
1133.430000000 6.600000000 90.057060241700
1133.930000000 6.600000000 87.662757873500
1130.680000000 6.400000000 87.518630981400
1133.180000000 6.600000000 86.460823059100
1134.180000000 6.600000000 84.788543701200
1129.180000000 6.200000000 83.729743957500
1134.430000000 6.600000000 83.430236816400
1129.180000000 6.400000000 82.715255737300
1130.180000000 6.600000000 82.082641601600
1134.680000000 6.600000000 81.101043701200
1130.430000000 6.600000000 80.603546142600
1129.930000000 6.600000000 80.140205383300
1130.430000000 6.200000000 79.864814758300
1132.930000000 6.600000000 79.263755798300
1128.930000000 6.200000000 76.687370300300
1129.680000000 6.600000000 76.351539611800
1130.680000000 6.600000000 74.316543579100
1130.930000000 6.400000000 73.877578735400
1128.930000000 6.400000000 73.714576721200
1133.430000000 6.400000000 72.809127807600
1133.680000000 6.400000000 72.492759704600
1134.180000000 6.400000000 71.998229980500
1133.930000000 6.400000000 71.907234191900
1129.430000000 6.000000000 71.756454467800
1133.180000000 6.400000000 71.583068847700
1129.430000000 6.600000000 71.244636535600
1132.930000000 6.400000000 70.747779846200
1134.930000000 6.600000000 70.740570068400
1129.680000000 6.000000000 70.710311889600
1134.430000000 6.400000000 69.901451110800
1129.180000000 6.000000000 69.374015808100
1132.680000000 6.600000000 67.900260925300
1128.680000000 6.200000000 67.666671752900
1132.680000000 6.400000000 67.063873291000
1130.680000000 6.200000000 66.964004516600
1133.930000000 6.800000000 66.281501770000
1134.680000000 6.400000000 66.100936889600
1133.680000000 6.800000000 65.925979614300
1134.680000000 6.800000000 65.813972473100
1129.930000000 6.000000000 65.786888122600
1134.430000000 6.800000000 65.724784851100
1134.180000000 6.800000000 65.549499511700
1128.930000000 6.000000000 65.139625549300
1129.180000000 6.600000000 64.550689697300
1130.930000000 6.600000000 64.105285644500
1132.430000000 6.400000000 63.972740173300
1133.430000000 6.800000000 63.928913116500
1128.680000000 6.400000000 63.742401123000
1131.180000000 6.400000000 62.384048461900
1134.930000000 6.800000000 61.218273162800
1133.180000000 6.800000000 60.554801940900
1132.180000000 6.400000000 59.626651763900
1134.930000000 6.400000000 57.874801635700
1130.180000000 6.000000000 57.639202117900
1128.430000000 6.200000000 56.965793609600
1128.680000000 6.000000000 56.891792297400
1128.930000000 6.600000000 56.145774841300
1130.930000000 6.200000000 55.728565216100
1132.930000000 6.800000000 55.324348449700
1131.430000000 6.400000000 55.139656066900
1131.930000000 6.400000000 55.014797210700
1133.430000000 6.200000000 54.984699249300
1133.680000000 6.200000000 54.378276825000
1133.180000000 6.200000000 54.303710937500
1132.430000000 6.600000000 54.191745758100
1130.180000000 6.800000000 53.369331359900
1131.180000000 6.600000000 53.244640350300
1132.930000000 6.200000000 53.235267639200
1129.930000000 6.800000000 53.007167816200
1128.430000000 6.400000000 52.968250274700
1131.680000000 6.400000000 52.823322296100
1133.930000000 6.200000000 52.346298217800
1135.180000000 6.600000000 52.030342102100
1132.680000000 6.200000000 51.842468261700
1130.430000000 6.800000000 50.994983673100
1129.680000000 6.800000000 50.597927093500
1135.180000000 6.800000000 49.641647338900
1134.180000000 6.200000000 49.432907104500
1132.430000000 6.200000000 49.136241912800
1129.180000000 5.800000000 48.789569854700
1129.430000000 5.800000000 48.746963501000
1130.430000000 6.000000000 48.434185028100
1134.430000000 7.000000000 47.704940795900
1132.680000000 6.800000000 47.495162963900
1128.430000000 6.000000000 47.350360870400
1131.180000000 6.200000000 47.245483398400
1129.430000000 6.800000000 46.979026794400
1134.680000000 7.000000000 46.961677551300
1128.680000000 6.600000000 46.848445892300
1134.180000000 7.000000000 46.547630310100
1128.180000000 6.200000000 46.370594024700
1130.680000000 6.800000000 46.074008941700
1132.180000000 6.600000000 46.053073883100
1134.430000000 6.200000000 45.809108734100
1132.180000000 6.200000000 45.082118988000
1131.430000000 6.600000000 45.006984710700
1129.680000000 5.800000000 44.957515716600
1128.930000000 5.800000000 44.807041168200
1133.930000000 7.000000000 43.801074981700
1134.930000000 7.000000000 43.303428649900
1135.180000000 6.400000000 42.958003997800
1128.180000000 6.400000000 42.531185150100
1125.430000000 6.000000000 42.322967529300
1129.180000000 6.800000000 42.232650756800
1134.680000000 6.200000000 42.060855865500
1131.430000000 6.200000000 41.865261077900
1131.930000000 6.600000000 41.643123626700
1131.930000000 6.200000000 41.373874664300
1125.680000000 6.000000000 41.068729400600
1131.680000000 6.600000000 41.052856445300
1125.180000000 6.000000000 40.869976043700
1133.680000000 7.000000000 40.123592376700
1130.680000000 6.000000000 40.121948242200
1131.680000000 6.200000000 39.943466186500
1130.930000000 6.800000000 39.372211456300
1129.930000000 5.800000000 39.081008911100
1128.180000000 6.000000000 38.487262725800
1134.430000000 7.200000000 38.474044799800
1128.680000000 5.800000000 38.328464508100
1125.930000000 6.000000000 38.209136962900
1128.430000000 6.600000000 38.163776397700
1127.930000000 6.200000000 38.063186645500
1133.680000000 6.000000000 37.779396057100
1132.430000000 6.800000000 37.733768463100
1124.930000000 6.000000000 37.215171814000
1134.180000000 7.200000000 37.203239440900
1133.430000000 6.000000000 37.198226928700
1134.680000000 7.200000000 36.699230194100
1134.930000000 6.200000000 36.638336181600
1133.930000000 6.000000000 36.544212341300
1133.430000000 7.000000000 36.497550964400
1135.180000000 7.000000000 36.307723999000
1128.930000000 6.800000000 36.211147308300
1133.180000000 6.000000000 35.148757934600
1124.930000000 5.800000000 35.099163055400
1126.180000000 6.000000000 34.894641876200
1125.180000000 5.800000000 34.794612884500
1138.430000000 7.000000000 34.419723510700
1135.430000000 6.800000000 34.078628540000
1134.180000000 6.000000000 34.073715210000
1129.930000000 7.000000000 33.955455780000
1124.680000000 5.800000000 33.839885711700
1127.930000000 6.400000000 33.805622100800
1134.930000000 7.200000000 33.756622314500
1127.680000000 6.200000000 33.395492553700
1138.680000000 7.000000000 33.299736022900
1130.930000000 6.000000000 33.259666442900
1125.430000000 5.800000000 33.220088958700
1133.930000000 7.200000000 33.141880035400
1133.180000000 7.000000000 33.137378692600
1124.680000000 6.000000000 33.066074371300
1130.180000000 7.000000000 32.915046691900
1130.180000000 5.800000000 32.852619171100
1132.930000000 6.000000000 32.829338073700
1138.180000000 7.000000000 32.677822113000
1129.680000000 7.000000000 32.649139404300
1131.180000000 6.800000000 32.266952514600
1126.930000000 6.200000000 32.158416748000
1127.180000000 6.200000000 32.084350585900
1136.680000000 7.000000000 32.006244659400
1127.430000000 6.200000000 31.983963012700
1126.680000000 6.200000000 31.966405868500
1127.930000000 6.000000000 31.808582305900
1135.430000000 6.600000000 31.774682998700
1126.430000000 6.200000000 31.739097595200
1126.430000000 6.000000000 31.715167999300
1126.180000000 6.200000000 31.416282653800
1136.930000000 7.000000000 31.318368911700
1125.930000000 6.200000000 31.093341827400
1125.680000000 6.200000000 31.047765731800
1128.180000000 6.600000000 31.042417526200
1125.430000000 6.200000000 30.984378814700
1125.180000000 6.200000000 30.951612472500
1125.680000000 5.800000000 30.779842376700
1132.680000000 6.000000000 30.752771377600
1124.430000000 5.800000000 30.738979339600
1135.180000000 7.200000000 30.732894897500
1137.930000000 7.000000000 30.694377899200
1134.430000000 6.000000000 30.532407760600
1136.430000000 7.000000000 30.450550079300
1128.430000000 5.800000000 30.316673278800
1137.180000000 7.000000000 30.125751495400
1129.180000000 5.600000000 29.944467544600
1137.680000000 7.000000000 29.899353027300
1130.430000000 7.000000000 29.722564697300
1126.680000000 6.400000000 29.710708618200
1129.430000000 7.000000000 29.694177627600
1132.930000000 7.000000000 29.605159759500
1129.430000000 5.600000000 29.581583023100
1128.680000000 6.800000000 29.561077117900
1137.430000000 7.000000000 29.517244339000
1124.430000000 6.000000000 29.466903686500
1135.180000000 6.200000000 29.410356521600
1124.930000000 6.200000000 29.274463653600
1134.430000000 7.400000000 29.261310577400
1126.680000000 6.000000000 29.101531982400
1138.430000000 7.200000000 28.861976623500
1126.930000000 6.400000000 28.847652435300
1134.180000000 7.400000000 28.773929595900
1132.180000000 6.800000000 28.571308136000
1138.930000000 7.000000000 28.561634063700
1133.680000000 7.200000000 28.523769378700
1132.430000000 6.000000000 28.520713806200
1135.430000000 7.000000000 28.357990264900
1134.680000000 7.400000000 28.184410095200
1127.680000000 6.400000000 28.082641601600
1127.680000000 6.000000000 28.072805404700
1125.930000000 5.800000000 27.966333389300
1126.430000000 6.400000000 27.961887359600
1131.180000000 6.000000000 27.859523773200
1135.430000000 7.200000000 27.700307846100
1138.680000000 7.200000000 27.433143615700
1126.930000000 6.000000000 27.375160217300
1130.430000000 5.800000000 27.244916915900
1138.180000000 7.200000000 27.097618103000
1135.430000000 6.400000000 27.078598022500
1136.680000000 7.200000000 26.817136764500
1127.180000000 6.400000000 26.772008895900
1134.930000000 7.400000000 26.721405029300
1128.930000000 5.600000000 26.705554962200
1127.430000000 6.000000000 26.679462432900
1129.680000000 5.600000000 26.626131057700
1131.430000000 6.800000000 26.618078231800
1127.180000000 6.000000000 26.585983276400
1133.930000000 7.400000000 26.398086547900
1136.180000000 7.000000000 26.143810272200
1124.180000000 6.000000000 26.135913848900
1127.430000000 6.400000000 26.042358398400
1136.430000000 7.200000000 25.950019836400
1132.180000000 6.000000000 25.907148361200
1129.180000000 7.000000000 25.862310409500
1134.680000000 6.000000000 25.792606353800
1124.680000000 6.200000000 25.612234115600
1124.180000000 5.800000000 25.593564987200
1132.680000000 7.000000000 25.561174392700
1136.930000000 7.200000000 25.522426605200
1130.680000000 7.000000000 25.488292694100
1127.930000000 6.600000000 25.383874893200
1126.180000000 5.800000000 25.226419448900
1135.180000000 7.400000000 25.107774734500
1135.680000000 7.200000000 25.104030609100
1126.180000000 6.400000000 25.040121078500
1124.930000000 5.600000000 24.611196517900
1136.180000000 7.200000000 24.465599060100
1133.430000000 7.200000000 24.421283721900
1137.930000000 7.200000000 24.320650100700
1131.430000000 6.000000000 24.231630325300
1135.930000000 7.200000000 23.908121109000
1131.930000000 6.800000000 23.843708038300
1131.680000000 6.800000000 23.677875518800
1124.680000000 5.600000000 23.670310974100
1131.930000000 6.000000000 23.621343612700
1137.180000000 7.200000000 23.563407897900
1128.430000000 6.800000000 23.549207687400
1133.930000000 5.800000000 23.509174346900
1135.430000000 7.400000000 23.415109634400
1128.180000000 5.800000000 23.269781112700
1138.930000000 7.200000000 23.008598327600
1135.680000000 7.000000000 22.985649108900
1133.680000000 7.400000000 22.978305816700
1133.680000000 5.800000000 22.865570068400
1126.430000000 5.800000000 22.851377487200
1131.680000000 6.000000000 22.820037841800
1125.180000000 5.600000000 22.682344436600
1129.930000000 5.600000000 22.677230835000
1134.180000000 5.800000000 22.612661361700
1137.680000000 7.200000000 22.454559326200
1125.930000000 6.400000000 22.451063156100
1130.680000000 5.800000000 22.448715210000
1135.930000000 7.000000000 22.428352356000
1139.180000000 7.000000000 22.427963256800
1137.430000000 7.200000000 22.261997222900
1135.680000000 6.800000000 22.147581100500
1123.930000000 6.000000000 21.866449356100
1136.930000000 6.800000000 21.700838089000
1136.680000000 6.800000000 21.699693679800
1128.930000000 7.000000000 21.663782119800
1128.680000000 5.600000000 21.657636642500
1135.680000000 7.400000000 21.513784408600
1135.430000000 6.200000000 21.473192215000
1134.930000000 6.000000000 21.372655868500
1133.430000000 5.800000000 21.341382980300
1130.930000000 7.000000000 21.223670959500
1124.430000000 6.200000000 21.155357360800
1132.430000000 7.000000000 21.109685897800
1126.680000000 5.800000000 20.917917251600
1129.930000000 7.200000000 20.899881362900
1129.680000000 7.200000000 20.845037460300
1127.680000000 6.600000000 20.775777816800
1133.180000000 7.200000000 20.551673889200
1136.430000000 6.800000000 20.460233688400
1125.680000000 6.400000000 20.439052581800
1134.430000000 7.600000000 20.105096817000
1138.680000000 6.800000000 19.989398956300
1134.680000000 7.600000000 19.965972900400
1137.180000000 6.800000000 19.939861297600
1134.430000000 5.800000000 19.937475204500
1124.430000000 5.600000000 19.933866500900
1138.430000000 6.800000000 19.741355896000
1126.430000000 6.600000000 19.690073013300
1135.930000000 7.400000000 19.577707290600
1134.180000000 7.600000000 19.567956924400
1133.180000000 5.800000000 19.532386779800
1141.180000000 7.000000000 19.427507400500
1125.430000000 5.600000000 19.384471893300
1126.930000000 5.800000000 19.312114715600
1134.930000000 7.600000000 19.254776001000
1133.430000000 7.400000000 19.189331054700
1130.180000000 7.200000000 19.181997299200
1126.180000000 6.600000000 19.174064636200
1137.430000000 6.800000000 19.128215789800
1125.430000000 6.400000000 19.085029602100
1129.430000000 7.200000000 19.035900116000
1123.930000000 5.800000000 18.967887878400
1128.180000000 6.800000000 18.913745880100
1135.680000000 6.600000000 18.810070037800
1126.680000000 6.600000000 18.802843093900
1130.180000000 5.600000000 18.761756897000
1127.930000000 5.800000000 18.695224762000
1137.680000000 6.800000000 18.658420562700
1138.930000000 6.800000000 18.657775878900
1141.430000000 7.000000000 18.642797470100
1138.180000000 6.800000000 18.578184127800
1133.930000000 7.600000000 18.495006561300
1130.930000000 5.800000000 18.379915237400
1137.930000000 6.800000000 18.175592422500
1125.180000000 6.400000000 17.965469360400
1136.180000000 6.800000000 17.955041885400
1141.930000000 7.000000000 17.916915893600
1140.930000000 7.000000000 17.913421630900
1127.180000000 5.800000000 17.911527633700
1139.180000000 7.200000000 17.879764556900
1136.180000000 7.400000000 17.839338302600
1132.930000000 5.800000000 17.796159744300
1125.930000000 6.600000000 17.686477661100
1135.180000000 7.600000000 17.577796936000
1131.180000000 7.000000000 17.577041626000
1128.680000000 7.000000000 17.486793518100
1135.180000000 6.000000000 17.471260070800
1141.680000000 7.000000000 17.438806533800
1126.930000000 6.600000000 17.400573730500
1127.430000000 6.600000000 17.365736007700
1135.930000000 6.800000000 17.309898376500
1140.680000000 7.000000000 17.230623245200
1124.180000000 6.200000000 17.071146011400
1139.430000000 7.000000000 17.000610351600
1133.680000000 7.600000000 16.948583602900
1141.930000000 6.800000000 16.942920684800
1127.430000000 5.800000000 16.869131088300
1132.180000000 7.000000000 16.839073181200
1127.680000000 5.800000000 16.810783386200
1127.180000000 6.600000000 16.742856979400
1132.930000000 7.200000000 16.735359191900
1124.930000000 6.400000000 16.673442840600
1141.180000000 7.200000000 16.658004760700
1128.430000000 5.600000000 16.543838501000
1136.430000000 7.400000000 16.518804550200
1130.430000000 7.200000000 16.476913452100
1132.680000000 5.800000000 16.364694595300
1125.680000000 5.600000000 16.338874816900
1129.430000000 5.400000000 16.284975051900
1123.680000000 6.000000000 16.204029083300
1129.180000000 7.200000000 16.161504745500
1135.680000000 6.400000000 16.156892776500
1134.680000000 5.800000000 16.106922149700
1140.930000000 7.200000000 16.045177459700
1135.430000000 7.600000000 16.008684158300
1129.180000000 5.400000000 16.005113601700
1139.180000000 6.800000000 15.905827522300
1141.430000000 7.200000000 15.891717910800
1125.680000000 6.600000000 15.725066185000
1140.680000000 7.200000000 15.557207107500
1136.680000000 7.400000000 15.541835784900
1127.930000000 6.800000000 15.483446121200
1130.430000000 5.600000000 15.297230720500
1133.180000000 7.400000000 15.240811348000
1131.180000000 5.800000000 15.129394531200
1141.680000000 6.800000000 15.088168144200
1129.680000000 5.400000000 15.079276084900
1140.430000000 7.000000000 15.051377296400
1131.430000000 7.000000000 15.049362182600
1124.180000000 5.600000000 15.014539718600
1141.430000000 6.800000000 15.001523971600
1124.680000000 6.400000000 14.961880683900
1133.430000000 7.600000000 14.805400848400
1132.430000000 5.800000000 14.802899360700
1135.680000000 6.200000000 14.798178672800
1138.430000000 7.400000000 14.749017715500
1141.180000000 6.800000000 14.682328224200
1141.680000000 7.200000000 14.540598869300
1136.930000000 7.400000000 14.477786064100
1141.930000000 7.200000000 14.469423294100
1135.680000000 7.600000000 14.332074165300
1140.930000000 6.800000000 14.275245666500
1131.930000000 7.000000000 14.190405845600
1125.930000000 5.600000000 14.169240951500
1135.430000000 6.000000000 14.133631706200
1140.430000000 7.200000000 14.090920448300
1128.930000000 5.400000000 14.066876411400
1138.680000000 7.400000000 13.987495422400
1138.180000000 7.400000000 13.983527183500
1131.680000000 7.000000000 13.904191017200
1139.430000000 7.200000000 13.860753059400
1128.430000000 7.000000000 13.767593383800
1130.680000000 7.200000000 13.762718200700
1141.930000000 6.600000000 13.679068565400
1123.930000000 6.200000000 13.615173339800
1129.930000000 5.400000000 13.524405479400
1139.680000000 7.000000000 13.491371154800
1125.430000000 6.600000000 13.436634063700
1132.180000000 5.800000000 13.393896102900
1132.680000000 7.200000000 13.375844001800
1124.930000000 5.400000000 13.315713882400
1134.180000000 5.600000000 13.210360527000
1137.180000000 7.400000000 13.127907753000
1135.930000000 6.600000000 13.036783218400
1128.930000000 7.200000000 13.003394126900
1131.430000000 5.800000000 12.974989891100
1133.930000000 5.600000000 12.908452034000
1123.680000000 5.800000000 12.899022102400
1134.680000000 7.800000000 12.869609832800
1140.180000000 7.000000000 12.858900070200
1134.430000000 7.800000000 12.801728248600
1122.180000000 5.800000000 12.799468994100
1124.430000000 6.400000000 12.766044616700
1126.180000000 5.600000000 12.760426521300
1127.680000000 6.800000000 12.734090805100
1140.680000000 6.800000000 12.723914146400
1124.680000000 5.400000000 12.685836792000
1139.430000000 6.800000000 12.655032157900
1128.180000000 5.600000000 12.606326103200
1135.930000000 7.600000000 12.573082923900
1137.930000000 7.400000000 12.539382934600
1140.180000000 7.200000000 12.472329139700
1129.680000000 7.400000000 12.422305107100
1134.930000000 7.800000000 12.397630691500
1125.680000000 6.800000000 12.388059616100
1125.180000000 5.400000000 12.362790107700
1130.680000000 5.600000000 12.357235908500
1131.930000000 5.800000000 12.344372749300
1125.930000000 6.800000000 12.306655883800
1134.930000000 5.800000000 12.271077156100
1139.930000000 7.000000000 12.215017318700
1134.430000000 5.600000000 12.214847564700
1139.680000000 7.200000000 12.186482429500
1134.180000000 7.800000000 12.180623054500
1131.680000000 5.800000000 12.083505630500
1138.930000000 7.400000000 12.066788673400
1133.180000000 7.600000000 12.047930717500
1137.430000000 7.400000000 11.967239379900
1133.680000000 5.600000000 11.963888168300
1129.430000000 7.400000000 11.948440551800
1122.180000000 6.000000000 11.913915634200
1141.930000000 5.000000000 11.813390731800
1126.430000000 5.600000000 11.808208465600
1129.930000000 7.400000000 11.716628074600
1122.180000000 5.600000000 11.711089134200
1137.680000000 7.400000000 11.683893203700
1139.930000000 7.200000000 11.669939041100
1128.680000000 5.400000000 11.659131050100
1141.930000000 5.200000000 11.644452095000
1130.930000000 7.200000000 11.592958450300
1141.680000000 6.600000000 11.519583702100
1130.180000000 5.400000000 11.453802108800
1132.930000000 7.400000000 11.452859878500
1135.180000000 7.800000000 11.432858467100
1133.930000000 7.800000000 11.431970596300
1135.680000000 6.000000000 11.342745780900
1123.430000000 6.000000000 11.331245422400
1122.180000000 6.200000000 11.278456687900
1126.180000000 6.800000000 11.227349281300
1125.180000000 6.600000000 11.206018447900
1125.430000000 6.800000000 11.093274116500
1126.680000000 5.600000000 11.088459968600
1122.430000000 6.000000000 11.085052490200
1123.930000000 5.600000000 11.069057464600
1122.430000000 5.800000000 11.029029846200
1124.430000000 5.400000000 11.021899223300
1136.180000000 7.600000000 11.000540733300
1135.930000000 6.400000000 10.940708160400
1133.430000000 5.600000000 10.938111305200
1122.680000000 6.000000000 10.871407508900
1132.430000000 7.200000000 10.827691078200
1128.180000000 7.000000000 10.799375534100
1133.680000000 7.800000000 10.603124618500
1123.680000000 6.200000000 10.532751083400
1127.930000000 5.600000000 10.476909637500
1126.930000000 5.600000000 10.465907096900
1140.930000000 7.400000000 10.458340644800
1141.430000000 6.600000000 10.441709518400
1122.430000000 5.600000000 10.436352729800
1125.430000000 5.400000000 10.397006988500
1127.430000000 6.800000000 10.393493652300
1130.180000000 7.400000000 10.359070777900
1141.930000000 6.400000000 10.322061538700
1129.180000000 7.400000000 10.308599472000
1141.680000000 5.200000000 10.302949905400
1122.430000000 6.200000000 10.293828964200
1140.430000000 6.800000000 10.264122963000
1124.180000000 6.400000000 10.222249984700
1141.180000000 7.400000000 10.221126556400
1136.930000000 6.600000000 10.212987899800
1136.680000000 6.600000000 10.183223724400
1135.930000000 6.200000000 10.163536071800
1141.680000000 5.000000000 10.105959892300
1128.680000000 7.200000000 10.099743843100
1131.180000000 7.200000000 10.063085556000
1135.430000000 7.800000000 10.058303833000
1122.930000000 6.000000000 10.055927276600
1134.680000000 5.600000000 10.033278465300
1133.180000000 5.600000000 9.988742828400
1139.680000000 6.800000000 9.988581657400
1126.430000000 6.800000000 9.984412193300
1136.180000000 6.600000000 9.936748504600
1130.930000000 5.600000000 9.933026313800
1127.180000000 5.600000000 9.871291160600
1136.430000000 7.600000000 9.869693756100
1139.180000000 7.400000000 9.840367317200
1140.680000000 7.400000000 9.791301727300
1136.430000000 6.600000000 9.678982734700
1122.680000000 5.800000000 9.625024795500
1141.930000000 4.800000000 9.601800918600
1135.180000000 5.800000000 9.601471900900
1122.180000000 6.400000000 9.583978653000
1137.180000000 6.600000000 9.581350326500
1124.930000000 6.600000000 9.579154968300
1123.180000000 6.000000000 9.537223815900
1122.680000000 6.200000000 9.535316467300
1127.680000000 5.600000000 9.506978035000
1141.930000000 7.400000000 9.486509323100
1141.180000000 6.600000000 9.478332519500
1133.430000000 7.800000000 9.452791214000
1122.180000000 5.400000000 9.448890686000
1128.430000000 5.400000000 9.426665306100
1127.430000000 5.600000000 9.396124839800
1127.180000000 6.800000000 9.337903976400
1141.430000000 7.400000000 9.322883606000
1123.430000000 5.800000000 9.276888847400
1141.930000000 5.400000000 9.218681335400
1124.180000000 5.400000000 9.207825660700
1130.430000000 5.400000000 9.169338226300
1126.680000000 6.800000000 9.167727470400
1122.680000000 5.600000000 9.162614822400
1136.680000000 7.600000000 9.104114532500
1131.430000000 7.200000000 9.083304405200
1132.930000000 5.600000000 9.070812225300
1132.930000000 7.600000000 9.066665649400
1132.180000000 7.200000000 9.059801101700
1126.930000000 6.800000000 8.967839241000
1141.430000000 5.200000000 8.953289985700
1130.430000000 7.400000000 8.921124458300
1125.180000000 6.800000000 8.900728225700
1135.930000000 6.000000000 8.885026931800
1137.430000000 6.600000000 8.780261039700
1122.930000000 5.800000000 8.776978492700
1141.680000000 7.400000000 8.728425025900
1140.430000000 7.400000000 8.717712402300
1123.680000000 5.600000000 8.655064582800
1141.680000000 5.400000000 8.640875816300
1138.680000000 6.600000000 8.637049675000
1135.680000000 7.800000000 8.627230644200
1138.930000000 6.600000000 8.570292472800
1131.680000000 7.200000000 8.555437088000
1127.930000000 7.000000000 8.552286148100
1122.430000000 6.400000000 8.540771484400
1141.430000000 5.000000000 8.522331237800
1139.930000000 6.800000000 8.508080482500
1140.180000000 6.800000000 8.475969314600
1125.680000000 5.400000000 8.466110229500
1134.680000000 8.000000000 8.417008400000
1131.930000000 7.200000000 8.415181160000
1136.930000000 7.600000000 8.383970260600
1122.430000000 5.400000000 8.381840705900
1134.930000000 8.000000000 8.312369346600
1141.680000000 4.800000000 8.308911323500
1132.680000000 7.400000000 8.305068969700
1123.430000000 6.200000000 8.294338226300
1124.680000000 6.600000000 8.287405014000
1123.180000000 5.800000000 8.284029960600
1129.680000000 5.200000000 8.249533653300
1139.430000000 7.400000000 8.221567153900
1133.180000000 7.800000000 8.217113494900
1123.930000000 5.400000000 8.182548522900
1122.930000000 5.600000000 8.164065361000
1122.930000000 6.200000000 8.157354354900
1132.680000000 5.600000000 8.147896766700
1129.430000000 5.200000000 8.139155387900
1128.930000000 7.400000000 8.089466095000
1138.430000000 6.600000000 8.083913803100
1131.180000000 5.600000000 8.069713592500
1140.930000000 6.600000000 8.049275398300
1134.430000000 8.000000000 7.976715564700
1137.680000000 6.600000000 7.975413799300
1140.180000000 7.400000000 7.853379726400
1139.180000000 6.600000000 7.838272571600
1129.930000000 5.200000000 7.817252159100
1129.180000000 5.200000000 7.741957664500
1130.680000000 7.400000000 7.723464489000
1122.180000000 5.200000000 7.711391925800
1128.430000000 7.200000000 7.700047016100
1123.930000000 6.400000000 7.697867393500
1135.430000000 5.800000000 7.695221900900
1139.680000000 7.400000000 7.655876636500
1141.430000000 5.400000000 7.634940147400
1138.180000000 6.600000000 7.611483097100
1135.180000000 8.000000000 7.611123561900
1136.180000000 6.400000000 7.572360515600
1123.180000000 5.600000000 7.551970481900
1135.930000000 7.800000000 7.549797534900
1137.930000000 6.600000000 7.546392440800
1134.930000000 5.600000000 7.542051315300
1128.180000000 5.400000000 7.519220352200
1123.430000000 5.600000000 7.506176948500
1137.180000000 7.600000000 7.503890514400
1139.930000000 7.400000000 7.502403259300
1122.680000000 5.400000000 7.485877037000
1141.680000000 6.400000000 7.461606979400
1141.180000000 5.200000000 7.451584339100
1123.180000000 6.200000000 7.442074775700
1122.180000000 6.600000000 7.427947044400
1122.680000000 6.400000000 7.325815677600
1125.430000000 7.000000000 7.275306701700
1132.430000000 5.600000000 7.262285709400
1123.680000000 5.400000000 7.238968372300
1134.180000000 8.000000000 7.221360206600
1141.930000000 5.600000000 7.207236290000
1124.430000000 6.600000000 7.206523895300
1141.930000000 7.600000000 7.196468353300
1136.180000000 6.200000000 7.143978595700
1128.930000000 5.200000000 7.141075611100
1141.930000000 6.200000000 7.084716796900
1130.680000000 5.400000000 7.032164573700
1125.930000000 5.400000000 7.018417835200
1141.930000000 7.800000000 6.932316780100
1141.430000000 4.800000000 6.918566703800
1122.930000000 5.400000000 6.906163692500
1124.680000000 5.200000000 6.900923728900
1136.180000000 7.800000000 6.897239685100
1141.180000000 5.000000000 6.872778892500
1122.430000000 5.200000000 6.864008903500
1141.680000000 5.600000000 6.854324340800
1125.680000000 7.000000000 6.845035076100
1130.930000000 7.400000000 6.841972351100
1141.180000000 5.400000000 6.831803321800
1130.180000000 5.200000000 6.826862335200
1131.430000000 5.600000000 6.819838047000
1127.680000000 7.000000000 6.817890644100
1124.930000000 6.800000000 6.803373336800
1132.930000000 7.800000000 6.795191764800
1134.180000000 5.400000000 6.770950794200
1124.430000000 5.200000000 6.760617733000
1138.430000000 7.600000000 6.747350215900
1134.430000000 5.400000000 6.743613719900
1141.930000000 8.000000000 6.727702140800
1136.180000000 6.000000000 6.707675457000
1139.430000000 6.600000000 6.702327251400
1133.930000000 8.000000000 6.692547321300
1124.930000000 5.200000000 6.688185691800
1129.430000000 7.600000000 6.655548572500
1137.430000000 7.600000000 6.620785713200
1135.430000000 8.000000000 6.617108345000
1123.430000000 5.400000000 6.614119529700
1123.180000000 5.400000000 6.576246261600
1132.180000000 5.600000000 6.563701629600
1125.180000000 7.000000000 6.557596683500
1138.180000000 7.600000000 6.552050590500
1125.430000000 8.000000000 6.525198936500
1130.430000000 8.800000000 6.520490169500
1138.680000000 7.600000000 6.492021560700
1129.680000000 7.600000000 6.482129573800
1130.680000000 8.800000000 6.472795486500
1136.430000000 7.800000000 6.453677654300
1125.680000000 8.000000000 6.453425407400
1128.680000000 5.200000000 6.450759887700
1125.680000000 7.800000000 6.443353176100
1130.180000000 8.800000000 6.427842140200
1132.680000000 7.600000000 6.407627582600
1133.930000000 5.400000000 6.376917362200
1124.180000000 5.200000000 6.350237846400
1135.680000000 5.800000000 6.347269535100
1125.180000000 8.000000000 6.334697246600
1140.680000000 6.600000000 6.332206249200
1130.930000000 8.800000000 6.327209472700
1125.930000000 7.800000000 6.300336837800
1122.680000000 7.600000000 6.299602508500
1132.430000000 8.400000000 6.277595520000
1141.430000000 5.600000000 6.266743183100
1125.430000000 7.800000000 6.253653049500
1122.430000000 7.600000000 6.216551303900
1132.680000000 8.400000000 6.201083660100
1131.180000000 7.400000000 6.194424152400
1141.930000000 5.800000000 6.189895153000
1131.680000000 5.600000000 6.183648109400
1131.180000000 8.800000000 6.176992416400
1127.930000000 5.400000000 6.170588970200
1137.930000000 7.600000000 6.162762641900
1129.180000000 7.600000000 6.153029441800
1123.930000000 5.200000000 6.150216579400
1141.680000000 5.800000000 6.148285865800
1123.680000000 6.400000000 6.133909225500
1125.180000000 5.200000000 6.130034446700
1122.680000000 5.200000000 6.129137039200
1124.180000000 6.600000000 6.119767189000
1131.930000000 5.600000000 6.118971347800
1141.680000000 7.600000000 6.115922927900
1132.430000000 7.400000000 6.105854511300
1137.680000000 7.600000000 6.104408741000
1122.680000000 7.400000000 6.103003501900
1129.930000000 8.800000000 6.088966846500
1125.930000000 8.000000000 6.077299118000
1130.430000000 9.000000000 6.054921150200
1130.180000000 9.000000000 6.053783416700
1125.680000000 7.600000000 6.051813125600
1131.430000000 8.800000000 6.050751686100
1130.680000000 9.000000000 6.045666217800
1125.430000000 8.200000000 6.035540103900
1125.930000000 7.600000000 6.035047054300
1133.680000000 8.000000000 6.034222602800
1125.180000000 8.200000000 6.027256965600
1126.180000000 5.400000000 6.024780750300
1130.930000000 9.000000000 6.021124362900
1132.680000000 8.200000000 6.014972686800
1134.680000000 8.200000000 6.011715889000
1141.430000000 5.800000000 6.008926391600
1124.930000000 8.000000000 6.006397247300
1136.680000000 8.600000000 5.997743606600
1134.680000000 5.400000000 5.982090473200
1136.680000000 7.800000000 5.976509571100
1129.930000000 7.600000000 5.962383747100
1134.930000000 8.200000000 5.962145328500
1122.430000000 7.400000000 5.935863018000
1128.680000000 7.400000000 5.932915210700
1130.430000000 8.600000000 5.917172908800
1125.180000000 7.800000000 5.908126831100
1136.430000000 8.600000000 5.906395912200
1138.930000000 7.600000000 5.905829906500
1125.430000000 7.600000000 5.903774738300
1133.680000000 5.400000000 5.902411460900
1125.680000000 8.200000000 5.897991180400
1130.180000000 8.600000000 5.896794796000
1131.180000000 9.000000000 5.891398906700
1130.680000000 8.600000000 5.882796764400
1141.430000000 6.400000000 5.875092506400
1125.930000000 7.000000000 5.873546123500
1136.430000000 8.400000000 5.869595527600
1130.930000000 8.600000000 5.858558177900
1122.430000000 6.600000000 5.857935905500
1122.430000000 7.800000000 5.850562572500
1124.930000000 8.200000000 5.845676899000
1129.930000000 9.000000000 5.841550827000
1136.430000000 8.800000000 5.836811065700
1128.180000000 7.200000000 5.831138134000
1136.680000000 8.800000000 5.830707073200
1141.430000000 7.600000000 5.824600219700
1122.930000000 6.400000000 5.824071407300
1136.680000000 8.400000000 5.822010040300
1122.180000000 7.800000000 5.803923130000
1122.180000000 7.600000000 5.801475048100
1132.930000000 8.200000000 5.800639629400
1126.180000000 7.800000000 5.800578117400
1126.180000000 7.600000000 5.783589363100
1131.680000000 8.800000000 5.781805992100
1132.180000000 8.400000000 5.774735927600
1136.930000000 8.600000000 5.771662712100
1135.680000000 8.000000000 5.770270347600
1123.680000000 5.200000000 5.769265651700
1132.430000000 8.200000000 5.767485618600
1122.180000000 8.000000000 5.767175674400
1131.180000000 8.600000000 5.723667144800
1141.180000000 7.600000000 5.716101169600
1140.930000000 5.400000000 5.705147743200
1122.930000000 7.600000000 5.701432704900
1122.930000000 7.400000000 5.694591045400
1141.930000000 8.200000000 5.688856124900
1122.930000000 5.200000000 5.687429428100
1125.180000000 7.600000000 5.668214798000
1125.930000000 8.200000000 5.664885997800
1141.180000000 5.800000000 5.661909580200
1136.180000000 8.800000000 5.654351711300
1131.430000000 7.400000000 5.634515285500
1140.930000000 5.200000000 5.632484436000
1131.680000000 8.600000000 5.631610393500
1124.680000000 8.000000000 5.629742145500
1131.430000000 8.600000000 5.627779483800
1123.930000000 6.600000000 5.625041008000
1131.930000000 8.600000000 5.619064807900
1122.680000000 7.800000000 5.618000030500
1131.430000000 9.000000000 5.617377758000
1136.180000000 8.600000000 5.599037647200
1128.430000000 5.200000000 5.598061561600
1124.930000000 7.800000000 5.595754623400
1139.680000000 6.600000000 5.591096401200
1136.930000000 8.800000000 5.566236019100
1141.930000000 6.000000000 5.562773704500
1123.430000000 6.400000000 5.550322532700
1130.680000000 8.400000000 5.542600631700
1135.180000000 8.200000000 5.542103767400
1130.430000000 5.200000000 5.535087585400
1140.930000000 7.600000000 5.520842552200
1126.930000000 7.800000000 5.519960880300
1123.180000000 5.200000000 5.517887115500
1122.180000000 5.000000000 5.514002323200
1129.930000000 8.600000000 5.513120651200
1134.430000000 8.200000000 5.503283977500
1135.180000000 5.600000000 5.501071453100
1126.180000000 8.000000000 5.498332977300
1129.680000000 9.000000000 5.495956420900
1130.930000000 8.400000000 5.495926857000
1124.680000000 8.200000000 5.483133792900
1141.180000000 5.600000000 5.476327419300
1132.930000000 8.400000000 5.475982666000
1123.180000000 6.400000000 5.470103263900
1136.430000000 6.400000000 5.464967250800
1129.680000000 9.200000000 5.464059352900
1133.430000000 5.400000000 5.441777706100
1127.430000000 7.000000000 5.438223838800
1126.680000000 7.800000000 5.433661937700
1141.180000000 4.800000000 5.432257175400
1136.180000000 8.400000000 5.429922103900
1130.180000000 7.600000000 5.403755664800
1140.930000000 5.800000000 5.398992538500
1140.680000000 7.600000000 5.392058372500
1132.430000000 8.600000000 5.391627788500
1130.930000000 5.400000000 5.390517711600
1132.180000000 8.600000000 5.380872249600
1123.430000000 5.200000000 5.380259037000
1124.930000000 7.600000000 5.371765613600
1124.680000000 7.800000000 5.370596408800
1133.430000000 8.000000000 5.367294311500
1136.930000000 7.800000000 5.364480018600
1135.930000000 8.800000000 5.350015640300
1126.430000000 5.400000000 5.349870204900
1126.680000000 8.000000000 5.347201347400
1125.430000000 5.200000000 5.342788696300
1131.180000000 8.400000000 5.342527389500
1122.180000000 7.400000000 5.338521957400
1124.930000000 8.400000000 5.337739467600
1126.430000000 7.600000000 5.335052967100
1136.430000000 9.000000000 5.326360702500
1136.930000000 8.400000000 5.324268341100
1125.180000000 8.400000000 5.322131633800
1141.680000000 6.000000000 5.320599556000
1136.680000000 9.000000000 5.312580585500
1129.930000000 9.200000000 5.312332630200
1133.180000000 8.200000000 5.296546936000
1125.430000000 8.400000000 5.283515930200
1140.430000000 7.600000000 5.279106140100
1126.180000000 7.400000000 5.278620243100
1141.430000000 6.000000000 5.272235870400
1123.680000000 6.600000000 5.264935016600
1124.930000000 7.000000000 5.263478756000
1135.930000000 8.000000000 5.263469219200
1125.680000000 8.400000000 5.254820346800
1129.430000000 9.200000000 5.252749443100
1132.680000000 7.800000000 5.238054275500
1124.430000000 8.000000000 5.237599849700
1131.930000000 8.400000000 5.232429504400
1125.930000000 7.400000000 5.231781482700
1124.680000000 8.400000000 5.229562282600
1123.180000000 9.600000000 5.228730678600
1131.430000000 8.400000000 5.228286266300
1136.180000000 9.000000000 5.218795299500
1126.180000000 8.200000000 5.216738700900
1126.180000000 8.400000000 5.211381912200
1130.430000000 8.400000000 5.210299015000
1137.180000000 8.600000000 5.205899238600
1122.430000000 8.000000000 5.203283309900
1136.930000000 9.000000000 5.202519416800
1131.680000000 8.400000000 5.202260494200
1129.680000000 8.800000000 5.202206134800
1131.680000000 9.000000000 5.201555728900
1130.930000000 8.200000000 5.193790912600
1124.680000000 9.400000000 5.192574501000
1125.930000000 8.400000000 5.192116260500
1123.430000000 9.600000000 5.191971302000
1122.930000000 9.600000000 5.184444427500
1135.930000000 5.800000000 5.180558681500
1124.680000000 6.800000000 5.180229663800
1126.930000000 8.000000000 5.179371357000
1126.430000000 7.400000000 5.178382396700
1139.180000000 7.600000000 5.175719738000
1132.180000000 8.200000000 5.175528049500
1127.680000000 5.400000000 5.156564712500
1126.930000000 7.600000000 5.155868053400
1122.930000000 7.200000000 5.153647422800
1125.680000000 7.400000000 5.153633117700
1135.930000000 8.600000000 5.146856308000
1140.680000000 5.800000000 5.142611503600
1131.930000000 8.800000000 5.142210960400
1126.430000000 7.800000000 5.141950130500
1141.180000000 6.000000000 5.140478611000
1125.430000000 7.400000000 5.124789238000
1140.680000000 6.000000000 5.119530677800
1122.680000000 9.600000000 5.115595340700
1123.430000000 6.600000000 5.113297462500
1125.180000000 7.400000000 5.107686042800
1123.180000000 7.400000000 5.092547416700
1140.430000000 6.600000000 5.092063427000
1136.430000000 6.200000000 5.091547489200
1140.930000000 6.000000000 5.088308334400
1124.430000000 9.400000000 5.083240985900
1130.180000000 8.400000000 5.082682132700
1127.180000000 7.800000000 5.081752300300
1131.680000000 7.400000000 5.076850891100
1137.180000000 8.800000000 5.076461792000
1122.430000000 9.600000000 5.071381092100
1129.430000000 9.000000000 5.067917347000
1124.430000000 7.800000000 5.059506416300
1123.680000000 9.600000000 5.056746006000
1130.180000000 9.200000000 5.054020404800
1135.430000000 8.200000000 5.053997993500
1122.680000000 7.200000000 5.050245761900
1124.930000000 9.400000000 5.047415256500
1140.430000000 6.000000000 5.044128418000
1126.430000000 8.400000000 5.043952465100
1132.680000000 8.600000000 5.034054279300
1141.680000000 7.800000000 5.024449825300
1122.180000000 9.600000000 5.024345874800
1128.680000000 9.000000000 5.022886753100
1122.180000000 8.200000000 5.022558689100
1140.930000000 5.000000000 5.021271705600
1124.680000000 7.600000000 5.014787674000
1136.180000000 8.000000000 5.006343841600
1128.930000000 7.600000000 5.005273342100
1135.930000000 9.000000000 5.004056453700
1124.680000000 9.200000000 5.002290248900
1124.930000000 9.200000000 4.996055126200
1128.930000000 9.000000000 4.994921207400
1125.680000000 9.400000000 4.994098663300
1140.930000000 5.600000000 4.980679988900
1127.180000000 7.600000000 4.980357646900
1126.680000000 7.600000000 4.976804256400
1124.430000000 8.200000000 4.974706649800
1124.930000000 7.400000000 4.974039554600
1140.180000000 7.600000000 4.973028183000
1133.180000000 5.400000000 4.970997333500
1130.680000000 8.200000000 4.969666481000
1122.680000000 6.600000000 4.966965675400
1126.180000000 7.000000000 4.966636180900
1130.930000000 9.200000000 4.964898109400
1128.680000000 9.200000000 4.964723587000
1122.430000000 5.000000000 4.963493824000
1131.180000000 8.200000000 4.962178707100
1141.680000000 6.200000000 4.960151672400
1125.430000000 9.400000000 4.953623294800
1126.430000000 8.000000000 4.953166008000
1123.180000000 7.200000000 4.952533245100
1135.680000000 8.800000000 4.940986156500
1125.930000000 9.400000000 4.933678150200
1130.430000000 7.600000000 4.931530952500
1136.930000000 9.200000000 4.925300121300
1123.180000000 7.600000000 4.925292015100
1137.180000000 9.000000000 4.925259590100
1136.430000000 8.200000000 4.919336319000
1129.180000000 9.000000000 4.918667316400
1126.430000000 8.200000000 4.910145759600
1124.680000000 8.600000000 4.908000469200
1131.180000000 9.200000000 4.906721591900
1140.930000000 6.400000000 4.899797916400
1130.430000000 9.200000000 4.893675327300
1128.430000000 9.200000000 4.893411636400
1122.930000000 7.800000000 4.891955852500
1130.680000000 9.200000000 4.891686916400
1123.180000000 6.600000000 4.891273021700
1136.430000000 6.000000000 4.889982700300
1124.430000000 8.400000000 4.884508609800
1126.680000000 5.400000000 4.882635116600
1126.680000000 7.400000000 4.880016326900
1139.930000000 6.600000000 4.879228591900
1125.180000000 9.400000000 4.873276233700
1140.930000000 7.800000000 4.862943649300
1132.180000000 7.400000000 4.862401008600
1122.430000000 7.200000000 4.853868961300
1137.180000000 8.400000000 4.852071762100
1125.180000000 9.200000000 4.844322204600
1124.930000000 8.600000000 4.841517448400
1136.680000000 9.200000000 4.839935779600
1136.680000000 8.200000000 4.832480430600
1128.430000000 9.000000000 4.825315475500
1129.180000000 8.800000000 4.822528362300
1137.180000000 9.200000000 4.819957733200
1124.180000000 8.000000000 4.819264888800
1123.930000000 9.600000000 4.814123630500
1122.680000000 9.400000000 4.812299728400
1140.680000000 6.400000000 4.804364681200
1128.930000000 9.200000000 4.796844005600
1122.930000000 9.400000000 4.794766902900
1136.430000000 8.000000000 4.792985439300
1124.430000000 9.200000000 4.789456844300
1122.930000000 6.600000000 4.789267540000
1128.430000000 9.400000000 4.785180091900
1141.180000000 7.800000000 4.784865856200
1133.430000000 8.200000000 4.784053802500
1126.180000000 9.400000000 4.782251358000
1134.930000000 5.400000000 4.779757976500
1125.430000000 8.600000000 4.776970863300
1124.430000000 8.600000000 4.765516281100
1133.180000000 8.000000000 4.758864402800
1136.430000000 9.200000000 4.757754802700
1127.180000000 7.400000000 4.752431392700
1141.180000000 6.400000000 4.748751640300
1125.180000000 8.600000000 4.748224735300
1128.680000000 9.400000000 4.740734100300
1135.680000000 9.000000000 4.737776756300
1135.930000000 8.400000000 4.733191490200
1126.680000000 8.200000000 4.731074333200
1123.930000000 5.000000000 4.726578712500
1140.180000000 6.600000000 4.725488662700
1136.180000000 9.200000000 4.724913597100
1136.680000000 6.400000000 4.718358516700
1129.430000000 8.800000000 4.716727256800
1125.930000000 8.600000000 4.714521408100
1126.680000000 8.400000000 4.714011192300
1128.430000000 9.600000000 4.706805706000
1123.430000000 7.000000000 4.703449726100
1128.180000000 9.200000000 4.703241825100
1126.930000000 7.400000000 4.698896884900
1140.680000000 7.800000000 4.695063114200
1125.680000000 8.600000000 4.686235904700
1122.430000000 9.400000000 4.685508728000
1134.930000000 8.400000000 4.679869651800
1122.180000000 9.400000000 4.674275398300
1128.930000000 8.800000000 4.670938491800
1124.180000000 9.400000000 4.667286872900
1124.180000000 5.000000000 4.666769981400
1122.680000000 8.000000000 4.666585445400
1124.430000000 9.000000000 4.665784359000
1136.180000000 8.200000000 4.665018558500
1127.180000000 8.000000000 4.663231849700
1127.430000000 7.400000000 4.662678718600
1127.180000000 9.200000000 4.661447525000
1135.680000000 8.200000000 4.656472206100
1123.180000000 9.400000000 4.656343936900
1124.680000000 9.000000000 4.653731823000
1137.180000000 7.800000000 4.651266098000
1140.180000000 6.000000000 4.646973133100
1126.930000000 9.200000000 4.645113945000
1123.180000000 7.000000000 4.644591808300
1128.180000000 9.400000000 4.643803119700
1136.930000000 9.400000000 4.643277168300
1126.180000000 8.600000000 4.643000602700
1135.930000000 9.200000000 4.640797615100
1134.180000000 8.200000000 4.640178203600
1140.430000000 7.800000000 4.638405799900
1135.180000000 8.400000000 4.637313842800
1131.930000000 7.400000000 4.633243084000
1124.680000000 7.400000000 4.630435943600
1127.180000000 7.000000000 4.629693031300
1135.680000000 8.600000000 4.623881816900
1123.680000000 5.000000000 4.618692874900
1128.180000000 9.000000000 4.613932609600
1125.180000000 8.800000000 4.612130165100
1125.430000000 9.200000000 4.611530780800
1128.180000000 9.600000000 4.605690002400
1141.430000000 7.800000000 4.602691650400
1124.430000000 7.600000000 4.600715637200
1124.180000000 7.800000000 4.598782062500
1140.430000000 5.800000000 4.598425388300
1130.430000000 8.200000000 4.598197460200
1131.930000000 9.000000000 4.594267845200
1124.930000000 8.800000000 4.593255043000
1129.180000000 9.200000000 4.574579238900
1127.430000000 9.200000000 4.573472976700
1136.930000000 6.400000000 4.573465824100
1122.930000000 7.000000000 4.571548461900
1126.430000000 9.400000000 4.571291446700
1124.680000000 8.800000000 4.571165561700
1128.680000000 9.600000000 4.570130348200
1137.180000000 9.400000000 4.569091320000
1128.930000000 9.400000000 4.563606739000
1126.930000000 5.400000000 4.561170578000
1123.430000000 7.200000000 4.558360576600
1130.680000000 7.600000000 4.549287319200
1127.680000000 9.000000000 4.547477722200
1127.430000000 9.000000000 4.546999454500
1127.930000000 9.200000000 4.542005538900
1124.930000000 9.000000000 4.541301250500
1125.680000000 9.600000000 4.540837764700
1127.930000000 9.000000000 4.536018848400
1131.430000000 9.200000000 4.534852504700
1128.180000000 5.200000000 4.532099247000
1140.430000000 6.400000000 4.531708240500
1132.180000000 8.800000000 4.530886650100
1127.430000000 5.400000000 4.527390480000
1131.930000000 8.200000000 4.524174690200
1127.430000000 7.600000000 4.520242214200
1124.430000000 8.800000000 4.517635822300
1125.430000000 9.600000000 4.516439437900
1124.180000000 9.000000000 4.515945434600
1125.430000000 8.800000000 4.515593528700
1135.680000000 9.200000000 4.513419151300
1134.680000000 8.400000000 4.513340473200
1130.930000000 8.000000000 4.511513233200
1136.680000000 9.400000000 4.510711193100
1137.430000000 8.800000000 4.506887435900
1132.930000000 9.400000000 4.504962444300
1125.680000000 5.200000000 4.504949092900
1124.180000000 9.600000000 4.504343032800
1137.430000000 9.000000000 4.503068447100
1123.430000000 9.400000000 4.501091003400
1127.680000000 9.200000000 4.500566959400
1136.930000000 8.200000000 4.487466812100
1141.680000000 8.000000000 4.483643055000
1122.680000000 5.000000000 4.479867935200
1133.180000000 9.400000000 4.478876113900
1127.180000000 9.000000000 4.478036403700
1126.680000000 9.200000000 4.475497722600
1139.930000000 7.600000000 4.474360942800
1136.680000000 8.000000000 4.468894481700
1132.930000000 5.400000000 4.467331886300
1132.680000000 9.200000000 4.466759681700
1137.430000000 8.600000000 4.465971469900
1126.930000000 8.200000000 4.465907573700
1131.430000000 8.200000000 4.464509487200
1125.930000000 9.600000000 4.459101676900
1123.430000000 6.800000000 4.454923629800
1123.680000000 6.800000000 4.449865341200
1135.430000000 8.800000000 4.448460578900
1141.430000000 6.200000000 4.441457271600
1127.180000000 5.400000000 4.438537120800
1127.430000000 7.800000000 4.436934948000
1124.430000000 5.000000000 4.435306072200
1130.680000000 8.000000000 4.433907032000
1126.680000000 7.200000000 4.430377483400
1137.430000000 9.200000000 4.428206443800
1132.430000000 7.600000000 4.426750183100
1127.930000000 9.400000000 4.426110267600
1124.180000000 9.200000000 4.424894809700
1126.930000000 8.400000000 4.421824455300
1139.430000000 7.600000000 4.421809196500
1123.430000000 5.000000000 4.420278072400
1133.180000000 8.400000000 4.418711185500
1140.680000000 5.600000000 4.417788028700
1126.930000000 9.400000000 4.416242122700
1128.680000000 8.800000000 4.409552574200
1125.180000000 9.600000000 4.409357070900
1122.180000000 7.200000000 4.408052444500
1127.930000000 7.200000000 4.407538890800
1123.680000000 9.400000000 4.406807899500
1132.930000000 9.600000000 4.405144214600
1129.430000000 9.400000000 4.401213169100
1126.680000000 9.400000000 4.396308898900
1129.680000000 9.400000000 4.394838333100
1127.680000000 7.400000000 4.394544601400
1126.430000000 7.200000000 4.392397403700
1124.180000000 8.200000000 4.387690067300
1123.930000000 9.400000000 4.385827541400
1129.430000000 8.600000000 4.372736930800
1129.680000000 8.600000000 4.371542453800
1135.930000000 8.200000000 4.370029926300
1140.680000000 5.400000000 4.370028972600
1126.430000000 7.000000000 4.368883132900
1125.680000000 9.200000000 4.365500450100
1141.930000000 8.400000000 4.362400054900
1135.680000000 9.400000000 4.359772205400
1125.180000000 9.000000000 4.357352733600
1135.430000000 9.000000000 4.355332851400
1126.430000000 8.600000000 4.354626178700
1136.430000000 9.400000000 4.350048542000
1132.930000000 8.000000000 4.348625183100
1129.930000000 8.400000000 4.347485065500
1123.680000000 7.000000000 4.341182231900
1123.930000000 8.000000000 4.339330196400
1131.680000000 8.200000000 4.335061073300
1125.680000000 8.800000000 4.331120491000
1132.430000000 9.200000000 4.330713748900
1132.930000000 9.000000000 4.323106765700
1124.930000000 9.600000000 4.321675777400
1127.180000000 9.400000000 4.318462371800
1126.930000000 9.000000000 4.316820621500
1127.930000000 9.600000000 4.313323020900
1135.430000000 9.200000000 4.309971332600
1129.180000000 8.600000000 4.309221744500
1126.180000000 9.600000000 4.309027195000
1124.180000000 8.600000000 4.304969787600
1135.930000000 9.400000000 4.304841041600
1132.930000000 9.200000000 4.302885532400
1140.180000000 6.200000000 4.302382946000
1140.430000000 6.200000000 4.301224231700
1124.180000000 8.800000000 4.297518253300
1135.430000000 9.400000000 4.295899868000
1135.430000000 8.400000000 4.284215450300
1132.680000000 9.000000000 4.280904769900
1122.680000000 7.000000000 4.277057647700
1132.680000000 9.600000000 4.277037620500
1141.180000000 6.200000000 4.276943683600
1132.680000000 9.400000000 4.276552677200
1137.180000000 6.400000000 4.273957729300
1134.430000000 8.400000000 4.273574352300
1131.180000000 5.400000000 4.269129276300
1124.180000000 8.400000000 4.267467021900
1124.680000000 9.600000000 4.267326831800
1123.180000000 5.000000000 4.266729354900
1122.930000000 5.000000000 4.263077735900
1124.430000000 6.800000000 4.260216713000
1128.930000000 9.600000000 4.259425640100
1130.680000000 5.200000000 4.258985996200
1127.680000000 9.600000000 4.258179187800
1136.180000000 9.400000000 4.257124424000
1140.180000000 7.800000000 4.250462532000
1127.680000000 9.400000000 4.249004840900
1123.430000000 7.400000000 4.245933055900
1126.930000000 7.200000000 4.244640350300
1123.430000000 9.200000000 4.244465827900
1129.180000000 9.400000000 4.243197441100
1126.930000000 7.000000000 4.239469528200
1126.180000000 7.200000000 4.228487968400
1133.180000000 9.600000000 4.220191955600
1131.180000000 8.000000000 4.217990875200
1124.430000000 9.600000000 4.217722415900
1127.430000000 9.400000000 4.217192649800
1129.930000000 9.400000000 4.216036796600
1130.930000000 7.600000000 4.214992523200
1126.430000000 9.200000000 4.212329387700
1127.180000000 8.200000000 4.208085060100
1133.180000000 9.200000000 4.207004070300
1122.430000000 8.200000000 4.204543113700
1127.180000000 8.400000000 4.200420856500
1128.430000000 8.800000000 4.198523044600
1140.180000000 6.400000000 4.188312530500
1125.930000000 9.200000000 4.187340736400
1128.930000000 8.600000000 4.184145450600
1128.430000000 7.400000000 4.183060646100
1133.430000000 9.400000000 4.182762146000
1123.930000000 9.000000000 4.182627677900
1140.680000000 6.200000000 4.174663543700
1132.930000000 8.600000000 4.172115802800
1133.680000000 8.200000000 4.171574115800
1137.430000000 9.400000000 4.166761398300
1124.180000000 7.600000000 4.159319877600
1137.430000000 8.400000000 4.159312248200
1136.930000000 9.600000000 4.155076980600
1127.430000000 7.200000000 4.154845714600
1125.430000000 9.000000000 4.153481483500
1133.180000000 9.000000000 4.150314331100
1140.930000000 6.200000000 4.148562908200
1127.180000000 7.200000000 4.147179603600
1126.180000000 9.200000000 4.145510673500
1137.430000000 8.000000000 4.140647888200
1135.680000000 8.400000000 4.139750957500
1123.180000000 9.200000000 4.138987541200
1126.680000000 7.000000000 4.133223533600
1123.680000000 9.200000000 4.129347801200
1125.930000000 8.800000000 4.127726078000
1136.680000000 9.600000000 4.118700027500
1127.430000000 8.000000000 4.116929054300
1124.430000000 7.400000000 4.115469932600
1123.180000000 6.800000000 4.111994743300
1123.930000000 6.800000000 4.109426021600
1127.680000000 7.200000000 4.109228611000
1123.180000000 7.800000000 4.109063148500
1132.680000000 8.000000000 4.103904724100
1135.430000000 8.600000000 4.091978550000
1128.180000000 8.800000000 4.085106372800
1135.430000000 5.600000000 4.083472728700
1123.930000000 7.800000000 4.079650878900
1126.430000000 9.600000000 4.077669143700
1124.680000000 5.000000000 4.075630188000
1136.430000000 9.600000000 4.067506790200
1137.180000000 8.000000000 4.065756321000
1130.180000000 8.200000000 4.065393447900
1136.180000000 9.600000000 4.059020996100
1136.180000000 5.800000000 4.058101654100
1125.930000000 7.200000000 4.055464267700
1126.680000000 9.000000000 4.055304527300
1135.930000000 9.600000000 4.048640728000
1137.680000000 8.000000000 4.048214912400
1123.680000000 7.200000000 4.043240070300
1132.430000000 9.000000000 4.042129039800
1137.180000000 9.600000000 4.039682388300
1127.930000000 8.800000000 4.039203643800
1132.430000000 9.400000000 4.035033702900
1130.180000000 9.400000000 4.030727863300
1127.430000000 8.400000000 4.022103309600
1127.680000000 7.600000000 4.020229339600
1135.180000000 5.400000000 4.012475967400
1133.430000000 9.200000000 4.011602401700
1127.430000000 9.600000000 4.011086463900
1122.180000000 6.800000000 4.009356021900
1123.930000000 8.800000000 4.007637023900
1140.930000000 8.000000000 4.005708217600
1137.680000000 9.000000000 4.005131244700
1137.680000000 8.800000000 4.002912998200
1135.180000000 9.200000000 4.001957416500
1135.180000000 9.400000000 4.000459194200
1125.680000000 9.000000000 3.999739646900
1136.930000000 8.000000000 3.996860742600
1123.430000000 7.600000000 3.990852117500
1139.930000000 6.200000000 3.980287075000
1130.430000000 8.000000000 3.979566097300
1126.180000000 8.800000000 3.977284193000
1127.430000000 8.200000000 3.976953744900
1126.680000000 8.600000000 3.971665382400
1135.180000000 9.000000000 3.970780134200
1123.930000000 9.200000000 3.969903707500
1131.680000000 9.200000000 3.969019174600
1132.430000000 9.600000000 3.968818426100
1140.680000000 8.000000000 3.963183879900
1127.930000000 7.400000000 3.962042570100
1127.680000000 8.800000000 3.959427595100
1132.180000000 9.200000000 3.955329656600
1125.680000000 7.200000000 3.954136848400
1128.680000000 8.600000000 3.953073740000
1122.930000000 8.000000000 3.947670221300
1132.680000000 5.400000000 3.941715002100
1137.430000000 7.800000000 3.941402196900
1135.680000000 9.600000000 3.937729597100
1125.430000000 7.200000000 3.933175087000
1135.180000000 8.800000000 3.929124116900
1137.180000000 8.200000000 3.925819397000
1125.180000000 7.200000000 3.925661325500
1139.930000000 6.000000000 3.923024177600
1127.680000000 7.800000000 3.915277481100
1141.180000000 8.000000000 3.915078163100
1130.430000000 9.400000000 3.914222955700
1122.430000000 7.000000000 3.911385059400
1130.930000000 9.400000000 3.892700910600
1132.430000000 8.000000000 3.889816999400
1132.430000000 8.800000000 3.889680147200
1141.680000000 8.200000000 3.888106346100
1129.180000000 9.600000000 3.875376462900
1124.180000000 6.800000000 3.874586820600
1130.680000000 9.400000000 3.873762130700
1131.180000000 9.400000000 3.870178461100
1135.430000000 9.600000000 3.864768981900
1127.680000000 8.400000000 3.860911130900
1131.180000000 7.600000000 3.858063936200
1132.430000000 7.800000000 3.857734203300
1133.930000000 8.200000000 3.856567859600
1137.930000000 8.000000000 3.848835706700
1140.930000000 4.800000000 3.845313787500
1133.430000000 9.000000000 3.839386940000
1139.680000000 7.600000000 3.831512928000
1124.930000000 7.200000000 3.829697608900
1123.680000000 7.800000000 3.829316377600
1137.430000000 6.400000000 3.822518110300
1122.930000000 9.200000000 3.820141077000
1127.430000000 8.800000000 3.818659544000
1140.680000000 5.200000000 3.817607879600
1140.180000000 5.800000000 3.809957981100
1139.930000000 6.400000000 3.808809042000
1141.430000000 8.000000000 3.808806181000
1123.680000000 8.000000000 3.808675289200
1137.680000000 9.200000000 3.808573484400
1137.680000000 8.600000000 3.802678823500
1130.680000000 7.800000000 3.800795316700
1124.680000000 7.000000000 3.797131538400
1140.430000000 8.000000000 3.792477130900
1133.430000000 9.600000000 3.791962385200
1123.930000000 8.200000000 3.786801099800
1123.680000000 9.000000000 3.780009985000
1133.680000000 9.400000000 3.776870966000
1129.680000000 5.000000000 3.775490045500
1123.930000000 7.600000000 3.763365030300
1140.430000000 5.600000000 3.760056495700
1127.680000000 8.200000000 3.758828878400
1137.680000000 7.800000000 3.753404140500
1130.930000000 7.800000000 3.749532461200
1126.680000000 9.600000000 3.734916687000
1131.430000000 8.000000000 3.731920957600
1122.930000000 6.800000000 3.731646060900
1125.930000000 5.200000000 3.729640722300
1134.930000000 9.000000000 3.726666927300
1133.680000000 9.200000000 3.718507289900
1126.430000000 9.000000000 3.717892408400
1127.680000000 8.000000000 3.717529535300
1126.930000000 8.600000000 3.716358661700
1123.680000000 4.800000000 3.711592197400
1141.930000000 8.600000000 3.709315776800
1125.930000000 9.000000000 3.704605341000
1129.930000000 5.000000000 3.700938940000
1129.430000000 5.000000000 3.696827173200
1132.180000000 9.000000000 3.690500736200
1137.430000000 9.600000000 3.685264825800
1126.430000000 8.800000000 3.676681280100
1123.430000000 7.800000000 3.668260335900
1135.180000000 8.600000000 3.663026332900
1127.930000000 8.400000000 3.662637472200
1122.180000000 8.400000000 3.660895109200
1124.930000000 5.000000000 3.659595966300
1123.430000000 9.000000000 3.659244537400
1134.930000000 8.600000000 3.658717870700
1123.930000000 8.600000000 3.658341407800
1134.180000000 8.400000000 3.651605367700
1136.680000000 6.200000000 3.649064064000
1123.930000000 4.800000000 3.648514986000
1127.180000000 8.800000000 3.648111343400
1134.930000000 9.200000000 3.644451141400
1123.680000000 8.800000000 3.641007661800
1137.430000000 8.200000000 3.640083551400
1127.180000000 9.600000000 3.638057947200
1137.930000000 7.800000000 3.637780427900
1123.930000000 7.000000000 3.632123231900
1137.930000000 8.800000000 3.619046449700
1127.930000000 7.600000000 3.617908716200
1138.180000000 8.000000000 3.614741087000
1132.180000000 9.400000000 3.611837387100
1128.430000000 8.600000000 3.611267805100
1132.180000000 9.600000000 3.609909296000
1127.930000000 7.800000000 3.609715938600
1129.180000000 5.000000000 3.607795238500
1135.180000000 9.600000000 3.605801820800
1139.930000000 7.800000000 3.605711221700
1140.180000000 8.000000000 3.588604927100
1128.180000000 7.400000000 3.582107305500
1123.930000000 8.400000000 3.581586837800
1124.680000000 7.200000000 3.575591087300
1122.180000000 7.000000000 3.575535535800
1124.180000000 7.400000000 3.567922592200
1128.680000000 7.600000000 3.565095663100
1135.430000000 5.400000000 3.560740947700
1123.430000000 4.800000000 3.557424068500
1131.930000000 9.200000000 3.544128656400
1127.180000000 8.600000000 3.543962955500
1129.680000000 8.400000000 3.539824962600
1135.680000000 5.600000000 3.534633874900
1138.180000000 7.800000000 3.534151315700
1129.180000000 8.400000000 3.532972335800
1132.180000000 8.000000000 3.527991294900
1134.680000000 9.000000000 3.525373935700
1131.430000000 5.400000000 3.519461870200
1127.930000000 8.200000000 3.518306016900
1134.930000000 9.400000000 3.518020153000
1139.430000000 8.000000000 3.517574787100
1128.930000000 8.400000000 3.516989707900
1129.430000000 8.400000000 3.515599727600
1133.680000000 9.000000000 3.510491848000
1128.930000000 5.000000000 3.507920503600
1130.430000000 7.800000000 3.504934787800
1122.680000000 6.800000000 3.500943183900
1137.680000000 9.400000000 3.497736454000
1123.680000000 7.600000000 3.497493982300
1137.930000000 9.000000000 3.490499019600
1137.680000000 8.200000000 3.489904880500
1137.680000000 8.400000000 3.483796834900
1131.180000000 7.800000000 3.482255935700
1136.680000000 6.000000000 3.480756521200
1126.930000000 9.600000000 3.475837230700
1127.930000000 8.000000000 3.473701477100
1131.430000000 9.400000000 3.466362476300
1138.430000000 7.800000000 3.457459449800
1141.930000000 8.800000000 3.455011844600
1126.930000000 8.800000000 3.454652309400
1129.430000000 9.600000000 3.453510761300
1132.430000000 5.400000000 3.452447652800
1123.680000000 7.400000000 3.451211929300
1134.680000000 8.600000000 3.445370197300
1133.930000000 9.200000000 3.442995548200
1139.180000000 8.000000000 3.442315101600
1130.180000000 8.000000000 3.439701795600
1122.680000000 9.200000000 3.439242124600
1128.180000000 7.800000000 3.436860561400
1134.930000000 8.800000000 3.435322284700
1122.430000000 9.200000000 3.434722900400
1130.180000000 5.000000000 3.429522037500
1133.930000000 9.400000000 3.426116228100
1140.680000000 8.600000000 3.425410032300
1137.680000000 6.400000000 3.412581205400
1139.180000000 6.400000000 3.410989046100
1131.430000000 7.600000000 3.410551071200
1123.430000000 8.000000000 3.410388946500
1139.680000000 7.800000000 3.409314870800
1127.430000000 8.600000000 3.406940937000
1139.680000000 8.000000000 3.406588316000
1122.180000000 9.200000000 3.405367136000
1139.680000000 6.400000000 3.400747537600
1128.180000000 7.600000000 3.393831253100
1141.680000000 8.600000000 3.391400814100
1128.180000000 8.600000000 3.390201330200
1126.180000000 9.000000000 3.389445543300
1122.680000000 8.200000000 3.387143373500
1139.680000000 6.200000000 3.380099296600
1127.930000000 5.200000000 3.376696825000
1140.430000000 8.600000000 3.373957872400
1138.430000000 8.000000000 3.366984367400
1137.930000000 8.600000000 3.359264135400
1134.680000000 9.200000000 3.359223604200
1133.430000000 8.400000000 3.350451946300
1132.930000000 8.800000000 3.349447250400
1138.930000000 6.400000000 3.348367452600
1128.680000000 8.400000000 3.345679998400
1139.430000000 7.800000000 3.344398737000
1124.180000000 4.800000000 3.344214677800
1134.430000000 9.000000000 3.336456537200
1131.680000000 8.000000000 3.334413766900
1138.680000000 7.800000000 3.330188036000
1133.680000000 9.600000000 3.329296350500
1128.680000000 5.000000000 3.329187393200
1128.180000000 8.400000000 3.328795194600
1138.180000000 8.800000000 3.320492029200
1128.180000000 8.000000000 3.319326400800
1123.930000000 7.200000000 3.313272476200
1134.430000000 8.600000000 3.312377214400
1123.180000000 4.800000000 3.304510593400
1139.430000000 6.400000000 3.304455757100
1128.430000000 7.800000000 3.296100139600
1139.680000000 6.000000000 3.295455932600
1126.680000000 8.800000000 3.290757894500
1124.430000000 7.200000000 3.290121078500
1123.680000000 8.600000000 3.287920713400
1141.680000000 8.400000000 3.287117481200
1122.430000000 6.800000000 3.284602642100
1139.930000000 5.800000000 3.283130645800
1139.930000000 8.000000000 3.283099412900
1132.680000000 8.800000000 3.280575037000
1127.680000000 8.600000000 3.279805898700
1133.180000000 8.800000000 3.279005765900
1138.930000000 7.800000000 3.274169445000
1123.430000000 8.800000000 3.272438764600
1134.180000000 9.200000000 3.269778251600
1125.180000000 5.000000000 3.262797355700
1130.180000000 7.800000000 3.262199640300
1134.430000000 5.200000000 3.256911993000
1133.930000000 9.000000000 3.250746727000
1123.180000000 8.000000000 3.248475790000
1129.930000000 8.200000000 3.248050928100
1140.930000000 8.600000000 3.247300386400
1138.930000000 8.000000000 3.244579792000
1139.680000000 5.800000000 3.243385314900
1131.930000000 8.000000000 3.242395877800
1140.680000000 5.000000000 3.241830587400
1123.930000000 7.400000000 3.238471984900
1134.430000000 9.200000000 3.237194299700
1131.930000000 9.600000000 3.233726501500
1138.680000000 6.400000000 3.228059768700
1140.680000000 8.400000000 3.224232912100
1132.180000000 7.600000000 3.220827341100
1140.430000000 8.400000000 3.218983173400
1129.930000000 8.000000000 3.218055963500
1123.680000000 8.200000000 3.217471599600
1140.180000000 5.600000000 3.216383218800
1134.680000000 9.400000000 3.210896253600
1141.680000000 8.800000000 3.209842443500
1134.180000000 9.400000000 3.207872867600
1128.180000000 8.200000000 3.206861496000
1134.180000000 5.200000000 3.198297023800
1131.930000000 9.400000000 3.196290731400
1128.430000000 8.000000000 3.194600105300
1129.930000000 7.800000000 3.193511486100
1130.930000000 5.200000000 3.192115306900
1137.930000000 6.400000000 3.175906181300
1140.430000000 5.400000000 3.173334837000
1127.930000000 8.600000000 3.170116663000
1123.180000000 9.000000000 3.165484905200
1134.680000000 8.800000000 3.164324998900
1140.180000000 8.600000000 3.162629842800
1139.430000000 6.000000000 3.161195516600
1139.180000000 7.800000000 3.160581111900
1134.180000000 9.000000000 3.156468391400
1134.180000000 8.600000000 3.153558254200
1134.930000000 9.600000000 3.153342247000
1134.680000000 5.200000000 3.146829605100
1129.430000000 7.800000000 3.142051458400
1134.430000000 9.400000000 3.139122247700
1137.680000000 9.600000000 3.136399507500
1138.430000000 6.400000000 3.136259555800
1128.680000000 7.800000000 3.135551214200
1133.430000000 8.800000000 3.135233402300
1137.930000000 8.200000000 3.131266832400
1129.680000000 8.000000000 3.128118276600
1138.180000000 8.600000000 3.123884677900
1129.680000000 7.800000000 3.120080471000
1137.930000000 9.200000000 3.114169359200
1129.680000000 9.600000000 3.112336158800
1138.180000000 6.400000000 3.105635881400
1138.680000000 8.000000000 3.102027416200
1122.180000000 4.800000000 3.100005865100
1132.180000000 5.400000000 3.094450235400
1131.680000000 5.400000000 3.090199708900
1122.930000000 4.800000000 3.076441288000
1137.680000000 5.800000000 3.073292732200
1137.680000000 5.600000000 3.069161415100
1137.430000000 5.600000000 3.064573288000
1122.180000000 9.000000000 3.061301469800
1128.430000000 7.600000000 3.060254097000
1135.930000000 5.600000000 3.057529449500
1133.930000000 5.200000000 3.055639505400
1136.430000000 5.800000000 3.055216074000
1140.930000000 8.800000000 3.052252769500
1140.680000000 8.800000000 3.051551580400
1129.430000000 8.000000000 3.050578117400
1126.180000000 5.200000000 3.049585342400
1128.680000000 8.000000000 3.044862747200
1139.430000000 5.800000000 3.042768001600
1130.930000000 9.600000000 3.042261838900
1140.930000000 8.200000000 3.041298866300
1138.430000000 8.800000000 3.041152477300
1129.180000000 7.800000000 3.038165807700
1141.430000000 8.600000000 3.028450250600
1130.430000000 5.000000000 3.025807619100
1140.680000000 8.200000000 3.017835378600
1133.180000000 8.600000000 3.017738819100
1129.180000000 8.000000000 3.016947269400
1123.680000000 8.400000000 3.015640497200
1124.180000000 7.200000000 3.015301466000
1137.930000000 8.400000000 3.009121418000
1140.180000000 8.400000000 3.006816625600
1123.430000000 8.600000000 3.005866766000
1139.180000000 8.200000000 3.005835533100
1141.180000000 8.200000000 3.004838228200
1138.430000000 8.600000000 3.003227233900
1130.680000000 9.600000000 2.999045133600
1138.180000000 9.000000000 2.996538162200
1141.430000000 8.200000000 2.993993997600
1137.430000000 5.800000000 2.989360332500
1137.930000000 5.800000000 2.974383831000
1137.180000000 5.600000000 2.969466924700
1138.930000000 8.200000000 2.969329595600
1122.430000000 4.800000000 2.968309402500
1128.430000000 8.400000000 2.968147516300
1133.930000000 9.600000000 2.964843273200
1139.430000000 8.200000000 2.962308168400
1123.180000000 8.800000000 2.961656570400
1134.930000000 5.200000000 2.958333253900
1131.930000000 5.400000000 2.956170797300
1122.680000000 4.800000000 2.955821275700
1128.430000000 5.000000000 2.955182552300
1136.930000000 6.200000000 2.952405929600
1137.930000000 5.600000000 2.950145721400
1140.430000000 8.800000000 2.950009346000
1122.430000000 8.400000000 2.942011594800
1131.430000000 7.800000000 2.939692020400
1133.680000000 8.800000000 2.939449548700
1131.680000000 7.600000000 2.934218645100
1124.180000000 7.000000000 2.924288034400
1140.930000000 8.400000000 2.922937393200
1135.180000000 5.200000000 2.922218799600
1129.930000000 9.600000000 2.921645641300
1139.930000000 5.600000000 2.916975498200
1128.930000000 7.800000000 2.913973808300
1134.430000000 8.800000000 2.913710117300
1138.680000000 8.600000000 2.913486003900
1125.430000000 5.000000000 2.913283348100
1124.430000000 4.800000000 2.910333156600
1137.680000000 6.000000000 2.901534557300
1134.430000000 9.600000000 2.898538827900
1138.680000000 8.200000000 2.897613287000
1137.680000000 5.400000000 2.893238544500
1135.680000000 5.400000000 2.888805151000
1134.680000000 9.600000000 2.888098955200
1124.430000000 7.000000000 2.886519670500
1141.430000000 8.800000000 2.882365942000
1139.930000000 8.600000000 2.880541563000
1133.680000000 5.200000000 2.879268646200
1138.180000000 8.200000000 2.878506660500
1139.180000000 6.000000000 2.876990318300
1122.430000000 9.000000000 2.876495122900
1122.930000000 8.200000000 2.872103452700
1141.930000000 9.000000000 2.868481159200
1130.430000000 9.600000000 2.866399288200
1140.430000000 8.200000000 2.862697601300
1132.180000000 7.800000000 2.859107971200
1137.430000000 5.400000000 2.859017372100
1138.430000000 8.200000000 2.858075618700
1131.930000000 7.600000000 2.858011722600
1141.180000000 8.800000000 2.856466054900
1139.680000000 8.200000000 2.855362176900
1131.180000000 9.600000000 2.851207256300
1136.930000000 5.600000000 2.842828035400
1131.680000000 9.600000000 2.842596054100
1133.680000000 8.400000000 2.842445373500
1137.180000000 5.800000000 2.842438459400
1128.930000000 8.000000000 2.840095043200
1131.680000000 9.400000000 2.836517572400
1141.430000000 8.400000000 2.832302808800
1140.180000000 5.400000000 2.830759525300
1130.180000000 9.600000000 2.827887773500
1137.930000000 5.400000000 2.818748235700
1137.930000000 6.000000000 2.814941167800
1138.930000000 8.600000000 2.814655542400
1138.180000000 8.400000000 2.812872648200
1134.180000000 9.600000000 2.807725668000
1128.430000000 8.200000000 2.804761648200
1133.930000000 8.400000000 2.801206827200
1139.430000000 6.200000000 2.799897670700
1137.180000000 5.400000000 2.793714046500
1140.180000000 8.800000000 2.788878440900
1129.680000000 8.200000000 2.779875755300
1141.180000000 8.600000000 2.765850544000
1139.930000000 8.200000000 2.761204004300
1138.680000000 8.800000000 2.760037183800
1129.180000000 8.200000000 2.756319761300
1135.430000000 5.200000000 2.745069026900
1122.930000000 8.800000000 2.741100549700
1128.930000000 8.200000000 2.737022876700
1137.930000000 9.400000000 2.734745502500
1123.430000000 8.200000000 2.730371475200
1140.180000000 8.200000000 2.727360725400
1133.930000000 8.800000000 2.726462841000
1138.180000000 5.600000000 2.722988128700
1137.430000000 6.000000000 2.721598148300
1136.930000000 5.800000000 2.716091394400
1139.180000000 5.800000000 2.715927124000
1123.180000000 8.600000000 2.715127468100
1139.930000000 8.400000000 2.714079380000
1136.680000000 5.600000000 2.706740140900
1139.180000000 8.600000000 2.702999115000
1138.430000000 8.400000000 2.702074050900
1122.680000000 9.000000000 2.701658248900
1129.430000000 8.200000000 2.699238777200
1136.930000000 5.400000000 2.694316625600
1122.930000000 9.000000000 2.684145689000
1134.180000000 8.800000000 2.683481454800
1133.930000000 8.600000000 2.683356761900
1138.180000000 5.400000000 2.661971330600
1133.430000000 5.200000000 2.655977726000
1139.680000000 5.600000000 2.654137134600
1128.680000000 8.200000000 2.648926019700
1139.680000000 8.600000000 2.647154092800
1138.180000000 5.800000000 2.639906406400
1141.180000000 9.000000000 2.631646394700
1136.680000000 5.800000000 2.628319978700
1138.680000000 8.400000000 2.607688188600
1139.430000000 8.600000000 2.607263088200
1123.430000000 8.400000000 2.605357170100
1122.680000000 8.800000000 2.605024337800
1122.180000000 8.600000000 2.602140665100
1131.680000000 7.800000000 2.598201751700
1139.930000000 8.800000000 2.595634698900
1127.680000000 5.200000000 2.585877656900
1141.680000000 9.000000000 2.578527450600
1125.680000000 5.000000000 2.574521780000
1140.430000000 5.200000000 2.572400093100
1122.930000000 8.600000000 2.569075107600
1131.930000000 7.800000000 2.564588308300
1122.680000000 8.600000000 2.562479019200
1140.930000000 9.000000000 2.554020404800
1136.430000000 5.600000000 2.537751913100
1138.430000000 9.000000000 2.536537170400
1122.430000000 8.600000000 2.527779817600
1130.680000000 5.000000000 2.525547027600
1136.180000000 5.600000000 2.521744489700
1122.180000000 8.800000000 2.517784357100
1138.930000000 8.800000000 2.517692089100
1122.430000000 8.800000000 2.513482809100
1138.930000000 6.000000000 2.512060880700
1136.930000000 6.000000000 2.508956193900
1124.680000000 4.800000000 2.506411790800
1136.680000000 5.400000000 2.498913765000
1138.930000000 8.400000000 2.488955020900
1137.930000000 9.600000000 2.486223459200
1133.430000000 8.600000000 2.479796648000
1137.180000000 6.200000000 2.473384380300
1126.430000000 5.200000000 2.473289489700
1139.180000000 6.200000000 2.472243070600
1139.680000000 8.400000000 2.463672399500
1137.180000000 6.000000000 2.456877231600
1131.430000000 9.600000000 2.454850435300
1138.180000000 6.000000000 2.445049524300
1138.430000000 5.400000000 2.441900968600
1139.930000000 5.400000000 2.441669702500
1140.680000000 9.000000000 2.437494278000
1123.180000000 8.200000000 2.435383796700
1141.430000000 9.000000000 2.432185649900
1141.930000000 9.600000000 2.429533243200
1139.680000000 8.800000000 2.428194522900
1138.180000000 9.200000000 2.415884971600
1138.430000000 5.600000000 2.403333902400
1141.180000000 8.400000000 2.399155139900
1131.180000000 5.200000000 2.395390749000
1139.180000000 8.400000000 2.382566452000
1140.180000000 5.200000000 2.382298231100
1128.180000000 5.000000000 2.381894826900
1133.180000000 5.200000000 2.381872654000
1123.180000000 8.400000000 2.379323720900
1137.680000000 6.200000000 2.378407001500
1140.680000000 4.800000000 2.377361774400
1141.680000000 9.600000000 2.362916231200
1139.430000000 8.400000000 2.360263586000
1139.180000000 8.800000000 2.359038591400
1138.930000000 5.800000000 2.356222629500
1139.430000000 5.600000000 2.348477363600
1139.430000000 8.800000000 2.329473972300
1140.180000000 4.800000000 2.327369451500
1135.680000000 5.200000000 2.325477838500
1135.930000000 5.400000000 2.321121215800
1122.680000000 8.400000000 2.314940929400
1122.930000000 8.400000000 2.305186748500
1140.430000000 9.000000000 2.304136514700
1137.930000000 6.200000000 2.281780958200
1139.930000000 4.800000000 2.281244278000
1136.430000000 5.400000000 2.261545658100
1137.430000000 6.200000000 2.260432958600
1137.930000000 5.200000000 2.253085374800
1137.680000000 5.200000000 2.249632120100
1140.180000000 5.000000000 2.238118410100
1141.930000000 9.200000000 2.222873210900
1133.680000000 8.600000000 2.215922355700
1137.430000000 5.200000000 2.213527917900
1140.430000000 5.000000000 2.211972713500
1138.930000000 6.200000000 2.209109306300
1140.430000000 4.800000000 2.208501815800
1124.930000000 4.800000000 2.207201004000
1138.680000000 6.000000000 2.204786062200
1125.930000000 5.000000000 2.189991235700
1140.180000000 9.000000000 2.163057804100
1141.430000000 9.600000000 2.162951946300
1138.680000000 5.400000000 2.151803970300
1137.180000000 5.200000000 2.150896549200
1138.430000000 5.800000000 2.146753311200
1138.180000000 5.200000000 2.138803720500
1141.180000000 9.200000000 2.132972717300
1132.930000000 5.200000000 2.101970911000
1139.930000000 5.000000000 2.081156730700
1138.680000000 9.000000000 2.078129768400
1139.680000000 4.800000000 2.069970130900
1138.680000000 5.800000000 2.068861007700
1138.180000000 6.200000000 2.062003374100
1139.680000000 5.400000000 2.057739257800
1141.430000000 9.200000000 2.054444313000
1140.930000000 9.200000000 2.051950931500
1139.180000000 5.600000000 2.044312715500
1141.680000000 9.200000000 2.036310672800
1138.680000000 6.200000000 2.028725624100
1139.930000000 9.000000000 2.028036117600
1136.930000000 5.200000000 2.027603387800
1139.930000000 5.200000000 2.019855260800
1138.430000000 6.000000000 2.017304658900
1126.680000000 5.200000000 2.011882543600
1138.180000000 9.400000000 2.004355907400
1141.930000000 9.400000000 2.002136707300
1138.680000000 5.600000000 2.001848697700
1130.930000000 5.000000000 1.998299002600
1127.930000000 5.000000000 1.996921539300
1125.180000000 4.800000000 1.986743450200
1127.430000000 5.200000000 1.983718395200
1136.180000000 5.400000000 1.958283305200
1127.680000000 5.000000000 1.949819326400
1136.930000000 4.800000000 1.932853221900
1138.430000000 6.200000000 1.923230052000
1139.680000000 9.000000000 1.922683358200
1138.430000000 5.200000000 1.922429800000
1137.930000000 5.000000000 1.901333093600
1135.180000000 5.000000000 1.896906375900
1141.180000000 9.600000000 1.890618562700
1141.680000000 9.400000000 1.869474530200
1138.430000000 9.200000000 1.865837097200
1137.180000000 4.800000000 1.858784914000
1134.930000000 5.000000000 1.856988787700
1131.430000000 5.200000000 1.856878757500
1138.680000000 9.200000000 1.856216549900
1140.680000000 9.200000000 1.853398561500
1141.430000000 9.400000000 1.851300954800
1139.430000000 9.000000000 1.848992943800
1136.680000000 4.800000000 1.846436977400
1136.680000000 5.200000000 1.845431923900
1132.680000000 5.200000000 1.829093098600
1138.180000000 5.000000000 1.813216209400
1138.930000000 5.400000000 1.804845213900
1127.430000000 5.000000000 1.803077459300
1125.430000000 4.800000000 1.802575588200
1138.180000000 9.600000000 1.799957037000
1138.930000000 5.600000000 1.799836516400
1139.680000000 5.000000000 1.799551248600
1135.930000000 5.200000000 1.796420693400
1130.180000000 4.800000000 1.792729497000
1130.430000000 4.800000000 1.792569398900
1139.180000000 9.000000000 1.784762263300
1137.680000000 5.000000000 1.774610042600
1135.430000000 5.000000000 1.756770730000
1139.430000000 4.800000000 1.749693632100
1126.180000000 5.000000000 1.748163461700
1130.680000000 4.800000000 1.745591998100
1138.930000000 4.800000000 1.744860529900
1138.930000000 9.000000000 1.739402294200
1139.430000000 5.400000000 1.736635565800
1141.180000000 9.400000000 1.728835940400
1140.430000000 9.200000000 1.725973725300
1129.930000000 4.800000000 1.719986200300
1126.930000000 5.200000000 1.713762402500
1138.680000000 4.800000000 1.713348031000
1125.930000000 4.800000000 1.709272384600
1136.430000000 5.200000000 1.707320213300
1137.430000000 4.800000000 1.704201698300
1125.680000000 4.800000000 1.697676301000
1138.680000000 5.200000000 1.695277810100
1130.930000000 4.800000000 1.693475365600
1126.180000000 4.800000000 1.686805129100
1134.680000000 5.000000000 1.682288050700
1137.930000000 4.800000000 1.675497651100
1127.180000000 5.200000000 1.666964292500
1139.680000000 5.200000000 1.660606026600
1131.180000000 4.800000000 1.657077312500
1139.180000000 4.800000000 1.640761494600
1131.430000000 4.800000000 1.636353015900
1127.180000000 5.000000000 1.636086225500
1126.430000000 4.800000000 1.630888938900
1138.430000000 4.800000000 1.629320383100
1127.180000000 4.800000000 1.628368139300
1138.930000000 9.200000000 1.627108693100
1132.430000000 5.200000000 1.623618245100
1126.680000000 4.800000000 1.614497065500
1140.180000000 9.200000000 1.613739609700
1126.930000000 4.800000000 1.600943327000
1131.680000000 4.800000000 1.599237322800
1138.180000000 4.800000000 1.597645521200
1140.930000000 9.600000000 1.594739794700
1135.680000000 5.000000000 1.594255566600
1129.680000000 4.800000000 1.589806437500
1136.430000000 4.800000000 1.582963943500
1137.680000000 4.800000000 1.576928019500
1129.180000000 4.800000000 1.573678851100
1127.430000000 4.800000000 1.572628974900
1138.430000000 5.000000000 1.567984819400
1138.430000000 9.400000000 1.562525510800
1128.930000000 4.800000000 1.556401491200
1131.680000000 5.200000000 1.553802371000
1126.930000000 5.000000000 1.537381172200
1137.430000000 5.000000000 1.536941289900
1129.430000000 4.800000000 1.536394953700
1131.930000000 4.800000000 1.533358812300
1139.430000000 9.600000000 1.529639005700
1135.930000000 5.000000000 1.524024248100
1126.430000000 5.000000000 1.523939490300
1139.930000000 9.200000000 1.520591855000
1140.930000000 9.400000000 1.517294049300
1131.180000000 5.000000000 1.515008449600
1136.180000000 5.200000000 1.514629006400
1139.430000000 5.000000000 1.502793908100
1134.430000000 5.000000000 1.499079942700
1126.680000000 5.000000000 1.496650695800
1127.680000000 4.800000000 1.496221065500
1136.930000000 5.000000000 1.494383573500
1139.430000000 5.200000000 1.493466973300
1139.180000000 5.400000000 1.489019274700
1138.930000000 5.200000000 1.486762523700
1139.180000000 9.600000000 1.478187561000
1132.180000000 5.200000000 1.476681828500
1137.180000000 5.000000000 1.473871469500
1138.680000000 9.400000000 1.471261858900
1134.180000000 5.000000000 1.463253140400
1128.680000000 4.800000000 1.461281180400
1139.680000000 9.600000000 1.456546187400
1131.930000000 5.200000000 1.449013114000
1139.680000000 9.200000000 1.442248106000
1139.430000000 9.400000000 1.441159486800
1132.180000000 4.800000000 1.437282919900
1133.930000000 5.000000000 1.424978613900
1136.680000000 5.000000000 1.423874020600
1132.680000000 5.000000000 1.423663258600
1138.680000000 5.000000000 1.420954823500
1138.930000000 5.000000000 1.414046287500
1138.430000000 9.600000000 1.409025430700
1139.680000000 9.400000000 1.404970884300
1136.180000000 5.000000000 1.388619422900
1132.430000000 5.000000000 1.382799148600
1133.680000000 5.000000000 1.381544113200
1139.180000000 9.400000000 1.379282474500
1138.930000000 9.600000000 1.372644782100
1139.180000000 5.200000000 1.371480345700
1139.430000000 9.200000000 1.356151819200
1132.930000000 5.000000000 1.354259610200
1128.430000000 4.800000000 1.345729470300
1127.930000000 4.800000000 1.345185160600
1134.930000000 4.800000000 1.331141591100
1139.180000000 9.200000000 1.321692943600
1139.180000000 5.000000000 1.317058920900
1131.930000000 5.000000000 1.297756314300
1136.180000000 4.800000000 1.297411918600
1132.430000000 4.800000000 1.296105623200
1132.180000000 5.000000000 1.296077728300
1140.680000000 9.600000000 1.293053031000
1133.430000000 5.000000000 1.283842086800
1140.680000000 9.400000000 1.282894849800
1138.930000000 9.400000000 1.276299119000
1135.180000000 4.800000000 1.274256825400
1131.680000000 5.000000000 1.267145872100
1139.930000000 9.400000000 1.266754388800
1138.680000000 9.600000000 1.252163052600
1135.930000000 4.800000000 1.248945713000
1136.430000000 5.000000000 1.245303154000
1128.180000000 4.800000000 1.241893649100
1133.180000000 5.000000000 1.239640474300
1139.930000000 9.600000000 1.238521218300
1134.680000000 4.800000000 1.205281615300
1140.430000000 9.400000000 1.202409267400
1140.180000000 9.400000000 1.179234862300
1131.430000000 5.000000000 1.177375078200
1135.680000000 4.800000000 1.103931188600
1135.430000000 4.800000000 1.095288276700
1132.680000000 4.800000000 1.094215393100
1140.430000000 9.600000000 1.079447388600
1140.180000000 9.600000000 1.048310637500
1134.430000000 4.800000000 0.979294002100
1132.930000000 4.800000000 0.865269422500
1134.180000000 4.800000000 0.790693104300
1133.680000000 4.800000000 0.758916735600
1133.930000000 4.800000000 0.747786581500
1133.430000000 4.800000000 0.734875977000
1133.180000000 4.800000000 0.690965414000
