919.780000000 8.250000000 41.719738006600
920.030000000 8.500000000 41.058326721200
920.030000000 8.250000000 41.014213562000
919.780000000 8.000000000 40.898933410600
919.780000000 8.500000000 39.753841400100
919.530000000 8.000000000 39.512947082500
920.030000000 8.750000000 38.990295410200
920.030000000 8.000000000 38.578346252400
920.280000000 8.500000000 38.353881835900
919.530000000 8.250000000 38.266967773400
920.280000000 8.750000000 38.141731262200
919.780000000 7.750000000 36.869537353500
919.530000000 7.750000000 36.690586090100
923.780000000 8.500000000 36.264717102100
919.780000000 8.750000000 36.228130340600
919.280000000 8.000000000 36.215522766100
924.030000000 8.500000000 36.052677154500
920.280000000 8.250000000 35.813022613500
919.530000000 8.500000000 35.603912353500
923.530000000 8.500000000 35.168445587200
920.280000000 9.000000000 34.987495422400
919.280000000 7.750000000 34.980110168500
920.030000000 9.000000000 34.910186767600
920.030000000 7.750000000 34.564140319800
924.030000000 8.750000000 34.177478790300
923.280000000 8.500000000 34.088436126700
923.780000000 8.750000000 34.026214599600
924.280000000 8.500000000 33.664257049600
923.030000000 8.500000000 33.552143096900
919.280000000 8.250000000 33.459274292000
920.530000000 8.750000000 33.346233367900
923.530000000 8.750000000 33.021034240700
922.780000000 8.500000000 32.938686370800
920.280000000 8.000000000 32.814506530800
919.030000000 8.000000000 32.801372528100
919.030000000 7.750000000 32.762809753400
924.280000000 8.750000000 32.709266662600
920.530000000 8.500000000 32.369014740000
923.280000000 8.750000000 32.131000518800
919.780000000 9.000000000 32.099472045900
919.530000000 8.750000000 31.685033798200
915.780000000 7.750000000 31.643722534200
915.530000000 7.750000000 31.635217666600
920.530000000 9.000000000 31.611585617100
923.030000000 8.750000000 31.569610595700
923.780000000 8.250000000 31.295484542800
922.780000000 8.750000000 31.199285507200
924.030000000 8.250000000 31.144815444900
922.530000000 8.500000000 31.121816635100
915.530000000 7.500000000 31.084224700900
918.780000000 7.750000000 30.697477340700
915.780000000 7.500000000 30.523344039900
923.530000000 8.250000000 30.421319961500
919.280000000 8.500000000 30.408758163500
920.280000000 9.250000000 30.076181411700
918.780000000 8.000000000 30.021099090600
916.030000000 7.750000000 29.893047332800
919.030000000 8.250000000 29.644897460900
920.280000000 7.750000000 29.644813537600
920.530000000 8.250000000 29.639822006200
924.530000000 8.750000000 29.638387680100
923.280000000 8.250000000 29.637449264500
924.530000000 8.500000000 29.486116409300
922.780000000 8.250000000 29.472570419300
922.530000000 8.750000000 29.415824890100
923.030000000 8.250000000 29.402843475300
919.780000000 7.500000000 29.317998886100
915.530000000 8.000000000 29.166152954100
922.530000000 8.250000000 29.094678878800
915.280000000 7.750000000 29.091884613000
924.280000000 8.250000000 29.070518493700
919.530000000 7.500000000 28.958761215200
915.280000000 7.500000000 28.936641693100
915.780000000 8.000000000 28.930309295700
918.530000000 8.000000000 28.919113159200
918.530000000 7.750000000 28.877584457400
920.030000000 9.250000000 28.606138229400
916.030000000 7.500000000 28.438077926600
920.530000000 9.250000000 28.436004638700
918.280000000 8.000000000 28.416364669800
920.030000000 7.500000000 28.225358963000
924.030000000 9.000000000 28.209524154700
922.280000000 8.500000000 28.191968917800
919.530000000 9.000000000 28.126596450800
919.280000000 7.500000000 27.972473144500
923.780000000 9.000000000 27.522153854400
918.780000000 8.250000000 27.454341888400
924.280000000 9.000000000 27.438968658400
918.030000000 8.000000000 27.389972686800
922.280000000 8.250000000 27.388626098600
915.530000000 7.250000000 27.336700439500
916.030000000 8.000000000 27.249792099000
916.280000000 7.750000000 27.215778350800
919.030000000 7.500000000 27.003995895400
919.280000000 8.750000000 27.003107070900
918.280000000 7.750000000 26.998195648200
915.280000000 8.000000000 26.872707366900
920.780000000 8.750000000 26.763954162600
918.780000000 7.500000000 26.647069931000
923.530000000 9.000000000 26.509881973300
918.530000000 8.250000000 26.363805770900
920.780000000 9.000000000 26.272068023700
915.280000000 7.250000000 26.257328033400
923.030000000 9.000000000 26.257030487100
923.280000000 9.000000000 26.095695495600
918.030000000 7.750000000 26.085399627700
920.530000000 8.000000000 26.010513305700
922.780000000 9.000000000 25.981616973900
915.780000000 7.250000000 25.927152633700
916.280000000 7.500000000 25.874280929600
919.030000000 8.500000000 25.858251571700
922.280000000 8.750000000 25.789678573600
919.780000000 9.250000000 25.677787780800
917.780000000 8.000000000 25.624559402500
920.780000000 8.500000000 25.601234436000
918.280000000 8.250000000 25.564401626600
918.530000000 7.500000000 25.522245407100
924.780000000 8.750000000 25.360694885300
924.530000000 8.250000000 25.292018890400
920.280000000 7.500000000 25.100152969400
924.530000000 9.000000000 24.829137802100
916.280000000 8.000000000 24.735437393200
915.530000000 8.250000000 24.698276519800
917.780000000 7.750000000 24.636802673300
916.530000000 7.750000000 24.496162414600
924.780000000 8.500000000 24.483942031900
918.030000000 8.250000000 24.432859420800
915.780000000 8.250000000 24.304141998300
922.530000000 9.000000000 24.186254501300
922.030000000 8.250000000 24.098707199100
919.280000000 9.000000000 24.086885452300
918.280000000 7.500000000 24.046327590900
922.030000000 8.500000000 23.992225647000
917.530000000 8.000000000 23.884275436400
915.030000000 7.500000000 23.878559112500
920.780000000 9.250000000 23.861118316700
915.030000000 7.750000000 23.819692611700
916.030000000 7.250000000 23.708030700700
924.030000000 8.000000000 23.655899047900
923.780000000 8.000000000 23.601087570200
920.780000000 8.250000000 23.463806152300
916.530000000 7.500000000 23.358104705800
917.530000000 7.750000000 23.338798522900
920.530000000 7.750000000 23.335144043000
922.530000000 8.000000000 23.054439544700
920.280000000 9.500000000 23.039943695100
915.280000000 8.250000000 23.039388656600
923.530000000 8.000000000 23.039194107100
917.780000000 8.250000000 22.993305206300
919.030000000 8.750000000 22.965707778900
918.780000000 8.500000000 22.864290237400
922.280000000 8.000000000 22.816093444800
920.530000000 9.500000000 22.800121307400
916.030000000 8.250000000 22.796779632600
915.280000000 7.000000000 22.708234787000
922.780000000 8.000000000 22.675943374600
916.780000000 7.750000000 22.626913070700
915.030000000 7.250000000 22.577596664400
923.280000000 8.000000000 22.576066970800
915.530000000 7.000000000 22.562068939200
919.530000000 9.250000000 22.526006698600
917.280000000 7.750000000 22.487813949600
924.280000000 8.000000000 22.454721450800
923.030000000 8.000000000 22.443233490000
917.280000000 8.000000000 22.288908004800
916.530000000 8.000000000 22.267604827900
918.030000000 7.500000000 22.179279327400
917.030000000 7.750000000 22.045148849500
915.030000000 8.000000000 22.032260894800
919.780000000 7.250000000 21.965007782000
924.780000000 9.000000000 21.947746276900
920.030000000 7.250000000 21.861167907700
916.280000000 7.250000000 21.433454513500
916.780000000 7.500000000 21.361888885500
918.530000000 8.500000000 21.337381362900
922.030000000 8.750000000 21.323856353800
920.030000000 9.500000000 21.293626785300
919.530000000 7.250000000 21.233900070200
917.030000000 8.000000000 21.148899078400
921.030000000 8.750000000 21.143949508700
917.530000000 8.250000000 21.119899749800
922.030000000 8.000000000 21.027929306000
916.780000000 8.000000000 21.013971328700
920.780000000 8.000000000 20.983245849600
922.280000000 9.000000000 20.925737381000
924.780000000 8.250000000 20.834018707300
921.030000000 8.500000000 20.701057434100
917.780000000 7.500000000 20.579196929900
915.780000000 7.000000000 20.560600280800
918.280000000 8.500000000 20.556556701700
918.530000000 7.250000000 20.553529739400
919.030000000 9.000000000 20.508592605600
921.030000000 9.000000000 20.483461380000
918.780000000 7.250000000 20.457551956200
915.030000000 7.000000000 20.445018768300
924.030000000 9.250000000 20.400100708000
920.530000000 7.500000000 20.344322204600
919.280000000 7.250000000 20.328773498500
917.030000000 7.500000000 20.292177200300
924.280000000 9.250000000 20.284406662000
925.030000000 8.750000000 20.279832840000
920.280000000 7.250000000 20.266172409100
921.780000000 8.250000000 20.259254455600
916.280000000 8.250000000 20.241230011000
919.030000000 7.250000000 20.024946212800
917.280000000 7.500000000 20.001934051500
920.780000000 9.500000000 19.972484588600
917.530000000 7.500000000 19.972219467200
921.780000000 8.500000000 19.949119567900
924.530000000 8.000000000 19.870889663700
918.780000000 8.750000000 19.780759811400
918.280000000 7.250000000 19.709657669100
918.030000000 8.500000000 19.679189682000
923.780000000 9.250000000 19.637790679900
910.780000000 7.500000000 19.596647262600
915.780000000 8.500000000 19.534908294700
919.280000000 9.250000000 19.521905899000
915.530000000 8.500000000 19.498836517300
925.030000000 8.500000000 19.439573288000
916.530000000 7.250000000 19.428188324000
921.030000000 8.250000000 19.396562576300
910.780000000 7.250000000 19.321100235000
917.280000000 8.250000000 19.223257064800
915.030000000 8.250000000 19.131235122700
928.030000000 5.750000000 19.123788833600
910.780000000 7.750000000 19.096162796000
927.780000000 5.750000000 19.034517288200
911.030000000 7.500000000 19.017095565800
923.030000000 9.250000000 18.997062683100
910.530000000 7.500000000 18.994863510100
922.780000000 9.250000000 18.989618301400
919.780000000 9.500000000 18.935716629000
923.530000000 9.250000000 18.871551513700
927.530000000 5.750000000 18.825267791700
911.030000000 7.750000000 18.791383743300
921.030000000 9.250000000 18.774463653600
924.530000000 9.250000000 18.765365600600
923.280000000 9.250000000 18.689493179300
911.030000000 7.250000000 18.623636245700
915.280000000 8.500000000 18.518232345600
910.530000000 7.250000000 18.492219924900
915.280000000 6.750000000 18.452337265000
917.780000000 8.500000000 18.250041961700
916.530000000 8.250000000 18.196266174300
910.780000000 7.000000000 18.189449310300
910.530000000 7.750000000 18.169635772700
916.030000000 7.000000000 18.134435653700
921.780000000 8.000000000 18.097234726000
920.780000000 7.750000000 18.030475616500
921.280000000 8.500000000 17.972419738800
922.530000000 9.250000000 17.861551284800
916.030000000 8.500000000 17.850450515700
916.780000000 7.250000000 17.849613189700
917.030000000 8.250000000 17.841659545900
918.030000000 7.250000000 17.810546875000
921.780000000 8.750000000 17.777189254800
925.030000000 9.000000000 17.733053207400
910.530000000 7.000000000 17.724208831800
921.530000000 8.250000000 17.710248947100
915.030000000 6.750000000 17.709852218600
921.530000000 8.500000000 17.706739425700
921.280000000 8.750000000 17.631999969500
927.280000000 5.750000000 17.600469589200
921.030000000 8.000000000 17.535354614300
911.280000000 7.500000000 17.522644043000
914.780000000 7.500000000 17.490840911900
914.780000000 7.250000000 17.482891082800
918.780000000 9.000000000 17.462368011500
911.280000000 7.750000000 17.416505813600
910.280000000 7.500000000 17.412145614600
923.780000000 7.750000000 17.401943206800
916.780000000 8.250000000 17.395307540900
911.030000000 7.000000000 17.380523681600
915.530000000 6.750000000 17.372625351000
922.030000000 9.000000000 17.367483139000
921.280000000 8.250000000 17.314815521200
918.530000000 8.750000000 17.265785217300
923.530000000 7.750000000 17.208255767800
924.030000000 7.750000000 17.136224746700
910.780000000 6.750000000 17.107362747200
920.530000000 7.250000000 17.095697403000
927.780000000 6.000000000 17.080915451000
910.280000000 7.250000000 17.075677871700
914.780000000 7.750000000 17.049457550000
928.030000000 6.000000000 17.040832519500
910.530000000 6.750000000 17.015954971300
911.030000000 8.000000000 16.922428131100
923.280000000 7.750000000 16.915040969800
927.530000000 6.000000000 16.899353027300
911.280000000 7.250000000 16.882015228300
910.780000000 8.000000000 16.781713485700
917.030000000 7.250000000 16.777093887300
923.030000000 7.750000000 16.760826110800
919.030000000 9.250000000 16.753046035800
922.780000000 7.750000000 16.720165252700
919.530000000 9.500000000 16.700275421100
925.030000000 8.250000000 16.682037353500
924.780000000 8.000000000 16.650058746300
914.780000000 7.000000000 16.608163833600
910.530000000 6.500000000 16.593976974500
920.030000000 7.000000000 16.518186569200
922.530000000 7.750000000 16.512205123900
924.280000000 7.750000000 16.503047943100
920.530000000 9.750000000 16.433145523100
910.280000000 7.750000000 16.432744979900
921.530000000 8.750000000 16.421295166000
917.530000000 8.500000000 16.413461685200
922.280000000 7.750000000 16.360445022600
921.280000000 9.000000000 16.341964721700
910.530000000 6.250000000 16.293041229200
910.780000000 6.500000000 16.277128219600
911.280000000 7.000000000 16.242927551300
921.530000000 8.000000000 16.203344345100
919.780000000 7.000000000 16.188611984300
911.030000000 6.750000000 16.168319702100
920.280000000 9.750000000 16.166503906200
916.280000000 7.000000000 16.131643295300
913.780000000 5.750000000 16.110683441200
911.280000000 8.000000000 16.089643478400
917.280000000 7.250000000 16.066679000900
924.780000000 9.250000000 16.045232772800
921.280000000 8.000000000 16.030618667600
910.280000000 7.000000000 16.009765625000
910.030000000 7.500000000 15.999088287400
921.030000000 9.500000000 15.898646354700
910.280000000 6.250000000 15.880286216700
920.280000000 7.000000000 15.862380981400
914.780000000 8.000000000 15.847580909700
917.780000000 7.250000000 15.809837341300
910.530000000 8.000000000 15.783095359800
913.530000000 5.750000000 15.772483825700
918.280000000 8.750000000 15.761803627000
910.030000000 7.250000000 15.755092620800
915.030000000 8.500000000 15.741740226700
922.280000000 9.250000000 15.725234985400
927.280000000 6.000000000 15.699789047200
916.280000000 8.500000000 15.677272796600
922.030000000 7.750000000 15.664637565600
910.280000000 6.500000000 15.647071838400
914.030000000 5.750000000 15.572325706500
910.780000000 6.250000000 15.548996925400
911.530000000 7.500000000 15.438149452200
910.280000000 6.750000000 15.408979415900
917.530000000 7.250000000 15.395919799800
911.530000000 7.750000000 15.381513595600
919.530000000 7.000000000 15.368234634400
914.780000000 6.750000000 15.344092369100
927.030000000 5.750000000 15.323303222700
921.030000000 7.750000000 15.316934585600
920.780000000 7.500000000 15.305668830900
915.780000000 6.750000000 15.294554710400
925.280000000 8.750000000 15.229747772200
920.780000000 9.750000000 15.209366798400
911.280000000 6.750000000 15.188879013100
913.780000000 6.000000000 15.182323455800
915.030000000 6.500000000 15.131802558900
911.030000000 6.500000000 15.112053871200
915.530000000 8.750000000 15.051309585600
924.530000000 7.750000000 15.032448768600
910.530000000 6.000000000 15.020149231000
925.280000000 8.500000000 14.991447448700
914.030000000 6.000000000 14.967018127400
911.530000000 7.250000000 14.960148811300
910.030000000 7.750000000 14.944581985500
910.280000000 6.000000000 14.901403427100
921.780000000 9.000000000 14.885379791300
920.030000000 9.750000000 14.874588012700
915.780000000 8.750000000 14.854132652300
918.530000000 9.000000000 14.800353050200
913.530000000 6.000000000 14.725057601900
915.280000000 6.500000000 14.692704200700
914.280000000 5.750000000 14.690364837600
917.280000000 8.500000000 14.679965972900
919.280000000 9.500000000 14.673716545100
916.530000000 7.000000000 14.651041984600
911.530000000 7.000000000 14.619335174600
921.280000000 9.250000000 14.613827705400
910.030000000 6.250000000 14.600372314500
913.280000000 5.750000000 14.592001915000
910.030000000 7.000000000 14.584667205800
911.530000000 8.000000000 14.510245323200
918.030000000 8.750000000 14.477826118500
919.280000000 7.000000000 14.476216316200
921.530000000 9.000000000 14.431126594500
910.780000000 6.000000000 14.374767303500
909.780000000 7.500000000 14.355332374600
910.280000000 8.000000000 14.332527160600
921.780000000 7.750000000 14.279853820800
914.280000000 6.000000000 14.271096229600
918.530000000 7.000000000 14.262571334800
918.780000000 9.250000000 14.261964798000
911.030000000 6.250000000 14.255311012300
909.780000000 7.250000000 14.235925674400
914.780000000 6.500000000 14.122974395800
918.280000000 7.000000000 14.115659713700
911.530000000 6.750000000 14.100935936000
910.030000000 6.500000000 14.087336540200
915.280000000 8.750000000 14.070872306800
920.530000000 7.000000000 14.066788673400
914.780000000 8.250000000 14.059557914700
921.280000000 7.750000000 14.059311866800
911.280000000 6.500000000 14.056323051500
916.530000000 8.500000000 14.039475441000
910.030000000 6.000000000 13.968492507900
918.780000000 7.000000000 13.954746246300
911.030000000 8.250000000 13.849351882900
919.030000000 7.000000000 13.774872779800
925.030000000 8.000000000 13.703551292400
916.030000000 6.750000000 13.663745880100
911.280000000 8.250000000 13.628291130100
921.530000000 7.750000000 13.616358757000
914.530000000 5.750000000 13.603997230500
917.030000000 8.500000000 13.550182342500
916.780000000 7.000000000 13.546800613400
913.280000000 6.000000000 13.535012245200
914.530000000 6.000000000 13.497566223100
910.780000000 8.250000000 13.477807045000
913.780000000 6.250000000 13.475686073300
922.030000000 9.250000000 13.471125602700
909.780000000 7.750000000 13.461099624600
916.030000000 8.750000000 13.449114799500
914.030000000 6.250000000 13.420176506000
927.030000000 6.000000000 13.417455673200
910.030000000 6.750000000 13.398826599100
915.530000000 6.500000000 13.394385337800
925.280000000 8.250000000 13.387694358800
920.780000000 7.250000000 13.349814415000
918.030000000 7.000000000 13.343231201200
928.030000000 6.250000000 13.320590019200
927.780000000 6.250000000 13.317781448400
909.780000000 7.000000000 13.313662529000
916.780000000 8.500000000 13.308754921000
924.280000000 9.500000000 13.283110618600
919.780000000 9.750000000 13.263177871700
925.280000000 9.000000000 13.245782852200
924.030000000 9.500000000 13.239571571400
911.530000000 6.500000000 13.218628883400
910.280000000 5.750000000 13.211714744600
910.530000000 5.750000000 13.166610717800
911.030000000 6.000000000 13.148450851400
915.030000000 6.250000000 13.080560684200
914.780000000 6.250000000 13.078696250900
917.780000000 8.750000000 13.055427551300
924.780000000 7.750000000 13.053989410400
927.530000000 6.250000000 13.051462173500
911.780000000 7.500000000 13.051226615900
914.280000000 6.250000000 13.042988777200
911.780000000 7.250000000 13.028089523300
911.780000000 7.750000000 12.997197151200
911.280000000 6.250000000 12.987469673200
913.530000000 6.250000000 12.956364631700
921.030000000 7.500000000 12.927407264700
922.780000000 9.500000000 12.917375564600
911.780000000 7.000000000 12.895272254900
919.030000000 9.500000000 12.868193626400
921.030000000 9.750000000 12.866193771400
910.030000000 8.000000000 12.845215797400
913.030000000 5.750000000 12.845145225500
923.030000000 9.500000000 12.829420089700
909.530000000 7.500000000 12.826983451800
925.030000000 9.250000000 12.820592880200
923.780000000 9.500000000 12.817152023300
921.280000000 9.500000000 12.750253677400
911.530000000 8.250000000 12.747768402100
909.780000000 6.250000000 12.710608482400
910.530000000 8.250000000 12.706825256300
926.780000000 5.750000000 12.705444335900
914.780000000 6.000000000 12.692605972300
909.530000000 7.250000000 12.686587333700
914.530000000 6.250000000 12.683303833000
917.030000000 7.000000000 12.664075851400
911.780000000 6.750000000 12.616936683700
910.030000000 5.750000000 12.548477172900
923.280000000 9.500000000 12.543573379500
924.530000000 9.500000000 12.523048400900
910.780000000 5.750000000 12.509250640900
923.530000000 9.500000000 12.501197814900
923.780000000 7.500000000 12.458693504300
911.780000000 8.000000000 12.458623886100
918.280000000 9.000000000 12.430508613600
920.030000000 6.750000000 12.420030593900
924.030000000 7.500000000 12.418492317200
922.530000000 9.500000000 12.396914482100
918.530000000 9.250000000 12.377875328100
914.530000000 7.000000000 12.365674972500
923.530000000 7.500000000 12.339356422400
920.280000000 6.750000000 12.332835197400
916.280000000 6.750000000 12.325650215100
909.780000000 6.000000000 12.322686195400
915.030000000 8.750000000 12.318028450000
914.530000000 6.750000000 12.303978920000
914.780000000 5.750000000 12.284978866600
921.530000000 9.250000000 12.282414436300
915.780000000 6.500000000 12.252605438200
914.530000000 7.250000000 12.220984458900
923.280000000 7.500000000 12.202082634000
914.530000000 6.500000000 12.195722580000
909.780000000 6.500000000 12.165239334100
914.280000000 6.500000000 12.139970779400
911.530000000 6.250000000 12.116486549400
923.030000000 7.500000000 12.087525367700
911.780000000 6.500000000 12.081771850600
921.780000000 9.250000000 12.081010818500
909.530000000 7.750000000 12.072363853500
927.280000000 6.250000000 12.060031890900
914.030000000 6.500000000 12.059349060100
915.280000000 6.250000000 12.051556587200
914.780000000 8.500000000 12.048242569000
919.780000000 6.750000000 12.026527404800
924.280000000 7.500000000 12.011633873000
909.780000000 6.750000000 11.972169876100
922.780000000 7.500000000 11.954659462000
917.780000000 7.000000000 11.949256897000
911.280000000 6.000000000 11.919246673600
919.530000000 9.750000000 11.886959075900
914.280000000 6.750000000 11.881050109900
913.030000000 6.000000000 11.845630645800
917.280000000 7.000000000 11.834881782500
916.280000000 8.750000000 11.819804191600
909.530000000 7.000000000 11.816137313800
915.030000000 6.000000000 11.766558647200
914.530000000 7.500000000 11.762921333300
925.530000000 8.500000000 11.755290031400
910.280000000 8.250000000 11.704513549800
922.530000000 7.500000000 11.701243400600
909.780000000 8.000000000 11.697522163400
913.280000000 6.250000000 11.640964508100
911.030000000 5.750000000 11.637133598300
920.780000000 7.000000000 11.592125892600
916.030000000 6.500000000 11.567526817300
920.530000000 6.750000000 11.536563873300
917.530000000 8.750000000 11.533156395000
921.280000000 7.500000000 11.531490325900
914.280000000 7.000000000 11.503019332900
925.280000000 8.000000000 11.464210510300
925.530000000 8.750000000 11.426988601700
913.780000000 6.500000000 11.387433052100
919.530000000 6.750000000 11.378122329700
914.030000000 6.750000000 11.363909721400
915.530000000 6.250000000 11.349696159400
922.280000000 9.500000000 11.337157249500
911.780000000 8.250000000 11.320134162900
918.780000000 9.500000000 11.319878578200
924.530000000 7.500000000 11.291753768900
912.030000000 7.000000000 11.279721260100
912.030000000 7.250000000 11.271306991600
911.780000000 6.250000000 11.235131263700
922.280000000 7.500000000 11.187125206000
925.030000000 7.750000000 11.180233001700
912.030000000 7.500000000 11.153598785400
915.530000000 9.000000000 11.134661674500
909.780000000 5.750000000 11.124177932700
912.030000000 6.750000000 11.115516662600
925.530000000 8.250000000 11.113440513600
914.030000000 7.000000000 11.112931251500
917.530000000 7.000000000 11.071656227100
915.780000000 6.250000000 11.064767837500
912.780000000 5.750000000 11.008236885100
920.530000000 10.000000000 10.993855476400
914.530000000 7.750000000 10.964444160500
916.530000000 6.750000000 10.961286544800
914.280000000 7.250000000 10.952499389600
915.030000000 5.750000000 10.946459770200
909.280000000 7.500000000 10.946337699900
924.780000000 9.500000000 10.916603088400
915.780000000 9.000000000 10.882358551000
912.030000000 7.750000000 10.863887786900
920.280000000 10.000000000 10.836589813200
911.530000000 6.000000000 10.790534973100
919.280000000 9.750000000 10.766633987400
921.530000000 7.500000000 10.752303123500
926.780000000 6.000000000 10.747812271100
909.280000000 7.250000000 10.725531578100
920.780000000 10.000000000 10.712771415700
912.030000000 6.500000000 10.711011886600
913.530000000 6.500000000 10.667920112600
921.530000000 9.500000000 10.651518821700
921.280000000 9.750000000 10.647015571600
911.280000000 8.500000000 10.608657836900
916.280000000 6.500000000 10.582249641400
916.030000000 6.250000000 10.566879272500
921.030000000 7.250000000 10.560207366900
909.530000000 8.000000000 10.557970047000
909.530000000 6.750000000 10.554116249100
910.030000000 8.250000000 10.547168731700
916.530000000 8.750000000 10.508131980900
911.030000000 8.500000000 10.506196975700
911.280000000 5.750000000 10.494412422200
922.030000000 7.500000000 10.470591545100
919.280000000 6.750000000 10.462147712700
909.280000000 7.750000000 10.455785751300
926.530000000 5.750000000 10.435833931000
914.030000000 7.250000000 10.420267105100
915.530000000 6.000000000 10.406455040000
909.530000000 6.250000000 10.400102615400
918.030000000 9.000000000 10.386396408100
911.530000000 8.500000000 10.360142707800
918.280000000 9.250000000 10.356184005700
915.280000000 6.000000000 10.353513717700
910.780000000 8.500000000 10.353089332600
921.780000000 7.500000000 10.327479362500
927.030000000 6.250000000 10.321309089700
915.280000000 9.000000000 10.317867279100
920.030000000 10.000000000 10.262862205500
917.280000000 8.750000000 10.256587028500
924.780000000 7.500000000 10.251331329300
922.030000000 9.500000000 10.244632720900
912.030000000 8.000000000 10.236842155500
909.530000000 6.000000000 10.223970413200
915.780000000 6.000000000 10.195116043100
912.780000000 6.000000000 10.175507545500
911.780000000 6.000000000 10.158361434900
913.030000000 6.250000000 10.137058258100
914.530000000 8.000000000 10.133361816400
913.780000000 6.750000000 10.124224662800
912.030000000 6.250000000 10.079517364500
920.780000000 6.750000000 10.070878028900
909.280000000 7.000000000 10.013163566600
925.780000000 8.500000000 9.987663269000
916.030000000 9.000000000 9.912567138700
925.530000000 9.000000000 9.904666900600
921.780000000 9.500000000 9.903554916400
909.530000000 6.500000000 9.902001380900
925.530000000 8.000000000 9.895466804500
916.030000000 6.000000000 9.884403228800
914.780000000 8.750000000 9.873294830300
916.780000000 8.750000000 9.851111412000
921.030000000 10.000000000 9.841438293500
916.780000000 6.750000000 9.817377090500
914.280000000 7.500000000 9.817348480200
925.280000000 9.250000000 9.795775413500
925.780000000 8.250000000 9.776461601300
910.530000000 8.500000000 9.768120765700
916.280000000 6.250000000 9.762178421000
917.030000000 8.750000000 9.726209640500
918.530000000 9.500000000 9.717130661000
920.280000000 6.500000000 9.697061538700
912.280000000 7.000000000 9.686910629300
915.280000000 5.750000000 9.684894561800
912.280000000 6.750000000 9.681287765500
925.280000000 7.750000000 9.652538299600
928.030000000 6.500000000 9.639375686600
911.780000000 8.500000000 9.637922287000
913.780000000 7.000000000 9.635639190700
919.030000000 6.750000000 9.631152153000
912.530000000 5.750000000 9.595281601000
919.030000000 9.750000000 9.587221145600
912.030000000 8.250000000 9.560461998000
914.030000000 7.500000000 9.543247222900
927.780000000 6.500000000 9.541103363000
915.530000000 5.750000000 9.522551536600
909.780000000 8.250000000 9.521059036300
912.280000000 7.250000000 9.514761924700
920.030000000 6.500000000 9.511644363400
913.280000000 6.500000000 9.483827590900
920.530000000 6.500000000 9.468832016000
919.780000000 10.000000000 9.444814682000
925.780000000 8.750000000 9.440341949500
912.280000000 6.500000000 9.435674667400
912.030000000 6.000000000 9.419692993200
926.030000000 8.500000000 9.324740409900
921.280000000 7.250000000 9.324702262900
918.030000000 6.750000000 9.324329376200
918.280000000 6.750000000 9.318243026700
927.530000000 6.500000000 9.313057899500
921.030000000 7.000000000 9.310553550700
915.780000000 5.750000000 9.308905601500
909.530000000 5.750000000 9.306226730300
911.530000000 5.750000000 9.304813385000
909.280000000 8.000000000 9.302764892600
916.280000000 6.000000000 9.287488937400
916.530000000 6.500000000 9.270640373200
914.530000000 8.250000000 9.269555091900
912.280000000 7.500000000 9.261931419400
917.780000000 6.750000000 9.258222580000
915.030000000 9.000000000 9.255558013900
921.530000000 9.750000000 9.191071510300
911.780000000 5.750000000 9.140111923200
925.030000000 7.500000000 9.139695167500
910.280000000 8.500000000 9.133577346800
909.280000000 6.750000000 9.126839637800
912.530000000 6.000000000 9.103785514800
924.030000000 7.250000000 9.099690437300
926.030000000 8.250000000 9.084457397500
918.780000000 6.750000000 9.082149505600
919.780000000 6.500000000 9.074485778800
926.280000000 8.500000000 9.060897827100
913.780000000 7.250000000 9.024871826200
918.530000000 6.750000000 9.021602630600
923.780000000 7.250000000 9.017479896500
912.280000000 6.250000000 9.004415512100
912.280000000 6.000000000 8.998497009300
924.280000000 7.250000000 8.987169265700
916.030000000 5.750000000 8.974251747100
909.030000000 7.500000000 8.953840255700
912.030000000 5.750000000 8.947932243300
912.780000000 6.250000000 8.940187454200
908.280000000 5.750000000 8.933173179600
923.530000000 7.250000000 8.921698570300
912.280000000 7.750000000 8.909820556600
909.030000000 7.250000000 8.909386634800
917.030000000 6.750000000 8.894676208500
916.530000000 6.250000000 8.886756897000
925.030000000 9.500000000 8.883799552900
920.780000000 6.500000000 8.874860763500
917.530000000 6.750000000 8.873393058800
912.280000000 5.750000000 8.868023872400
926.280000000 5.750000000 8.830138206500
923.280000000 7.250000000 8.821224212600
926.030000000 8.750000000 8.819449424700
925.780000000 8.000000000 8.784379005400
916.280000000 9.000000000 8.770148277300
917.780000000 9.000000000 8.760540008500
921.030000000 6.750000000 8.739256858800
926.280000000 8.750000000 8.735583305400
926.530000000 8.500000000 8.722772598300
909.530000000 8.250000000 8.662684440600
912.530000000 6.250000000 8.660986900300
914.280000000 7.750000000 8.641629219100
909.030000000 7.750000000 8.627978324900
926.530000000 8.750000000 8.623673439000
926.280000000 8.250000000 8.621995925900
927.280000000 6.500000000 8.614942550700
919.530000000 10.000000000 8.603405952500
921.280000000 10.000000000 8.601884841900
923.030000000 7.250000000 8.601762771600
913.530000000 6.750000000 8.588627815200
922.780000000 9.750000000 8.584606170700
924.530000000 7.250000000 8.571646690400
909.030000000 7.000000000 8.570729255700
914.030000000 7.750000000 8.560160636900
919.530000000 6.500000000 8.551066398600
923.030000000 9.750000000 8.522827148400
912.030000000 8.500000000 8.487174034100
917.280000000 6.750000000 8.479979515100
913.780000000 7.500000000 8.461078643800
916.530000000 6.000000000 8.457144737200
922.530000000 9.750000000 8.424924850500
926.530000000 6.000000000 8.423723220800
914.530000000 8.500000000 8.411731720000
912.530000000 6.500000000 8.410822868300
916.280000000 5.750000000 8.409952163700
918.280000000 9.500000000 8.396205902100
921.780000000 9.750000000 8.393750190700
925.530000000 7.750000000 8.379406929000
918.030000000 9.250000000 8.377352714500
922.780000000 7.250000000 8.376090049700
910.030000000 8.500000000 8.365359306300
923.280000000 9.750000000 8.348299026500
926.780000000 8.750000000 8.333531379700
912.530000000 6.750000000 8.327800750700
912.280000000 8.000000000 8.327102661100
918.780000000 9.750000000 8.325620651200
922.280000000 9.750000000 8.256278991700
925.780000000 9.000000000 8.254248619100
926.780000000 8.500000000 8.248780250500
922.530000000 7.250000000 8.234500885000
909.280000000 6.500000000 8.230122566200
921.530000000 7.250000000 8.219835281400
913.030000000 6.500000000 8.215076446500
916.780000000 6.500000000 8.213202476500
923.530000000 9.750000000 8.202911377000
924.030000000 9.750000000 8.201192855800
922.030000000 9.750000000 8.182020187400
924.280000000 9.750000000 8.178625106800
923.780000000 9.750000000 8.154438018800
926.780000000 6.250000000 8.142992973300
921.030000000 6.500000000 8.138222694400
920.280000000 6.250000000 8.137823104900
926.530000000 8.250000000 8.135349273700
909.280000000 6.250000000 8.127551078800
924.780000000 7.250000000 8.106972694400
909.030000000 6.750000000 8.095360755900
920.530000000 6.250000000 8.084912300100
912.530000000 7.000000000 8.081505775500
911.030000000 8.750000000 8.058948516800
915.530000000 9.250000000 8.034977912900
909.280000000 6.000000000 8.010237693800
925.280000000 7.500000000 8.008269310000
926.530000000 9.000000000 7.988516330700
908.280000000 6.000000000 7.982450962100
910.780000000 8.750000000 7.980024337800
926.030000000 8.000000000 7.958791256000
911.280000000 8.750000000 7.937729358700
908.530000000 5.750000000 7.930348873100
926.280000000 9.000000000 7.918334007300
909.030000000 8.000000000 7.916713714600
922.280000000 7.250000000 7.913524150800
916.780000000 6.250000000 7.908795833600
927.030000000 8.750000000 7.896610260000
916.530000000 9.000000000 7.895955562600
921.280000000 6.750000000 7.892273902900
912.780000000 6.500000000 7.880683422100
926.780000000 9.000000000 7.874538898500
924.530000000 9.750000000 7.845091819800
926.030000000 9.000000000 7.837901592300
920.780000000 6.250000000 7.832722187000
915.780000000 9.250000000 7.823147773700
921.280000000 7.000000000 7.822307586700
914.780000000 9.000000000 7.817398071300
909.280000000 8.250000000 7.814797878300
911.530000000 8.750000000 7.812586784400
919.280000000 6.500000000 7.793116569500
912.530000000 7.250000000 7.771040916400
920.030000000 6.250000000 7.755966186500
919.280000000 10.000000000 7.736750602700
912.280000000 8.250000000 7.728336811100
915.280000000 9.250000000 7.716555595400
921.530000000 10.000000000 7.716235160800
925.530000000 9.250000000 7.710777282700
927.030000000 8.500000000 7.701130390200
911.780000000 8.750000000 7.648380756400
921.280000000 6.500000000 7.647955417600
913.780000000 7.750000000 7.644773006400
916.530000000 5.750000000 7.641038417800
917.530000000 9.000000000 7.636622428900
926.030000000 5.750000000 7.618457317400
926.780000000 8.250000000 7.607022285500
909.030000000 6.500000000 7.601323127700
910.530000000 8.750000000 7.595589637800
913.530000000 7.000000000 7.580885410300
927.030000000 9.000000000 7.580080509200
917.030000000 6.500000000 7.575890064200
914.530000000 8.750000000 7.563856601700
921.030000000 6.250000000 7.522910594900
918.530000000 9.750000000 7.485539913200
916.780000000 6.000000000 7.475058555600
925.030000000 7.250000000 7.457373142200
909.780000000 8.500000000 7.423893928500
909.280000000 5.750000000 7.409541606900
912.530000000 7.500000000 7.401939868900
914.030000000 8.000000000 7.368627071400
908.780000000 7.000000000 7.366176605200
908.530000000 6.000000000 7.362380504600
908.780000000 7.250000000 7.362335681900
922.030000000 7.250000000 7.361382961300
926.280000000 8.000000000 7.340292930600
914.280000000 8.000000000 7.332022666900
927.030000000 6.500000000 7.318676471700
918.030000000 9.500000000 7.298574924500
927.280000000 8.750000000 7.279545784000
913.280000000 6.750000000 7.279070377300
916.780000000 9.000000000 7.241554737100
917.280000000 6.500000000 7.235591888400
925.780000000 7.750000000 7.235548019400
921.530000000 6.750000000 7.221939563800
924.780000000 9.750000000 7.214320659600
913.530000000 7.250000000 7.206558227500
917.780000000 9.250000000 7.205453872700
921.780000000 7.250000000 7.202566623700
912.780000000 6.750000000 7.201286792800
916.030000000 9.250000000 7.186622142800
908.780000000 7.500000000 7.169006824500
908.780000000 6.750000000 7.164394855500
921.280000000 6.250000000 7.156220912900
908.780000000 5.750000000 7.144473075900
909.030000000 6.250000000 7.118727684000
921.780000000 10.000000000 7.087482452400
912.280000000 8.500000000 7.082230567900
912.030000000 8.750000000 7.079643249500
927.280000000 9.000000000 7.065676212300
917.530000000 6.500000000 7.063998222400
927.030000000 8.250000000 7.061148166700
925.280000000 9.500000000 7.052680492400
921.530000000 6.500000000 7.051474571200
919.780000000 6.250000000 7.047238826800
927.280000000 8.500000000 7.041065692900
918.530000000 6.500000000 7.039119720500
917.280000000 9.000000000 7.038244724300
910.280000000 8.750000000 7.027610302000
918.280000000 6.500000000 7.026655674000
912.530000000 7.750000000 7.011072158800
917.030000000 6.250000000 6.999801158900
908.780000000 6.000000000 6.961063385000
921.530000000 7.000000000 6.952599048600
908.780000000 6.500000000 6.949177742000
926.530000000 9.250000000 6.943320751200
917.030000000 9.000000000 6.936594009400
915.030000000 9.250000000 6.935136318200
918.780000000 6.500000000 6.930717468300
926.780000000 9.250000000 6.924709320100
924.030000000 7.000000000 6.919326305400
920.530000000 6.000000000 6.915777683300
923.780000000 7.000000000 6.910735607100
924.280000000 7.000000000 6.905234336900
908.280000000 6.250000000 6.905003547700
926.280000000 9.250000000 6.899140358000
919.030000000 6.500000000 6.894515514400
926.530000000 8.000000000 6.870339870500
923.530000000 7.000000000 6.864674091300
919.530000000 6.250000000 6.845706939700
913.530000000 7.500000000 6.840452671100
918.030000000 6.500000000 6.831207275400
920.780000000 6.000000000 6.830266952500
925.780000000 5.750000000 6.824858665500
920.280000000 6.000000000 6.818224430100
908.780000000 6.250000000 6.818021297500
917.780000000 6.500000000 6.811522960700
909.030000000 8.250000000 6.808485031100
925.780000000 9.250000000 6.805829048200
909.030000000 6.000000000 6.805042266800
925.530000000 7.500000000 6.800734043100
909.530000000 8.500000000 6.793169498400
919.030000000 10.000000000 6.785583019300
908.780000000 7.750000000 6.765148639700
921.030000000 6.000000000 6.749886512800
926.030000000 9.250000000 6.744435310400
913.780000000 8.000000000 6.743856430100
926.280000000 6.000000000 6.736866474200
927.030000000 9.250000000 6.733831882500
928.030000000 6.750000000 6.727768421200
918.280000000 9.750000000 6.717517375900
909.030000000 5.750000000 6.715030670200
916.780000000 5.750000000 6.713611602800
908.530000000 6.250000000 6.692756652800
927.780000000 6.750000000 6.691154480000
924.530000000 7.000000000 6.679677009600
922.030000000 10.000000000 6.641610622400
923.280000000 7.000000000 6.636203289000
913.030000000 6.750000000 6.633896827700
912.780000000 7.000000000 6.631158828700
921.530000000 6.250000000 6.611965656300
916.280000000 9.250000000 6.579371929200
925.280000000 7.250000000 6.545096874200
921.280000000 6.000000000 6.538342475900
910.030000000 8.750000000 6.489288806900
927.530000000 6.750000000 6.486929893500
919.280000000 6.250000000 6.484509468100
926.780000000 8.000000000 6.472316265100
924.780000000 7.000000000 6.467566967000
921.780000000 6.750000000 6.462033271800
908.530000000 6.750000000 6.457712173500
912.530000000 8.000000000 6.451580047600
927.280000000 8.250000000 6.440056800800
914.530000000 9.000000000 6.419603824600
925.530000000 5.750000000 6.413861751600
908.530000000 7.000000000 6.413527488700
920.030000000 6.000000000 6.408076763200
918.530000000 6.250000000 6.407167434700
917.030000000 6.000000000 6.406192779500
918.280000000 6.250000000 6.405390739400
908.530000000 6.500000000 6.405277252200
925.030000000 9.750000000 6.402865409900
911.030000000 9.000000000 6.400629520400
912.280000000 8.750000000 6.379965305300
927.530000000 8.750000000 6.374927043900
910.780000000 9.000000000 6.368700027500
921.780000000 6.500000000 6.350166320800
922.280000000 10.000000000 6.338087558700
917.780000000 9.500000000 6.327824115800
927.280000000 9.250000000 6.325587272600
913.530000000 7.750000000 6.309159278900
918.780000000 6.250000000 6.300911426500
917.530000000 9.250000000 6.300055503800
918.030000000 6.250000000 6.299482822400
919.030000000 6.250000000 6.292725563000
919.780000000 6.000000000 6.285055160500
925.280000000 5.750000000 6.282324791000
921.780000000 7.000000000 6.279163360600
925.030000000 5.750000000 6.279118061100
926.030000000 7.750000000 6.264023780800
924.780000000 5.750000000 6.257449150100
926.530000000 6.250000000 6.239701271100
927.530000000 9.000000000 6.229041099500
923.030000000 7.000000000 6.220405578600
917.280000000 6.250000000 6.214648246800
909.280000000 8.500000000 6.211551189400
911.280000000 9.000000000 6.208138465900
908.530000000 7.250000000 6.206565856900
918.030000000 9.750000000 6.182092189800
927.530000000 8.500000000 6.142182350200
924.530000000 5.750000000 6.129692077600
922.530000000 10.000000000 6.122035980200
908.280000000 6.500000000 6.119619846300
908.780000000 8.000000000 6.111435413400
918.780000000 10.000000000 6.105566501600
921.530000000 6.000000000 6.094816207900
912.780000000 7.250000000 6.094336509700
925.030000000 7.000000000 6.080500125900
914.780000000 9.250000000 6.075415134400
924.280000000 10.000000000 6.064804077100
927.030000000 8.000000000 6.064478874200
910.530000000 9.000000000 6.054673671700
919.530000000 6.000000000 6.049012184100
912.530000000 8.250000000 6.035253047900
911.780000000 9.000000000 6.034882068600
916.530000000 9.250000000 6.025818347900
912.030000000 9.000000000 6.019476890600
924.530000000 10.000000000 6.008497715000
914.030000000 8.250000000 6.007287979100
922.780000000 10.000000000 5.993204116800
911.530000000 9.000000000 5.974706649800
917.780000000 6.250000000 5.954369068100
924.030000000 10.000000000 5.952426910400
923.030000000 10.000000000 5.937287807500
921.280000000 5.750000000 5.926658153500
927.280000000 6.750000000 5.921554088600
921.030000000 5.750000000 5.919904708900
914.280000000 8.250000000 5.890680789900
925.530000000 9.500000000 5.885503292100
921.780000000 6.250000000 5.869021415700
908.530000000 7.500000000 5.863027572600
923.280000000 10.000000000 5.859810352300
922.030000000 7.000000000 5.858190059700
915.530000000 9.500000000 5.853607177700
924.280000000 5.750000000 5.840246677400
909.780000000 8.750000000 5.837351322200
915.280000000 9.500000000 5.802428245500
908.280000000 6.750000000 5.780300140400
926.780000000 6.500000000 5.777858734100
923.780000000 10.000000000 5.776724815400
920.780000000 5.750000000 5.775892734500
912.280000000 9.000000000 5.773776531200
922.030000000 6.750000000 5.770480155900
918.530000000 10.000000000 5.763521671300
924.780000000 10.000000000 5.743243694300
913.530000000 8.000000000 5.741227626800
917.530000000 9.500000000 5.730830669400
922.030000000 6.500000000 5.717797279400
926.530000000 9.500000000 5.717463970200
913.780000000 8.250000000 5.716895580300
917.280000000 9.250000000 5.711112499200
926.280000000 9.500000000 5.710838317900
922.280000000 7.000000000 5.708496093800
920.530000000 5.750000000 5.705338478100
910.280000000 9.000000000 5.703042984000
926.030000000 6.000000000 5.692045688600
919.280000000 6.000000000 5.681036949200
922.780000000 7.000000000 5.666587352800
923.530000000 10.000000000 5.656597614300
912.530000000 8.500000000 5.651914596600
913.280000000 7.000000000 5.650239944500
922.530000000 7.000000000 5.646908760100
917.030000000 5.750000000 5.643531322500
915.780000000 9.500000000 5.639441490200
912.530000000 8.750000000 5.638531208000
921.530000000 5.750000000 5.636909484900
922.280000000 6.500000000 5.634155750300
926.780000000 9.500000000 5.630451679200
912.780000000 7.500000000 5.617347717300
927.530000000 8.250000000 5.617156982400
916.030000000 9.500000000 5.614593029000
917.530000000 6.250000000 5.610373497000
926.280000000 7.750000000 5.605313777900
927.530000000 9.250000000 5.603093147300
916.780000000 9.250000000 5.589842319500
925.780000000 7.500000000 5.585293769800
920.280000000 5.750000000 5.582424163800
917.780000000 9.750000000 5.581140518200
927.280000000 8.000000000 5.562859535200
924.030000000 6.750000000 5.548611164100
915.030000000 9.500000000 5.544475555400
925.280000000 9.750000000 5.539499282800
924.280000000 6.750000000 5.539028167700
926.030000000 9.500000000 5.537497043600
928.030000000 8.250000000 5.526416778600
918.280000000 10.000000000 5.517928123500
913.030000000 7.000000000 5.515180110900
927.030000000 9.500000000 5.499461174000
923.780000000 6.750000000 5.494349479700
914.280000000 8.500000000 5.484771251700
917.030000000 9.250000000 5.475086689000
910.030000000 9.000000000 5.473541736600
925.780000000 9.500000000 5.465886116000
908.280000000 7.000000000 5.458273887600
916.280000000 9.500000000 5.457876205400
923.530000000 6.750000000 5.457563400300
924.530000000 6.750000000 5.435665130600
911.030000000 9.250000000 5.416055202500
909.030000000 8.500000000 5.408402442900
924.030000000 5.750000000 5.397284030900
910.780000000 9.250000000 5.397169113200
925.530000000 7.250000000 5.391817569700
919.030000000 6.000000000 5.384606361400
928.030000000 8.000000000 5.381255149800
911.280000000 9.250000000 5.374462127700
908.530000000 7.750000000 5.360802173600
922.280000000 6.750000000 5.356794834100
925.280000000 7.000000000 5.344855308500
919.780000000 5.750000000 5.335291862500
926.780000000 9.750000000 5.334712028500
909.530000000 8.750000000 5.333602905300
910.530000000 9.250000000 5.328659057600
914.280000000 8.750000000 5.320160865800
921.780000000 6.000000000 5.316613197300
917.280000000 6.000000000 5.316171169300
922.530000000 6.500000000 5.312936782800
920.030000000 5.750000000 5.297999858900
908.780000000 8.250000000 5.286737918900
924.780000000 6.750000000 5.282177925100
926.530000000 7.750000000 5.270468235000
912.530000000 9.000000000 5.250887394000
925.030000000 10.000000000 5.238910675000
923.280000000 6.750000000 5.236498355900
922.030000000 6.250000000 5.230959415400
927.780000000 8.250000000 5.209230899800
926.530000000 9.750000000 5.206021308900
913.280000000 7.250000000 5.203615188600
910.280000000 9.250000000 5.203571319600
913.530000000 8.250000000 5.199971199000
925.780000000 6.000000000 5.198734283400
911.530000000 9.250000000 5.195978164700
925.030000000 6.000000000 5.195696830700
927.780000000 8.750000000 5.193702220900
917.280000000 9.500000000 5.191161155700
918.780000000 6.000000000 5.189199447600
912.780000000 7.750000000 5.186867713900
925.280000000 6.000000000 5.182381153100
927.030000000 9.750000000 5.182041645100
922.280000000 6.250000000 5.174160480500
927.280000000 9.500000000 5.163295745800
927.780000000 8.000000000 5.148068428000
914.530000000 9.250000000 5.145273208600
922.530000000 6.750000000 5.140095710800
924.780000000 6.000000000 5.132868289900
925.530000000 6.000000000 5.127284526800
913.280000000 7.500000000 5.125065803500
919.530000000 5.750000000 5.115991115600
918.530000000 6.000000000 5.109412193300
927.780000000 9.000000000 5.100845813800
926.780000000 7.750000000 5.100768566100
918.030000000 10.000000000 5.096129417400
916.530000000 9.500000000 5.090070724500
928.030000000 8.500000000 5.087695121800
909.780000000 9.000000000 5.084268569900
916.030000000 9.750000000 5.076072216000
911.030000000 9.500000000 5.061901569400
925.030000000 6.750000000 5.058642864200
910.780000000 9.500000000 5.051892280600
924.530000000 6.000000000 5.046626567800
914.780000000 9.500000000 5.044540882100
908.280000000 7.250000000 5.037727832800
911.780000000 9.250000000 5.036336422000
918.280000000 6.000000000 5.034972667700
927.030000000 6.750000000 5.016238212600
917.530000000 9.750000000 5.013007164000
910.530000000 9.500000000 5.001574993100
921.780000000 5.750000000 4.999305248300
910.030000000 9.250000000 4.981387615200
927.780000000 7.000000000 4.979876518200
912.030000000 9.250000000 4.978416442900
916.280000000 9.750000000 4.973486423500
911.280000000 9.500000000 4.973180770900
918.030000000 6.000000000 4.967489719400
914.280000000 9.000000000 4.966894149800
913.280000000 7.750000000 4.956292152400
924.280000000 6.000000000 4.947541236900
922.780000000 6.500000000 4.942558765400
927.780000000 8.500000000 4.941374301900
928.030000000 7.000000000 4.935584545100
922.530000000 6.250000000 4.917699337000
927.030000000 7.750000000 4.914155960100
926.280000000 6.250000000 4.911994457200
910.280000000 9.500000000 4.890748024000
927.530000000 8.000000000 4.874157905600
917.030000000 9.500000000 4.843788147000
912.280000000 9.250000000 4.838848590900
927.280000000 9.750000000 4.837239742300
912.780000000 8.750000000 4.830004692100
924.030000000 6.000000000 4.825826644900
916.780000000 9.500000000 4.815087318400
924.030000000 6.500000000 4.812169551800
922.780000000 6.750000000 4.792939662900
917.780000000 6.000000000 4.792395591700
909.280000000 8.750000000 4.791978836100
928.030000000 7.750000000 4.789860725400
913.780000000 8.500000000 4.787912368800
927.530000000 7.000000000 4.786827564200
915.780000000 9.750000000 4.784829616500
913.280000000 8.000000000 4.782992839800
925.530000000 9.750000000 4.777383804300
924.280000000 6.500000000 4.768443584400
919.280000000 5.750000000 4.749891281100
908.280000000 10.000000000 4.747044086500
923.780000000 6.500000000 4.738716602300
915.280000000 9.750000000 4.738593578300
912.780000000 8.500000000 4.736460685700
924.530000000 6.500000000 4.733902454400
923.780000000 5.750000000 4.732208252000
914.030000000 8.500000000 4.724281787900
923.030000000 6.750000000 4.713860988600
924.030000000 6.250000000 4.713018894200
915.030000000 9.750000000 4.711544990500
917.530000000 6.000000000 4.708727359800
923.780000000 6.000000000 4.705681800800
926.780000000 10.000000000 4.705271244000
910.780000000 9.750000000 4.702035903900
913.030000000 7.250000000 4.700087070500
911.030000000 9.750000000 4.694376945500
916.030000000 10.000000000 4.688165187800
924.780000000 6.500000000 4.686057090800
926.280000000 9.750000000 4.683177948000
923.780000000 6.250000000 4.681197166400
910.030000000 9.500000000 4.679336547900
911.530000000 9.500000000 4.677357673600
925.030000000 6.250000000 4.675051212300
912.780000000 8.000000000 4.670325756100
924.280000000 6.250000000 4.651515483900
925.280000000 6.250000000 4.648921966600
927.780000000 7.750000000 4.646549224900
910.530000000 9.750000000 4.645735263800
924.780000000 6.250000000 4.645735263800
916.530000000 9.750000000 4.644855976100
915.530000000 9.750000000 4.628062725100
924.530000000 6.250000000 4.622919082600
908.530000000 8.000000000 4.618478298200
927.780000000 9.250000000 4.616530418400
927.030000000 10.000000000 4.610282897900
913.280000000 8.250000000 4.606912136100
913.530000000 8.500000000 4.606128215800
927.280000000 7.750000000 4.600639343300
909.780000000 9.250000000 4.597310543100
923.530000000 5.750000000 4.589213371300
926.030000000 7.500000000 4.586745262100
916.280000000 10.000000000 4.586681366000
917.780000000 10.000000000 4.580798149100
923.030000000 6.500000000 4.577310085300
917.280000000 9.750000000 4.570531368300
912.780000000 8.250000000 4.570149898500
910.280000000 9.750000000 4.567913055400
927.530000000 9.500000000 4.562661171000
912.780000000 9.000000000 4.553721904800
925.030000000 6.500000000 4.552729129800
911.280000000 9.750000000 4.549583911900
922.780000000 6.250000000 4.548355102500
922.030000000 6.000000000 4.535437583900
908.280000000 7.500000000 4.531177997600
923.530000000 6.000000000 4.519777298000
926.530000000 10.000000000 4.515302181200
925.280000000 6.750000000 4.514091014900
923.530000000 6.500000000 4.509716987600
909.530000000 9.000000000 4.499167442300
925.280000000 10.000000000 4.490869998900
926.530000000 6.500000000 4.481806278200
912.530000000 9.250000000 4.478081226300
910.030000000 9.750000000 4.470148563400
914.780000000 9.750000000 4.468364238700
915.780000000 10.000000000 4.446977615400
909.780000000 10.000000000 4.445941448200
917.280000000 5.750000000 4.443272590600
925.530000000 6.250000000 4.441358089400
909.780000000 9.750000000 4.426022529600
923.530000000 6.250000000 4.414340972900
910.030000000 10.000000000 4.412222385400
927.530000000 9.750000000 4.396918296800
911.780000000 9.500000000 4.395896434800
928.030000000 8.750000000 4.393693447100
919.030000000 5.750000000 4.384582519500
911.280000000 10.000000000 4.382284641300
916.780000000 9.750000000 4.370009422300
923.280000000 6.500000000 4.367154598200
927.280000000 10.000000000 4.355484008800
911.030000000 10.000000000 4.354051113100
927.280000000 7.000000000 4.352685928300
914.280000000 9.250000000 4.343559265100
917.030000000 9.750000000 4.334735393500
925.530000000 7.000000000 4.333029270200
909.780000000 9.500000000 4.330972194700
910.280000000 10.000000000 4.330577373500
916.530000000 10.000000000 4.329231262200
923.280000000 5.750000000 4.327119827300
922.280000000 6.000000000 4.319605350500
927.530000000 7.750000000 4.313958644900
910.780000000 10.000000000 4.306783676100
914.530000000 9.500000000 4.306740284000
918.030000000 5.750000000 4.303056240100
912.030000000 9.500000000 4.299766063700
910.530000000 10.000000000 4.295695304900
925.780000000 9.750000000 4.280817031900
928.030000000 7.500000000 4.273524284400
916.780000000 10.000000000 4.255203723900
909.530000000 10.000000000 4.246996879600
925.280000000 6.500000000 4.246325492900
911.530000000 10.000000000 4.232464313500
926.030000000 6.250000000 4.225888252300
925.780000000 7.250000000 4.223549366000
911.530000000 9.750000000 4.220829486800
923.030000000 6.250000000 4.216406822200
913.280000000 8.500000000 4.211694717400
928.030000000 7.250000000 4.206008434300
918.280000000 5.750000000 4.205359458900
908.780000000 8.500000000 4.204710483600
927.780000000 7.250000000 4.199489116700
926.030000000 9.750000000 4.198027610800
917.780000000 5.750000000 4.184853076900
927.780000000 7.500000000 4.179332733200
909.530000000 9.750000000 4.170414924600
925.780000000 6.250000000 4.166011810300
913.030000000 8.750000000 4.165875434900
912.280000000 9.500000000 4.153724193600
922.530000000 6.000000000 4.150661945300
922.030000000 5.750000000 4.133981227900
917.530000000 10.000000000 4.115383625000
926.780000000 6.750000000 4.101708412200
923.280000000 6.000000000 4.096055030800
927.530000000 7.250000000 4.079431533800
923.280000000 6.250000000 4.077641964000
913.030000000 7.500000000 4.063552856400
927.530000000 10.000000000 4.046918869000
909.030000000 8.750000000 4.045687198600
912.780000000 9.250000000 4.043939590500
927.780000000 9.750000000 4.041553020500
915.030000000 10.000000000 4.035398960100
913.030000000 8.500000000 4.034167766600
918.780000000 5.750000000 4.026771545400
918.530000000 5.750000000 4.014205932600
913.030000000 8.250000000 4.011748313900
909.530000000 9.250000000 4.010469913500
913.030000000 9.000000000 4.008579731000
926.280000000 7.500000000 4.003515720400
925.530000000 6.500000000 3.999220132800
915.280000000 10.000000000 3.992175579100
928.030000000 9.000000000 3.991942882500
913.030000000 8.000000000 3.984490633000
927.530000000 7.500000000 3.983550787000
914.530000000 9.750000000 3.977690458300
922.780000000 6.000000000 3.973650455500
926.280000000 10.000000000 3.967705488200
928.030000000 9.750000000 3.963940620400
923.030000000 5.750000000 3.953639268900
914.780000000 10.000000000 3.941619396200
908.280000000 7.750000000 3.940768957100
927.030000000 7.500000000 3.934321165100
908.280000000 9.750000000 3.917458772700
915.530000000 10.000000000 3.910571575200
926.780000000 7.500000000 3.882775068300
923.030000000 6.000000000 3.877739429500
917.030000000 10.000000000 3.874277830100
909.530000000 9.500000000 3.873346567200
927.280000000 7.500000000 3.861619234100
917.280000000 10.000000000 3.840205431000
926.530000000 7.500000000 3.833143949500
912.530000000 9.500000000 3.808937788000
908.530000000 10.000000000 3.806827783600
917.530000000 5.750000000 3.803875684700
927.780000000 10.000000000 3.802585840200
913.030000000 7.750000000 3.795925378800
927.280000000 7.250000000 3.794786214800
911.780000000 9.750000000 3.775830268900
925.530000000 6.750000000 3.768217802000
909.280000000 9.000000000 3.753278255500
927.780000000 9.500000000 3.750949621200
928.030000000 10.000000000 3.750206232100
927.030000000 7.000000000 3.746130466500
911.780000000 10.000000000 3.744393825500
913.530000000 8.750000000 3.738821268100
909.280000000 10.000000000 3.713941097300
926.280000000 6.500000000 3.713485479400
913.780000000 8.750000000 3.707354545600
914.030000000 8.750000000 3.691220045100
925.780000000 6.500000000 3.687242984800
914.280000000 9.500000000 3.682746648800
908.530000000 8.250000000 3.680624961900
922.780000000 5.750000000 3.663391590100
925.530000000 10.000000000 3.652832269700
909.280000000 9.750000000 3.647822856900
912.030000000 9.750000000 3.645207166700
913.280000000 8.750000000 3.644281387300
914.530000000 10.000000000 3.635228633900
914.030000000 9.000000000 3.620872020700
928.030000000 9.250000000 3.620775222800
922.280000000 5.750000000 3.592915058100
913.030000000 9.250000000 3.555789232300
922.530000000 5.750000000 3.527156114600
926.030000000 6.500000000 3.495630025900
913.280000000 9.000000000 3.475319862400
927.030000000 7.250000000 3.462757825900
912.280000000 9.750000000 3.398401975600
909.280000000 9.500000000 3.359481573100
912.780000000 9.500000000 3.347425699200
914.280000000 9.750000000 3.341968298000
926.030000000 7.250000000 3.337754964800
925.780000000 7.000000000 3.337125062900
914.030000000 9.250000000 3.334736347200
926.530000000 6.750000000 3.326309442500
908.280000000 8.000000000 3.250981092500
925.780000000 6.750000000 3.243754148500
909.280000000 9.250000000 3.233458995800
925.780000000 10.000000000 3.226839304000
926.780000000 7.000000000 3.216268539400
908.780000000 8.750000000 3.189991235700
908.530000000 9.750000000 3.178612232200
926.780000000 7.250000000 3.158037900900
914.280000000 10.000000000 3.157904386500
909.030000000 9.750000000 3.146780252500
928.030000000 9.500000000 3.145017862300
926.030000000 10.000000000 3.144479751600
913.280000000 9.250000000 3.112628698300
908.780000000 10.000000000 3.098079681400
913.780000000 9.000000000 3.097250461600
909.030000000 9.000000000 3.092691659900
913.530000000 9.000000000 3.090671300900
909.030000000 10.000000000 3.076501369500
914.030000000 9.500000000 3.059754610100
912.530000000 9.750000000 3.059237480200
912.030000000 10.000000000 3.044864177700
926.280000000 6.750000000 3.011640071900
926.030000000 6.750000000 3.003313064600
908.280000000 9.500000000 2.949577570000
909.030000000 9.500000000 2.917997360200
926.530000000 7.250000000 2.909108877200
926.280000000 7.250000000 2.908634662600
908.530000000 8.500000000 2.897308349600
909.030000000 9.250000000 2.896802902200
913.030000000 9.500000000 2.895102977800
908.530000000 8.750000000 2.872161388400
912.280000000 10.000000000 2.862531423600
913.780000000 9.250000000 2.860656023000
914.030000000 9.750000000 2.854147434200
913.530000000 9.250000000 2.809489965400
926.530000000 7.000000000 2.787975549700
908.280000000 8.750000000 2.773120403300
908.780000000 9.000000000 2.768833398800
908.280000000 8.500000000 2.763338804200
926.030000000 7.000000000 2.760064363500
908.530000000 9.000000000 2.756118774400
908.780000000 9.250000000 2.727053165400
908.780000000 9.750000000 2.682020187400
914.030000000 10.000000000 2.644584417300
908.780000000 9.500000000 2.630586385700
926.280000000 7.000000000 2.626307249100
912.780000000 9.750000000 2.602552413900
908.530000000 9.250000000 2.566823005700
913.280000000 9.500000000 2.539059639000
912.530000000 10.000000000 2.501547336600
908.530000000 9.500000000 2.494506120700
908.280000000 8.250000000 2.485731124900
908.280000000 9.000000000 2.378234386400
913.780000000 9.500000000 2.371011257200
913.030000000 9.750000000 2.334212541600
913.530000000 9.500000000 2.312454462100
913.780000000 9.750000000 2.260686397600
913.780000000 10.000000000 2.199896335600
908.280000000 9.250000000 2.186151742900
912.780000000 10.000000000 2.131551981000
913.030000000 10.000000000 2.052710533100
913.280000000 9.750000000 2.052140712700
913.280000000 10.000000000 1.766982436200
913.530000000 9.750000000 1.713711142500
913.530000000 10.000000000 1.659181714100
