876.220000000 10.000000000 9.103229522700
876.220000000 9.800000000 8.981438636800
876.220000000 9.600000000 8.812821388200
875.970000000 10.000000000 8.636651992800
875.970000000 9.800000000 8.587430000300
876.470000000 10.000000000 8.529342651400
876.220000000 9.400000000 8.503675460800
875.970000000 9.600000000 8.494983673100
875.970000000 9.400000000 8.290113449100
876.470000000 9.800000000 8.288496017500
876.220000000 9.200000000 8.127835273700
876.470000000 9.600000000 7.990839004500
875.970000000 9.200000000 7.976871490500
875.720000000 10.000000000 7.744045734400
875.720000000 9.800000000 7.738805294000
875.720000000 9.600000000 7.659853458400
876.220000000 9.000000000 7.644704341900
876.470000000 9.400000000 7.592196941400
875.970000000 9.000000000 7.592013835900
875.720000000 9.400000000 7.480112075800
858.720000000 10.000000000 7.253582477600
876.720000000 10.000000000 7.216761112200
875.720000000 9.200000000 7.199032783500
876.470000000 9.200000000 7.160710811600
858.970000000 10.000000000 7.127930164300
875.970000000 8.800000000 7.107363224000
876.220000000 8.800000000 7.078013896900
875.470000000 10.000000000 6.867730140700
875.470000000 9.800000000 6.862803459200
876.720000000 9.800000000 6.860909938800
875.720000000 9.000000000 6.838575363200
875.470000000 9.600000000 6.755689144100
876.470000000 9.000000000 6.633071422600
859.220000000 10.000000000 6.603248119400
858.720000000 9.800000000 6.556920528400
875.470000000 9.400000000 6.546293258700
875.970000000 8.600000000 6.545533657100
876.720000000 9.600000000 6.511250972700
858.970000000 9.800000000 6.501898288700
876.220000000 8.600000000 6.482600212100
859.470000000 5.800000000 6.447335243200
859.220000000 5.800000000 6.411161899600
875.720000000 8.800000000 6.393844604500
870.970000000 5.800000000 6.270081520100
866.220000000 10.000000000 6.261218071000
875.470000000 9.200000000 6.249528884900
859.470000000 10.000000000 6.238537788400
865.970000000 10.000000000 6.232817173000
866.470000000 10.000000000 6.210646629300
859.470000000 9.800000000 6.192933559400
866.470000000 9.800000000 6.191937446600
866.220000000 9.800000000 6.162726879100
866.720000000 9.600000000 6.161209583300
866.470000000 9.600000000 6.151538848900
859.220000000 9.800000000 6.150192260700
859.470000000 6.000000000 6.148774623900
866.720000000 9.800000000 6.142670631400
859.470000000 9.600000000 6.142317295100
876.970000000 10.000000000 6.129076957700
859.220000000 6.000000000 6.119562625900
859.220000000 9.600000000 6.114606857300
866.720000000 9.400000000 6.107844352700
876.720000000 9.400000000 6.106050014500
870.720000000 5.800000000 6.099658966100
866.720000000 10.000000000 6.094421386700
870.970000000 6.000000000 6.094107627900
876.470000000 8.800000000 6.093313217200
875.220000000 10.000000000 6.069418430300
866.220000000 9.600000000 6.052748203300
865.970000000 9.800000000 6.043377399400
859.220000000 9.400000000 6.042242050200
866.470000000 9.400000000 6.040381431600
859.470000000 9.400000000 6.039939403500
866.720000000 9.200000000 6.027644634200
875.220000000 9.800000000 6.025814533200
858.970000000 5.800000000 6.022088527700
870.720000000 6.000000000 6.021098136900
859.720000000 5.800000000 5.980191707600
875.970000000 8.400000000 5.938461303700
859.220000000 9.200000000 5.932461261700
858.720000000 5.800000000 5.927047252700
866.970000000 9.400000000 5.914988994600
870.720000000 6.200000000 5.908524513200
866.970000000 9.600000000 5.906852722200
866.470000000 9.200000000 5.904318332700
859.470000000 9.200000000 5.898424148600
875.220000000 9.600000000 5.886297226000
875.720000000 8.600000000 5.885257244100
859.720000000 9.800000000 5.883122921000
866.970000000 9.200000000 5.881709575700
870.970000000 6.200000000 5.879562377900
866.720000000 9.000000000 5.879302024800
866.220000000 9.400000000 5.867110729200
875.470000000 9.000000000 5.861633300800
859.720000000 10.000000000 5.859215259600
865.720000000 10.000000000 5.855875968900
859.720000000 9.600000000 5.853954792000
876.220000000 8.400000000 5.840114116700
866.970000000 9.800000000 5.839592456800
859.470000000 6.200000000 5.837301731100
865.970000000 9.600000000 5.832243442500
859.220000000 6.200000000 5.805566310900
859.220000000 9.000000000 5.797926902800
866.970000000 9.000000000 5.777942657500
859.720000000 9.400000000 5.775648593900
858.970000000 6.000000000 5.772424221000
870.720000000 6.400000000 5.763194561000
876.970000000 9.800000000 5.754374027300
858.720000000 6.000000000 5.748635768900
859.470000000 9.000000000 5.732473373400
876.720000000 9.200000000 5.730813980100
858.970000000 9.400000000 5.727594375600
858.970000000 9.600000000 5.727229595200
866.970000000 10.000000000 5.719600200700
866.470000000 9.000000000 5.698281765000
859.720000000 6.000000000 5.692373275800
866.720000000 8.800000000 5.686374187500
858.970000000 9.200000000 5.686015605900
877.970000000 10.000000000 5.670145034800
866.220000000 9.200000000 5.665797233600
859.720000000 9.200000000 5.656607151000
859.220000000 8.800000000 5.647570610000
875.220000000 9.400000000 5.647352695500
866.970000000 8.800000000 5.638163089800
870.970000000 6.400000000 5.634221553800
872.470000000 5.800000000 5.621202468900
858.720000000 9.600000000 5.618034362800
858.970000000 9.000000000 5.609851360300
858.970000000 6.200000000 5.607296466800
865.720000000 9.800000000 5.592706680300
870.720000000 6.600000000 5.586731433900
865.970000000 9.400000000 5.573661804200
871.220000000 5.800000000 5.563215255700
877.220000000 10.000000000 5.562135219600
872.220000000 5.800000000 5.556919574700
877.720000000 10.000000000 5.556550025900
859.470000000 8.800000000 5.552886009200
858.720000000 6.200000000 5.543964386000
874.470000000 10.000000000 5.531473636600
876.470000000 8.600000000 5.529800415000
859.470000000 6.400000000 5.529384136200
859.720000000 9.000000000 5.508143901800
858.970000000 8.800000000 5.505092620800
859.220000000 6.400000000 5.493909359000
859.220000000 8.600000000 5.493165969800
874.720000000 10.000000000 5.484727859500
866.470000000 8.800000000 5.459466457400
866.720000000 8.600000000 5.451035976400
866.970000000 8.600000000 5.448063850400
876.970000000 9.600000000 5.442261695900
858.970000000 6.400000000 5.436850547800
872.470000000 6.000000000 5.427432060200
874.970000000 10.000000000 5.423252582600
867.220000000 9.400000000 5.416149616200
867.220000000 9.200000000 5.408698082000
875.470000000 8.800000000 5.405635356900
859.720000000 6.200000000 5.397976398500
866.220000000 9.000000000 5.397623539000
858.970000000 8.600000000 5.382242202800
870.720000000 6.800000000 5.379317760500
859.470000000 8.600000000 5.373185634600
877.970000000 9.800000000 5.368557930000
872.720000000 5.800000000 5.367038250000
870.970000000 6.600000000 5.366640090900
877.470000000 10.000000000 5.364308834100
874.970000000 9.800000000 5.359991550400
867.220000000 9.600000000 5.356041431400
859.220000000 8.400000000 5.342778205900
867.220000000 9.000000000 5.342297077200
872.220000000 6.000000000 5.341825485200
859.720000000 8.800000000 5.338601112400
871.220000000 6.000000000 5.337297916400
875.720000000 8.400000000 5.336281299600
858.720000000 6.400000000 5.330615043600
877.720000000 9.800000000 5.322443485300
875.970000000 8.200000000 5.318141937300
858.720000000 9.400000000 5.315456390400
876.720000000 9.000000000 5.313359260600
875.220000000 9.200000000 5.308391094200
858.720000000 9.200000000 5.308006763500
865.970000000 9.200000000 5.292393684400
859.220000000 6.600000000 5.287822246600
865.720000000 9.600000000 5.275296211200
858.970000000 6.600000000 5.272456646000
867.220000000 9.800000000 5.266658783000
858.970000000 8.400000000 5.255544185600
858.720000000 9.000000000 5.254948139200
877.220000000 9.800000000 5.245328426400
859.470000000 6.600000000 5.242261886600
867.220000000 8.800000000 5.237611293800
859.970000000 9.800000000 5.219051837900
871.970000000 5.800000000 5.216713428500
859.970000000 10.000000000 5.213402271300
872.470000000 6.200000000 5.210684776300
866.970000000 8.400000000 5.208128929100
859.220000000 8.200000000 5.203800201400
859.470000000 8.400000000 5.202277183500
874.970000000 9.600000000 5.198143959000
859.970000000 9.600000000 5.188556671100
876.220000000 8.200000000 5.186168193800
872.720000000 6.000000000 5.180302143100
866.470000000 8.600000000 5.173217773400
866.720000000 8.400000000 5.164673805200
858.720000000 8.800000000 5.161468982700
859.720000000 8.600000000 5.160637855500
859.220000000 6.800000000 5.154491424600
858.970000000 8.200000000 5.148544788400
870.720000000 7.000000000 5.143838882400
858.970000000 6.800000000 5.141214370700
863.220000000 10.000000000 5.140280246700
858.720000000 6.600000000 5.135160446200
859.970000000 9.400000000 5.122504711200
877.470000000 9.800000000 5.118207931500
876.970000000 9.400000000 5.118203640000
867.220000000 10.000000000 5.116081237800
877.720000000 9.600000000 5.115889072400
859.720000000 6.400000000 5.113738536800
866.220000000 8.800000000 5.110794544200
863.470000000 10.000000000 5.110399246200
872.220000000 6.200000000 5.105864048000
877.970000000 9.600000000 5.094857692700
871.220000000 6.200000000 5.088087558700
859.220000000 8.000000000 5.087565422100
870.970000000 6.800000000 5.084132194500
874.470000000 9.800000000 5.078552246100
867.220000000 8.600000000 5.074729919400
858.970000000 8.000000000 5.053167820000
859.470000000 8.200000000 5.047605037700
858.720000000 8.600000000 5.046116828900
859.220000000 7.000000000 5.045144558000
858.970000000 7.000000000 5.033901214600
874.720000000 9.800000000 5.026898384100
874.220000000 10.000000000 5.025350570700
859.970000000 9.200000000 5.025034427600
859.220000000 7.800000000 5.015404701200
871.970000000 6.000000000 4.993567943600
859.220000000 7.200000000 4.985617637600
865.720000000 9.400000000 4.985229969000
865.970000000 9.000000000 4.983396530200
859.720000000 8.400000000 4.983083725000
859.470000000 6.800000000 4.982448101000
872.470000000 6.400000000 4.979029655500
858.970000000 7.800000000 4.976963520100
859.220000000 7.600000000 4.972696781200
872.720000000 6.200000000 4.969945430800
874.220000000 9.800000000 4.968345165300
871.470000000 5.800000000 4.967418193800
858.720000000 6.800000000 4.966704845400
877.220000000 9.600000000 4.965361118300
859.220000000 7.400000000 4.962538719200
859.970000000 5.800000000 4.960312366500
876.470000000 8.400000000 4.956140995000
858.970000000 7.200000000 4.955746650700
866.970000000 8.200000000 4.954092025800
874.970000000 9.400000000 4.931133747100
858.720000000 8.400000000 4.930130004900
858.970000000 7.600000000 4.928564548500
877.720000000 9.400000000 4.926230430600
865.470000000 10.000000000 4.921371936800
859.470000000 8.000000000 4.916451454200
858.970000000 7.400000000 4.912772655500
875.470000000 8.600000000 4.908461570700
859.970000000 9.000000000 4.902229309100
875.220000000 9.000000000 4.893159389500
871.720000000 5.800000000 4.889661312100
877.470000000 9.600000000 4.886371612500
870.720000000 7.200000000 4.882594108600
876.720000000 8.800000000 4.881074428600
867.220000000 8.400000000 4.879381179800
870.970000000 7.000000000 4.876567840600
867.470000000 9.200000000 4.870875358600
867.470000000 9.400000000 4.870759964000
866.720000000 8.200000000 4.863741874700
872.220000000 6.400000000 4.857851982100
859.720000000 6.600000000 4.855343341800
866.470000000 8.400000000 4.853200435600
874.720000000 9.600000000 4.850782871200
873.970000000 10.000000000 4.844748020200
870.470000000 5.800000000 4.838089466100
874.220000000 9.600000000 4.837104797400
873.970000000 9.800000000 4.835468769100
870.470000000 6.000000000 4.830607414200
858.720000000 7.000000000 4.827903747600
871.220000000 6.400000000 4.826045513200
867.470000000 9.000000000 4.824700355500
877.970000000 9.400000000 4.823497772200
859.470000000 7.800000000 4.815599441500
859.720000000 8.200000000 4.813921451600
867.470000000 9.600000000 4.809159755700
858.720000000 8.200000000 4.808480262800
874.470000000 9.600000000 4.808428287500
870.470000000 6.200000000 4.807810783400
872.970000000 5.800000000 4.806241989100
876.970000000 9.200000000 4.805150032000
878.220000000 10.000000000 4.793072223700
866.220000000 8.600000000 4.786967277500
859.470000000 7.000000000 4.785531044000
875.720000000 8.200000000 4.771200180100
870.470000000 6.400000000 4.768153667400
859.470000000 7.600000000 4.761386394500
859.970000000 8.800000000 4.757191181200
871.970000000 6.200000000 4.753280162800
877.720000000 9.200000000 4.747879028300
859.470000000 7.200000000 4.745525836900
871.470000000 6.000000000 4.742783069600
872.720000000 6.400000000 4.742780685400
872.470000000 6.600000000 4.739331722300
859.470000000 7.400000000 4.738273620600
862.970000000 10.000000000 4.734618663800
867.470000000 8.800000000 4.733027458200
873.970000000 9.600000000 4.729829788200
859.970000000 6.000000000 4.725126266500
858.720000000 7.200000000 4.721788883200
867.470000000 9.800000000 4.711808204700
870.470000000 6.600000000 4.709164619400
877.220000000 9.400000000 4.705619335200
858.720000000 8.000000000 4.693221092200
875.970000000 8.000000000 4.692550182300
870.970000000 7.200000000 4.688534259800
871.220000000 6.600000000 4.683367729200
877.470000000 9.400000000 4.680097580000
871.720000000 6.000000000 4.670431613900
866.970000000 8.000000000 4.667913436900
858.720000000 7.400000000 4.663338184400
859.720000000 8.000000000 4.661408901200
867.220000000 8.200000000 4.660008430500
865.720000000 9.200000000 4.656528949700
865.970000000 8.800000000 4.652865409900
863.220000000 9.800000000 4.648664951300
873.720000000 10.000000000 4.643096447000
859.720000000 6.800000000 4.629339218100
858.720000000 7.600000000 4.628528118100
870.470000000 6.800000000 4.624889373800
858.720000000 7.800000000 4.619867801700
874.220000000 9.400000000 4.613834857900
863.470000000 9.800000000 4.612394332900
872.970000000 6.000000000 4.609279155700
872.220000000 6.600000000 4.605358123800
870.720000000 7.400000000 4.600641727400
874.720000000 9.400000000 4.600405216200
859.970000000 8.600000000 4.598458290100
865.470000000 9.800000000 4.593409061400
874.970000000 9.200000000 4.590670108800
877.720000000 9.000000000 4.589664936100
877.970000000 9.200000000 4.589526176500
867.470000000 8.600000000 4.586782932300
867.470000000 10.000000000 4.579531669600
874.470000000 9.400000000 4.567856311800
876.220000000 8.000000000 4.566411972000
873.720000000 9.800000000 4.555510997800
873.970000000 9.400000000 4.545072078700
866.720000000 8.000000000 4.533944606800
859.720000000 7.800000000 4.532361984300
863.720000000 10.000000000 4.532015800500
871.220000000 6.800000000 4.530134677900
866.470000000 8.200000000 4.519631385800
870.470000000 7.000000000 4.512367248500
876.970000000 9.000000000 4.510071277600
871.470000000 6.200000000 4.505660533900
872.720000000 6.600000000 4.504836082500
871.970000000 6.400000000 4.504142761200
877.470000000 9.200000000 4.496861934700
872.470000000 6.800000000 4.496366977700
859.970000000 6.200000000 4.490875244100
870.970000000 7.400000000 4.484807491300
876.720000000 8.600000000 4.474229812600
877.220000000 9.200000000 4.452776908900
866.220000000 8.400000000 4.447064399700
859.720000000 7.000000000 4.443061828600
859.720000000 7.600000000 4.439524173700
871.720000000 6.200000000 4.438826561000
877.720000000 8.800000000 4.434915542600
875.220000000 8.800000000 4.433258056600
859.970000000 8.400000000 4.431842804000
878.220000000 9.800000000 4.429138660400
876.470000000 8.200000000 4.417947769200
867.220000000 8.000000000 4.413988590200
867.470000000 8.400000000 4.411202430700
867.720000000 9.200000000 4.402520656600
867.720000000 9.400000000 4.399125099200
875.470000000 8.400000000 4.394529819500
872.970000000 6.200000000 4.390541076700
873.720000000 9.600000000 4.390521526300
871.220000000 7.000000000 4.381540298500
867.720000000 9.000000000 4.373857498200
859.720000000 7.400000000 4.373754024500
870.470000000 7.200000000 4.366295814500
877.970000000 9.000000000 4.363688468900
866.970000000 7.800000000 4.362283229800
872.220000000 6.800000000 4.353697776800
860.220000000 10.000000000 4.351579189300
867.720000000 9.600000000 4.346780777000
865.720000000 9.000000000 4.344820022600
871.470000000 6.400000000 4.343601226800
859.720000000 7.200000000 4.334959983800
862.970000000 9.800000000 4.332766532900
865.970000000 8.600000000 4.325117111200
877.470000000 9.000000000 4.320116043100
871.220000000 7.200000000 4.311940670000
860.220000000 9.800000000 4.310027122500
874.220000000 9.200000000 4.309504032100
870.720000000 7.600000000 4.304590702100
867.720000000 8.800000000 4.297792434700
865.470000000 9.600000000 4.292845726000
877.720000000 8.600000000 4.288874149300
871.470000000 6.600000000 4.287007331800
873.970000000 9.200000000 4.275591373400
874.720000000 9.200000000 4.274094104800
859.970000000 6.400000000 4.271199226400
859.970000000 8.200000000 4.263201236700
872.720000000 6.800000000 4.260517597200
870.970000000 7.600000000 4.258786678300
871.970000000 6.600000000 4.253452777900
872.470000000 7.000000000 4.251825332600
867.720000000 9.800000000 4.249391078900
874.470000000 9.200000000 4.244930267300
860.220000000 9.600000000 4.235954284700
877.220000000 9.000000000 4.228592872600
875.720000000 8.000000000 4.210580349000
867.470000000 8.200000000 4.210282802600
871.220000000 7.400000000 4.209791183500
876.970000000 8.800000000 4.209488391900
873.720000000 9.400000000 4.208200454700
871.470000000 6.800000000 4.205200195300
873.470000000 10.000000000 4.203938484200
871.720000000 6.400000000 4.202057361600
874.970000000 9.000000000 4.193905353500
866.720000000 7.800000000 4.190704822500
870.470000000 7.400000000 4.186035633100
867.720000000 8.600000000 4.174531936600
862.720000000 10.000000000 4.170229911800
866.470000000 8.000000000 4.168632507300
867.220000000 7.800000000 4.163908958400
877.970000000 8.800000000 4.163880348200
863.720000000 9.800000000 4.162473201800
877.470000000 8.800000000 4.159798145300
872.970000000 6.400000000 4.155375003800
877.720000000 8.400000000 4.141724586500
860.220000000 9.400000000 4.140137672400
873.470000000 9.800000000 4.134885788000
867.720000000 10.000000000 4.123080730400
863.220000000 9.600000000 4.119445323900
866.220000000 8.200000000 4.108119964600
872.220000000 7.000000000 4.105093002300
859.970000000 8.000000000 4.100272178600
871.470000000 7.000000000 4.096750736200
875.970000000 7.800000000 4.084674835200
871.220000000 7.600000000 4.079081535300
859.970000000 6.600000000 4.078673839600
878.220000000 9.600000000 4.070489406600
876.720000000 8.400000000 4.068087577800
866.970000000 7.600000000 4.059745311700
863.470000000 9.600000000 4.051273822800
860.220000000 9.200000000 4.027415752400
870.970000000 7.800000000 4.023655891400
867.720000000 8.400000000 4.022519588500
865.720000000 8.800000000 4.020301818800
877.220000000 8.800000000 4.012041091900
872.720000000 7.000000000 4.011685848200
877.470000000 8.600000000 4.008216857900
872.470000000 7.200000000 4.007449150100
871.970000000 6.800000000 4.006259918200
870.720000000 7.800000000 4.001905441300
873.720000000 9.200000000 3.996325016000
873.470000000 9.600000000 3.991751670800
877.720000000 8.200000000 3.987157106400
867.470000000 8.000000000 3.986215591400
873.220000000 5.800000000 3.982626915000
865.970000000 8.400000000 3.982389450100
877.970000000 8.600000000 3.980446577100
865.470000000 9.400000000 3.978995323200
870.470000000 7.600000000 3.973461866400
876.220000000 7.800000000 3.970814943300
871.720000000 6.600000000 3.966243028600
874.220000000 9.000000000 3.959899187100
871.470000000 7.200000000 3.958583354900
875.220000000 8.600000000 3.957933425900
873.970000000 9.000000000 3.954161644000
859.970000000 7.800000000 3.947823524500
860.470000000 10.000000000 3.931153774300
859.970000000 6.800000000 3.920780420300
871.220000000 7.800000000 3.919867277100
876.470000000 8.000000000 3.912571907000
876.970000000 8.600000000 3.911239862400
867.220000000 7.600000000 3.911108255400
872.970000000 6.600000000 3.908880472200
860.220000000 9.000000000 3.896735429800
862.970000000 9.600000000 3.895205974600
860.970000000 10.000000000 3.895199537300
867.970000000 9.200000000 3.887722969100
874.720000000 9.000000000 3.887547254600
875.470000000 8.200000000 3.885505199400
874.470000000 9.000000000 3.879275083500
867.970000000 9.000000000 3.874842166900
872.220000000 7.200000000 3.861784458200
867.970000000 9.400000000 3.860593557400
862.720000000 9.800000000 3.855414390600
861.220000000 10.000000000 3.855378866200
866.720000000 7.600000000 3.854216337200
877.470000000 8.400000000 3.851303339000
871.720000000 6.800000000 3.850500583600
867.720000000 8.200000000 3.844186306000
860.470000000 9.800000000 3.831204652800
877.720000000 8.000000000 3.827778339400
866.470000000 7.800000000 3.827149868000
871.720000000 7.000000000 3.824231624600
867.970000000 8.800000000 3.823765039400
859.970000000 7.600000000 3.814564228100
859.970000000 7.000000000 3.800911188100
877.970000000 8.400000000 3.800259590100
877.220000000 8.600000000 3.798834800700
867.970000000 9.600000000 3.796019315700
871.470000000 7.400000000 3.786622285800
873.220000000 6.000000000 3.784830093400
873.470000000 9.400000000 3.782106161100
870.970000000 8.000000000 3.772219896300
871.720000000 7.200000000 3.766844987900
866.220000000 8.000000000 3.766113042800
867.470000000 7.800000000 3.765899896600
871.970000000 7.000000000 3.765016317400
872.470000000 7.400000000 3.761786460900
872.720000000 7.200000000 3.760416746100
860.220000000 8.800000000 3.758739709900
874.970000000 8.800000000 3.757982015600
866.970000000 7.400000000 3.755139827700
878.220000000 9.400000000 3.749234199500
867.970000000 8.600000000 3.747690677600
870.470000000 7.800000000 3.734032630900
871.220000000 8.000000000 3.731070518500
873.720000000 9.000000000 3.728125333800
859.970000000 7.200000000 3.721204996100
860.470000000 9.600000000 3.706659317000
867.970000000 9.800000000 3.706115961100
859.970000000 7.400000000 3.700795888900
870.720000000 8.000000000 3.700621128100
870.220000000 5.800000000 3.700455904000
865.720000000 8.600000000 3.698533058200
877.470000000 8.200000000 3.698125839200
860.970000000 9.800000000 3.696490526200
865.470000000 9.200000000 3.694572687100
876.720000000 8.200000000 3.677276372900
863.720000000 9.600000000 3.676643133200
871.720000000 7.400000000 3.671376228300
875.720000000 7.800000000 3.671237230300
865.970000000 8.200000000 3.661048412300
865.220000000 10.000000000 3.658459663400
867.220000000 7.400000000 3.658027648900
872.970000000 6.800000000 3.655314683900
861.470000000 10.000000000 3.650796175000
861.220000000 9.800000000 3.650782108300
877.720000000 7.800000000 3.646022796600
867.720000000 8.000000000 3.641685485800
867.970000000 8.400000000 3.640498399700
860.220000000 5.800000000 3.636315345800
877.970000000 8.200000000 3.635847330100
876.970000000 8.400000000 3.633751392400
872.220000000 7.400000000 3.622675180400
860.220000000 8.600000000 3.622624635700
870.220000000 6.600000000 3.620897531500
863.220000000 9.400000000 3.618309021000
870.220000000 6.800000000 3.612410545300
870.220000000 6.400000000 3.610172987000
862.470000000 10.000000000 3.603156805000
871.470000000 7.600000000 3.600528001800
873.220000000 10.000000000 3.590686082800
877.220000000 8.400000000 3.590197801600
873.970000000 8.800000000 3.589612722400
870.220000000 6.200000000 3.587570905700
863.970000000 10.000000000 3.583729505500
867.970000000 10.000000000 3.582629203800
870.220000000 7.000000000 3.580680370300
860.470000000 9.400000000 3.580277919800
870.220000000 6.000000000 3.573440313300
873.220000000 6.200000000 3.570265531500
871.970000000 7.200000000 3.567937135700
874.220000000 8.800000000 3.566965341600
871.970000000 7.400000000 3.550606489200
871.720000000 7.600000000 3.545352935800
867.470000000 7.600000000 3.543510437000
877.470000000 8.000000000 3.536442041400
873.470000000 9.200000000 3.534732580200
873.220000000 9.800000000 3.530420303300
871.470000000 7.800000000 3.526687860500
866.720000000 7.400000000 3.524395465900
870.220000000 7.200000000 3.518551826500
871.220000000 8.200000000 3.517612218900
872.470000000 7.600000000 3.514816284200
863.470000000 9.400000000 3.512658357600
875.970000000 7.600000000 3.511364460000
862.720000000 9.600000000 3.511295318600
870.970000000 8.200000000 3.509128809000
872.720000000 7.400000000 3.506070852300
867.970000000 8.200000000 3.504110097900
860.720000000 10.000000000 3.500666141500
866.470000000 7.600000000 3.495563030200
860.220000000 6.000000000 3.495254039800
871.970000000 7.600000000 3.494224786800
860.970000000 9.600000000 3.489914655700
861.720000000 10.000000000 3.488622903800
860.220000000 8.400000000 3.483835935600
875.220000000 8.400000000 3.482236146900
874.720000000 8.800000000 3.481275558500
874.470000000 8.800000000 3.479724645600
872.220000000 7.600000000 3.478765010800
870.470000000 8.000000000 3.477185249300
872.470000000 7.800000000 3.473593711900
862.970000000 9.400000000 3.470777273200
877.970000000 8.000000000 3.469342947000
866.970000000 7.200000000 3.458319187200
877.720000000 7.600000000 3.454106807700
861.470000000 9.800000000 3.450528860100
866.220000000 7.800000000 3.446269273800
878.220000000 9.200000000 3.444487333300
867.720000000 7.800000000 3.442481756200
876.470000000 7.800000000 3.440801143600
860.470000000 9.200000000 3.439429283100
872.220000000 7.800000000 3.432674646400
870.220000000 7.400000000 3.428101062800
873.720000000 8.800000000 3.423858165700
861.220000000 9.600000000 3.422283649400
871.470000000 8.000000000 3.421772956800
872.470000000 8.000000000 3.421504259100
867.220000000 7.200000000 3.417891502400
876.220000000 7.600000000 3.415987730000
873.220000000 9.600000000 3.413871288300
870.720000000 8.200000000 3.407032728200
872.970000000 7.000000000 3.397525787400
875.470000000 8.000000000 3.397214889500
871.970000000 7.800000000 3.396054744700
877.220000000 8.200000000 3.393215417900
865.470000000 9.000000000 3.392529010800
863.970000000 9.800000000 3.391559600800
865.720000000 8.400000000 3.390785455700
861.970000000 10.000000000 3.388661384600
871.720000000 7.800000000 3.385355949400
862.220000000 10.000000000 3.367362976100
860.220000000 8.200000000 3.362905740700
860.220000000 6.200000000 3.360985040700
876.970000000 8.200000000 3.360580205900
867.970000000 8.000000000 3.359782934200
877.470000000 7.800000000 3.356020927400
862.470000000 9.800000000 3.353673458100
865.970000000 8.000000000 3.349576473200
870.220000000 7.600000000 3.347402572600
872.220000000 8.000000000 3.345822572700
873.220000000 6.400000000 3.343415737200
865.220000000 9.800000000 3.333347082100
867.470000000 7.400000000 3.329296588900
860.720000000 9.800000000 3.327413320500
872.470000000 8.200000000 3.321077823600
876.720000000 8.000000000 3.311562538100
874.970000000 8.600000000 3.309525013000
877.970000000 7.800000000 3.299987077700
878.470000000 10.000000000 3.298339128500
860.470000000 9.000000000 3.290567874900
871.470000000 8.200000000 3.289359808000
871.220000000 8.400000000 3.287009716000
872.720000000 7.800000000 3.282418251000
872.720000000 8.000000000 3.274473905600
861.720000000 9.800000000 3.270406246200
871.970000000 8.000000000 3.264403581600
873.220000000 9.400000000 3.259348869300
860.970000000 9.400000000 3.257847309100
873.470000000 9.000000000 3.251663208000
872.720000000 7.600000000 3.249458789800
860.220000000 8.000000000 3.247849941300
860.220000000 6.400000000 3.242073774300
870.970000000 8.400000000 3.239311695100
870.220000000 7.800000000 3.238598585100
867.720000000 7.600000000 3.236686468100
878.470000000 9.800000000 3.235255479800
868.220000000 9.000000000 3.234382629400
877.720000000 7.400000000 3.233959674800
861.470000000 9.600000000 3.231982231100
868.220000000 8.800000000 3.229161739300
872.720000000 8.200000000 3.218823432900
872.220000000 8.200000000 3.213323354700
866.720000000 7.200000000 3.212003707900
870.470000000 8.200000000 3.211602449400
873.970000000 8.600000000 3.209838151900
868.220000000 9.200000000 3.208985090300
861.220000000 9.400000000 3.207966804500
868.220000000 8.600000000 3.202620983100
871.720000000 8.000000000 3.202569723100
867.970000000 7.800000000 3.196591854100
877.220000000 8.000000000 3.193720579100
867.220000000 7.000000000 3.191947937000
878.220000000 9.000000000 3.185548543900
863.220000000 9.200000000 3.183269977600
866.470000000 7.400000000 3.182279825200
866.970000000 7.000000000 3.178127765700
862.720000000 9.400000000 3.175478935200
872.470000000 8.400000000 3.175261497500
875.720000000 7.600000000 3.172474861100
877.470000000 7.600000000 3.167259931600
863.720000000 9.400000000 3.166805267300
874.220000000 8.600000000 3.165612459200
860.220000000 7.800000000 3.160287618600
861.970000000 9.800000000 3.157378196700
868.220000000 8.400000000 3.154106140100
868.220000000 9.400000000 3.152461051900
860.220000000 6.600000000 3.146033525500
866.220000000 7.600000000 3.145552635200
860.470000000 8.800000000 3.142095565800
872.970000000 7.200000000 3.139151096300
871.470000000 8.400000000 3.135796546900
878.470000000 9.600000000 3.134724140200
867.470000000 7.200000000 3.133171081500
860.720000000 9.600000000 3.131259679800
877.970000000 7.600000000 3.128784418100
870.720000000 8.400000000 3.126716375400
872.720000000 8.400000000 3.116367816900
865.470000000 8.800000000 3.109825849500
873.220000000 6.600000000 3.108913183200
862.220000000 9.800000000 3.103527069100
870.220000000 8.000000000 3.102220058400
871.970000000 8.200000000 3.100752115200
873.720000000 8.600000000 3.099971532800
876.970000000 8.000000000 3.094354152700
862.970000000 9.200000000 3.089582204800
860.220000000 7.600000000 3.089140415200
862.470000000 9.600000000 3.088775873200
865.720000000 8.200000000 3.084478855100
868.220000000 8.200000000 3.081212043800
860.220000000 6.800000000 3.076438188600
868.220000000 9.600000000 3.073090314900
873.220000000 9.200000000 3.067671299000
874.470000000 8.600000000 3.064524173700
874.720000000 8.600000000 3.062814235700
861.720000000 9.600000000 3.060666561100
873.470000000 5.800000000 3.060629129400
863.970000000 9.600000000 3.052662134200
865.970000000 7.800000000 3.051843166400
863.470000000 9.200000000 3.051111936600
872.220000000 8.400000000 3.049158096300
871.220000000 8.600000000 3.046510696400
867.720000000 7.400000000 3.046261549000
873.470000000 8.800000000 3.044583082200
860.220000000 7.400000000 3.044013261800
860.220000000 7.000000000 3.038595438000
867.970000000 7.600000000 3.036293745000
860.970000000 9.200000000 3.031793117500
860.220000000 7.200000000 3.028850078600
875.220000000 8.200000000 3.025846242900
878.470000000 9.400000000 3.012887001000
871.720000000 8.200000000 3.012344598800
876.470000000 7.600000000 3.009159803400
860.470000000 8.600000000 3.001650571800
877.720000000 7.200000000 3.000321865100
868.220000000 8.000000000 2.999691009500
861.470000000 9.400000000 2.998851537700
872.470000000 8.600000000 2.998242139800
877.220000000 7.800000000 2.990517616300
875.970000000 7.400000000 2.987681865700
876.720000000 7.800000000 2.982168674500
867.220000000 6.800000000 2.981998920400
861.220000000 9.200000000 2.979524135600
865.220000000 9.600000000 2.974952936200
872.720000000 8.600000000 2.973041296000
870.970000000 8.600000000 2.971263885500
868.220000000 9.800000000 2.970604181300
871.470000000 8.600000000 2.967343807200
877.470000000 7.400000000 2.957703352000
867.470000000 7.000000000 2.949552774400
877.970000000 7.400000000 2.948626518200
878.220000000 8.800000000 2.948402166400
870.470000000 8.400000000 2.947782993300
861.970000000 9.600000000 2.943845272100
875.470000000 7.800000000 2.943667650200
860.720000000 9.400000000 2.943520546000
870.220000000 8.200000000 2.940824985500
872.470000000 8.800000000 2.926355600400
872.970000000 10.000000000 2.925997972500
866.720000000 7.000000000 2.925643682500
866.970000000 6.800000000 2.922651529300
871.970000000 8.400000000 2.917692184400
872.720000000 8.800000000 2.913411140400
876.220000000 7.400000000 2.911749601400
868.220000000 7.800000000 2.900624990500
872.970000000 9.800000000 2.896416187300
866.470000000 7.200000000 2.895869731900
873.470000000 6.000000000 2.889179229700
869.970000000 6.800000000 2.886613130600
869.970000000 7.000000000 2.885747194300
872.970000000 7.400000000 2.882026672400
874.970000000 8.400000000 2.878535509100
872.470000000 9.000000000 2.874406814600
867.970000000 7.400000000 2.873285770400
862.720000000 9.200000000 2.871374607100
873.220000000 6.800000000 2.870926380200
866.220000000 7.400000000 2.868895769100
872.220000000 8.600000000 2.867081403700
869.970000000 7.200000000 2.866786718400
862.220000000 9.600000000 2.866605758700
878.470000000 9.200000000 2.865350723300
867.720000000 7.200000000 2.864979982400
869.970000000 6.600000000 2.864577293400
860.470000000 8.400000000 2.863299369800
870.720000000 8.600000000 2.863001108200
872.720000000 9.000000000 2.860920906100
871.720000000 8.400000000 2.856828928000
869.970000000 7.400000000 2.845815658600
868.220000000 10.000000000 2.844511508900
873.220000000 9.000000000 2.844498395900
876.970000000 7.800000000 2.837483882900
861.720000000 9.400000000 2.835986614200
862.470000000 9.400000000 2.835458517100
869.970000000 6.400000000 2.832013845400
860.470000000 5.800000000 2.828176736800
872.970000000 9.600000000 2.827685594600
873.970000000 8.400000000 2.827461481100
863.220000000 9.000000000 2.826797008500
865.470000000 8.600000000 2.822436809500
873.470000000 8.600000000 2.819774866100
872.470000000 9.200000000 2.813516616800
869.970000000 7.600000000 2.807385206200
869.970000000 6.200000000 2.806241989100
872.970000000 8.200000000 2.805075168600
871.220000000 8.800000000 2.803730011000
872.970000000 8.000000000 2.800995111500
860.970000000 9.000000000 2.799916744200
868.220000000 7.600000000 2.799175500900
865.720000000 8.000000000 2.796510458000
867.220000000 6.600000000 2.792562007900
867.470000000 6.800000000 2.791317701300
871.470000000 8.800000000 2.790315389600
872.720000000 9.200000000 2.789350509600
865.970000000 7.600000000 2.783819437000
877.220000000 7.600000000 2.782347202300
872.970000000 8.400000000 2.780691862100
860.720000000 9.200000000 2.779182672500
861.470000000 9.200000000 2.776831150100
869.970000000 6.000000000 2.773199081400
874.220000000 8.400000000 2.768522739400
873.720000000 8.400000000 2.767034292200
872.970000000 7.800000000 2.766276359600
862.970000000 9.000000000 2.764270782500
877.970000000 7.200000000 2.761648178100
870.220000000 8.400000000 2.759535312700
861.220000000 9.000000000 2.755394935600
878.220000000 8.600000000 2.753164529800
869.970000000 7.800000000 2.749516487100
872.220000000 8.800000000 2.743789672900
877.720000000 7.000000000 2.743785142900
872.470000000 9.400000000 2.742448091500
860.470000000 8.200000000 2.737045526500
869.970000000 5.800000000 2.734937429400
871.970000000 8.600000000 2.727082014100
872.970000000 8.600000000 2.726775884600
860.470000000 6.000000000 2.726734638200
877.470000000 7.200000000 2.726036787000
865.220000000 9.400000000 2.725938081700
871.720000000 8.600000000 2.725683927500
872.970000000 9.400000000 2.724071741100
861.970000000 9.400000000 2.719532489800
867.970000000 7.200000000 2.719214916200
872.220000000 9.000000000 2.714971542400
875.720000000 7.400000000 2.713847637200
873.470000000 6.200000000 2.709605693800
870.970000000 8.800000000 2.707459926600
867.720000000 7.000000000 2.707314729700
863.720000000 9.200000000 2.706599235500
870.470000000 8.600000000 2.703622102700
872.720000000 9.400000000 2.700802326200
872.970000000 7.600000000 2.700417280200
878.470000000 9.000000000 2.698855400100
866.970000000 6.600000000 2.695988893500
868.220000000 7.400000000 2.689219713200
863.470000000 9.000000000 2.687304258300
872.970000000 8.800000000 2.681096315400
872.220000000 9.200000000 2.679100275000
873.220000000 8.800000000 2.678046226500
876.720000000 7.600000000 2.676052331900
872.970000000 9.000000000 2.674192905400
866.720000000 6.800000000 2.672084569900
869.970000000 8.000000000 2.671727418900
872.470000000 9.600000000 2.668520927400
874.470000000 8.400000000 2.668081998800
867.470000000 6.600000000 2.650040388100
874.720000000 8.400000000 2.649122476600
866.470000000 7.000000000 2.642966032000
863.970000000 9.400000000 2.641287803600
872.220000000 9.400000000 2.635194063200
864.220000000 10.000000000 2.634806156200
873.220000000 7.000000000 2.633145332300
872.970000000 9.200000000 2.630317449600
867.220000000 6.400000000 2.629839181900
860.720000000 9.000000000 2.627454042400
862.220000000 9.400000000 2.625196695300
860.470000000 8.000000000 2.622838735600
866.220000000 7.200000000 2.621821165100
876.470000000 7.400000000 2.618898391700
871.720000000 8.800000000 2.617355823500
870.720000000 8.800000000 2.617300272000
871.470000000 9.000000000 2.611215353000
862.720000000 9.000000000 2.609970808000
862.470000000 9.200000000 2.609638690900
861.720000000 9.200000000 2.605511903800
872.720000000 9.600000000 2.602589607200
873.220000000 8.600000000 2.601419925700
875.220000000 8.000000000 2.600589513800
872.470000000 9.800000000 2.598122119900
876.970000000 7.600000000 2.595021963100
873.470000000 8.400000000 2.590034961700
872.220000000 9.600000000 2.587656736400
860.470000000 6.200000000 2.585574865300
878.220000000 8.400000000 2.578997135200
868.220000000 7.200000000 2.577418804200
867.970000000 7.000000000 2.577170133600
860.970000000 8.800000000 2.576414823500
877.220000000 7.400000000 2.574230432500
871.970000000 8.800000000 2.571243524600
869.970000000 8.200000000 2.569758415200
867.720000000 6.800000000 2.567756652800
877.970000000 7.000000000 2.566358804700
871.220000000 9.000000000 2.566133499100
864.220000000 9.800000000 2.563333749800
870.220000000 8.600000000 2.563168287300
861.470000000 9.000000000 2.560039997100
872.220000000 9.800000000 2.545691728600
861.220000000 8.800000000 2.545604467400
865.970000000 7.400000000 2.544212818100
863.220000000 8.800000000 2.543761968600
868.470000000 8.600000000 2.543176174200
868.470000000 8.400000000 2.540525674800
865.470000000 8.400000000 2.535543441800
867.470000000 6.400000000 2.535108089400
872.470000000 10.000000000 2.533374548000
865.720000000 7.800000000 2.531898260100
875.470000000 7.600000000 2.531852960600
868.470000000 8.800000000 2.526013135900
873.470000000 6.400000000 2.525958538100
860.470000000 7.800000000 2.522105932200
868.470000000 8.200000000 2.521551847500
878.470000000 8.800000000 2.519692421000
875.970000000 7.200000000 2.519629478500
873.220000000 8.400000000 2.515876054800
872.220000000 10.000000000 2.508805275000
872.720000000 9.800000000 2.506443262100
866.970000000 6.400000000 2.502762079200
871.720000000 9.000000000 2.499357700300
868.470000000 9.000000000 2.496442318000
862.970000000 8.800000000 2.493906259500
861.970000000 9.200000000 2.493744134900
868.470000000 8.000000000 2.493707895300
867.220000000 6.200000000 2.493422269800
877.470000000 7.000000000 2.486614942600
865.220000000 9.200000000 2.483594656000
860.720000000 8.800000000 2.477795600900
877.720000000 6.800000000 2.477554321300
870.470000000 8.800000000 2.469834804500
868.220000000 7.000000000 2.469337225000
874.970000000 8.200000000 2.467369794800
871.970000000 9.000000000 2.466662645300
876.220000000 7.200000000 2.461882829700
873.970000000 8.200000000 2.461724281300
866.720000000 6.600000000 2.454239606900
868.470000000 7.800000000 2.453792810400
870.970000000 9.000000000 2.451919317200
867.720000000 6.600000000 2.448779583000
867.970000000 6.800000000 2.448101043700
868.470000000 9.200000000 2.444780826600
869.970000000 8.400000000 2.444373130800
873.720000000 8.200000000 2.441534996000
867.470000000 6.200000000 2.440721750300
860.470000000 7.600000000 2.440511226700
878.220000000 8.200000000 2.434901475900
871.470000000 9.200000000 2.434134006500
873.220000000 8.200000000 2.425230026200
866.470000000 6.800000000 2.423346042600
871.970000000 9.200000000 2.420012950900
862.470000000 9.000000000 2.419003725100
863.470000000 8.800000000 2.418044567100
860.470000000 6.400000000 2.414489984500
872.720000000 10.000000000 2.412999391600
869.720000000 6.800000000 2.411562442800
866.220000000 7.000000000 2.409270286600
868.470000000 7.600000000 2.408159256000
869.720000000 7.000000000 2.405500412000
862.220000000 9.200000000 2.405427694300
873.220000000 7.200000000 2.400072574600
861.720000000 9.000000000 2.395750284200
869.720000000 6.600000000 2.394216775900
876.720000000 7.400000000 2.392618179300
862.720000000 8.800000000 2.392044544200
874.220000000 8.200000000 2.391041040400
870.720000000 9.000000000 2.389794826500
867.220000000 6.000000000 2.385405778900
871.970000000 9.400000000 2.384398222000
871.720000000 9.200000000 2.374287843700
860.470000000 7.400000000 2.373668909100
867.470000000 6.000000000 2.372461795800
868.470000000 9.400000000 2.371727943400
869.720000000 7.200000000 2.371648311600
864.970000000 10.000000000 2.369691610300
876.970000000 7.400000000 2.367476940200
877.220000000 7.200000000 2.363640546800
868.220000000 6.800000000 2.363562107100
864.220000000 9.600000000 2.363258123400
860.970000000 8.600000000 2.361756086300
873.470000000 8.200000000 2.361438036000
877.970000000 6.800000000 2.359230756800
868.470000000 7.400000000 2.358762979500
870.220000000 8.800000000 2.356443643600
869.720000000 6.400000000 2.355063676800
867.720000000 6.400000000 2.355020761500
871.970000000 9.600000000 2.350568532900
861.470000000 8.800000000 2.347378015500
866.970000000 6.200000000 2.344443321200
873.470000000 6.600000000 2.342099189800
874.720000000 5.800000000 2.340807437900
861.220000000 8.600000000 2.338679075200
871.220000000 9.200000000 2.338612794900
863.720000000 9.000000000 2.336517095600
878.470000000 8.600000000 2.335761070300
860.720000000 8.600000000 2.335743188900
867.970000000 6.600000000 2.334510564800
865.970000000 7.200000000 2.333771228800
873.220000000 8.000000000 2.329002142000
860.470000000 7.200000000 2.328034400900
867.470000000 5.800000000 2.326176643400
863.220000000 8.600000000 2.319328069700
871.970000000 9.800000000 2.318683147400
873.720000000 5.800000000 2.317667484300
869.720000000 7.400000000 2.311014175400
860.720000000 5.800000000 2.310071706800
878.220000000 8.000000000 2.309038162200
867.220000000 5.800000000 2.306176900900
860.470000000 6.600000000 2.305829286600
868.470000000 7.200000000 2.304961204500
860.470000000 7.000000000 2.301291942600
869.720000000 6.200000000 2.300830602600
875.720000000 7.200000000 2.298284530600
869.970000000 8.600000000 2.297424554800
871.970000000 10.000000000 2.293732404700
860.470000000 6.800000000 2.290974140200
865.720000000 7.600000000 2.289356231700
874.470000000 8.200000000 2.287421464900
861.970000000 9.000000000 2.285253763200
868.470000000 9.600000000 2.282825946800
867.720000000 6.200000000 2.281753301600
866.720000000 6.400000000 2.274312019300
876.470000000 7.200000000 2.272058486900
862.970000000 8.600000000 2.271640062300
865.470000000 8.200000000 2.271182537100
874.720000000 8.200000000 2.265753269200
862.470000000 8.800000000 2.263786792800
868.220000000 6.600000000 2.263290166900
871.470000000 9.400000000 2.262072324800
862.220000000 9.000000000 2.256540060000
865.220000000 9.000000000 2.250606536900
868.470000000 7.000000000 2.248461246500
871.720000000 9.400000000 2.247526884100
870.470000000 9.000000000 2.241745472000
866.470000000 6.600000000 2.241406679200
867.970000000 6.400000000 2.238886594800
869.720000000 6.000000000 2.236228466000
863.970000000 9.200000000 2.234983921100
866.220000000 6.800000000 2.231468677500
877.470000000 6.800000000 2.230545759200
867.720000000 6.000000000 2.228934764900
873.220000000 7.800000000 2.228718757600
869.720000000 7.600000000 2.225430488600
863.470000000 8.600000000 2.224352121400
860.720000000 6.000000000 2.220963239700
866.970000000 6.000000000 2.220880508400
875.220000000 7.800000000 2.216703176500
874.720000000 6.000000000 2.216283559800
874.470000000 5.800000000 2.214919328700
862.720000000 8.600000000 2.214414119700
860.720000000 8.400000000 2.211582899100
870.970000000 9.200000000 2.208737373400
877.720000000 6.600000000 2.204368829700
878.220000000 7.800000000 2.201805353200
867.720000000 5.800000000 2.198003768900
873.720000000 6.000000000 2.190435409500
868.470000000 6.800000000 2.190334796900
861.720000000 8.800000000 2.189697504000
868.470000000 9.800000000 2.183189392100
870.720000000 9.200000000 2.178671598400
868.720000000 6.400000000 2.177693605400
873.220000000 7.400000000 2.174873113600
868.220000000 6.400000000 2.170625925100
868.720000000 6.600000000 2.170006275200
869.720000000 5.800000000 2.166026353800
860.970000000 8.400000000 2.162421226500
867.970000000 6.200000000 2.161718606900
873.470000000 6.800000000 2.160904884300
875.470000000 7.400000000 2.159851074200
861.470000000 8.600000000 2.158691644700
868.970000000 6.400000000 2.158510208100
865.970000000 7.000000000 2.157325267800
878.470000000 8.400000000 2.156943321200
869.470000000 6.600000000 2.155256032900
861.220000000 8.400000000 2.153608560600
868.720000000 6.200000000 2.153155565300
868.970000000 6.600000000 2.151182651500
877.970000000 6.600000000 2.150221347800
876.970000000 7.200000000 2.147902965500
870.220000000 9.000000000 2.146407365800
869.470000000 6.800000000 2.146380186100
877.220000000 7.000000000 2.146231651300
873.470000000 8.000000000 2.142252206800
862.470000000 8.600000000 2.140932560000
869.470000000 6.400000000 2.140135765100
866.720000000 6.200000000 2.137016296400
864.970000000 9.800000000 2.136169195200
868.970000000 6.200000000 2.135506153100
862.220000000 8.800000000 2.135500431100
873.720000000 8.000000000 2.133521556900
869.970000000 8.800000000 2.133090734500
868.470000000 6.600000000 2.132896184900
863.220000000 8.400000000 2.132865905800
866.970000000 5.800000000 2.131947755800
869.970000000 10.000000000 2.131136417400
876.720000000 7.200000000 2.130055666000
868.720000000 6.800000000 2.127801179900
874.970000000 5.800000000 2.125472784000
871.220000000 9.400000000 2.125437498100
873.220000000 7.600000000 2.124230861700
868.470000000 6.400000000 2.120789289500
871.720000000 9.600000000 2.119033575100
869.720000000 7.800000000 2.118268489800
877.970000000 5.800000000 2.117586374300
873.970000000 8.000000000 2.116865158100
869.720000000 10.000000000 2.116482019400
869.470000000 7.000000000 2.113804817200
874.470000000 6.000000000 2.113620281200
869.220000000 6.400000000 2.113281488400
869.220000000 6.600000000 2.111029863400
868.970000000 6.800000000 2.110617637600
874.720000000 6.200000000 2.109372139000
878.220000000 7.600000000 2.105973482100
869.470000000 6.200000000 2.105951786000
875.970000000 7.000000000 2.103804111500
860.720000000 6.200000000 2.103117704400
867.970000000 6.000000000 2.101522445700
868.470000000 6.200000000 2.100719690300
868.720000000 6.000000000 2.100000858300
866.470000000 6.400000000 2.098365306900
871.470000000 9.600000000 2.097898721700
878.470000000 6.200000000 2.095611095400
860.720000000 8.200000000 2.094531536100
866.220000000 6.600000000 2.092045307200
869.220000000 6.200000000 2.090816497800
878.470000000 6.000000000 2.089175939600
863.470000000 8.400000000 2.088687419900
868.220000000 6.200000000 2.087856769600
874.970000000 8.000000000 2.087807655300
878.470000000 6.400000000 2.087151289000
868.970000000 6.000000000 2.085216283800
862.970000000 8.400000000 2.084961891200
869.220000000 6.800000000 2.080368757200
861.970000000 8.800000000 2.079037666300
864.220000000 9.400000000 2.077754020700
865.720000000 7.400000000 2.076909780500
878.470000000 6.600000000 2.073736667600
868.470000000 10.000000000 2.070355415300
878.470000000 5.800000000 2.069061756100
863.720000000 8.800000000 2.068275213200
876.220000000 7.000000000 2.067307710600
862.720000000 8.400000000 2.067209005400
873.720000000 6.200000000 2.065082788500
869.720000000 8.000000000 2.061451196700
867.970000000 5.800000000 2.058142900500
868.470000000 6.000000000 2.057768821700
869.470000000 6.000000000 2.055946826900
869.470000000 7.200000000 2.054873943300
868.720000000 7.000000000 2.053856849700
877.720000000 5.800000000 2.047698974600
864.470000000 10.000000000 2.046700954400
878.470000000 6.800000000 2.046596527100
869.220000000 6.000000000 2.046273231500
874.220000000 8.000000000 2.043409109100
862.470000000 8.400000000 2.040338993100
868.970000000 7.000000000 2.039052248000
862.220000000 8.600000000 2.039048671700
866.720000000 6.000000000 2.038115263000
870.220000000 10.000000000 2.033921003300
874.470000000 6.200000000 2.028125047700
868.720000000 5.800000000 2.023581981700
870.470000000 9.200000000 2.023258924500
869.220000000 7.000000000 2.022717952700
864.470000000 9.800000000 2.021731853500
878.220000000 7.400000000 2.020929575000
874.720000000 6.400000000 2.020842075300
865.970000000 6.800000000 2.019199609800
865.470000000 8.000000000 2.018158674200
861.220000000 8.200000000 2.018104076400
868.220000000 6.000000000 2.016128778500
861.470000000 8.400000000 2.012718200700
868.970000000 5.800000000 2.011839151400
865.220000000 8.800000000 2.009464979200
878.470000000 7.000000000 2.006379365900
869.720000000 8.200000000 2.002804279300
863.470000000 8.200000000 1.999433517500
860.720000000 8.000000000 1.998292446100
868.470000000 5.800000000 1.997274875600
869.720000000 9.800000000 1.996958494200
866.470000000 6.200000000 1.995849371000
861.720000000 8.600000000 1.994864106200
869.470000000 5.800000000 1.993617296200
875.220000000 7.600000000 1.993352532400
869.470000000 10.000000000 1.993267059300
866.220000000 6.400000000 1.991070628200
869.970000000 9.800000000 1.990067362800
871.720000000 9.800000000 1.986655712100
873.470000000 7.000000000 1.984589934300
874.970000000 6.000000000 1.983865022700
869.220000000 5.800000000 1.982829093900
870.720000000 9.400000000 1.982302308100
870.970000000 9.400000000 1.981833457900
878.470000000 8.200000000 1.979907989500
861.470000000 5.800000000 1.979382276500
875.470000000 7.200000000 1.979110002500
865.720000000 5.800000000 1.977948784800
865.970000000 5.800000000 1.977623105000
860.970000000 8.200000000 1.976739049000
877.470000000 6.600000000 1.975884199100
869.470000000 7.400000000 1.972321748700
874.220000000 5.800000000 1.972277760500
866.720000000 5.800000000 1.971202254300
863.720000000 8.400000000 1.970698595000
860.720000000 6.400000000 1.969306588200
861.970000000 8.600000000 1.968173503900
877.970000000 6.000000000 1.967286944400
868.220000000 5.800000000 1.966169238100
863.220000000 8.200000000 1.964462637900
876.470000000 7.000000000 1.961634874300
878.470000000 7.200000000 1.959333062200
874.470000000 6.400000000 1.958192944500
871.720000000 10.000000000 1.958174467100
862.220000000 8.400000000 1.957816124000
869.970000000 9.000000000 1.957074165300
873.970000000 5.800000000 1.955026865000
863.720000000 8.600000000 1.953675508500
868.720000000 7.200000000 1.953084468800
861.220000000 8.000000000 1.950730681400
875.220000000 7.400000000 1.948967456800
874.720000000 6.600000000 1.948739171000
862.470000000 8.200000000 1.948619008100
873.720000000 6.400000000 1.944005966200
874.470000000 8.000000000 1.942947387700
878.220000000 5.800000000 1.942316532100
871.470000000 9.800000000 1.942291736600
861.470000000 8.200000000 1.941451311100
870.220000000 9.200000000 1.940569400800
870.220000000 9.800000000 1.940020084400
877.720000000 6.000000000 1.939655304000
863.720000000 8.200000000 1.938144445400
878.220000000 7.200000000 1.938079237900
862.720000000 8.200000000 1.937765955900
873.470000000 7.800000000 1.937711000400
868.970000000 7.200000000 1.937325596800
869.220000000 7.200000000 1.937065601300
876.970000000 7.000000000 1.934997916200
875.720000000 7.000000000 1.933374285700
866.470000000 6.000000000 1.932525992400
877.720000000 6.400000000 1.932411909100
866.220000000 6.200000000 1.930784463900
877.970000000 6.400000000 1.930550217600
877.220000000 6.800000000 1.930137753500
871.220000000 9.600000000 1.929579019500
869.470000000 9.800000000 1.927685260800
870.470000000 10.000000000 1.927472949000
860.970000000 5.800000000 1.926974535000
866.220000000 5.800000000 1.926025390600
869.720000000 8.400000000 1.925632715200
865.970000000 6.600000000 1.921460390100
862.970000000 8.200000000 1.920472741100
860.720000000 7.800000000 1.913217067700
861.470000000 6.000000000 1.911692857700
874.720000000 8.000000000 1.911349654200
866.220000000 6.000000000 1.910240531000
878.470000000 7.400000000 1.909221887600
868.720000000 7.400000000 1.909131407700
865.970000000 6.000000000 1.904943466200
868.720000000 7.600000000 1.904762268100
868.720000000 7.800000000 1.902193188700
866.470000000 5.800000000 1.901971221000
861.720000000 8.400000000 1.901880979500
874.470000000 6.600000000 1.901188731200
865.720000000 7.200000000 1.901098370600
870.720000000 9.600000000 1.900950551000
868.720000000 8.000000000 1.899678707100
870.470000000 9.800000000 1.899647116700
864.470000000 9.600000000 1.899559497800
868.720000000 8.200000000 1.893912553800
876.720000000 7.000000000 1.892312288300
864.970000000 9.600000000 1.888535380400
874.220000000 6.000000000 1.888516068500
863.970000000 9.000000000 1.888330221200
874.720000000 6.800000000 1.887933611900
870.470000000 9.600000000 1.882591962800
863.470000000 8.000000000 1.879934072500
862.220000000 8.200000000 1.879884123800
861.720000000 5.800000000 1.879124522200
868.720000000 8.400000000 1.878835916500
861.970000000 8.400000000 1.877891063700
870.470000000 9.400000000 1.877580761900
869.720000000 9.600000000 1.873515129100
865.970000000 6.400000000 1.872695326800
869.470000000 7.600000000 1.869305491400
865.970000000 6.200000000 1.866534829100
860.970000000 8.000000000 1.864190220800
873.970000000 6.000000000 1.862890243500
874.970000000 6.200000000 1.861960887900
868.720000000 8.600000000 1.859786033600
869.970000000 9.600000000 1.858775377300
878.220000000 7.000000000 1.857777595500
861.470000000 8.000000000 1.857641935300
869.470000000 9.600000000 1.856102109000
870.720000000 9.800000000 1.855548262600
865.470000000 5.800000000 1.854966163600
864.720000000 10.000000000 1.852528572100
862.470000000 8.000000000 1.852435112000
869.220000000 10.000000000 1.852308034900
874.470000000 6.800000000 1.851772546800
878.470000000 7.600000000 1.851312637300
863.720000000 8.000000000 1.851175665900
865.220000000 8.600000000 1.849887847900
875.220000000 7.200000000 1.849450111400
861.220000000 7.800000000 1.849256753900
861.220000000 5.800000000 1.848760485600
873.720000000 7.800000000 1.848164558400
865.470000000 7.800000000 1.847599864000
870.220000000 9.600000000 1.847527027100
860.720000000 7.600000000 1.844866514200
874.970000000 7.800000000 1.844857931100
874.970000000 7.600000000 1.843764305100
860.970000000 6.000000000 1.842778921100
865.720000000 6.000000000 1.840235114100
875.470000000 7.000000000 1.840201377900
864.720000000 9.800000000 1.839251756700
869.220000000 9.800000000 1.838686823800
861.470000000 6.200000000 1.836784362800
860.720000000 6.600000000 1.836355686200
877.470000000 5.800000000 1.834726452800
874.720000000 7.000000000 1.832236766800
869.720000000 8.600000000 1.829647660300
873.720000000 6.600000000 1.828457593900
861.720000000 6.000000000 1.827768802600
869.220000000 7.400000000 1.827665090600
868.720000000 8.800000000 1.826727032700
870.720000000 10.000000000 1.821964860000
874.220000000 6.200000000 1.817605376200
873.470000000 7.200000000 1.815490841900
861.720000000 8.200000000 1.813830971700
862.720000000 8.000000000 1.813483715100
868.720000000 10.000000000 1.812714815100
865.220000000 8.400000000 1.811967015300
868.970000000 7.400000000 1.811009764700
870.970000000 9.600000000 1.806630492200
869.220000000 9.600000000 1.806501865400
878.470000000 8.000000000 1.805694818500
873.970000000 7.800000000 1.804782986600
863.220000000 8.000000000 1.804147720300
874.470000000 7.000000000 1.803745865800
877.970000000 6.200000000 1.799601912500
868.720000000 9.800000000 1.795457482300
871.470000000 10.000000000 1.795104622800
862.220000000 8.000000000 1.793603658700
874.970000000 7.400000000 1.793296337100
860.720000000 7.400000000 1.792369961700
861.970000000 8.200000000 1.791925549500
877.720000000 6.200000000 1.790347099300
878.470000000 7.800000000 1.786384463300
868.970000000 10.000000000 1.785679817200
861.220000000 6.000000000 1.785234808900
860.970000000 7.800000000 1.781974673300
868.720000000 9.000000000 1.781739831000
868.970000000 9.800000000 1.781339049300
873.970000000 6.200000000 1.779605984700
869.970000000 9.200000000 1.775600075700
874.720000000 7.200000000 1.774954319000
878.220000000 6.000000000 1.774189472200
878.220000000 6.800000000 1.770015955000
864.220000000 9.200000000 1.769237041500
865.720000000 7.000000000 1.768196463600
870.220000000 9.400000000 1.766715049700
877.470000000 6.000000000 1.766385078400
862.970000000 8.000000000 1.766375899300
868.720000000 9.600000000 1.766191124900
869.470000000 9.400000000 1.766062259700
868.970000000 9.600000000 1.764671444900
861.720000000 6.200000000 1.764323949800
869.220000000 9.400000000 1.762190818800
874.970000000 6.400000000 1.760673046100
874.220000000 6.400000000 1.758865356400
861.470000000 6.400000000 1.756720423700
860.720000000 7.200000000 1.754197001500
871.220000000 9.800000000 1.751589179000
873.470000000 7.600000000 1.751291871100
874.470000000 7.200000000 1.751029372200
869.470000000 7.800000000 1.750234007800
861.470000000 7.800000000 1.748915076300
863.970000000 8.400000000 1.748378634500
869.720000000 9.400000000 1.746291041400
865.220000000 8.200000000 1.744862318000
863.970000000 8.200000000 1.743702054000
864.720000000 9.600000000 1.743432164200
860.970000000 6.200000000 1.743189454100
875.970000000 6.800000000 1.740535855300
862.470000000 7.800000000 1.738383293200
868.970000000 9.400000000 1.736786961600
876.970000000 6.800000000 1.736096262900
870.970000000 9.800000000 1.735881447800
865.720000000 6.200000000 1.735549092300
860.720000000 7.000000000 1.732666850100
874.220000000 7.800000000 1.732612371400
874.720000000 7.800000000 1.730595707900
868.720000000 9.200000000 1.727552533100
876.220000000 6.800000000 1.726705193500
868.720000000 9.400000000 1.724855065300
874.720000000 7.600000000 1.724714875200
869.970000000 9.400000000 1.724423766100
860.720000000 6.800000000 1.723549962000
863.470000000 7.800000000 1.721703767800
861.720000000 8.000000000 1.720502615000
877.470000000 6.400000000 1.720072150200
861.220000000 6.200000000 1.718810677500
873.720000000 6.800000000 1.718065261800
869.720000000 8.800000000 1.716415643700
877.220000000 6.600000000 1.716110944700
863.720000000 7.800000000 1.712228417400
875.220000000 5.800000000 1.711261749300
863.970000000 8.600000000 1.710164904600
874.720000000 7.400000000 1.710129976300
874.220000000 6.600000000 1.709544420200
861.220000000 7.600000000 1.709218502000
865.470000000 7.600000000 1.708004236200
873.970000000 6.400000000 1.705461978900
864.470000000 9.400000000 1.704069852800
869.220000000 9.200000000 1.702588439000
861.970000000 8.000000000 1.700499057800
875.220000000 7.000000000 1.700124621400
869.220000000 7.600000000 1.699142217600
861.720000000 6.400000000 1.697446942300
868.970000000 9.200000000 1.693591952300
863.970000000 8.000000000 1.688383102400
874.470000000 7.400000000 1.688236475000
874.970000000 7.200000000 1.686845898600
862.220000000 7.800000000 1.686744809200
865.470000000 6.000000000 1.682759046600
876.470000000 6.800000000 1.682703018200
865.720000000 6.800000000 1.681598305700
862.720000000 7.800000000 1.681485176100
870.970000000 10.000000000 1.681261777900
874.970000000 6.600000000 1.678146004700
878.220000000 6.600000000 1.677544474600
863.470000000 6.000000000 1.677182555200
861.470000000 6.600000000 1.676667094200
869.470000000 9.200000000 1.670873284300
876.720000000 6.800000000 1.670083761200
863.470000000 6.200000000 1.669080257400
863.970000000 8.800000000 1.668904066100
865.720000000 6.400000000 1.668705701800
878.220000000 6.400000000 1.667594671200
868.970000000 7.600000000 1.665935874000
875.470000000 6.800000000 1.665743112600
874.220000000 6.800000000 1.664803028100
863.720000000 5.800000000 1.664704918900
863.470000000 5.800000000 1.661986589400
877.470000000 6.200000000 1.659438848500
873.470000000 7.400000000 1.654588818600
861.220000000 6.400000000 1.652886271500
860.970000000 7.600000000 1.652144312900
865.220000000 8.000000000 1.650875687600
865.720000000 6.600000000 1.650834918000
878.220000000 6.200000000 1.650758266400
875.720000000 6.800000000 1.650678157800
877.220000000 5.800000000 1.645227313000
860.970000000 6.400000000 1.640630602800
863.470000000 6.400000000 1.639673709900
874.470000000 7.800000000 1.639312148100
873.970000000 6.600000000 1.638958573300
868.970000000 9.000000000 1.637850999800
863.220000000 7.800000000 1.637681007400
863.720000000 6.000000000 1.633866667700
864.970000000 9.400000000 1.630212783800
869.220000000 9.000000000 1.628308534600
861.720000000 6.600000000 1.627034544900
874.470000000 7.600000000 1.625363707500
869.470000000 8.000000000 1.622124195100
874.220000000 7.000000000 1.619020938900
869.720000000 9.200000000 1.616524696400
862.970000000 7.800000000 1.611580252600
873.720000000 7.000000000 1.611540436700
861.470000000 7.600000000 1.611415982200
861.970000000 5.800000000 1.611018300100
861.720000000 7.800000000 1.610349178300
874.970000000 6.800000000 1.609571099300
862.470000000 7.600000000 1.602176189400
861.470000000 6.800000000 1.601763963700
863.470000000 6.600000000 1.595774769800
877.220000000 6.000000000 1.595595479000
861.970000000 7.800000000 1.592348814000
871.220000000 10.000000000 1.592108964900
873.720000000 7.600000000 1.591855883600
861.220000000 6.600000000 1.589307308200
869.720000000 9.000000000 1.588976740800
863.720000000 6.200000000 1.587930679300
864.970000000 8.400000000 1.587744474400
864.970000000 8.600000000 1.584939479800
864.720000000 9.400000000 1.584471941000
863.970000000 7.800000000 1.583288192700
861.970000000 6.000000000 1.581563949600
873.970000000 6.800000000 1.576789021500
868.970000000 8.800000000 1.574409842500
874.220000000 7.200000000 1.567341685300
864.970000000 8.200000000 1.565585970900
864.220000000 8.200000000 1.564321279500
864.970000000 8.800000000 1.563680410400
869.470000000 9.000000000 1.563089847600
865.470000000 7.400000000 1.562720060300
865.220000000 5.800000000 1.560331940700
869.220000000 7.800000000 1.557322382900
861.720000000 6.800000000 1.556509375600
862.220000000 7.600000000 1.555448293700
875.220000000 6.000000000 1.550426721600
874.970000000 7.000000000 1.548854470300
860.970000000 6.600000000 1.548658132600
869.220000000 8.800000000 1.547782063500
864.220000000 8.400000000 1.546369195000
876.970000000 6.600000000 1.542933702500
861.970000000 6.200000000 1.541163206100
863.470000000 6.800000000 1.540936946900
864.220000000 8.000000000 1.539270997000
862.720000000 7.600000000 1.537389755200
863.720000000 7.600000000 1.535264372800
861.470000000 7.000000000 1.534741759300
865.220000000 7.800000000 1.533972621000
863.470000000 7.600000000 1.532807230900
863.720000000 6.400000000 1.532660722700
861.220000000 6.800000000 1.531982421900
874.220000000 7.600000000 1.530055165300
861.220000000 7.400000000 1.530008196800
865.470000000 6.200000000 1.528923273100
864.720000000 8.200000000 1.527469158200
873.970000000 7.600000000 1.526841998100
877.220000000 6.200000000 1.521097421600
864.970000000 9.000000000 1.521073579800
868.970000000 7.800000000 1.520812630700
864.720000000 8.000000000 1.518689274800
863.220000000 6.400000000 1.518221259100
864.970000000 8.000000000 1.518165707600
875.220000000 6.800000000 1.517024159400
873.970000000 7.000000000 1.514831900600
864.220000000 8.600000000 1.509962439500
863.220000000 6.200000000 1.508978724500
873.720000000 7.200000000 1.507838249200
863.220000000 6.600000000 1.507305383700
877.220000000 6.400000000 1.506783962200
864.470000000 8.200000000 1.505564570400
874.220000000 7.400000000 1.505335807800
868.970000000 8.600000000 1.505275368700
864.720000000 8.400000000 1.505253195800
864.470000000 8.000000000 1.498723626100
864.220000000 9.000000000 1.498047947900
864.220000000 8.800000000 1.495757222200
860.970000000 6.800000000 1.494741201400
861.970000000 6.400000000 1.491258978800
869.470000000 8.200000000 1.490650534600
861.720000000 7.000000000 1.489857077600
861.220000000 7.000000000 1.484256386800
860.970000000 7.400000000 1.482903718900
863.970000000 5.800000000 1.482607960700
863.220000000 6.000000000 1.480187058400
861.720000000 7.600000000 1.479837060000
864.470000000 9.200000000 1.479820489900
863.470000000 7.000000000 1.478388667100
863.220000000 6.800000000 1.478205800100
861.470000000 7.200000000 1.477846503300
876.970000000 5.800000000 1.477719426200
860.970000000 7.000000000 1.477313518500
875.720000000 6.600000000 1.476261258100
875.470000000 6.600000000 1.475526809700
864.470000000 8.400000000 1.475400924700
864.970000000 9.200000000 1.473862171200
863.720000000 6.600000000 1.471774935700
860.970000000 7.200000000 1.470521569300
864.720000000 7.800000000 1.469599008600
864.220000000 7.800000000 1.468127846700
864.720000000 8.600000000 1.466549754100
863.970000000 6.000000000 1.464144468300
861.970000000 7.600000000 1.464040160200
869.220000000 8.600000000 1.460927367200
876.720000000 6.600000000 1.460751056700
863.220000000 7.600000000 1.458413839300
869.470000000 8.800000000 1.457547187800
862.970000000 7.600000000 1.452701687800
864.470000000 7.800000000 1.450129628200
873.970000000 7.200000000 1.449744820600
861.220000000 7.200000000 1.448729872700
861.470000000 7.400000000 1.444955825800
862.470000000 7.400000000 1.442614197700
864.970000000 7.800000000 1.438178181600
863.970000000 7.600000000 1.438085079200
876.970000000 6.000000000 1.437085747700
861.970000000 6.600000000 1.435728192300
863.220000000 7.000000000 1.433828473100
868.970000000 8.400000000 1.433401584600
876.220000000 6.600000000 1.433114886300
876.470000000 6.600000000 1.432783246000
863.220000000 5.800000000 1.432549119000
875.970000000 6.600000000 1.432484626800
861.720000000 7.200000000 1.430610418300
864.470000000 8.600000000 1.430220484700
863.970000000 6.200000000 1.427924990700
868.970000000 8.000000000 1.420524239500
864.720000000 8.800000000 1.419300198600
865.470000000 7.200000000 1.418073415800
863.720000000 6.800000000 1.414305925400
869.220000000 8.000000000 1.413197875000
863.470000000 7.200000000 1.412796020500
865.220000000 6.000000000 1.412477135700
875.220000000 6.200000000 1.411864519100
873.720000000 7.400000000 1.405159592600
865.470000000 6.400000000 1.401848197000
865.220000000 7.600000000 1.399967670400
862.220000000 7.400000000 1.399320006400
873.970000000 7.400000000 1.399213671700
864.720000000 9.200000000 1.398114681200
868.970000000 8.200000000 1.394639492000
864.470000000 8.800000000 1.391034483900
862.970000000 6.600000000 1.384108781800
864.720000000 7.600000000 1.382418513300
861.720000000 7.400000000 1.381904721300
861.970000000 6.800000000 1.380851268800
862.720000000 7.400000000 1.379543423700
863.970000000 6.400000000 1.379197835900
862.970000000 6.400000000 1.378655314400
863.220000000 7.200000000 1.378375649500
876.970000000 6.200000000 1.378000021000
869.220000000 8.400000000 1.373700738000
862.970000000 6.800000000 1.371139168700
869.470000000 8.400000000 1.370996713600
864.470000000 7.600000000 1.363661527600
864.720000000 9.000000000 1.361747026400
863.720000000 7.000000000 1.360809326200
876.970000000 6.400000000 1.358986139300
864.220000000 7.600000000 1.357714533800
862.970000000 6.200000000 1.353940844500
862.220000000 5.800000000 1.351812481900
869.470000000 8.600000000 1.349334955200
863.470000000 7.400000000 1.348664522200
864.470000000 9.000000000 1.347411990200
862.970000000 7.000000000 1.341393470800
865.470000000 6.600000000 1.339753031700
863.720000000 7.400000000 1.337859630600
862.220000000 6.000000000 1.334892511400
864.970000000 7.600000000 1.330818533900
861.970000000 7.000000000 1.327222943300
863.970000000 6.600000000 1.322928309400
875.220000000 6.600000000 1.321662068400
863.220000000 7.400000000 1.316273570100
861.970000000 7.400000000 1.315806627300
863.720000000 7.200000000 1.313050150900
875.470000000 5.800000000 1.311792254400
862.970000000 6.000000000 1.310079932200
865.470000000 6.800000000 1.307754755000
862.220000000 6.200000000 1.307442545900
875.720000000 6.400000000 1.304854035400
862.720000000 6.600000000 1.298512935600
862.970000000 7.200000000 1.297918558100
875.220000000 6.400000000 1.296458005900
869.220000000 8.200000000 1.293561577800
862.720000000 6.400000000 1.292567729900
864.220000000 5.800000000 1.290211796800
862.970000000 7.400000000 1.288929581600
875.470000000 6.400000000 1.288607835800
862.720000000 6.800000000 1.286356568300
864.220000000 6.000000000 1.279339671100
865.470000000 7.000000000 1.278895378100
861.970000000 7.200000000 1.278709292400
862.220000000 6.400000000 1.271761059800
863.970000000 7.400000000 1.271367430700
876.720000000 6.400000000 1.269516468000
865.220000000 6.200000000 1.268934607500
862.720000000 6.200000000 1.267347455000
864.720000000 7.400000000 1.266797781000
862.470000000 7.200000000 1.266211509700
862.970000000 5.800000000 1.264802336700
862.220000000 6.600000000 1.264600873000
863.970000000 6.800000000 1.260242104500
876.720000000 5.800000000 1.259102225300
865.220000000 7.400000000 1.258835077300
862.720000000 7.000000000 1.258544445000
864.220000000 6.200000000 1.255848527000
862.470000000 6.600000000 1.251253128100
862.220000000 6.800000000 1.251212835300
864.470000000 7.400000000 1.248614668800
862.470000000 6.400000000 1.247229933700
862.470000000 6.800000000 1.237457990600
862.220000000 7.200000000 1.226621627800
864.220000000 6.400000000 1.225326538100
864.220000000 7.400000000 1.224591851200
862.470000000 6.200000000 1.223947882700
862.220000000 7.000000000 1.223789811100
862.720000000 6.000000000 1.223383069000
876.720000000 6.000000000 1.222107410400
862.720000000 7.200000000 1.217104673400
876.470000000 6.400000000 1.210530996300
862.470000000 7.000000000 1.208732128100
864.970000000 5.800000000 1.208288550400
864.970000000 7.400000000 1.202543020200
862.470000000 5.800000000 1.202354550400
863.970000000 7.000000000 1.194059848800
862.470000000 6.000000000 1.193548560100
862.720000000 5.800000000 1.188261270500
864.220000000 6.600000000 1.187372088400
876.220000000 6.400000000 1.181392192800
876.720000000 6.200000000 1.170794010200
875.970000000 6.400000000 1.169770836800
875.720000000 6.200000000 1.150385499000
864.220000000 6.800000000 1.143835425400
865.220000000 6.400000000 1.138682007800
864.720000000 7.200000000 1.136477112800
875.470000000 6.000000000 1.127224683800
863.970000000 7.200000000 1.126737356200
864.470000000 7.200000000 1.122324585900
864.970000000 6.000000000 1.119247317300
875.470000000 6.200000000 1.119019746800
865.220000000 7.200000000 1.117860674900
864.220000000 7.000000000 1.097724318500
864.220000000 7.200000000 1.081812143300
865.220000000 6.800000000 1.074455261200
865.220000000 6.600000000 1.072403430900
864.970000000 7.200000000 1.065058827400
865.220000000 7.000000000 1.064211845400
864.470000000 5.800000000 1.060167789500
864.470000000 6.000000000 1.057658195500
864.470000000 6.200000000 1.049165248900
864.470000000 6.400000000 1.035343647000
864.970000000 6.200000000 1.031938195200
875.720000000 5.800000000 1.025599002800
875.720000000 6.000000000 1.020115852400
864.470000000 6.600000000 1.017406344400
876.470000000 6.200000000 1.015377879100
875.970000000 6.200000000 1.007895350500
864.720000000 7.000000000 1.003595352200
864.720000000 5.800000000 1.001775622400
876.470000000 5.800000000 1.000385999700
864.470000000 6.800000000 0.996168077000
864.470000000 7.000000000 0.994651436800
876.470000000 6.000000000 0.971026241800
864.720000000 6.000000000 0.970394790200
876.220000000 6.200000000 0.969168305400
864.970000000 6.400000000 0.951469779000
864.720000000 6.200000000 0.941514432400
864.970000000 7.000000000 0.929034709900
875.970000000 6.000000000 0.919410884400
864.720000000 6.400000000 0.916008770500
864.720000000 6.600000000 0.893042922000
864.970000000 6.600000000 0.883498966700
864.720000000 6.800000000 0.878022015100
875.970000000 5.800000000 0.860415816300
876.220000000 6.000000000 0.844671249400
876.220000000 5.800000000 0.840998590000
864.970000000 6.800000000 0.838827431200
