922.590000000 8.400000000 39.451232910200
922.590000000 8.600000000 39.314445495600
922.590000000 8.200000000 39.293468475300
922.590000000 8.800000000 39.034362793000
922.590000000 8.000000000 38.908950805700
922.590000000 9.000000000 38.289512634300
922.590000000 7.800000000 38.285133361800
922.340000000 8.200000000 37.646785736100
922.340000000 8.400000000 37.596805572500
922.590000000 7.600000000 37.372131347700
922.340000000 8.000000000 37.329555511500
922.840000000 8.400000000 37.326042175300
922.840000000 8.200000000 37.322692871100
922.840000000 8.600000000 37.262939453100
922.840000000 8.800000000 37.193698883100
922.840000000 8.000000000 37.060890197800
922.340000000 8.600000000 36.996582031200
922.840000000 9.000000000 36.925949096700
922.590000000 9.200000000 36.920955658000
922.340000000 7.800000000 36.759090423600
922.840000000 9.200000000 36.458339691200
922.840000000 7.800000000 36.451347351100
922.590000000 7.400000000 36.091236114500
922.840000000 9.400000000 35.989181518600
922.340000000 7.600000000 35.986347198500
922.340000000 8.800000000 35.715660095200
922.840000000 7.600000000 35.391525268600
922.840000000 9.600000000 35.003494262700
922.340000000 7.400000000 34.998069763200
922.590000000 9.400000000 34.871871948200
923.090000000 8.200000000 34.428600311300
922.590000000 7.200000000 34.399112701400
923.090000000 8.000000000 34.279747009300
923.090000000 8.400000000 34.209812164300
923.090000000 8.600000000 33.960800170900
922.840000000 7.400000000 33.792972564700
922.340000000 7.200000000 33.776611328100
922.340000000 9.000000000 33.686649322500
923.090000000 8.800000000 33.660800933800
923.090000000 7.800000000 33.616279602100
922.840000000 9.800000000 33.457553863500
923.090000000 9.000000000 33.258991241500
923.090000000 9.200000000 32.979869842500
923.090000000 9.400000000 32.825542450000
923.090000000 9.600000000 32.470230102500
923.090000000 9.800000000 32.368202209500
923.090000000 7.600000000 32.324676513700
922.590000000 9.600000000 32.293716430700
922.590000000 7.000000000 32.284412384000
922.340000000 7.000000000 32.279037475600
920.840000000 7.600000000 32.107730865500
922.090000000 8.000000000 32.023250579800
922.090000000 8.200000000 31.947076797500
920.590000000 7.600000000 31.894914627100
923.090000000 10.000000000 31.856027603100
922.090000000 7.800000000 31.724430084200
922.840000000 7.200000000 31.652675628700
922.840000000 10.000000000 31.633157730100
920.590000000 7.800000000 31.590440750100
920.840000000 7.400000000 31.571529388400
920.340000000 7.600000000 31.315017700200
920.840000000 7.800000000 31.310430526700
922.090000000 8.400000000 31.234498977700
922.090000000 7.600000000 31.172235488900
920.340000000 7.800000000 31.097789764400
922.340000000 9.200000000 31.042415618900
920.590000000 7.400000000 30.987028121900
922.340000000 6.800000000 30.479751586900
922.090000000 7.400000000 30.473281860400
923.090000000 7.400000000 30.374633789100
921.090000000 7.600000000 30.318161010700
920.090000000 7.600000000 30.268184661900
920.340000000 7.400000000 30.047597885100
920.590000000 8.000000000 29.863811492900
922.590000000 6.800000000 29.800994873000
920.840000000 7.200000000 29.799507141100
920.090000000 7.800000000 29.735242843600
922.090000000 8.600000000 29.729831695600
922.090000000 7.200000000 29.675769805900
921.090000000 7.400000000 29.645328521700
922.590000000 9.800000000 29.411508560200
921.090000000 7.800000000 29.376758575400
920.840000000 8.000000000 29.288927078200
920.590000000 7.200000000 29.205614090000
920.340000000 8.000000000 29.155187606800
922.840000000 7.000000000 29.071035385100
920.090000000 7.400000000 29.036592483500
922.090000000 7.000000000 28.767999649000
922.340000000 6.600000000 28.398235321000
919.840000000 7.600000000 28.149717330900
922.340000000 9.400000000 28.010969162000
920.340000000 7.200000000 27.877960205100
923.090000000 7.200000000 27.875495910600
922.090000000 6.800000000 27.717426300000
921.090000000 7.200000000 27.665561676000
922.090000000 8.800000000 27.518381118800
920.090000000 8.000000000 27.479528427100
919.840000000 7.800000000 27.414884567300
920.840000000 7.000000000 27.166143417400
919.840000000 7.400000000 27.162723541300
921.090000000 8.000000000 27.087541580200
922.590000000 6.600000000 27.083713531500
920.590000000 7.000000000 26.898395538300
920.590000000 8.200000000 26.893188476600
920.090000000 7.200000000 26.592132568400
922.090000000 6.600000000 26.495050430300
920.840000000 8.200000000 26.361801147500
922.590000000 10.000000000 26.339857101400
922.840000000 6.800000000 26.227087020900
921.840000000 7.800000000 26.187997818000
914.340000000 10.000000000 26.122385025000
921.840000000 8.000000000 26.102870941200
922.340000000 6.400000000 26.095651626600
914.590000000 10.000000000 26.072080612200
920.340000000 8.200000000 25.878120422400
921.340000000 7.600000000 25.831630706800
921.840000000 7.600000000 25.826536178600
921.340000000 7.800000000 25.425649642900
920.340000000 7.000000000 25.389921188400
921.840000000 8.200000000 25.334587097200
921.840000000 7.400000000 25.263345718400
919.840000000 8.000000000 25.214546203600
922.090000000 6.400000000 25.129726409900
921.340000000 7.400000000 25.103412628200
915.590000000 7.600000000 25.085494995100
923.090000000 7.000000000 25.062025070200
921.090000000 7.000000000 25.058464050300
914.840000000 10.000000000 24.930553436300
922.340000000 9.600000000 24.925493240400
922.090000000 9.000000000 24.848585128800
919.840000000 7.200000000 24.807016372700
919.590000000 7.600000000 24.696552276600
921.840000000 7.200000000 24.681802749600
920.590000000 6.800000000 24.351545333900
922.590000000 6.400000000 24.306892395000
915.090000000 10.000000000 24.253704071000
920.840000000 6.800000000 24.200189590500
915.590000000 7.400000000 24.176717758200
921.840000000 7.000000000 24.156644821200
920.090000000 8.200000000 24.150989532500
919.590000000 7.800000000 24.134441375700
915.590000000 7.800000000 24.122056961100
915.840000000 7.600000000 24.054647445700
921.090000000 8.200000000 24.013677597000
915.340000000 7.600000000 23.855573654200
919.590000000 7.400000000 23.824621200600
921.840000000 8.400000000 23.805225372300
921.340000000 8.000000000 23.794134140000
921.340000000 7.200000000 23.729906082200
920.090000000 7.000000000 23.722124099700
922.340000000 6.200000000 23.694261550900
921.840000000 6.800000000 23.686796188400
915.340000000 10.000000000 23.646875381500
915.340000000 8.000000000 23.610769271900
921.590000000 7.800000000 23.605136871300
922.090000000 6.200000000 23.565389633200
921.590000000 7.600000000 23.557842254600
915.340000000 7.400000000 23.401657104500
922.840000000 6.600000000 23.353727340700
915.840000000 7.400000000 23.296861648600
915.840000000 7.800000000 23.252603530900
921.840000000 6.600000000 23.228143692000
920.590000000 8.400000000 23.187297821000
921.590000000 7.400000000 22.998388290400
915.340000000 7.800000000 22.975427627600
920.340000000 6.800000000 22.957504272500
914.090000000 10.000000000 22.943426132200
920.840000000 8.400000000 22.922697067300
921.590000000 8.000000000 22.851984024000
916.090000000 7.600000000 22.838619232200
921.840000000 6.400000000 22.702074050900
916.340000000 7.600000000 22.554224014300
915.090000000 7.800000000 22.522367477400
915.590000000 8.000000000 22.472698211700
921.090000000 6.800000000 22.468114852900
916.090000000 7.400000000 22.356340408300
919.590000000 8.000000000 22.315135955800
921.590000000 7.200000000 22.254650116000
921.340000000 7.000000000 22.206254959100
923.090000000 6.800000000 22.188108444200
919.840000000 8.200000000 22.172889709500
922.090000000 9.200000000 22.079265594500
922.340000000 9.800000000 22.052324295000
921.840000000 6.200000000 22.046483993500
916.340000000 7.400000000 22.045917511000
914.590000000 9.800000000 22.032949447600
920.340000000 8.400000000 22.017768859900
915.590000000 10.000000000 22.014335632300
916.590000000 7.600000000 22.001667022700
914.340000000 9.800000000 21.980346679700
915.090000000 8.000000000 21.962501525900
916.090000000 7.800000000 21.894073486300
922.090000000 6.000000000 21.836301803600
919.840000000 7.000000000 21.798280715900
919.590000000 7.200000000 21.776292800900
920.590000000 6.600000000 21.757894516000
910.340000000 10.000000000 21.735700607300
921.840000000 8.600000000 21.679113388100
915.590000000 7.200000000 21.669816970800
922.590000000 6.200000000 21.655090332000
921.590000000 7.000000000 21.567869186400
914.840000000 9.800000000 21.559366226200
916.340000000 7.800000000 21.552755355800
915.090000000 9.800000000 21.540620803800
915.340000000 8.200000000 21.507961273200
915.340000000 9.800000000 21.465721130400
915.590000000 8.200000000 21.444099426300
919.340000000 7.600000000 21.357175827000
916.590000000 7.800000000 21.349714279200
920.840000000 6.600000000 21.348134994500
922.340000000 6.000000000 21.345411300700
915.840000000 8.000000000 21.340198516800
921.340000000 8.200000000 21.308692932100
921.840000000 6.000000000 21.269613266000
921.590000000 8.200000000 21.259260177600
915.340000000 7.200000000 21.162025451700
916.590000000 7.400000000 21.155670166000
921.590000000 6.800000000 21.060016632100
915.840000000 7.200000000 21.031932830800
910.590000000 10.000000000 20.995813369800
920.090000000 6.800000000 20.964616775500
919.340000000 7.800000000 20.943338394200
921.340000000 6.800000000 20.864812851000
915.090000000 7.400000000 20.789348602300
921.590000000 6.600000000 20.730274200400
921.090000000 8.400000000 20.714719772300
920.340000000 6.600000000 20.701742172200
922.840000000 6.400000000 20.653173446700
915.090000000 7.600000000 20.592296600300
910.340000000 9.800000000 20.547399520900
921.590000000 6.400000000 20.527828216600
920.090000000 8.400000000 20.519739151000
919.340000000 7.400000000 20.504934310900
915.590000000 9.800000000 20.422853469800
921.590000000 6.200000000 20.351819992100
916.090000000 7.200000000 20.340900421100
914.840000000 7.800000000 20.316131591800
921.840000000 5.800000000 20.310094833400
921.090000000 6.600000000 20.284437179600
921.590000000 6.000000000 20.199708938600
910.590000000 9.800000000 20.093193054200
916.090000000 8.000000000 20.070310592700
922.090000000 5.800000000 20.067859649700
916.340000000 7.200000000 20.011138916000
921.590000000 5.800000000 19.904376983600
921.340000000 6.600000000 19.847570419300
919.590000000 8.200000000 19.710262298600
916.340000000 8.000000000 19.619359970100
914.090000000 9.800000000 19.614498138400
919.090000000 7.600000000 19.540493011500
916.590000000 8.000000000 19.539899826000
922.340000000 10.000000000 19.502342224100
923.090000000 6.600000000 19.486215591400
922.090000000 9.400000000 19.472036361700
910.090000000 10.000000000 19.450523376500
920.840000000 8.600000000 19.387420654300
915.840000000 10.000000000 19.375965118400
920.590000000 8.600000000 19.364068985000
919.340000000 8.000000000 19.352060318000
915.090000000 7.200000000 19.331783294700
920.590000000 6.400000000 19.321046829200
922.590000000 6.000000000 19.281641006500
921.840000000 8.800000000 19.273151397700
916.840000000 7.600000000 19.237714767500
915.090000000 8.200000000 19.201129913300
921.340000000 6.400000000 19.158887863200
915.590000000 8.400000000 19.145778656000
915.340000000 9.600000000 19.143264770500
922.340000000 5.800000000 19.132762908900
910.340000000 9.600000000 19.087799072300
914.840000000 8.000000000 19.087629318200
919.590000000 7.000000000 19.085271835300
921.590000000 8.400000000 19.073417663600
916.590000000 7.200000000 19.053554534900
915.840000000 8.200000000 19.031251907300
916.840000000 7.800000000 19.031032562300
914.840000000 7.600000000 19.004903793300
919.090000000 7.800000000 18.983184814500
918.840000000 7.600000000 18.982833862300
919.840000000 8.400000000 18.928697586100
920.840000000 6.400000000 18.911546707200
910.590000000 9.600000000 18.904893875100
915.090000000 9.600000000 18.899238586400
919.090000000 7.400000000 18.837911605800
919.840000000 6.800000000 18.780374527000
921.340000000 6.200000000 18.762790679900
919.340000000 7.200000000 18.695802688600
918.840000000 7.400000000 18.654726028400
920.340000000 6.400000000 18.652484893800
921.090000000 6.400000000 18.627635955800
915.590000000 9.600000000 18.617774963400
914.840000000 9.600000000 18.584825515700
914.590000000 9.600000000 18.578266143800
920.090000000 6.600000000 18.568214416500
914.840000000 7.400000000 18.549163818400
909.840000000 10.000000000 18.543428421000
921.340000000 6.000000000 18.510658264200
921.340000000 8.400000000 18.496446609500
915.340000000 8.400000000 18.425363540600
914.340000000 9.600000000 18.389036178600
921.340000000 5.800000000 18.308479309100
915.590000000 7.000000000 18.305551528900
915.840000000 9.800000000 18.288551330600
922.840000000 6.200000000 18.278110504200
916.840000000 7.400000000 18.273460388200
920.340000000 8.600000000 18.261070251500
910.840000000 10.000000000 18.242572784400
910.090000000 9.800000000 18.232267379800
918.590000000 7.400000000 18.187557220500
918.840000000 7.800000000 18.139598846400
918.590000000 7.600000000 18.058761596700
914.590000000 7.800000000 17.966440200800
916.090000000 8.200000000 17.964843750000
914.840000000 7.200000000 17.933158874500
915.340000000 7.000000000 17.907506942700
914.590000000 7.600000000 17.870067596400
915.840000000 7.000000000 17.839916229200
916.840000000 8.000000000 17.736858367900
910.840000000 9.800000000 17.656137466400
913.840000000 10.000000000 17.605234146100
910.590000000 9.400000000 17.603027343800
921.090000000 8.600000000 17.581733703600
910.340000000 9.400000000 17.577140808100
914.590000000 7.200000000 17.540700912500
921.090000000 6.200000000 17.444641113300
916.340000000 8.200000000 17.428344726600
914.590000000 7.400000000 17.404907226600
919.090000000 8.000000000 17.361722946200
916.090000000 7.000000000 17.315002441400
918.590000000 7.200000000 17.301719665500
922.590000000 5.800000000 17.243005752600
916.590000000 8.200000000 17.237195968600
918.840000000 7.200000000 17.217334747300
920.590000000 6.200000000 17.203918457000
909.590000000 10.000000000 17.196218490600
922.090000000 9.600000000 17.185928344700
915.840000000 8.400000000 17.161712646500
919.090000000 7.200000000 17.161298751800
920.090000000 8.600000000 17.129716873200
918.590000000 7.800000000 17.126434326200
923.090000000 6.400000000 17.096637725800
915.340000000 9.400000000 17.086645126300
916.340000000 7.000000000 17.077169418300
915.590000000 9.400000000 17.022531509400
919.340000000 8.200000000 17.021774292000
915.840000000 9.600000000 17.019676208500
920.840000000 6.200000000 17.008350372300
915.590000000 8.600000000 16.930860519400
921.840000000 9.000000000 16.911333084100
910.840000000 9.600000000 16.891977310200
919.590000000 8.400000000 16.860691070600
910.090000000 9.600000000 16.797193527200
920.340000000 6.200000000 16.784404754600
915.090000000 7.000000000 16.704179763800
914.090000000 9.600000000 16.697187423700
921.590000000 8.600000000 16.687046051000
921.090000000 6.000000000 16.633096694900
915.090000000 9.400000000 16.599994659400
920.090000000 6.400000000 16.592414856000
914.840000000 8.200000000 16.556478500400
914.590000000 7.000000000 16.548206329300
918.840000000 8.000000000 16.508262634300
914.340000000 7.600000000 16.469186782800
914.590000000 8.000000000 16.423107147200
919.340000000 7.000000000 16.405900955200
916.840000000 7.200000000 16.391244888300
910.590000000 9.200000000 16.323995590200
916.590000000 7.000000000 16.320535659800
922.840000000 6.000000000 16.299419403100
919.590000000 6.800000000 16.280519485500
914.340000000 7.200000000 16.246294021600
915.090000000 8.400000000 16.166728973400
914.840000000 9.400000000 16.160364151000
918.340000000 7.400000000 16.159299850500
919.840000000 6.600000000 16.133493423500
921.090000000 5.800000000 16.097026825000
914.840000000 7.000000000 16.094955444300
910.340000000 9.200000000 16.093185424800
910.840000000 9.400000000 16.087974548300
920.840000000 8.800000000 16.063367843600
916.090000000 8.400000000 15.962809562700
915.340000000 8.600000000 15.954866409300
916.090000000 10.000000000 15.953712463400
914.340000000 7.000000000 15.946411132800
919.840000000 8.600000000 15.901718139600
915.590000000 9.200000000 15.883556366000
918.340000000 7.600000000 15.877234458900
914.590000000 9.400000000 15.869897842400
920.590000000 8.800000000 15.858858108500
918.340000000 7.200000000 15.818453788800
921.340000000 8.600000000 15.781647682200
914.340000000 7.400000000 15.781096458400
915.840000000 9.400000000 15.773934364300
916.840000000 8.200000000 15.768106460600
918.590000000 8.000000000 15.763191223100
909.840000000 9.800000000 15.638807296800
915.590000000 8.800000000 15.637351036100
914.340000000 7.800000000 15.615744590800
920.840000000 6.000000000 15.606123924300
918.590000000 7.000000000 15.548026084900
915.340000000 9.200000000 15.532438278200
914.340000000 9.400000000 15.528445243800
920.590000000 6.000000000 15.432261467000
916.340000000 8.400000000 15.401691436800
915.840000000 8.600000000 15.386362075800
910.090000000 5.800000000 15.375992775000
909.840000000 5.800000000 15.356207847600
915.590000000 9.000000000 15.338496208200
911.090000000 10.000000000 15.328103065500
910.840000000 9.200000000 15.324088096600
910.090000000 9.400000000 15.299177169800
913.840000000 9.800000000 15.280744552600
922.090000000 9.800000000 15.275639534000
921.340000000 8.800000000 15.246397018400
919.090000000 8.200000000 15.197232246400
916.090000000 9.800000000 15.194647789000
918.340000000 7.800000000 15.170907020600
920.340000000 6.000000000 15.137626647900
910.590000000 9.000000000 15.136266708400
911.090000000 9.800000000 15.127458572400
923.090000000 6.200000000 15.112502098100
918.840000000 7.000000000 15.107040405300
919.090000000 7.000000000 15.030039787300
916.590000000 8.400000000 14.981976509100
911.840000000 8.800000000 14.980918884300
920.090000000 6.200000000 14.979533195500
920.340000000 8.800000000 14.970922470100
911.840000000 9.000000000 14.936104774500
911.590000000 8.800000000 14.919752121000
911.090000000 9.600000000 14.890726089500
915.090000000 9.200000000 14.877140045200
915.590000000 6.800000000 14.856350898700
911.590000000 9.000000000 14.846271514900
921.840000000 9.200000000 14.794405937200
915.840000000 9.200000000 14.786421775800
918.340000000 7.000000000 14.779407501200
915.340000000 8.800000000 14.775358200100
921.340000000 9.000000000 14.757106781000
921.090000000 8.800000000 14.735648155200
914.340000000 6.800000000 14.721714019800
910.340000000 9.000000000 14.716216087300
915.340000000 9.000000000 14.711369514500
922.840000000 5.800000000 14.695210456800
911.840000000 9.200000000 14.686140060400
911.840000000 8.600000000 14.664326667800
911.090000000 9.400000000 14.657834053000
909.840000000 6.000000000 14.612751960800
911.590000000 8.600000000 14.610757827800
914.590000000 6.800000000 14.610401153600
920.840000000 5.800000000 14.603678703300
918.840000000 8.200000000 14.600419998200
910.840000000 9.000000000 14.593179702800
911.590000000 9.200000000 14.526594162000
915.340000000 6.800000000 14.526112556500
919.340000000 8.400000000 14.497112274200
915.840000000 6.800000000 14.463941574100
911.090000000 9.200000000 14.433960914600
921.590000000 8.800000000 14.411887168900
915.840000000 8.800000000 14.400343895000
911.340000000 9.000000000 14.369177818300
914.590000000 8.200000000 14.342222213700
914.840000000 9.200000000 14.341742515600
911.340000000 8.800000000 14.329489707900
911.840000000 9.400000000 14.328738212600
918.590000000 8.200000000 14.328233718900
921.090000000 9.000000000 14.285997390700
914.090000000 9.400000000 14.276288032500
910.090000000 6.000000000 14.261681556700
916.090000000 8.600000000 14.246975898700
915.840000000 9.000000000 14.244005203200
911.340000000 9.200000000 14.226564407300
918.340000000 8.000000000 14.225801467900
920.090000000 8.800000000 14.208265304600
914.840000000 8.400000000 14.200424194300
911.090000000 9.000000000 14.191285133400
915.090000000 8.600000000 14.183319091800
916.090000000 9.600000000 14.168607711800
919.590000000 8.600000000 14.155504226700
917.090000000 7.600000000 14.145661354100
909.590000000 9.800000000 14.117471694900
921.340000000 9.200000000 14.108805656400
911.590000000 9.400000000 14.079216957100
916.090000000 6.800000000 14.072193145800
918.840000000 10.000000000 14.065359115600
910.590000000 8.800000000 14.060964584400
920.590000000 5.800000000 14.048633575400
912.090000000 8.800000000 14.047656059300
919.340000000 6.800000000 14.041324615500
912.090000000 9.000000000 14.031003952000
916.840000000 7.000000000 14.026232719400
916.340000000 6.800000000 14.021920204200
911.340000000 9.400000000 14.004575729400
921.590000000 9.000000000 13.999865531900
919.840000000 6.400000000 13.985070228600
911.340000000 8.600000000 13.984087944000
914.340000000 8.000000000 13.963681221000
917.090000000 7.800000000 13.935988426200
909.340000000 10.000000000 13.927231788600
911.840000000 9.600000000 13.919416427600
912.090000000 9.200000000 13.914297103900
911.840000000 8.400000000 13.898948669400
914.590000000 9.200000000 13.888257980300
910.840000000 8.800000000 13.872550010700
911.090000000 8.800000000 13.860533714300
910.090000000 9.200000000 13.851060867300
911.590000000 8.400000000 13.835154533400
912.090000000 8.600000000 13.834954261800
912.090000000 9.400000000 13.804949760400
915.090000000 9.000000000 13.783459663400
911.340000000 9.600000000 13.768505096400
922.090000000 10.000000000 13.765500068700
921.090000000 9.200000000 13.755309104900
919.090000000 10.000000000 13.738599777200
919.590000000 6.600000000 13.730179786700
909.840000000 6.200000000 13.723239898700
916.340000000 8.600000000 13.716073036200
915.090000000 6.800000000 13.702173233000
912.090000000 9.600000000 13.698203086900
920.340000000 5.800000000 13.696164131200
912.090000000 9.800000000 13.633676528900
914.840000000 6.800000000 13.623066902200
920.090000000 6.000000000 13.619498252900
916.840000000 8.400000000 13.604541778600
911.590000000 9.600000000 13.586511611900
912.090000000 10.000000000 13.571738243100
916.590000000 6.800000000 13.543755531300
911.340000000 9.800000000 13.534031868000
917.090000000 7.400000000 13.509438514700
923.090000000 6.000000000 13.500592231800
910.340000000 8.800000000 13.486173629800
915.090000000 8.800000000 13.480081558200
911.840000000 9.800000000 13.477229118300
914.090000000 7.400000000 13.453776359600
910.340000000 5.800000000 13.398546218900
914.340000000 9.200000000 13.396970748900
918.590000000 6.800000000 13.383647918700
921.590000000 9.200000000 13.362018585200
911.090000000 8.600000000 13.343096733100
911.340000000 10.000000000 13.329813003500
913.840000000 9.600000000 13.307426452600
919.840000000 8.800000000 13.300055503800
912.090000000 8.400000000 13.285801887500
914.090000000 7.600000000 13.284592628500
911.340000000 8.400000000 13.247438430800
921.340000000 9.400000000 13.232254982000
918.340000000 8.200000000 13.186981201200
918.340000000 6.800000000 13.181139946000
921.090000000 9.400000000 13.167119026200
920.840000000 9.000000000 13.159146308900
914.840000000 9.000000000 13.153022766100
910.840000000 8.600000000 13.097755432100
911.590000000 9.800000000 13.083991050700
910.090000000 6.200000000 13.073304176300
911.840000000 10.000000000 13.072638511700
910.590000000 8.600000000 13.056588172900
916.590000000 8.600000000 13.053393364000
916.090000000 9.400000000 13.051031112700
917.090000000 8.000000000 13.018165588400
921.840000000 9.400000000 13.010071754500
919.090000000 8.400000000 13.005541801500
918.590000000 8.400000000 13.001286506700
909.840000000 9.600000000 12.980694770800
918.090000000 7.400000000 12.943257331800
920.590000000 9.000000000 12.885077476500
914.840000000 8.600000000 12.879463195800
918.840000000 6.800000000 12.877181053200
919.090000000 6.800000000 12.876037597700
916.090000000 8.800000000 12.864066124000
918.090000000 7.600000000 12.793609619100
918.840000000 8.400000000 12.793529510500
914.340000000 6.600000000 12.769010543800
914.590000000 8.400000000 12.723316192600
918.090000000 7.200000000 12.722815513600
911.840000000 8.200000000 12.695705413800
909.840000000 6.400000000 12.631538391100
912.340000000 10.000000000 12.626002311700
911.590000000 10.000000000 12.621570587200
914.840000000 8.800000000 12.619852066000
914.590000000 9.000000000 12.614995956400
911.590000000 8.200000000 12.611344337500
911.090000000 8.400000000 12.557948112500
921.590000000 9.400000000 12.551204681400
909.590000000 5.800000000 12.549555778500
910.090000000 9.000000000 12.526302337600
918.840000000 9.800000000 12.497181892400
920.090000000 5.800000000 12.433310508700
914.090000000 7.200000000 12.421792030300
921.090000000 9.600000000 12.403133392300
916.340000000 8.800000000 12.395794868500
910.340000000 8.600000000 12.385025024400
914.090000000 9.200000000 12.361311912500
912.090000000 8.200000000 12.355355262800
920.840000000 9.200000000 12.344840049700
914.340000000 8.200000000 12.330476760900
919.840000000 6.200000000 12.304991722100
918.090000000 7.800000000 12.304408073400
912.340000000 9.800000000 12.300722122200
913.590000000 10.000000000 12.275641441300
914.090000000 7.800000000 12.270577430700
920.340000000 9.000000000 12.259922027600
923.090000000 5.800000000 12.239605903600
921.340000000 9.600000000 12.228434562700
914.590000000 6.600000000 12.214545249900
910.340000000 6.000000000 12.207886695900
910.840000000 8.400000000 12.199002265900
909.590000000 6.000000000 12.175971031200
919.340000000 8.600000000 12.164311409000
918.340000000 8.400000000 12.141400337200
911.340000000 8.200000000 12.119088172900
918.090000000 7.000000000 12.116490364100
917.090000000 7.200000000 12.115851402300
916.090000000 9.200000000 12.068052291900
910.590000000 8.400000000 12.063019752500
912.340000000 9.600000000 12.055261611900
912.340000000 8.800000000 12.032208442700
920.840000000 9.400000000 12.017607688900
912.340000000 8.600000000 12.005877494800
921.840000000 9.600000000 11.984877586400
914.090000000 7.000000000 11.969974517800
912.340000000 9.000000000 11.964594841000
916.340000000 10.000000000 11.956575393700
914.590000000 8.600000000 11.950120925900
914.590000000 8.800000000 11.945577621500
914.340000000 9.000000000 11.921399116500
912.340000000 9.400000000 11.904236793500
912.340000000 9.200000000 11.903427124000
918.590000000 8.600000000 11.867182731600
919.340000000 6.600000000 11.865111351000
910.590000000 5.800000000 11.818915367100
919.590000000 8.800000000 11.804460525500
920.090000000 9.000000000 11.800519943200
916.090000000 9.000000000 11.797161102300
915.590000000 6.600000000 11.794851303100
912.340000000 8.400000000 11.774203300500
918.590000000 10.000000000 11.767848968500
910.090000000 6.400000000 11.763462066700
917.090000000 8.200000000 11.668832778900
913.840000000 9.400000000 11.651411056500
916.840000000 8.600000000 11.639933586100
909.590000000 6.200000000 11.625903129600
921.590000000 9.600000000 11.624789238000
916.840000000 6.800000000 11.615283966100
919.590000000 6.400000000 11.605568885800
916.590000000 8.800000000 11.597349166900
918.090000000 8.000000000 11.549088478100
915.340000000 6.600000000 11.543569564800
909.840000000 6.600000000 11.518467903100
909.840000000 9.400000000 11.514369010900
916.340000000 9.000000000 11.490248680100
911.090000000 8.200000000 11.482972145100
921.090000000 9.800000000 11.465596199000
920.840000000 9.600000000 11.460603714000
916.340000000 9.800000000 11.454506874100
915.840000000 6.600000000 11.436411857600
910.340000000 8.400000000 11.373095512400
910.090000000 8.800000000 11.360976219200
919.090000000 9.800000000 11.351016998300
916.340000000 6.600000000 11.330112457300
909.590000000 9.600000000 11.330031395000
918.340000000 6.600000000 11.324972152700
914.090000000 6.800000000 11.300700187700
918.840000000 8.600000000 11.298738479600
918.590000000 6.600000000 11.261628150900
914.340000000 8.400000000 11.248640060400
912.340000000 8.200000000 11.245108604400
921.340000000 9.800000000 11.206650733900
916.090000000 6.600000000 11.188968658400
911.840000000 8.000000000 11.177431106600
918.340000000 8.600000000 11.154760360700
909.340000000 9.800000000 11.151297569300
918.090000000 6.800000000 11.150595665000
910.840000000 8.200000000 11.139925956700
919.840000000 9.000000000 11.136672973600
914.340000000 8.800000000 11.107714653000
910.840000000 5.800000000 11.095177650500
912.090000000 8.000000000 11.092679977400
914.840000000 6.600000000 11.092025756800
921.840000000 9.800000000 11.090367317200
911.590000000 8.000000000 11.084431648300
919.090000000 8.600000000 11.081957817100
919.340000000 10.000000000 11.071624755900
916.590000000 6.600000000 11.059203147900
918.590000000 9.800000000 11.035737037700
910.590000000 8.200000000 11.028657913200
919.840000000 6.000000000 11.024913787800
914.090000000 8.000000000 10.976161956800
910.340000000 6.200000000 10.974823951700
919.090000000 6.600000000 10.941162109400
915.090000000 6.600000000 10.939834594700
918.590000000 8.800000000 10.938112258900
914.090000000 9.000000000 10.935731887800
909.590000000 6.400000000 10.921030998200
916.340000000 9.200000000 10.899941444400
920.590000000 9.200000000 10.893891334500
918.840000000 6.600000000 10.883937835700
914.340000000 8.600000000 10.869585990900
920.840000000 9.800000000 10.845731735200
909.090000000 10.000000000 10.750877380400
911.340000000 8.000000000 10.711019516000
913.590000000 9.800000000 10.670014381400
910.590000000 6.000000000 10.652120590200
916.340000000 9.600000000 10.635079383900
918.840000000 9.600000000 10.633438110400
918.090000000 8.200000000 10.611011505100
921.590000000 9.800000000 10.610758781400
920.590000000 9.400000000 10.609519958500
921.090000000 10.000000000 10.548777580300
916.590000000 9.000000000 10.548297882100
910.090000000 6.600000000 10.510806083700
916.340000000 9.400000000 10.508916854900
914.340000000 6.400000000 10.495188713100
912.340000000 8.000000000 10.408397674600
910.340000000 8.200000000 10.405446052600
911.090000000 5.800000000 10.372073173500
909.840000000 6.800000000 10.346899986300
910.090000000 8.600000000 10.332650184600
917.090000000 7.000000000 10.318173408500
918.340000000 8.800000000 10.267793655400
913.840000000 9.200000000 10.265631675700
909.840000000 9.200000000 10.262417793300
918.590000000 9.000000000 10.238306999200
919.340000000 8.800000000 10.207663536100
911.090000000 8.000000000 10.188683509800
917.090000000 8.400000000 10.182087898300
920.590000000 9.600000000 10.162216186500
909.590000000 6.600000000 10.155762672400
921.840000000 10.000000000 10.136064529400
918.840000000 8.800000000 10.134802818300
921.340000000 10.000000000 10.109252929700
920.340000000 9.200000000 10.097685813900
914.090000000 6.600000000 10.056330680800
919.840000000 5.800000000 10.042840004000
918.340000000 10.000000000 10.019557952900
916.840000000 8.800000000 10.019362449600
920.840000000 10.000000000 10.016398429900
918.590000000 9.600000000 10.015017509500
919.340000000 6.400000000 10.006769180300
912.590000000 10.000000000 9.999969482400
914.090000000 8.800000000 9.964952468900
914.090000000 8.200000000 9.935207366900
910.840000000 8.000000000 9.931744575500
919.590000000 6.200000000 9.928508758500
918.090000000 6.600000000 9.917371749900
910.590000000 8.000000000 9.915278434800
919.590000000 9.000000000 9.902100563000
920.090000000 9.200000000 9.863971710200
914.590000000 6.400000000 9.857856750500
910.840000000 6.000000000 9.839341163600
916.590000000 9.200000000 9.810267448400
910.340000000 6.400000000 9.758668899500
917.840000000 7.800000000 9.731139183000
918.590000000 9.200000000 9.719842910800
917.840000000 7.400000000 9.637699127200
912.090000000 7.800000000 9.632324218800
917.840000000 7.600000000 9.603369712800
918.090000000 8.400000000 9.601306915300
920.590000000 9.800000000 9.591389656100
921.590000000 10.000000000 9.581207275400
912.590000000 9.800000000 9.571670532200
918.090000000 10.000000000 9.571167945900
919.090000000 8.800000000 9.544239997900
911.840000000 7.800000000 9.530568122900
918.340000000 6.400000000 9.530167579700
918.340000000 9.000000000 9.513899803200
916.840000000 6.600000000 9.470717430100
912.590000000 8.600000000 9.469905853300
910.590000000 6.200000000 9.458825111400
918.590000000 6.400000000 9.455280304000
914.090000000 8.600000000 9.452332496600
912.590000000 8.400000000 9.446880340600
911.590000000 7.800000000 9.434877395600
914.090000000 8.400000000 9.427898407000
910.340000000 8.000000000 9.427670478800
916.590000000 9.400000000 9.421191215500
911.340000000 5.800000000 9.415920257600
910.090000000 8.400000000 9.414481163000
919.840000000 9.200000000 9.391633987400
918.590000000 9.400000000 9.353624343900
912.590000000 8.800000000 9.352408409100
918.340000000 9.800000000 9.337838172900
917.840000000 10.000000000 9.327745437600
917.840000000 8.000000000 9.325564384500
913.590000000 9.600000000 9.318913459800
919.090000000 6.400000000 9.315471649200
912.340000000 7.800000000 9.313332557700
915.590000000 6.400000000 9.310112953200
909.590000000 6.800000000 9.303062439000
917.340000000 7.600000000 9.302437782300
920.340000000 9.400000000 9.299127578700
917.840000000 7.200000000 9.291715621900
918.840000000 9.000000000 9.289309501600
910.090000000 6.800000000 9.278241157500
918.840000000 6.400000000 9.250100135800
912.590000000 9.600000000 9.245757103000
916.590000000 9.600000000 9.215888977100
909.840000000 7.000000000 9.211862564100
912.590000000 8.200000000 9.208720207200
916.590000000 10.000000000 9.205652236900
912.590000000 9.000000000 9.201077461200
916.340000000 6.400000000 9.197914123500
919.090000000 9.600000000 9.178186416600
911.340000000 7.800000000 9.173672676100
911.090000000 6.000000000 9.157530784600
916.590000000 9.800000000 9.156685829200
915.340000000 6.400000000 9.138831138600
913.840000000 9.000000000 9.126173973100
908.840000000 10.000000000 9.125742912300
909.840000000 9.000000000 9.122889518700
912.590000000 9.400000000 9.105675697300
912.590000000 9.200000000 9.102155685400
916.590000000 6.400000000 9.058457374600
917.340000000 7.400000000 9.036488533000
919.340000000 9.800000000 9.014851570100
915.840000000 6.400000000 9.014152526900
909.590000000 9.400000000 8.988553047200
909.340000000 5.800000000 8.974406242400
917.340000000 7.800000000 8.954546928400
916.090000000 6.400000000 8.922427177400
918.340000000 9.200000000 8.916892051700
918.840000000 9.400000000 8.894520759600
920.590000000 10.000000000 8.877926826500
914.840000000 6.400000000 8.874713897700
920.340000000 9.600000000 8.813281059300
911.090000000 7.800000000 8.782424926800
918.090000000 9.800000000 8.773774147000
909.340000000 6.000000000 8.766448974600
918.840000000 9.200000000 8.753150939900
916.840000000 9.000000000 8.752578735400
910.840000000 6.200000000 8.739912986800
910.590000000 7.800000000 8.738628387500
917.090000000 8.600000000 8.728946685800
912.590000000 8.000000000 8.715444564800
909.340000000 9.600000000 8.715362548800
915.090000000 6.400000000 8.714344978300
919.590000000 10.000000000 8.687122345000
919.340000000 9.000000000 8.680568695100
917.840000000 7.000000000 8.678279876700
919.590000000 6.000000000 8.655985832200
918.090000000 8.600000000 8.644500732400
910.840000000 7.800000000 8.640160560600
909.090000000 9.800000000 8.604663848900
910.340000000 6.600000000 8.602109909100
910.090000000 8.200000000 8.580305099500
918.090000000 6.400000000 8.569577217100
917.840000000 9.800000000 8.560753822300
911.590000000 5.800000000 8.520886421200
918.340000000 9.600000000 8.514428138700
919.340000000 6.200000000 8.497188568100
917.090000000 6.800000000 8.489774704000
918.340000000 9.400000000 8.485565185500
909.590000000 7.000000000 8.470249176000
909.340000000 6.200000000 8.444586753800
914.090000000 6.400000000 8.435512542700
919.590000000 9.200000000 8.431411743200
919.090000000 9.000000000 8.418642044100
910.340000000 7.800000000 8.416851043700
908.590000000 10.000000000 8.407500267000
911.340000000 6.000000000 8.392968177800
920.090000000 9.400000000 8.388508796700
917.590000000 10.000000000 8.350799560500
910.590000000 6.400000000 8.343828201300
917.840000000 8.200000000 8.326787948600
914.340000000 6.200000000 8.314175605800
913.840000000 7.400000000 8.284467697100
920.340000000 9.800000000 8.267492294300
913.840000000 8.800000000 8.222115516700
913.840000000 7.600000000 8.211857795700
917.340000000 8.000000000 8.192088127100
913.590000000 9.400000000 8.189573288000
917.340000000 7.200000000 8.183780670200
909.840000000 7.200000000 8.157238960300
912.090000000 7.600000000 8.130384445200
910.090000000 7.000000000 8.129503250100
909.840000000 8.800000000 8.123783111600
912.340000000 7.600000000 8.083241462700
913.340000000 10.000000000 8.075286865200
918.590000000 6.200000000 8.045742988600
919.840000000 9.400000000 8.039849281300
911.090000000 6.200000000 8.034373283400
909.340000000 6.400000000 8.032891273500
918.340000000 6.200000000 8.004820823700
919.090000000 6.200000000 7.997966289500
912.590000000 7.800000000 7.990211486800
918.840000000 6.200000000 7.973892688800
910.840000000 6.400000000 7.973209381100
911.840000000 7.600000000 7.926540374800
917.840000000 6.800000000 7.909993171700
914.590000000 6.200000000 7.872958660100
911.590000000 7.600000000 7.847294330600
916.840000000 9.200000000 7.842162609100
918.090000000 9.600000000 7.832546711000
918.090000000 8.800000000 7.832535266900
913.840000000 7.200000000 7.812666893000
910.090000000 8.000000000 7.791594505300
917.590000000 9.800000000 7.778788089800
913.840000000 7.800000000 7.772664547000
917.590000000 7.600000000 7.746025085400
911.840000000 5.800000000 7.744578838300
919.590000000 5.800000000 7.726232528700
916.840000000 6.400000000 7.720593929300
917.590000000 7.400000000 7.694681167600
911.590000000 6.000000000 7.691672325100
911.340000000 7.600000000 7.674551963800
909.590000000 7.200000000 7.644467353800
919.090000000 9.200000000 7.638240814200
920.340000000 10.000000000 7.632989883400
916.340000000 6.200000000 7.621308326700
919.340000000 9.200000000 7.572029113800
909.340000000 6.600000000 7.568254470800
917.840000000 9.600000000 7.559946537000
913.840000000 8.600000000 7.549622535700
910.590000000 7.600000000 7.547487258900
919.090000000 9.400000000 7.534948825800
910.340000000 6.800000000 7.516065597500
916.590000000 6.200000000 7.501585960400
920.090000000 9.600000000 7.496001243600
908.340000000 10.000000000 7.479094028500
919.340000000 9.600000000 7.451906681100
908.840000000 9.800000000 7.438779354100
917.090000000 8.800000000 7.437325477600
915.590000000 6.200000000 7.429919242900
911.090000000 7.600000000 7.401912689200
911.340000000 6.200000000 7.397622108500
910.340000000 7.600000000 7.376720428500
910.840000000 7.600000000 7.359354972800
915.340000000 6.200000000 7.348160266900
919.340000000 6.000000000 7.323534965500
917.590000000 7.800000000 7.320271015200
919.590000000 9.400000000 7.316315174100
919.590000000 9.800000000 7.312386035900
917.340000000 8.200000000 7.301547050500
910.590000000 6.600000000 7.294060230300
913.840000000 8.000000000 7.293268680600
916.090000000 6.200000000 7.290365696000
918.090000000 6.200000000 7.276555061300
909.840000000 8.600000000 7.262856006600
913.590000000 9.200000000 7.256960392000
915.840000000 6.200000000 7.246363639800
916.840000000 9.400000000 7.237565517400
918.090000000 9.000000000 7.195038795500
917.590000000 7.200000000 7.194699287400
909.840000000 7.400000000 7.178670883200
913.840000000 8.400000000 7.162950038900
911.090000000 6.400000000 7.131396293600
912.840000000 10.000000000 7.120130062100
914.840000000 6.200000000 7.119984626800
909.590000000 9.200000000 7.108183383900
910.090000000 7.200000000 7.104757309000
912.590000000 7.600000000 7.103795051600
919.840000000 10.000000000 7.097097873700
917.840000000 6.600000000 7.078300952900
910.840000000 6.600000000 7.065304756200
913.840000000 8.200000000 7.061195850400
911.840000000 6.000000000 7.058982372300
909.340000000 6.800000000 7.052976131400
919.840000000 9.600000000 7.045349597900
917.340000000 7.000000000 7.042564868900
915.090000000 6.200000000 7.020067215000
918.840000000 6.000000000 7.014195442200
910.090000000 7.800000000 7.012374401100
918.590000000 6.000000000 7.010097503700
920.090000000 9.800000000 6.974584579500
913.340000000 9.800000000 6.969651222200
919.090000000 6.000000000 6.963511943800
908.590000000 9.800000000 6.962816715200
918.090000000 9.400000000 6.960992336300
917.840000000 8.400000000 6.957510948200
917.590000000 8.000000000 6.946202755000
917.590000000 9.600000000 6.920711994200
917.090000000 6.600000000 6.913371563000
911.590000000 6.200000000 6.874456882500
909.590000000 7.400000000 6.861264705700
912.340000000 7.400000000 6.841892719300
916.840000000 9.600000000 6.831241130800
918.340000000 6.000000000 6.826690673800
919.340000000 9.400000000 6.814567565900
912.090000000 5.800000000 6.786014080000
913.840000000 7.000000000 6.775073051500
918.090000000 9.200000000 6.751776218400
909.090000000 9.600000000 6.745434284200
909.340000000 9.400000000 6.732782840700
912.090000000 7.400000000 6.731305599200
914.090000000 6.200000000 6.728060722400
912.840000000 8.400000000 6.704300880400
912.840000000 9.800000000 6.693709850300
912.840000000 8.600000000 6.673088550600
916.840000000 9.800000000 6.629141807600
920.090000000 10.000000000 6.602624416400
912.840000000 8.200000000 6.582795143100
919.590000000 9.600000000 6.578973770100
910.340000000 7.000000000 6.552743434900
917.840000000 9.400000000 6.550430774700
916.340000000 6.000000000 6.550054073300
912.840000000 8.800000000 6.542472839400
909.340000000 7.000000000 6.534664154100
909.840000000 8.400000000 6.529246330300
914.340000000 6.000000000 6.503212451900
911.840000000 7.400000000 6.497739791900
916.840000000 10.000000000 6.491856575000
913.590000000 9.000000000 6.486467838300
911.340000000 6.400000000 6.471107959700
919.340000000 5.800000000 6.451426029200
916.840000000 6.200000000 6.449704647100
917.340000000 10.000000000 6.448687076600
917.590000000 7.000000000 6.439930915800
916.590000000 6.000000000 6.438827514600
911.590000000 7.400000000 6.437424659700
917.340000000 8.400000000 6.424690723400
910.590000000 7.400000000 6.414968967400
911.090000000 6.600000000 6.408217907000
917.340000000 5.800000000 6.397305011700
912.840000000 9.600000000 6.397198677100
912.840000000 9.000000000 6.384836673700
911.840000000 6.200000000 6.375161171000
917.090000000 9.000000000 6.375080585500
919.840000000 9.800000000 6.368734836600
910.340000000 7.400000000 6.348916053800
914.590000000 6.000000000 6.331565856900
910.590000000 6.800000000 6.326169014000
911.340000000 7.400000000 6.325588226300
909.090000000 5.800000000 6.319863319400
918.840000000 5.800000000 6.312042236300
909.840000000 7.600000000 6.297929763800
918.590000000 5.800000000 6.287954807300
912.840000000 9.200000000 6.277799129500
912.840000000 8.000000000 6.277711391400
912.840000000 9.400000000 6.276235103600
917.840000000 6.400000000 6.247462749500
917.090000000 9.400000000 6.245418071700
910.090000000 7.600000000 6.227283477800
916.090000000 6.000000000 6.220520496400
908.340000000 9.800000000 6.215761184700
912.090000000 6.000000000 6.196171283700
919.090000000 5.800000000 6.183594703700
909.090000000 6.000000000 6.182990551000
910.840000000 7.400000000 6.182253360700
910.090000000 7.400000000 6.180953979500
913.840000000 6.800000000 6.175837516800
917.090000000 9.200000000 6.172170162200
917.590000000 5.800000000 6.170513153100
918.090000000 6.000000000 6.169505119300
917.090000000 9.600000000 6.168400287600
912.590000000 7.400000000 6.157536029800
911.090000000 7.400000000 6.149974346200
909.590000000 7.600000000 6.145663261400
910.840000000 6.800000000 6.132150650000
915.590000000 6.000000000 6.130759239200
917.340000000 9.800000000 6.085084438300
913.090000000 10.000000000 6.083642005900
911.590000000 6.400000000 6.079374313400
915.090000000 5.800000000 6.075203418700
917.590000000 8.200000000 6.061058044400
915.840000000 6.000000000 6.060659408600
913.340000000 9.600000000 6.056361675300
915.340000000 6.000000000 6.051817417100
915.340000000 5.800000000 6.034859180500
909.340000000 7.200000000 6.026086807300
918.340000000 5.800000000 5.984277725200
909.090000000 6.200000000 5.981473922700
917.590000000 9.400000000 5.980901241300
908.840000000 9.600000000 5.976671218900
917.090000000 9.800000000 5.970400333400
916.340000000 5.800000000 5.942515373200
915.590000000 5.800000000 5.926323890700
912.840000000 7.800000000 5.925580978400
917.340000000 6.800000000 5.901619434400
909.840000000 8.200000000 5.898382663700
909.590000000 9.000000000 5.885684013400
915.840000000 5.800000000 5.865576744100
914.840000000 6.000000000 5.860584259000
917.090000000 5.800000000 5.845358371700
916.590000000 5.800000000 5.845015049000
908.090000000 10.000000000 5.834856033300
913.590000000 8.800000000 5.820037365000
915.090000000 6.000000000 5.808959960900
917.340000000 6.000000000 5.770711422000
917.840000000 8.600000000 5.763229370100
917.090000000 6.400000000 5.740072727200
909.090000000 6.400000000 5.731694698300
911.840000000 6.400000000 5.721477508500
908.590000000 9.600000000 5.710384845700
917.840000000 9.200000000 5.700308799700
917.090000000 10.000000000 5.694308757800
912.340000000 7.200000000 5.693362712900
911.340000000 6.600000000 5.688012599900
910.340000000 7.200000000 5.681760311100
916.090000000 5.800000000 5.670844554900
917.590000000 6.000000000 5.665021419500
916.840000000 6.000000000 5.655880928000
911.090000000 6.800000000 5.653389453900
917.340000000 8.600000000 5.637983799000
917.590000000 6.800000000 5.637591838800
912.090000000 6.200000000 5.618662357300
909.340000000 7.400000000 5.544540882100
913.840000000 6.600000000 5.543968677500
909.840000000 7.800000000 5.526633739500
912.090000000 7.200000000 5.512850284600
909.590000000 7.800000000 5.512800216700
912.840000000 7.600000000 5.503243446400
910.590000000 7.000000000 5.480220794700
917.840000000 6.200000000 5.474355220800
917.340000000 9.600000000 5.472893714900
909.090000000 6.600000000 5.450547218300
913.090000000 9.800000000 5.428451538100
914.840000000 5.800000000 5.418923854800
912.340000000 5.800000000 5.411409854900
910.590000000 7.200000000 5.396749973300
911.590000000 6.600000000 5.342752456700
916.840000000 5.800000000 5.338878631600
909.840000000 8.000000000 5.337881088300
913.340000000 9.400000000 5.334366798400
918.090000000 5.800000000 5.312437057500
911.840000000 7.200000000 5.300338745100
917.340000000 9.400000000 5.274739742300
911.590000000 7.200000000 5.267912864700
917.340000000 9.200000000 5.263069629700
917.090000000 6.000000000 5.260415554000
910.840000000 7.000000000 5.258636474600
914.590000000 5.800000000 5.242697715800
913.590000000 8.600000000 5.242695808400
912.590000000 7.200000000 5.237982273100
909.090000000 9.400000000 5.237108230600
917.840000000 8.800000000 5.230026245100
913.090000000 8.400000000 5.225119590800
913.090000000 8.200000000 5.221216678600
914.090000000 6.000000000 5.199393749200
911.340000000 7.200000000 5.193473815900
917.340000000 9.000000000 5.190380573300
909.340000000 9.200000000 5.188166141500
910.840000000 7.200000000 5.162393569900
909.090000000 6.800000000 5.154509544400
909.590000000 8.800000000 5.134635448500
908.340000000 9.600000000 5.126534462000
913.090000000 8.000000000 5.118904590600
913.090000000 8.600000000 5.111927032500
914.340000000 5.800000000 5.109902381900
917.340000000 6.200000000 5.109586715700
909.340000000 7.600000000 5.107377529100
917.840000000 9.000000000 5.095809459700
911.840000000 6.600000000 5.091567516300
911.090000000 7.200000000 5.089489936800
917.590000000 9.200000000 5.085637569400
911.340000000 6.800000000 5.085316658000
917.590000000 6.200000000 5.084637641900
917.840000000 5.800000000 5.064960002900
912.090000000 6.400000000 5.064896583600
917.590000000 8.400000000 5.060399055500
917.340000000 8.800000000 5.038880825000
912.840000000 7.400000000 5.037635803200
908.840000000 5.800000000 5.019642829900
917.090000000 6.200000000 4.990129470800
909.590000000 8.000000000 4.967352390300
917.340000000 6.600000000 4.956625461600
906.090000000 6.200000000 4.955746650700
913.090000000 9.600000000 4.941515922500
913.090000000 7.800000000 4.935453414900
911.090000000 7.000000000 4.931875228900
917.590000000 6.600000000 4.923099994700
906.090000000 6.000000000 4.919497013100
912.340000000 6.000000000 4.917081356000
908.840000000 6.000000000 4.901681900000
913.090000000 8.800000000 4.890967845900
909.090000000 7.000000000 4.858852386500
906.090000000 6.400000000 4.854618072500
917.840000000 6.000000000 4.852510929100
908.090000000 9.800000000 4.837890148200
906.340000000 6.200000000 4.825645923600
913.340000000 9.200000000 4.788596630100
906.340000000 6.400000000 4.784251689900
905.840000000 6.000000000 4.779235363000
908.090000000 5.800000000 4.774787902800
913.840000000 6.400000000 4.770815849300
908.840000000 9.400000000 4.767092227900
908.090000000 6.000000000 4.766845703100
906.090000000 5.800000000 4.756906032600
905.840000000 6.200000000 4.756372928600
908.090000000 6.200000000 4.753458499900
913.590000000 8.400000000 4.751592159300
908.840000000 6.200000000 4.749562740300
906.340000000 6.000000000 4.735022544900
908.090000000 6.400000000 4.731832504300
908.340000000 5.800000000 4.726652145400
909.340000000 7.800000000 4.724792957300
908.090000000 6.600000000 4.699954032900
912.340000000 7.000000000 4.694506645200
913.090000000 7.600000000 4.687809467300
908.590000000 5.800000000 4.679549694100
905.840000000 5.800000000 4.679270744300
908.340000000 6.000000000 4.671835422500
911.590000000 6.800000000 4.668244361900
907.840000000 6.200000000 4.659776687600
913.590000000 5.800000000 4.658151626600
907.840000000 6.000000000 4.658072948500
908.090000000 6.800000000 4.650906562800
907.840000000 5.800000000 4.647235870400
907.840000000 6.400000000 4.645795345300
908.590000000 9.400000000 4.640540123000
906.090000000 6.600000000 4.627912998200
907.840000000 6.600000000 4.619248867000
905.840000000 6.400000000 4.618561267900
913.090000000 9.400000000 4.615279674500
908.340000000 6.200000000 4.612922668500
906.340000000 6.600000000 4.606112480200
913.090000000 9.000000000 4.583659648900
908.590000000 6.000000000 4.583637714400
908.090000000 7.000000000 4.580833435100
908.840000000 6.400000000 4.579651355700
909.090000000 7.200000000 4.578914165500
907.840000000 6.800000000 4.573486328100
912.840000000 7.200000000 4.568645477300
908.340000000 6.400000000 4.552606105800
912.090000000 6.600000000 4.547035217300
906.340000000 5.800000000 4.538370609300
917.590000000 8.600000000 4.531065464000
912.090000000 7.000000000 4.516661167100
909.590000000 8.600000000 4.514723777800
911.840000000 6.800000000 4.510979175600
917.590000000 6.400000000 4.508163929000
907.840000000 7.000000000 4.507409572600
909.590000000 8.200000000 4.506111621900
908.340000000 6.600000000 4.492235660600
908.090000000 7.200000000 4.487853527100
917.340000000 6.400000000 4.486114025100
911.340000000 7.000000000 4.485064983400
908.590000000 6.200000000 4.472526073500
912.340000000 6.200000000 4.454314708700
913.090000000 9.200000000 4.448197841600
906.590000000 6.400000000 4.446769237500
906.590000000 6.200000000 4.435431957200
908.340000000 6.800000000 4.426241874700
912.590000000 7.000000000 4.422563076000
907.840000000 7.200000000 4.419835090600
913.090000000 7.400000000 4.408863544500
908.840000000 6.600000000 4.400251388500
909.340000000 8.000000000 4.399372577700
905.840000000 6.600000000 4.386392116500
908.090000000 7.400000000 4.376333713500
913.590000000 8.200000000 4.374587059000
911.840000000 7.000000000 4.373805522900
913.340000000 9.000000000 4.365464210500
908.590000000 6.400000000 4.358053207400
908.340000000 7.000000000 4.349837303200
911.590000000 7.000000000 4.349505901300
906.590000000 6.600000000 4.340618133500
917.590000000 9.000000000 4.340388298000
909.090000000 7.400000000 4.326263904600
906.590000000 6.000000000 4.322576522800
907.840000000 7.400000000 4.311983585400
906.340000000 6.800000000 4.309454917900
906.090000000 6.800000000 4.304062366500
908.340000000 7.200000000 4.261865615800
907.590000000 5.800000000 4.256153106700
907.590000000 6.000000000 4.255383014700
908.590000000 6.600000000 4.245421409600
907.590000000 6.200000000 4.244489669800
908.090000000 7.600000000 4.240326881400
905.590000000 6.000000000 4.224843978900
907.590000000 6.400000000 4.221653938300
908.840000000 6.800000000 4.221452713000
917.590000000 8.800000000 4.207302093500
908.340000000 9.400000000 4.192672729500
907.840000000 7.600000000 4.189079761500
907.590000000 6.600000000 4.188158512100
905.590000000 5.800000000 4.177812099500
905.590000000 6.200000000 4.175816059100
908.340000000 7.400000000 4.155103206600
907.590000000 6.800000000 4.141042232500
908.590000000 6.800000000 4.139818191500
906.590000000 5.800000000 4.137204647100
909.340000000 8.200000000 4.135986328100
913.340000000 5.800000000 4.133359909100
912.840000000 7.000000000 4.124448776200
909.590000000 8.400000000 4.123373508500
906.590000000 6.800000000 4.119011879000
913.090000000 7.200000000 4.118365287800
913.590000000 8.000000000 4.118046760600
909.090000000 7.600000000 4.107298374200
913.840000000 5.800000000 4.084232330300
905.840000000 6.800000000 4.083381652800
908.090000000 7.800000000 4.081701755500
907.590000000 7.000000000 4.079666614500
909.090000000 9.200000000 4.069205761000
912.090000000 6.800000000 4.057131290400
908.840000000 7.000000000 4.054237842600
907.840000000 7.800000000 4.047058105500
913.590000000 6.000000000 4.046597003900
905.590000000 6.400000000 4.044636726400
908.590000000 7.000000000 4.041251182600
908.340000000 7.600000000 4.025605678600
913.340000000 8.800000000 4.024281501800
906.840000000 6.400000000 4.022192478200
909.340000000 9.000000000 4.018682003000
912.340000000 6.400000000 4.003160953500
907.590000000 7.200000000 4.002411365500
913.590000000 7.800000000 3.996173143400
907.840000000 10.000000000 3.989357948300
906.840000000 6.200000000 3.983698368100
906.840000000 6.600000000 3.976907014800
913.590000000 7.600000000 3.967434406300
914.090000000 5.800000000 3.958648920100
908.090000000 9.600000000 3.949982404700
912.590000000 5.800000000 3.946458339700
908.590000000 7.200000000 3.945194482800
913.840000000 6.200000000 3.943458795500
909.090000000 7.800000000 3.930953264200
906.340000000 7.000000000 3.928187608700
909.340000000 8.400000000 3.922658443500
906.090000000 7.000000000 3.916012764000
913.590000000 7.400000000 3.912276983300
908.090000000 8.000000000 3.909736871700
908.840000000 7.200000000 3.909664869300
907.590000000 7.400000000 3.908656358700
907.840000000 8.000000000 3.886221647300
912.340000000 6.800000000 3.884576797500
906.840000000 6.000000000 3.879522800400
908.340000000 7.800000000 3.875690221800
908.590000000 7.400000000 3.845733404200
905.590000000 6.600000000 3.845380067800
912.840000000 5.800000000 3.844986915600
906.840000000 6.800000000 3.839144945100
913.340000000 8.200000000 3.836133003200
913.340000000 8.000000000 3.835369110100
913.090000000 7.000000000 3.831079721500
912.840000000 6.000000000 3.827666521100
913.590000000 7.200000000 3.805288791700
906.590000000 7.000000000 3.801879167600
907.590000000 7.600000000 3.800265789000
908.840000000 9.200000000 3.793934583700
913.340000000 7.800000000 3.787238359500
909.090000000 8.000000000 3.784460783000
908.840000000 7.400000000 3.782920837400
913.340000000 8.400000000 3.774559497800
908.590000000 9.200000000 3.749473094900
909.340000000 8.600000000 3.743143081700
912.590000000 6.800000000 3.739969492000
908.590000000 7.600000000 3.736762762100
906.840000000 5.800000000 3.732820749300
905.840000000 7.000000000 3.728249073000
913.340000000 8.600000000 3.724870920200
908.090000000 8.200000000 3.723451137500
912.840000000 6.800000000 3.720082998300
908.340000000 8.000000000 3.710638523100
907.840000000 8.200000000 3.710240840900
913.340000000 7.600000000 3.704344749500
912.840000000 6.200000000 3.703998804100
907.090000000 6.400000000 3.703581333200
913.590000000 7.000000000 3.690198898300
907.340000000 5.800000000 3.685360908500
907.090000000 6.600000000 3.681188583400
907.590000000 7.800000000 3.677002191500
907.090000000 6.200000000 3.671103954300
908.840000000 7.600000000 3.670701265300
909.090000000 8.200000000 3.659323215500
913.090000000 6.000000000 3.650034666100
907.340000000 6.000000000 3.649860858900
913.340000000 6.000000000 3.629695653900
906.840000000 7.000000000 3.612889289900
908.590000000 7.800000000 3.612501859700
907.340000000 6.200000000 3.609042882900
913.090000000 5.800000000 3.601208925200
913.340000000 7.400000000 3.598912954300
907.090000000 6.000000000 3.596112728100
907.090000000 6.800000000 3.594051837900
912.340000000 6.600000000 3.594044446900
905.590000000 6.800000000 3.587925910900
909.340000000 8.800000000 3.586828470200
913.090000000 6.200000000 3.586715698200
912.590000000 6.000000000 3.580308437300
908.840000000 7.800000000 3.564641237300
907.340000000 6.400000000 3.564151525500
913.090000000 6.800000000 3.554123401600
909.090000000 8.400000000 3.544838428500
907.590000000 8.000000000 3.535931587200
907.840000000 8.400000000 3.527909278900
908.340000000 8.200000000 3.526207208600
908.090000000 8.400000000 3.524206161500
913.840000000 6.000000000 3.523637294800
913.590000000 6.200000000 3.517018556600
907.340000000 6.600000000 3.512618780100
912.840000000 6.400000000 3.508111238500
906.340000000 7.200000000 3.499935388600
913.590000000 6.800000000 3.495016098000
907.090000000 5.800000000 3.491770029100
906.090000000 7.200000000 3.491757392900
908.590000000 8.000000000 3.478812456100
913.340000000 7.200000000 3.471511602400
908.840000000 8.000000000 3.458960533100
907.340000000 6.800000000 3.454030036900
907.090000000 7.000000000 3.438011884700
913.090000000 6.400000000 3.433271408100
909.090000000 8.600000000 3.432000637100
906.590000000 7.200000000 3.420561790500
909.090000000 9.000000000 3.408281803100
908.340000000 9.200000000 3.395182848000
907.340000000 7.000000000 3.387852430300
907.590000000 8.200000000 3.378137111700
912.840000000 6.600000000 3.361815929400
912.590000000 6.200000000 3.358054637900
908.840000000 8.200000000 3.345976829500
907.840000000 8.600000000 3.333980083500
908.340000000 8.400000000 3.333796262700
905.840000000 7.200000000 3.333668947200
908.590000000 8.200000000 3.326837778100
913.340000000 7.000000000 3.321837186800
908.090000000 8.600000000 3.319227695500
907.840000000 9.800000000 3.314973592800
909.090000000 8.800000000 3.314793348300
906.840000000 7.200000000 3.313944816600
907.340000000 7.200000000 3.311257600800
905.340000000 6.000000000 3.289507627500
908.840000000 9.000000000 3.288788557100
913.090000000 6.600000000 3.288038969000
905.590000000 7.000000000 3.278077125500
905.340000000 5.800000000 3.271744251300
905.340000000 6.200000000 3.242440223700
908.840000000 8.400000000 3.227650880800
913.590000000 6.600000000 3.227524995800
907.340000000 7.400000000 3.222247123700
907.090000000 7.200000000 3.216104269000
913.340000000 6.200000000 3.210567235900
907.590000000 8.400000000 3.210453271900
912.590000000 6.600000000 3.206837892500
908.090000000 9.400000000 3.190362930300
912.590000000 6.400000000 3.169954299900
908.590000000 8.400000000 3.165367364900
913.340000000 6.800000000 3.149746894800
905.340000000 6.400000000 3.137446641900
908.340000000 8.600000000 3.133688449900
907.840000000 8.800000000 3.131362915000
907.340000000 7.600000000 3.119762420700
908.090000000 8.800000000 3.112192869200
908.840000000 8.600000000 3.099636077900
913.590000000 6.400000000 3.075953006700
906.340000000 7.400000000 3.053101301200
906.090000000 7.400000000 3.047733545300
907.590000000 8.600000000 3.036681175200
908.590000000 9.000000000 3.022043228100
906.590000000 7.400000000 3.006104946100
907.340000000 7.800000000 3.004079818700
908.590000000 8.600000000 2.993026971800
905.340000000 6.600000000 2.978505373000
906.840000000 7.400000000 2.963998317700
908.840000000 8.800000000 2.961619138700
913.340000000 6.600000000 2.957101821900
907.090000000 7.400000000 2.936880350100
907.840000000 9.000000000 2.927983045600
908.340000000 8.800000000 2.927021980300
905.590000000 7.200000000 2.921786308300
905.840000000 7.400000000 2.907108545300
908.090000000 9.000000000 2.903571367300
907.340000000 8.000000000 2.875198602700
913.340000000 6.400000000 2.873434543600
907.590000000 8.800000000 2.855513095900
908.590000000 8.800000000 2.815569400800
905.340000000 6.800000000 2.768376112000
907.340000000 8.200000000 2.738880872700
907.590000000 10.000000000 2.729914426800
907.840000000 9.200000000 2.727701425600
908.340000000 9.000000000 2.726105690000
908.090000000 9.200000000 2.695876836800
907.840000000 9.600000000 2.681265115700
907.590000000 9.000000000 2.673022270200
907.090000000 7.600000000 2.617636203800
906.340000000 7.600000000 2.609861373900
906.090000000 7.600000000 2.598033428200
907.340000000 8.400000000 2.597214222000
906.840000000 7.600000000 2.590212345100
906.590000000 7.600000000 2.587560892100
903.840000000 7.600000000 2.554738044700
903.590000000 7.400000000 2.543169021600
907.840000000 9.400000000 2.530469894400
905.590000000 7.400000000 2.528588056600
903.590000000 7.200000000 2.524491787000
903.840000000 7.800000000 2.512664079700
905.340000000 7.000000000 2.511785030400
903.340000000 6.800000000 2.508624792100
903.840000000 7.400000000 2.505940198900
907.590000000 9.200000000 2.493799448000
903.340000000 7.000000000 2.493531465500
903.590000000 7.600000000 2.483759880100
903.340000000 6.600000000 2.481811285000
905.840000000 7.600000000 2.461806774100
907.340000000 8.600000000 2.451546907400
903.590000000 7.000000000 2.443035364200
904.090000000 7.800000000 2.428545236600
903.340000000 7.200000000 2.424301862700
903.340000000 6.400000000 2.421751260800
904.340000000 10.000000000 2.416443824800
904.090000000 7.600000000 2.398961782500
903.840000000 7.200000000 2.380635976800
903.840000000 8.000000000 2.372354745900
904.090000000 8.000000000 2.367028951600
904.590000000 10.000000000 2.357271432900
904.090000000 10.000000000 2.344722986200
903.590000000 7.800000000 2.335719823800
903.340000000 6.200000000 2.331410408000
907.590000000 9.400000000 2.322883844400
907.590000000 9.800000000 2.314347505600
903.590000000 6.800000000 2.313171386700
907.340000000 8.800000000 2.306067228300
903.340000000 7.400000000 2.293260574300
904.090000000 7.400000000 2.281002283100
907.090000000 7.800000000 2.277092218400
904.340000000 7.800000000 2.276897192000
905.090000000 5.800000000 2.262434244200
904.340000000 8.000000000 2.257482290300
905.090000000 6.000000000 2.249191761000
905.340000000 7.200000000 2.218300819400
906.840000000 7.800000000 2.214998245200
903.340000000 6.000000000 2.213799476600
903.340000000 9.200000000 2.212261676800
903.340000000 9.400000000 2.211311101900
904.090000000 8.200000000 2.210613727600
904.340000000 7.600000000 2.202523708300
904.840000000 10.000000000 2.200965404500
903.840000000 7.000000000 2.199850559200
903.340000000 9.000000000 2.194290638000
905.090000000 6.200000000 2.192827701600
903.340000000 9.600000000 2.191812515300
903.840000000 10.000000000 2.184007167800
906.590000000 7.800000000 2.183213949200
906.340000000 7.800000000 2.182122945800
907.340000000 10.000000000 2.169313430800
907.340000000 9.000000000 2.166456222500
907.590000000 9.600000000 2.164568901100
903.340000000 8.800000000 2.157493114500
903.340000000 9.800000000 2.153753519100
906.090000000 7.800000000 2.153537511800
903.590000000 6.600000000 2.150864839600
904.340000000 9.800000000 2.149784565000
904.340000000 8.200000000 2.148397445700
904.090000000 9.800000000 2.145013809200
903.840000000 8.200000000 2.136987209300
904.590000000 7.800000000 2.133999586100
904.590000000 8.000000000 2.132831811900
906.340000000 10.000000000 2.132816791500
905.590000000 7.600000000 2.117851257300
907.090000000 8.000000000 2.109230041500
906.590000000 10.000000000 2.107460022000
903.590000000 8.000000000 2.104734420800
903.340000000 8.600000000 2.102638721500
903.340000000 7.600000000 2.100171327600
903.340000000 10.000000000 2.097595214800
905.090000000 6.400000000 2.096521377600
904.090000000 7.200000000 2.090261697800
903.340000000 5.800000000 2.067831277800
903.840000000 9.800000000 2.057321071600
904.590000000 8.200000000 2.047062873800
904.590000000 9.800000000 2.043856620800
904.340000000 7.400000000 2.043728590000
905.090000000 10.000000000 2.043715953800
906.090000000 10.000000000 2.039195060700
904.590000000 7.600000000 2.037594556800
907.340000000 9.200000000 2.036278247800
903.340000000 8.400000000 2.030301094100
906.840000000 10.000000000 2.020366907100
905.840000000 7.800000000 2.015435218800
907.090000000 10.000000000 1.999681949600
907.090000000 8.200000000 1.992083072700
903.840000000 6.800000000 1.977499365800
904.090000000 8.400000000 1.972468495400
903.590000000 10.000000000 1.971019744900
903.590000000 6.400000000 1.968647003200
904.340000000 8.400000000 1.964168548600
905.090000000 6.600000000 1.963767170900
904.840000000 8.000000000 1.961974501600
904.840000000 7.800000000 1.959860444100
905.340000000 10.000000000 1.946466445900
903.340000000 8.200000000 1.943165302300
904.090000000 9.600000000 1.937272548700
907.340000000 9.400000000 1.918768286700
903.840000000 9.600000000 1.916853785500
903.590000000 9.800000000 1.915995359400
906.340000000 9.800000000 1.906820178000
907.340000000 9.800000000 1.902908682800
905.340000000 7.400000000 1.902190804500
905.840000000 10.000000000 1.893740892400
904.590000000 8.400000000 1.891372442200
904.340000000 9.600000000 1.883669257200
906.590000000 9.800000000 1.879886508000
904.840000000 8.200000000 1.879629612000
907.090000000 8.400000000 1.877889990800
904.840000000 9.800000000 1.876779198600
905.590000000 10.000000000 1.864955067600
904.840000000 7.600000000 1.862396001800
903.340000000 7.800000000 1.858245253600
906.840000000 8.000000000 1.857376456300
904.590000000 7.400000000 1.853321313900
903.590000000 9.600000000 1.849263668100
904.090000000 7.000000000 1.845960021000
903.340000000 8.000000000 1.843848943700
906.090000000 9.800000000 1.842005968100
903.840000000 8.400000000 1.827613472900
907.340000000 9.600000000 1.816178202600
903.590000000 8.200000000 1.814759373700
906.840000000 9.800000000 1.814713597300
904.340000000 7.200000000 1.808119535400
906.590000000 8.000000000 1.806391477600
905.090000000 6.800000000 1.800193786600
907.090000000 9.800000000 1.794602751700
906.340000000 8.000000000 1.780818939200
903.590000000 9.400000000 1.772212505300
907.090000000 8.600000000 1.769911408400
903.590000000 6.200000000 1.769240498500
903.840000000 9.400000000 1.768759489100
904.590000000 9.600000000 1.753321647600
905.090000000 7.800000000 1.745034217800
904.840000000 8.400000000 1.742217898400
905.090000000 8.000000000 1.738920092600
903.840000000 6.600000000 1.736819505700
906.090000000 8.000000000 1.730215430300
905.090000000 9.800000000 1.729359030700
904.090000000 9.400000000 1.728867411600
905.840000000 9.800000000 1.724012017300
904.340000000 8.600000000 1.717781662900
905.590000000 7.800000000 1.713447809200
903.590000000 9.200000000 1.688578128800
904.590000000 8.600000000 1.685033917400
904.840000000 7.400000000 1.675653100000
904.090000000 8.600000000 1.674501895900
907.090000000 8.800000000 1.671112537400
906.340000000 9.600000000 1.664144396800
905.090000000 7.600000000 1.660694837600
905.090000000 8.200000000 1.651066541700
904.840000000 9.600000000 1.650753021200
905.340000000 9.800000000 1.643486142200
906.590000000 9.600000000 1.637193560600
904.340000000 9.400000000 1.635759711300
906.090000000 9.600000000 1.627177476900
905.590000000 9.800000000 1.626749754000
903.840000000 9.200000000 1.617820859000
905.090000000 7.000000000 1.613821625700
904.590000000 7.200000000 1.597213387500
903.590000000 9.000000000 1.595369577400
905.840000000 8.000000000 1.592617034900
906.840000000 9.600000000 1.591835022000
907.090000000 9.000000000 1.584923863400
905.340000000 7.600000000 1.582219719900
904.840000000 8.600000000 1.581118583700
907.090000000 9.600000000 1.579382300400
904.090000000 6.800000000 1.569431304900
903.590000000 6.000000000 1.561711311300
905.340000000 7.800000000 1.555165886900
905.340000000 8.000000000 1.553776264200
904.590000000 9.400000000 1.548715829800
905.840000000 9.600000000 1.542109012600
904.090000000 9.200000000 1.531325221100
906.840000000 8.200000000 1.530224323300
904.340000000 7.000000000 1.526645541200
903.590000000 8.800000000 1.519861221300
907.090000000 9.200000000 1.515201568600
903.590000000 8.400000000 1.509844422300
905.090000000 8.400000000 1.504564285300
905.090000000 7.400000000 1.501290917400
903.840000000 6.400000000 1.485093116800
903.840000000 8.600000000 1.479635357900
905.340000000 8.200000000 1.479095578200
905.090000000 9.600000000 1.478441953700
904.840000000 5.800000000 1.470622658700
903.840000000 9.000000000 1.470220089000
907.090000000 9.400000000 1.465842008600
906.590000000 8.200000000 1.465812087100
905.590000000 9.600000000 1.465558528900
904.840000000 9.400000000 1.454068541500
904.590000000 8.800000000 1.446496844300
903.590000000 8.600000000 1.438311576800
904.840000000 7.200000000 1.431420087800
904.340000000 8.800000000 1.430319905300
906.340000000 9.400000000 1.423434257500
904.840000000 8.800000000 1.421437025100
905.590000000 8.000000000 1.420993685700
904.340000000 9.200000000 1.420852661100
906.340000000 8.200000000 1.416602253900
904.840000000 6.000000000 1.413703560800
905.090000000 7.200000000 1.413665413900
906.090000000 9.400000000 1.413534641300
905.340000000 9.600000000 1.411648988700
906.590000000 9.400000000 1.396968126300
905.090000000 8.600000000 1.382857203500
906.840000000 9.400000000 1.373662829400
905.590000000 8.200000000 1.369276404400
905.840000000 9.400000000 1.362011551900
904.090000000 9.000000000 1.355933666200
904.090000000 8.800000000 1.350856304200
906.090000000 8.200000000 1.346573472000
903.590000000 5.800000000 1.344141006500
905.340000000 8.400000000 1.343698382400
904.590000000 9.200000000 1.341778397600
903.840000000 8.800000000 1.332671284700
904.840000000 6.200000000 1.332489252100
905.590000000 9.400000000 1.313140034700
904.590000000 7.000000000 1.306534409500
905.090000000 8.800000000 1.299193620700
905.340000000 9.400000000 1.293130278600
905.090000000 9.400000000 1.284650445000
904.090000000 6.600000000 1.283395290400
904.840000000 9.000000000 1.273723840700
905.590000000 8.400000000 1.262423276900
906.840000000 8.400000000 1.253438830400
905.090000000 9.000000000 1.247552514100
904.340000000 9.000000000 1.247530341100
904.840000000 9.200000000 1.244759082800
903.840000000 6.200000000 1.238503813700
904.840000000 6.400000000 1.233920812600
905.840000000 8.200000000 1.232282877000
905.090000000 9.200000000 1.228284478200
904.340000000 6.800000000 1.225393295300
906.090000000 9.200000000 1.222430110000
906.340000000 9.200000000 1.207274675400
905.340000000 9.200000000 1.203714370700
905.840000000 9.200000000 1.203533291800
904.590000000 9.000000000 1.194767117500
906.840000000 8.600000000 1.186607956900
905.590000000 9.200000000 1.183147549600
906.590000000 9.200000000 1.181053042400
904.840000000 7.000000000 1.170930266400
905.340000000 8.600000000 1.169052004800
906.590000000 8.400000000 1.168497204800
906.840000000 9.200000000 1.165987968400
905.840000000 8.400000000 1.159236788700
905.340000000 9.000000000 1.148804783800
906.840000000 8.800000000 1.136222481700
905.340000000 8.800000000 1.134360432600
904.840000000 6.600000000 1.125049948700
904.590000000 5.800000000 1.119351983100
905.590000000 8.600000000 1.112714529000
906.840000000 9.000000000 1.109344005600
904.340000000 5.800000000 1.109048605000
906.340000000 8.400000000 1.100998520900
905.590000000 9.000000000 1.087436318400
904.090000000 5.800000000 1.085728645300
905.840000000 9.000000000 1.081876993200
906.090000000 9.000000000 1.069284319900
903.840000000 5.800000000 1.055856585500
905.840000000 8.600000000 1.048444509500
905.590000000 8.800000000 1.037210226100
906.340000000 9.000000000 1.028827071200
904.590000000 6.800000000 1.023113369900
906.090000000 8.400000000 1.020383238800
904.590000000 6.000000000 1.012304663700
904.840000000 6.800000000 1.011882662800
904.090000000 6.400000000 1.010788321500
905.840000000 8.800000000 1.005767107000
903.840000000 6.000000000 1.002618670500
906.590000000 9.000000000 0.993602395100
904.340000000 6.000000000 0.975907146900
906.090000000 8.800000000 0.961018204700
904.090000000 6.000000000 0.942630887000
904.340000000 6.600000000 0.939150095000
906.590000000 8.600000000 0.922390699400
904.590000000 6.200000000 0.900663495100
906.090000000 8.600000000 0.893059432500
906.340000000 8.800000000 0.891325652600
904.340000000 6.200000000 0.846963405600
906.340000000 8.600000000 0.846312999700
906.590000000 8.800000000 0.838741302500
904.090000000 6.200000000 0.813460111600
904.590000000 6.400000000 0.789080858200
904.590000000 6.600000000 0.776031971000
904.340000000 6.400000000 0.727070450800
