1003.700000000 6.200000000 63.394565582300
1003.450000000 6.200000000 62.992233276400
1003.950000000 6.200000000 62.810356140100
1003.200000000 6.200000000 62.428314209000
1003.450000000 6.400000000 62.286308288600
1003.200000000 6.400000000 62.113410949700
1003.700000000 6.400000000 61.849456787100
1003.950000000 6.400000000 60.322647094700
1002.950000000 6.200000000 59.153465271000
1002.950000000 6.400000000 58.799156189000
1004.200000000 6.200000000 56.167110443100
1002.200000000 6.200000000 55.565982818600
1003.950000000 6.000000000 55.379917144800
1003.700000000 6.000000000 55.378475189200
1001.950000000 6.200000000 54.795787811300
1002.700000000 6.200000000 54.460319519000
1004.200000000 6.400000000 54.366603851300
1003.450000000 6.000000000 54.303283691400
1002.700000000 6.400000000 53.667980194100
1003.200000000 6.000000000 53.246173858600
1002.450000000 6.200000000 53.217861175500
1002.200000000 6.400000000 53.064605712900
1003.450000000 6.600000000 53.037666320800
1003.200000000 6.600000000 52.766849517800
1003.700000000 6.600000000 52.287910461400
1002.450000000 6.400000000 51.998744964600
1001.950000000 6.000000000 51.201622009300
1001.950000000 6.400000000 51.147689819300
1003.950000000 6.600000000 51.086677551300
1002.950000000 6.000000000 50.128013610800
1002.200000000 6.000000000 50.096305847200
1004.200000000 6.000000000 49.840827941900
1002.950000000 6.600000000 49.467723846400
1004.200000000 6.600000000 46.955600738500
1002.450000000 6.000000000 46.707008361800
1002.700000000 6.000000000 46.429718017600
1001.700000000 6.200000000 45.621833801300
1002.700000000 6.600000000 45.240089416500
1002.200000000 6.600000000 44.932392120400
1002.450000000 6.600000000 44.076896667500
1004.450000000 6.200000000 43.914928436300
1001.700000000 6.000000000 43.783996582000
1004.450000000 6.400000000 43.474235534700
1003.950000000 5.800000000 42.893234252900
1003.700000000 5.800000000 42.830047607400
1001.950000000 6.600000000 42.795249939000
1001.950000000 5.800000000 42.742408752400
1003.450000000 5.800000000 41.917945861800
1003.450000000 6.800000000 41.847419738800
1003.200000000 6.800000000 41.409545898400
1001.700000000 6.400000000 41.381671905500
1003.700000000 6.800000000 41.260517120400
1002.200000000 5.800000000 40.861072540300
1003.200000000 5.800000000 40.729896545400
1003.950000000 6.800000000 40.629169464100
991.950000000 5.000000000 39.986682891800
1004.450000000 6.000000000 39.345867157000
1004.200000000 5.800000000 39.225353241000
1004.450000000 6.600000000 38.812496185300
991.950000000 5.200000000 38.586410522500
1002.950000000 6.800000000 38.568191528300
1004.200000000 6.800000000 38.327552795400
1010.450000000 7.600000000 38.286876678500
1002.950000000 5.800000000 38.282142639200
1010.700000000 7.600000000 38.001163482700
1010.450000000 7.800000000 37.847213745100
1010.450000000 7.400000000 37.797096252400
1010.700000000 7.800000000 37.659744262700
1010.700000000 7.400000000 37.634712219200
1002.450000000 5.800000000 37.155147552500
1010.700000000 7.200000000 36.981262207000
1001.700000000 5.800000000 36.911437988300
1010.450000000 7.200000000 36.841857910200
1004.200000000 8.000000000 36.841201782200
1010.700000000 8.000000000 36.676849365200
1004.450000000 8.000000000 36.660961151100
1010.700000000 7.000000000 36.332328796400
1010.450000000 8.000000000 36.235050201400
1010.200000000 7.600000000 36.203502655000
1002.700000000 5.800000000 36.082023620600
1010.200000000 7.400000000 36.042968750000
1010.450000000 7.000000000 35.846813201900
1004.200000000 8.200000000 35.819923400900
1010.700000000 6.800000000 35.785026550300
1003.950000000 8.000000000 35.782840728800
1010.950000000 7.600000000 35.601619720500
1010.950000000 7.400000000 35.569614410400
1002.200000000 6.800000000 35.567993164100
992.200000000 5.000000000 35.484962463400
1010.950000000 7.200000000 35.434600830100
1010.200000000 7.800000000 35.315090179400
1010.950000000 7.800000000 35.308036804200
1010.700000000 6.600000000 35.304260253900
1010.200000000 7.200000000 35.294765472400
1010.950000000 7.000000000 35.279987335200
1002.700000000 6.800000000 35.261516571000
1003.950000000 8.200000000 35.252285003700
1004.450000000 8.200000000 35.230979919400
1010.700000000 6.400000000 35.127117157000
1010.450000000 6.800000000 35.101909637500
1010.950000000 6.800000000 34.991874694800
1010.700000000 6.200000000 34.966114044200
991.950000000 5.400000000 34.907997131300
992.200000000 5.200000000 34.889808654800
1010.450000000 6.600000000 34.872783660900
1010.700000000 8.200000000 34.825992584200
1010.450000000 6.400000000 34.784694671600
1004.200000000 7.800000000 34.746284484900
1002.450000000 6.800000000 34.601589202900
1004.450000000 7.800000000 34.590038299600
1010.450000000 6.200000000 34.546627044700
1010.950000000 8.000000000 34.525428772000
1010.200000000 7.000000000 34.482376098600
1010.950000000 6.600000000 34.371364593500
1003.700000000 8.000000000 34.314674377400
1010.700000000 6.000000000 34.303478241000
1010.200000000 6.800000000 33.880142211900
1001.700000000 6.600000000 33.878887176500
1010.450000000 8.200000000 33.871608734100
1003.700000000 8.200000000 33.842613220200
1003.950000000 7.800000000 33.796867370600
1001.950000000 5.600000000 33.734828949000
1001.950000000 6.800000000 33.699954986600
1010.450000000 6.000000000 33.628269195600
1010.200000000 6.600000000 33.618373870800
1010.950000000 6.400000000 33.572986602800
1010.950000000 8.200000000 33.540576934800
1010.200000000 8.000000000 33.414402008100
1010.200000000 6.400000000 33.259540557900
1009.950000000 7.400000000 33.198619842500
1003.950000000 7.000000000 33.038936615000
1003.700000000 7.000000000 33.025592804000
1009.950000000 7.600000000 32.997043609600
1009.950000000 7.200000000 32.975341796900
1003.450000000 7.000000000 32.884719848600
1004.700000000 8.000000000 32.852470397900
1010.200000000 6.200000000 32.824718475300
1003.700000000 7.800000000 32.757980346700
1010.950000000 6.200000000 32.742916107200
1009.950000000 7.000000000 32.722190856900
1004.450000000 6.800000000 32.710056304900
1011.700000000 5.600000000 32.608947753900
992.200000000 5.400000000 32.580970764200
1007.450000000 5.000000000 32.562225341800
1009.950000000 6.800000000 32.555877685500
1010.700000000 8.400000000 32.485832214400
1010.700000000 5.800000000 32.484683990500
1004.700000000 6.400000000 32.356918335000
1011.700000000 5.800000000 32.253372192400
1002.200000000 5.600000000 32.252101898200
1009.950000000 6.600000000 32.241695404100
1009.950000000 7.800000000 32.207721710200
1010.200000000 6.000000000 32.104202270500
1010.950000000 8.400000000 32.073905944800
1007.450000000 5.200000000 31.954008102400
1003.700000000 5.600000000 31.922433853100
1010.950000000 6.000000000 31.901081085200
1003.450000000 8.000000000 31.890306472800
1003.200000000 7.000000000 31.882823944100
1009.950000000 6.400000000 31.831130981400
1004.450000000 5.800000000 31.827077865600
1004.700000000 6.200000000 31.819784164400
1004.200000000 7.000000000 31.794252395600
1004.200000000 8.400000000 31.700592041000
1004.700000000 8.200000000 31.666923522900
1003.950000000 8.400000000 31.614189147900
1010.450000000 5.800000000 31.600990295400
1003.950000000 5.600000000 31.597116470300
1011.200000000 7.800000000 31.565961837800
1011.200000000 7.600000000 31.509792327900
1009.950000000 6.200000000 31.495023727400
1011.200000000 7.000000000 31.470016479500
1011.200000000 7.400000000 31.463264465300
1009.950000000 6.000000000 31.449279785200
1011.200000000 7.200000000 31.434001922600
1011.200000000 8.000000000 31.425188064600
1003.450000000 5.600000000 31.341108322100
1011.700000000 5.400000000 31.333478927600
1011.200000000 6.800000000 31.332199096700
1009.700000000 7.000000000 31.228313446000
1009.700000000 6.800000000 31.166591644300
1004.200000000 7.600000000 31.163875579800
1004.700000000 7.800000000 31.144985199000
1002.450000000 8.200000000 31.135946273800
1009.700000000 7.200000000 31.118099212600
1003.450000000 8.200000000 31.079006195100
1011.200000000 8.200000000 31.042968750000
1009.700000000 6.000000000 31.032341003400
1011.700000000 6.000000000 31.021814346300
1009.700000000 7.400000000 30.986217498800
1004.450000000 8.400000000 30.960832595800
1003.950000000 7.600000000 30.913223266600
1009.700000000 6.600000000 30.884656906100
1010.450000000 8.400000000 30.787452697800
1010.200000000 8.200000000 30.767257690400
1009.700000000 6.200000000 30.753618240400
1009.700000000 7.600000000 30.719852447500
1003.700000000 8.400000000 30.713695526100
1011.200000000 6.600000000 30.703348159800
1007.200000000 5.200000000 30.689542770400
1007.700000000 5.000000000 30.676624298100
1009.950000000 5.800000000 30.665983200100
1010.200000000 5.800000000 30.659368515000
992.450000000 5.200000000 30.602279663100
1009.700000000 6.400000000 30.601728439300
1010.950000000 5.800000000 30.567855835000
1003.450000000 7.800000000 30.523653030400
1007.200000000 5.000000000 30.505447387700
1009.950000000 8.000000000 30.494813919100
1004.450000000 7.600000000 30.448041915900
1009.700000000 5.800000000 30.394796371500
1003.200000000 5.600000000 30.345968246500
1003.700000000 7.600000000 30.285877227800
1010.950000000 8.600000000 30.263422012300
992.450000000 5.000000000 30.236608505200
1011.200000000 8.400000000 30.223165512100
1009.450000000 7.000000000 30.175735473600
1009.450000000 7.200000000 30.154785156200
1002.450000000 8.000000000 30.121145248400
991.950000000 5.600000000 30.111707687400
1009.700000000 7.800000000 30.032720565800
1010.700000000 8.600000000 30.032598495500
1009.450000000 7.400000000 29.963127136200
1009.450000000 6.800000000 29.961542129500
1001.450000000 6.200000000 29.910314559900
1009.450000000 6.000000000 29.892610549900
1011.700000000 6.200000000 29.878545761100
1004.700000000 6.600000000 29.796413421600
1009.450000000 6.200000000 29.761734008800
1002.700000000 8.200000000 29.717540741000
1009.200000000 7.200000000 29.695781707800
1011.700000000 6.800000000 29.637180328400
1009.200000000 7.000000000 29.612895965600
1009.450000000 7.600000000 29.579370498700
1002.950000000 7.000000000 29.567811965900
1009.450000000 6.600000000 29.548801422100
1011.200000000 6.400000000 29.523679733300
1011.700000000 6.600000000 29.521398544300
1007.700000000 5.200000000 29.491609573400
992.450000000 5.400000000 29.452991485600
1001.700000000 5.600000000 29.439622879000
1009.450000000 6.400000000 29.438768386800
1009.200000000 7.400000000 29.426088333100
1011.700000000 6.400000000 29.416297912600
1002.450000000 8.400000000 29.341598510700
1010.700000000 5.600000000 29.337368011500
1003.950000000 7.200000000 29.318662643400
1009.200000000 6.800000000 29.316991806000
1002.450000000 5.600000000 29.227933883700
1011.700000000 7.000000000 29.130151748700
1004.200000000 5.600000000 29.055490493800
1002.950000000 5.600000000 28.982631683300
992.200000000 5.600000000 28.946424484300
1003.950000000 7.400000000 28.939691543600
1002.950000000 5.000000000 28.921636581400
1009.200000000 6.600000000 28.902084350600
1009.450000000 5.800000000 28.899097442600
1009.450000000 7.800000000 28.856548309300
1003.700000000 7.200000000 28.808818817100
1009.700000000 8.000000000 28.802257537800
1003.200000000 8.000000000 28.783777236900
1011.200000000 8.600000000 28.777875900300
1002.700000000 8.000000000 28.756000518800
1009.200000000 6.400000000 28.727033615100
1009.200000000 7.600000000 28.712835311900
1002.700000000 5.000000000 28.626186370800
1011.700000000 5.200000000 28.619531631500
1010.450000000 5.600000000 28.608337402300
1009.200000000 6.200000000 28.607109069800
1001.450000000 6.000000000 28.530464172400
1004.700000000 6.000000000 28.503526687600
1004.200000000 7.400000000 28.472047805800
1004.200000000 7.200000000 28.464427948000
1003.700000000 7.400000000 28.388328552200
1009.950000000 5.600000000 28.376811981200
1009.200000000 6.000000000 28.301046371500
1010.950000000 8.800000000 28.254438400300
1008.950000000 6.800000000 28.252841949500
1007.950000000 5.000000000 28.241979599000
1004.700000000 8.400000000 28.210418701200
1010.950000000 5.600000000 28.201910018900
1003.450000000 7.600000000 28.179771423300
1011.450000000 5.800000000 28.169681549100
1008.950000000 7.000000000 28.136035919200
1003.450000000 8.400000000 28.131406784100
1009.950000000 8.200000000 28.123500824000
1011.450000000 5.600000000 28.122753143300
1002.700000000 5.600000000 28.119396209700
1010.200000000 5.600000000 28.108646392800
1003.200000000 8.200000000 28.107351303100
1008.950000000 6.600000000 28.063234329200
1011.200000000 6.200000000 28.037858963000
1009.700000000 5.600000000 27.968206405600
1002.200000000 8.200000000 27.916511535600
1004.450000000 7.000000000 27.806905746500
1002.700000000 8.400000000 27.796461105300
1002.200000000 7.000000000 27.784330368000
1008.950000000 7.200000000 27.764764785800
1011.700000000 7.200000000 27.747919082600
1010.450000000 8.600000000 27.687273025500
1008.950000000 6.400000000 27.679725647000
1009.450000000 8.000000000 27.678840637200
1002.950000000 8.200000000 27.642162323000
1003.450000000 7.200000000 27.639980316200
1010.200000000 8.400000000 27.631164550800
1003.200000000 5.000000000 27.588121414200
1002.700000000 7.000000000 27.559669494600
1010.700000000 8.800000000 27.518045425400
1009.200000000 7.800000000 27.515060424800
1008.200000000 5.000000000 27.442993164100
1004.700000000 7.600000000 27.432981491100
1002.200000000 8.000000000 27.421937942500
1002.450000000 7.800000000 27.407192230200
1002.450000000 7.000000000 27.386211395300
1008.950000000 6.200000000 27.269937515300
1009.200000000 5.800000000 27.229225158700
1002.950000000 8.000000000 27.222890853900
1011.450000000 6.000000000 27.156444549600
1001.950000000 5.400000000 27.149118423500
1009.700000000 8.200000000 27.105339050300
1008.950000000 6.000000000 27.083448410000
1007.450000000 5.400000000 27.071121215800
1003.200000000 7.800000000 27.032041549700
1011.450000000 8.200000000 27.026292800900
1008.950000000 7.400000000 27.000135421800
1007.950000000 5.200000000 26.983800888100
1011.450000000 8.000000000 26.947875976600
1011.200000000 8.800000000 26.927762985200
992.450000000 5.600000000 26.877248764000
1001.450000000 6.400000000 26.818824768100
1008.950000000 8.400000000 26.795743942300
1004.450000000 7.400000000 26.758510589600
1011.200000000 6.000000000 26.702365875200
1011.450000000 5.400000000 26.632133483900
1011.450000000 8.400000000 26.616899490400
1003.450000000 5.000000000 26.607997894300
1009.450000000 5.600000000 26.542667388900
997.950000000 5.000000000 26.539440155000
1006.950000000 5.200000000 26.496747970600
1004.200000000 8.600000000 26.490730285600
1003.450000000 7.400000000 26.468046188400
1008.950000000 5.800000000 26.445894241300
1011.450000000 7.800000000 26.431692123400
1003.950000000 8.600000000 26.430877685500
1007.200000000 5.400000000 26.419910430900
1004.950000000 8.000000000 26.413408279400
1002.200000000 5.400000000 26.297840118400
1001.700000000 6.800000000 26.238561630200
1009.450000000 8.200000000 26.202726364100
1004.450000000 8.600000000 26.167909622200
1002.200000000 8.400000000 26.110464096100
1008.200000000 5.200000000 26.093885421800
1008.950000000 8.600000000 26.056024551400
1001.950000000 7.000000000 25.998254776000
1002.450000000 5.000000000 25.993339538600
1010.950000000 9.000000000 25.991594314600
1011.450000000 6.200000000 25.961399078400
1004.700000000 6.800000000 25.960163116500
1003.200000000 7.200000000 25.919994354200
1011.450000000 7.600000000 25.896694183300
1004.950000000 8.200000000 25.890369415300
1003.700000000 8.600000000 25.886924743700
1011.450000000 6.800000000 25.884757995600
1009.200000000 8.000000000 25.831743240400
1001.700000000 5.000000000 25.822422027600
1002.700000000 7.800000000 25.759765625000
1003.700000000 5.000000000 25.750108718900
1008.950000000 7.600000000 25.699611663800
1010.700000000 5.400000000 25.658805847200
1006.950000000 5.000000000 25.636344909700
1011.450000000 7.000000000 25.635169982900
1011.450000000 6.600000000 25.587427139300
1009.950000000 8.400000000 25.580904007000
1011.700000000 7.400000000 25.558774948100
1004.450000000 7.200000000 25.541851043700
1011.200000000 5.800000000 25.507423400900
1008.450000000 5.000000000 25.473699569700
1009.200000000 8.400000000 25.418010711700
1011.450000000 6.400000000 25.415426254300
1011.450000000 7.400000000 25.415233612100
1002.950000000 8.400000000 25.414993286100
1002.200000000 7.800000000 25.411933898900
1011.450000000 8.600000000 25.406433105500
1002.450000000 8.600000000 25.402072906500
1003.200000000 8.400000000 25.360067367600
1004.950000000 6.400000000 25.341827392600
998.200000000 5.000000000 25.316337585400
997.700000000 5.000000000 25.308328628500
1004.950000000 7.800000000 25.264041900600
1002.700000000 5.200000000 25.259119033800
1009.200000000 5.600000000 25.246936798100
1011.700000000 5.000000000 25.241350174000
1010.450000000 5.400000000 25.186628341700
1011.450000000 7.200000000 25.117486953700
992.700000000 5.200000000 25.111625671400
991.950000000 5.800000000 25.107120513900
1010.700000000 9.000000000 25.096523284900
1008.700000000 6.000000000 25.044702529900
1002.950000000 5.200000000 25.029342651400
1001.450000000 5.000000000 25.014768600500
1008.700000000 5.800000000 24.980499267600
1002.950000000 7.800000000 24.966207504300
1009.700000000 8.400000000 24.945274353000
1010.950000000 5.400000000 24.908336639400
1009.950000000 5.400000000 24.906147003200
1010.200000000 5.400000000 24.879566192600
1010.450000000 8.800000000 24.869970321700
992.700000000 5.400000000 24.832666397100
1003.700000000 5.400000000 24.802509307900
1007.700000000 5.400000000 24.792428970300
1010.200000000 8.600000000 24.759189605700
1002.450000000 5.400000000 24.741355896000
992.200000000 5.800000000 24.723831176800
1008.950000000 5.600000000 24.695714950600
1003.200000000 7.600000000 24.650491714500
1011.200000000 9.000000000 24.627275466900
1003.450000000 5.400000000 24.618698120100
1008.450000000 5.200000000 24.606000900300
1008.950000000 8.200000000 24.501836776700
1001.700000000 5.400000000 24.495389938400
1001.950000000 5.000000000 24.478061676000
1002.450000000 7.600000000 24.476205825800
1008.700000000 6.600000000 24.441200256300
1008.700000000 6.200000000 24.425045013400
1009.700000000 5.400000000 24.421018600500
1009.200000000 8.600000000 24.333438873300
1002.700000000 5.400000000 24.326383590700
1008.700000000 6.800000000 24.274435043300
1001.450000000 5.800000000 24.273271560700
1009.450000000 8.400000000 24.259059906000
1001.950000000 5.200000000 24.248601913500
1008.700000000 6.400000000 24.244541168200
1008.700000000 8.600000000 24.243122100800
1004.950000000 6.200000000 24.236459732100
1008.700000000 8.400000000 24.232824325600
1003.200000000 5.400000000 24.226045608500
1004.700000000 8.600000000 24.215944290200
1004.700000000 9.800000000 24.212585449200
1002.950000000 5.400000000 24.206439971900
1004.450000000 5.600000000 24.156147003200
1002.450000000 5.200000000 24.141523361200
1004.950000000 6.600000000 24.085351944000
992.700000000 5.000000000 24.054126739500
1011.450000000 5.200000000 24.001325607300
1002.700000000 8.600000000 24.001028060900
1005.450000000 6.600000000 24.000947952300
1002.200000000 5.000000000 23.986881256100
1011.200000000 5.600000000 23.967197418200
1003.450000000 8.600000000 23.913337707500
1009.200000000 8.200000000 23.895229339600
1003.950000000 5.400000000 23.886341095000
1002.950000000 7.200000000 23.880966186500
1005.450000000 6.400000000 23.875734329200
1008.950000000 7.800000000 23.868734359700
1006.700000000 5.200000000 23.800434112500
1003.200000000 5.200000000 23.793756485000
1002.200000000 5.200000000 23.766199111900
1011.450000000 8.800000000 23.707824707000
1004.700000000 7.400000000 23.678583145100
1001.700000000 5.200000000 23.672258377100
1003.200000000 7.400000000 23.664022445700
1004.950000000 8.400000000 23.656108856200
1010.950000000 9.200000000 23.605163574200
1004.950000000 9.800000000 23.576408386200
1008.700000000 7.000000000 23.560207366900
1004.700000000 5.800000000 23.552503585800
1006.450000000 5.200000000 23.533630371100
1005.200000000 6.400000000 23.477405548100
1002.450000000 7.200000000 23.406290054300
1009.450000000 5.400000000 23.391868591300
1003.950000000 5.000000000 23.368875503500
1008.700000000 5.600000000 23.362056732200
1005.700000000 6.600000000 23.356027603100
1006.950000000 5.400000000 23.304307937600
1008.950000000 8.800000000 23.286783218400
992.450000000 5.800000000 23.244230270400
1004.450000000 9.800000000 23.088832855200
1002.700000000 7.200000000 23.065601348900
1003.450000000 5.200000000 23.060400009200
1009.950000000 8.600000000 23.024658203100
997.950000000 5.200000000 23.007057189900
1010.700000000 9.200000000 23.002546310400
1002.200000000 7.600000000 22.997261047400
1005.200000000 6.600000000 22.987054824800
1011.700000000 7.600000000 22.980264663700
1002.700000000 7.600000000 22.956047058100
992.700000000 5.600000000 22.910079956100
1002.200000000 7.200000000 22.869338989300
1004.950000000 7.600000000 22.848796844500
1009.700000000 8.600000000 22.783323288000
1007.700000000 6.800000000 22.773488998400
1005.950000000 8.200000000 22.754199981700
1002.450000000 7.400000000 22.730909347500
1003.700000000 5.200000000 22.708707809400
997.700000000 5.200000000 22.693258285500
1007.950000000 5.400000000 22.672002792400
1006.700000000 5.000000000 22.641023635900
1005.700000000 6.400000000 22.595954895000
997.200000000 5.000000000 22.567266464200
1009.200000000 5.400000000 22.560703277600
1004.700000000 7.000000000 22.535251617400
1002.200000000 8.600000000 22.517555236800
998.450000000 5.000000000 22.492897033700
1008.700000000 7.200000000 22.491388320900
1007.700000000 6.600000000 22.462537765500
1010.450000000 9.000000000 22.428535461400
1008.700000000 8.800000000 22.427675247200
1005.450000000 6.800000000 22.424388885500
1005.700000000 6.800000000 22.400335311900
997.450000000 5.000000000 22.394191741900
1002.950000000 7.600000000 22.386651992800
1005.950000000 8.400000000 22.383083343500
1010.700000000 5.200000000 22.324098587000
1009.450000000 8.600000000 22.265380859400
1006.450000000 5.000000000 22.252634048500
1007.950000000 6.800000000 22.249958038300
1011.200000000 9.200000000 22.207992553700
1008.200000000 5.400000000 22.165626525900
1007.950000000 6.600000000 22.161577224700
1010.450000000 5.200000000 22.118511200000
1005.450000000 6.200000000 22.101482391400
1010.200000000 8.800000000 22.086469650300
1006.200000000 5.200000000 22.074836731000
1004.450000000 8.800000000 22.058225631700
1004.700000000 9.600000000 22.035570144700
1008.950000000 5.400000000 22.025568008400
1005.200000000 6.200000000 21.913948059100
1004.200000000 8.800000000 21.900665283200
1003.200000000 8.600000000 21.887821197500
1002.950000000 8.600000000 21.872346878100
996.950000000 5.000000000 21.827295303300
1005.700000000 8.200000000 21.793468475300
1010.200000000 5.200000000 21.729789733900
998.200000000 5.200000000 21.718967437700
1011.200000000 5.400000000 21.712524414100
1002.700000000 7.400000000 21.709131240800
1008.200000000 8.600000000 21.667268753100
1008.950000000 8.000000000 21.650394439700
1005.950000000 8.000000000 21.627187728900
1002.200000000 7.400000000 21.620241165200
1002.950000000 7.400000000 21.601341247600
1004.700000000 7.200000000 21.579862594600
1011.450000000 9.000000000 21.570367813100
1003.950000000 8.800000000 21.546361923200
1004.950000000 9.600000000 21.545133590700
1011.700000000 7.800000000 21.544809341400
1010.950000000 5.200000000 21.515554428100
1004.200000000 9.800000000 21.507949829100
1004.200000000 5.400000000 21.503215789800
1004.950000000 6.800000000 21.484809875500
1004.450000000 9.600000000 21.434118270900
1010.950000000 9.400000000 21.426256179800
1004.950000000 6.000000000 21.422500610400
1008.700000000 8.200000000 21.412353515600
1005.200000000 8.000000000 21.410324096700
1008.450000000 5.400000000 21.371339798000
1009.950000000 5.200000000 21.341407775900
1006.450000000 5.400000000 21.306980133100
1006.700000000 5.400000000 21.288625717200
1005.200000000 8.200000000 21.278406143200
1008.200000000 8.400000000 21.275268554700
1001.450000000 5.200000000 21.243228912400
1009.200000000 8.800000000 21.236402511600
1005.700000000 8.000000000 21.229207992600
1001.450000000 6.600000000 21.211374282800
1006.200000000 8.400000000 21.204938888500
1003.950000000 5.200000000 21.165712356600
1008.700000000 7.400000000 21.142881393400
1010.700000000 9.400000000 21.117488861100
1007.450000000 6.800000000 21.105905532800
1011.700000000 8.200000000 21.058526992800
1003.700000000 8.800000000 20.943294525100
1006.200000000 5.000000000 20.931776046800
1005.200000000 6.800000000 20.929010391200
1011.450000000 5.000000000 20.909463882400
1009.700000000 5.200000000 20.864673614500
1007.950000000 8.600000000 20.862442016600
1009.950000000 8.800000000 20.849180221600
1002.450000000 8.800000000 20.845451355000
1008.450000000 8.600000000 20.839736938500
1011.700000000 8.400000000 20.817583084100
1006.200000000 8.200000000 20.800346374500
1005.200000000 9.800000000 20.766901016200
1005.700000000 8.400000000 20.765829086300
1005.700000000 6.200000000 20.759435653700
1007.450000000 5.600000000 20.745164871200
1011.700000000 8.000000000 20.722713470500
1004.700000000 8.800000000 20.715101242100
1008.200000000 6.600000000 20.702625274700
1008.700000000 5.400000000 20.692991256700
1009.700000000 8.800000000 20.660682678200
1005.950000000 8.600000000 20.649879455600
1010.450000000 9.200000000 20.612482070900
1008.700000000 5.000000000 20.576219558700
1004.950000000 8.600000000 20.567485809300
1006.200000000 5.400000000 20.552438736000
1008.450000000 8.400000000 20.550111770600
991.950000000 6.000000000 20.541757583600
1005.950000000 6.600000000 20.530704498300
992.200000000 6.000000000 20.485975265500
1007.450000000 6.600000000 20.475416183500
1008.200000000 6.800000000 20.466491699200
1005.950000000 6.800000000 20.409147262600
1008.700000000 5.200000000 20.406423568700
1005.200000000 7.800000000 20.338737487800
1008.450000000 5.800000000 20.337383270300
1007.200000000 5.600000000 20.333436965900
1009.450000000 5.200000000 20.318771362300
1005.700000000 7.000000000 20.314647674600
1001.950000000 8.200000000 20.291864395100
1007.950000000 8.400000000 20.280212402300
1001.950000000 8.000000000 20.243543624900
1004.200000000 9.600000000 20.230730056800
1009.450000000 8.800000000 20.229291915900
1006.200000000 8.600000000 20.216138839700
1001.950000000 7.200000000 20.192201614400
1005.450000000 8.200000000 20.184652328500
1008.450000000 6.600000000 20.161079406700
1008.450000000 6.000000000 20.147569656400
1004.950000000 7.400000000 20.114341735800
1001.450000000 5.600000000 20.099344253500
1010.200000000 9.000000000 20.078786850000
1002.700000000 8.800000000 20.064104080200
1007.700000000 7.000000000 20.041002273600
1005.450000000 8.000000000 20.006435394300
1011.200000000 9.400000000 20.005491256700
1005.450000000 7.000000000 20.004760742200
996.700000000 5.000000000 19.989341735800
1011.700000000 8.600000000 19.979681015000
1001.700000000 7.000000000 19.896533966100
1005.200000000 8.400000000 19.827013015700
1010.700000000 5.000000000 19.820854187000
997.700000000 5.400000000 19.820785522500
1008.200000000 8.800000000 19.799640655500
1004.450000000 9.400000000 19.795772552500
1004.700000000 9.400000000 19.792888641400
1010.450000000 5.000000000 19.789403915400
1003.450000000 8.800000000 19.778503418000
1007.950000000 7.000000000 19.756452560400
1009.200000000 5.200000000 19.747686386100
1008.950000000 9.000000000 19.744234085100
1003.950000000 9.800000000 19.726060867300
1008.450000000 8.800000000 19.724555969200
992.700000000 5.800000000 19.679841995200
997.950000000 5.400000000 19.670732498200
1008.700000000 9.000000000 19.658201217700
1004.450000000 9.000000000 19.647108078000
1005.200000000 9.600000000 19.641920089700
997.450000000 5.200000000 19.636039733900
1005.950000000 7.800000000 19.583162307700
1001.200000000 5.000000000 19.555852890000
1010.700000000 9.600000000 19.551767349200
1004.200000000 5.000000000 19.543373107900
1008.450000000 6.800000000 19.510639190700
1011.450000000 9.200000000 19.489109039300
1008.700000000 7.600000000 19.475622177100
1005.700000000 7.800000000 19.446348190300
997.200000000 5.200000000 19.443149566700
1010.950000000 9.600000000 19.429788589500
998.450000000 5.200000000 19.405670166000
1007.950000000 6.400000000 19.359722137500
1010.450000000 9.400000000 19.253490448000
1005.450000000 6.000000000 19.231767654400
1006.200000000 8.000000000 19.178627014200
1007.950000000 8.800000000 19.172906875600
1010.200000000 5.000000000 19.170713424700
992.450000000 6.000000000 19.154476165800
1008.450000000 5.600000000 19.151554107700
1007.700000000 6.400000000 19.134630203200
1005.200000000 6.000000000 19.132289886500
1004.200000000 9.000000000 19.120010376000
1008.950000000 5.200000000 19.077861785900
1005.950000000 6.400000000 19.073873519900
1008.450000000 6.200000000 19.018169403100
1011.200000000 5.200000000 19.014829635600
1007.700000000 5.600000000 19.008176803600
1004.450000000 9.200000000 19.003955841100
1004.950000000 7.000000000 18.997650146500
1009.950000000 9.000000000 18.992834091200
1008.450000000 6.400000000 18.953756332400
1004.950000000 9.400000000 18.940731048600
1001.950000000 7.800000000 18.940488815300
1007.200000000 6.800000000 18.926965713500
1008.200000000 8.200000000 18.883680343600
1005.450000000 8.400000000 18.866641998300
1004.200000000 9.400000000 18.861692428600
1009.700000000 9.000000000 18.858684539800
1005.950000000 7.000000000 18.852058410600
1001.950000000 8.400000000 18.813825607300
1005.200000000 7.600000000 18.754343032800
1005.700000000 8.600000000 18.736261367800
1004.700000000 5.600000000 18.731706619300
1010.950000000 5.000000000 18.728576660200
1008.200000000 6.400000000 18.716190338100
1011.700000000 8.800000000 18.696510314900
1004.700000000 9.000000000 18.682016372700
998.700000000 5.000000000 18.670499801600
1005.200000000 7.000000000 18.641218185400
1005.450000000 7.800000000 18.634630203200
996.950000000 5.200000000 18.629695892300
998.200000000 5.400000000 18.616722106900
1001.450000000 5.400000000 18.599506378200
1007.450000000 7.000000000 18.590496063200
1002.950000000 8.800000000 18.540313720700
1010.200000000 9.200000000 18.538076400800
1010.450000000 9.600000000 18.499797821000
1009.950000000 5.000000000 18.487079620400
1005.950000000 8.800000000 18.454538345300
1006.450000000 8.400000000 18.445350647000
1006.200000000 8.800000000 18.443847656200
1003.200000000 8.800000000 18.441974639900
1006.200000000 6.800000000 18.441007614100
1004.700000000 9.200000000 18.428117752100
1006.450000000 8.600000000 18.385309219400
1004.950000000 7.200000000 18.376974105800
1009.450000000 9.000000000 18.374271392800
1007.700000000 8.600000000 18.366107940700
1002.200000000 8.800000000 18.361682891800
1003.950000000 9.600000000 18.361593246500
1005.950000000 5.200000000 18.310113906900
1005.700000000 6.000000000 18.302793502800
1004.200000000 9.200000000 18.243089675900
1010.700000000 9.800000000 18.203685760500
1003.950000000 9.000000000 18.196537017800
1004.200000000 5.200000000 18.183479309100
1006.950000000 5.600000000 18.159046173100
992.950000000 5.200000000 18.157606124900
1004.450000000 5.400000000 18.124629974400
1011.200000000 9.600000000 18.124547958400
1008.450000000 8.200000000 18.103443145800
992.950000000 5.400000000 18.092018127400
1008.200000000 7.000000000 18.073068618800
1010.450000000 9.800000000 18.072563171400
1006.950000000 6.800000000 18.065288543700
1009.700000000 5.000000000 18.050575256300
1002.700000000 9.800000000 18.015678405800
1006.700000000 6.800000000 18.003160476700
1004.950000000 5.800000000 17.953199386600
1004.950000000 5.000000000 17.941398620600
1004.950000000 8.800000000 17.936817169200
1005.700000000 7.200000000 17.923290252700
1006.200000000 6.600000000 17.904941558800
1005.200000000 5.000000000 17.895998001100
1007.200000000 6.600000000 17.878505706800
1006.450000000 6.800000000 17.864452362100
1005.450000000 7.200000000 17.839687347400
997.450000000 5.400000000 17.781837463400
1009.950000000 9.200000000 17.775188446000
1008.450000000 9.000000000 17.762647628800
1009.450000000 5.000000000 17.759952545200
1010.200000000 9.400000000 17.734794616700
1007.950000000 8.200000000 17.716165542600
1010.950000000 9.800000000 17.697233200100
1011.200000000 5.000000000 17.649854660000
1011.450000000 9.400000000 17.645372390700
1010.200000000 9.800000000 17.623567581200
1009.200000000 9.000000000 17.610927581800
1005.450000000 9.800000000 17.601924896200
1007.700000000 8.400000000 17.600938797000
1005.700000000 7.600000000 17.580888748200
1009.700000000 9.200000000 17.565731048600
1005.950000000 5.000000000 17.559726715100
1005.950000000 7.600000000 17.547201156600
1005.200000000 7.400000000 17.523588180500
1008.700000000 7.800000000 17.505426406900
1005.200000000 8.600000000 17.498359680200
1003.700000000 9.800000000 17.495607376100
1001.950000000 7.600000000 17.493808746300
1002.950000000 9.800000000 17.479837417600
1006.450000000 8.800000000 17.478652954100
1005.950000000 5.400000000 17.476615905800
1006.450000000 8.200000000 17.455127716100
1007.950000000 5.600000000 17.448808670000
1005.200000000 9.400000000 17.417587280300
1010.200000000 9.600000000 17.402332305900
996.700000000 5.200000000 17.366903305100
1006.700000000 8.600000000 17.362586975100
1008.700000000 9.200000000 17.340774536100
1005.200000000 7.200000000 17.307229995700
1006.200000000 7.000000000 17.302173614500
996.450000000 5.000000000 17.276515960700
1003.700000000 9.000000000 17.256498336800
1006.950000000 8.600000000 17.248092651400
1005.450000000 7.600000000 17.231266021700
1006.200000000 7.800000000 17.227260589600
1001.950000000 7.400000000 17.221904754600
1009.200000000 5.000000000 17.216066360500
1008.700000000 8.000000000 17.206010818500
1008.200000000 5.600000000 17.201658248900
1006.200000000 5.600000000 17.196191787700
1011.700000000 9.000000000 17.185678482100
992.950000000 5.000000000 17.145238876300
1006.450000000 5.600000000 17.122047424300
1008.450000000 7.000000000 17.118560791000
1006.700000000 8.800000000 17.105281829800
1009.950000000 9.800000000 17.083953857400
1007.700000000 8.800000000 17.067687988300
997.700000000 5.600000000 17.065874099700
1006.950000000 8.800000000 17.050659179700
1003.950000000 9.400000000 17.049043655400
1009.450000000 9.200000000 17.018335342400
1005.450000000 9.600000000 17.014797210700
1002.700000000 9.000000000 17.014436721800
1007.450000000 6.400000000 17.009233474700
1007.200000000 7.000000000 17.001802444500
1006.700000000 7.000000000 16.998035430900
1009.950000000 9.400000000 16.997072219800
1005.950000000 6.200000000 16.995666503900
999.450000000 8.000000000 16.992568969700
1006.450000000 6.600000000 16.957670211800
997.200000000 5.400000000 16.938072204600
1004.950000000 9.200000000 16.934337616000
1007.200000000 8.600000000 16.929056167600
1002.450000000 9.000000000 16.921634674100
1006.450000000 7.000000000 16.893966674800
1005.950000000 7.200000000 16.887586593600
1005.450000000 8.600000000 16.886060714700
999.200000000 8.000000000 16.859006881700
1009.950000000 9.600000000 16.849712371800
1007.450000000 8.600000000 16.833786010700
1006.700000000 6.600000000 16.824474334700
1006.700000000 5.600000000 16.819545745800
997.950000000 5.600000000 16.815515518200
998.450000000 5.400000000 16.807710647600
991.950000000 6.200000000 16.805536270100
1006.950000000 6.600000000 16.794954299900
1005.700000000 7.400000000 16.767450332600
998.450000000 8.200000000 16.756374359100
992.200000000 6.200000000 16.749841690100
1005.450000000 7.400000000 16.746349334700
1011.200000000 9.800000000 16.696308136000
1009.700000000 9.400000000 16.690511703500
1003.950000000 9.200000000 16.688167572000
1006.950000000 7.000000000 16.662042617800
1005.700000000 8.800000000 16.660272598300
1004.450000000 5.000000000 16.658927917500
992.950000000 5.600000000 16.652406692500
1006.700000000 8.400000000 16.650247573900
1006.200000000 9.000000000 16.618556976300
1002.700000000 9.600000000 16.605218887300
1009.700000000 9.800000000 16.599037170400
1008.950000000 9.200000000 16.592653274500
998.950000000 8.000000000 16.583351135300
1008.200000000 9.000000000 16.577196121200
998.700000000 8.000000000 16.561643600500
1006.700000000 9.000000000 16.537532806400
999.450000000 7.800000000 16.517190933200
1004.950000000 9.000000000 16.501708984400
1006.450000000 9.000000000 16.499782562300
1004.700000000 5.000000000 16.497173309300
1009.700000000 9.600000000 16.463588714600
1008.950000000 5.000000000 16.451608657800
1005.950000000 9.000000000 16.401212692300
999.450000000 8.200000000 16.395252227800
1007.200000000 8.800000000 16.385925293000
998.700000000 8.200000000 16.381608963000
1006.450000000 9.800000000 16.302644729600
998.700000000 5.200000000 16.296680450400
998.450000000 8.000000000 16.290645599400
1005.450000000 5.000000000 16.269197464000
999.200000000 7.800000000 16.263494491600
1005.950000000 7.400000000 16.259788513200
1003.450000000 9.000000000 16.247840881300
1011.450000000 9.600000000 16.244054794300
1006.450000000 9.600000000 16.238588333100
1008.450000000 9.200000000 16.229961395300
1002.950000000 9.000000000 16.227960586500
1005.200000000 5.200000000 16.192514419600
1007.950000000 7.200000000 16.186012268100
1005.450000000 5.800000000 16.161241531400
1001.950000000 8.600000000 16.152565002400
1007.700000000 7.200000000 16.127168655400
999.200000000 8.200000000 16.112039566000
998.200000000 5.600000000 16.095903396600
996.950000000 5.400000000 16.094091415400
1002.950000000 9.600000000 16.086500167800
1006.200000000 9.800000000 16.084894180300
1003.700000000 9.600000000 16.080360412600
1006.950000000 8.400000000 16.052341461200
1006.450000000 9.400000000 16.039396286000
1009.450000000 9.400000000 16.038761138900
1005.200000000 5.800000000 16.038057327300
1007.950000000 9.000000000 16.027479171800
992.700000000 6.000000000 16.026050567600
1006.950000000 9.000000000 16.009300231900
1006.450000000 9.200000000 15.987183570900
1009.450000000 9.600000000 15.984579086300
998.200000000 8.200000000 15.967463493300
1005.700000000 5.800000000 15.946434021000
1009.200000000 9.800000000 15.940212249800
1001.200000000 5.200000000 15.939853668200
998.950000000 8.200000000 15.933602333100
1007.450000000 8.800000000 15.913467407200
1003.200000000 9.800000000 15.895689010600
1009.450000000 9.800000000 15.895488739000
999.700000000 8.000000000 15.878196716300
1005.950000000 5.600000000 15.875783920300
1006.700000000 9.200000000 15.875075340300
1005.450000000 9.400000000 15.831659317000
1009.200000000 9.600000000 15.828098297100
1007.450000000 8.400000000 15.821969032300
1003.200000000 9.000000000 15.815473556500
1006.200000000 9.600000000 15.806628227200
997.450000000 5.600000000 15.795366287200
1011.700000000 9.200000000 15.780257225000
1003.450000000 9.800000000 15.778064727800
1004.950000000 5.200000000 15.772047996500
1008.200000000 8.000000000 15.769716262800
1001.450000000 6.800000000 15.768974304200
1006.200000000 6.400000000 15.751614570600
1007.200000000 8.400000000 15.680639267000
1005.700000000 5.200000000 15.672000885000
1002.450000000 9.800000000 15.670203208900
996.450000000 5.200000000 15.649509429900
1008.700000000 9.400000000 15.648071289100
1006.200000000 7.200000000 15.606310844400
1006.200000000 7.600000000 15.582694053600
1001.200000000 6.200000000 15.578396797200
998.450000000 8.400000000 15.569149971000
1005.700000000 5.000000000 15.562229156500
998.200000000 8.000000000 15.543975830100
1008.200000000 6.200000000 15.541741371200
1006.200000000 9.200000000 15.536880493200
1006.450000000 8.000000000 15.535666465800
1002.700000000 9.400000000 15.514719009400
1005.700000000 9.800000000 15.496298790000
1005.450000000 5.200000000 15.495974540700
1002.700000000 9.200000000 15.472997665400
998.950000000 7.800000000 15.472656250000
1005.200000000 8.800000000 15.466002464300
999.200000000 8.800000000 15.459587097200
1005.200000000 9.200000000 15.425610542300
1004.450000000 5.200000000 15.414475441000
999.700000000 8.200000000 15.405779838600
1006.200000000 9.400000000 15.405514717100
998.200000000 8.400000000 15.400553703300
1008.450000000 8.000000000 15.397294998200
992.450000000 6.200000000 15.394267082200
1011.450000000 9.800000000 15.370910644500
1007.950000000 6.200000000 15.333640098600
1006.450000000 6.400000000 15.309912681600
1008.450000000 9.800000000 15.300865173300
1006.700000000 9.400000000 15.290685653700
1008.450000000 7.200000000 15.289496421800
1005.700000000 9.600000000 15.286330223100
999.700000000 7.800000000 15.275443077100
1001.700000000 7.200000000 15.260887146000
998.950000000 5.000000000 15.253514289900
1005.950000000 9.800000000 15.234994888300
1008.450000000 9.400000000 15.224555969200
1005.700000000 9.000000000 15.219595909100
1004.700000000 5.400000000 15.192456245400
1007.450000000 5.800000000 15.188266754200
996.700000000 5.400000000 15.178063392600
1002.950000000 9.400000000 15.152473449700
1003.700000000 9.200000000 15.144016265900
1004.950000000 5.600000000 15.125745773300
1002.950000000 9.200000000 15.123108863800
999.200000000 8.600000000 15.121107101400
1007.700000000 8.200000000 15.120998382600
1005.950000000 6.000000000 15.116375923200
1005.950000000 9.200000000 15.108015060400
999.450000000 8.400000000 15.086000442500
1006.700000000 8.200000000 15.085451126100
999.450000000 7.600000000 15.082342147800
998.700000000 5.400000000 15.037432670600
1005.950000000 9.600000000 15.020615577700
1008.450000000 9.600000000 15.019680976900
1009.200000000 9.200000000 15.005718231200
1005.450000000 8.800000000 15.004904747000
1008.700000000 9.600000000 14.963154792800
991.950000000 8.000000000 14.962739944500
1005.700000000 5.400000000 14.953814506500
1008.200000000 7.200000000 14.946735382100
1006.700000000 9.600000000 14.924046516400
998.950000000 8.800000000 14.918546676600
1003.700000000 9.400000000 14.907730102500
998.700000000 7.800000000 14.906582832300
1006.450000000 7.200000000 14.903725624100
1008.700000000 9.800000000 14.896506309500
1006.200000000 7.400000000 14.884466171300
999.200000000 9.000000000 14.864942550700
999.450000000 8.800000000 14.862974166900
1001.200000000 6.000000000 14.809482574500
1005.700000000 9.400000000 14.795927047700
997.200000000 5.600000000 14.761704444900
1007.200000000 5.800000000 14.757424354600
1005.950000000 9.400000000 14.752385139500
1004.700000000 5.200000000 14.707278251600
997.700000000 5.800000000 14.688511848400
998.450000000 5.600000000 14.682816505400
998.450000000 7.800000000 14.670292854300
999.450000000 8.600000000 14.662463188200
998.700000000 8.400000000 14.661838531500
1007.450000000 7.200000000 14.650872230500
1007.700000000 6.200000000 14.649878501900
1011.700000000 9.400000000 14.642585754400
991.950000000 8.200000000 14.639217376700
991.950000000 7.800000000 14.637861251800
1005.700000000 9.200000000 14.637798309300
1009.200000000 9.400000000 14.633011817900
999.200000000 8.400000000 14.625102043200
1005.200000000 9.000000000 14.620016098000
1005.450000000 9.200000000 14.615342140200
1005.950000000 5.800000000 14.607012748700
1007.950000000 8.000000000 14.580855369600
1002.200000000 9.000000000 14.578261375400
1008.950000000 9.800000000 14.566367149400
1007.200000000 9.000000000 14.560194015500
1007.200000000 6.400000000 14.559677124000
1001.450000000 8.200000000 14.552702903700
997.950000000 8.000000000 14.552163124100
1005.700000000 5.600000000 14.547848701500
1003.200000000 9.600000000 14.546554565400
998.950000000 9.000000000 14.542241096500
1006.700000000 9.800000000 14.535204887400
997.950000000 5.800000000 14.527123451200
1005.200000000 5.400000000 14.522434234600
999.200000000 7.600000000 14.462638855000
1001.450000000 8.000000000 14.452472686800
999.450000000 9.000000000 14.447028160100
997.950000000 8.200000000 14.432006835900
1006.700000000 7.200000000 14.428182601900
1007.700000000 9.000000000 14.408367157000
1004.950000000 5.400000000 14.402084350600
1003.450000000 9.600000000 14.393419265700
992.200000000 8.000000000 14.392054557800
1006.950000000 9.200000000 14.385457992600
998.200000000 7.800000000 14.372471809400
998.950000000 5.200000000 14.357232093800
1001.450000000 8.400000000 14.357132911700
992.200000000 7.800000000 14.353546142600
1005.450000000 5.400000000 14.351741790800
1008.200000000 9.800000000 14.336844444300
992.950000000 5.800000000 14.299387931800
996.450000000 5.400000000 14.288672447200
1002.450000000 9.200000000 14.286116600000
998.950000000 8.600000000 14.259425163300
1008.950000000 9.400000000 14.251397132900
995.700000000 5.800000000 14.210662841800
1003.200000000 9.200000000 14.206275939900
998.700000000 5.600000000 14.201440811200
1005.450000000 9.000000000 14.197203636200
998.950000000 8.400000000 14.185327529900
1002.450000000 9.600000000 14.183139801000
996.950000000 5.600000000 14.174337387100
1001.700000000 8.200000000 14.167370796200
1008.950000000 9.600000000 14.154197692900
1001.450000000 7.800000000 14.119004249600
1001.700000000 8.400000000 14.115205764800
998.200000000 5.800000000 14.113313674900
991.950000000 6.400000000 14.107133865400
1003.450000000 9.200000000 14.104345321700
1007.700000000 5.800000000 14.102773666400
996.700000000 5.600000000 14.092254638700
996.200000000 5.000000000 14.060378074600
995.700000000 6.000000000 14.052555084200
998.200000000 8.600000000 14.046809196500
999.700000000 8.400000000 14.037384033200
992.450000000 7.800000000 14.019706726100
1001.700000000 8.000000000 13.989266395600
996.700000000 5.800000000 13.983710289000
1005.450000000 5.600000000 13.980952262900
1006.950000000 8.200000000 13.975069999700
1008.200000000 9.200000000 13.972210884100
992.200000000 6.400000000 13.971816062900
1005.200000000 5.600000000 13.970684051500
1001.200000000 6.400000000 13.938808441200
996.450000000 5.800000000 13.931424140900
999.700000000 7.600000000 13.924392700200
1007.200000000 8.200000000 13.923759460400
996.450000000 5.600000000 13.895884513900
995.450000000 5.800000000 13.894248962400
997.950000000 7.800000000 13.891762733500
1011.700000000 9.600000000 13.890938758900
992.200000000 8.200000000 13.886964798000
997.450000000 5.800000000 13.879102706900
1006.700000000 6.400000000 13.860288620000
1001.200000000 8.000000000 13.853030204800
997.950000000 8.400000000 13.849970817600
992.200000000 7.600000000 13.829366684000
991.950000000 7.600000000 13.827964782700
992.450000000 8.000000000 13.826164245600
1001.450000000 8.600000000 13.824931144700
1003.200000000 9.400000000 13.813510894800
1001.200000000 8.200000000 13.791144371000
997.700000000 8.000000000 13.786297798200
995.450000000 6.000000000 13.780570030200
991.950000000 8.400000000 13.775716781600
996.200000000 5.600000000 13.763255119300
1006.950000000 8.000000000 13.761683464100
995.950000000 5.800000000 13.753992080700
1008.450000000 7.400000000 13.746780395500
1006.450000000 7.800000000 13.736781120300
992.450000000 7.600000000 13.735143661500
996.950000000 5.800000000 13.726039886500
1006.950000000 7.200000000 13.724565506000
1006.200000000 5.800000000 13.718226432800
999.200000000 9.200000000 13.708950996400
1001.700000000 7.800000000 13.702762603800
1007.450000000 9.000000000 13.666761398300
999.450000000 9.200000000 13.645344734200
1000.950000000 7.200000000 13.645248413100
996.200000000 5.800000000 13.642354965200
1006.950000000 6.400000000 13.641737937900
1001.700000000 8.600000000 13.632059097300
999.700000000 8.800000000 13.631543159500
998.700000000 8.800000000 13.630856514000
1006.450000000 6.200000000 13.611168861400
999.700000000 9.000000000 13.602435112000
998.450000000 8.600000000 13.599420547500
1001.450000000 7.600000000 13.580711364700
1001.200000000 7.800000000 13.571978569000
998.700000000 9.000000000 13.556789398200
1003.450000000 9.400000000 13.542773246800
995.950000000 5.600000000 13.532968521100
998.700000000 5.800000000 13.529630661000
998.950000000 5.400000000 13.521893501300
1008.200000000 5.800000000 13.517540931700
1006.200000000 6.200000000 13.517118454000
1007.200000000 7.200000000 13.497391700700
1002.450000000 9.400000000 13.454946517900
1011.700000000 9.800000000 13.426588058500
1001.700000000 7.400000000 13.412093162500
1001.200000000 8.400000000 13.411684989900
998.450000000 5.800000000 13.405483245800
1007.450000000 8.200000000 13.404981613200
1001.700000000 7.600000000 13.403381347700
1008.200000000 9.400000000 13.390511512800
1008.200000000 9.600000000 13.367866516100
1000.950000000 7.400000000 13.366079330400
995.950000000 6.000000000 13.357917785600
999.950000000 9.800000000 13.356204032900
998.950000000 9.200000000 13.351220130900
995.700000000 5.600000000 13.335968017600
1001.200000000 7.200000000 13.332023620600
997.200000000 5.800000000 13.316414833100
995.200000000 5.800000000 13.300800323500
1008.200000000 6.000000000 13.290245056200
996.200000000 5.400000000 13.289304733300
998.950000000 7.600000000 13.275780677800
1006.450000000 7.400000000 13.264262199400
997.700000000 8.200000000 13.258399009700
996.200000000 5.200000000 13.255382537800
995.950000000 5.400000000 13.254025459300
1007.200000000 8.000000000 13.249311447100
996.450000000 6.000000000 13.242928504900
997.700000000 7.800000000 13.224801063500
999.700000000 8.600000000 13.213063240100
1006.950000000 5.800000000 13.206204414400
996.700000000 6.000000000 13.148720741300
1000.950000000 7.000000000 13.146745681800
992.450000000 8.200000000 13.143105506900
999.450000000 7.400000000 13.123747825600
1001.200000000 7.400000000 13.113275528000
992.450000000 7.400000000 13.091389656100
992.700000000 7.800000000 13.075736999500
998.700000000 8.600000000 13.048613548300
992.200000000 7.400000000 13.031612396200
1001.950000000 8.800000000 13.024525642400
995.200000000 6.000000000 13.016179084800
999.950000000 8.000000000 13.014853477500
997.950000000 8.600000000 13.013137817400
1006.950000000 9.400000000 13.005262374900
1007.950000000 7.400000000 13.003726005600
999.700000000 9.800000000 13.003184318500
1008.450000000 7.800000000 12.991762161300
1006.200000000 6.000000000 12.979325294500
992.200000000 8.400000000 12.977795600900
995.700000000 6.200000000 12.969044685400
1006.700000000 8.000000000 12.961896896400
995.450000000 5.600000000 12.958824157700
998.700000000 6.000000000 12.956749916100
1001.200000000 7.600000000 12.956364631700
1001.200000000 7.000000000 12.954237937900
1007.950000000 5.800000000 12.951516151400
997.450000000 8.000000000 12.945189476000
992.700000000 7.600000000 12.936531066900
1006.450000000 5.800000000 12.923040390000
995.700000000 5.400000000 12.919252395600
999.700000000 9.200000000 12.913366317700
1008.200000000 7.800000000 12.910268783600
1007.450000000 6.200000000 12.882926940900
1001.450000000 8.800000000 12.868535995500
991.950000000 7.400000000 12.863989830000
1001.450000000 7.400000000 12.855971336400
996.200000000 6.000000000 12.849359512300
1001.700000000 8.800000000 12.842206955000
992.700000000 6.200000000 12.814253807100
997.700000000 6.000000000 12.792850494400
1006.450000000 7.600000000 12.777713775600
997.950000000 6.000000000 12.765057563800
992.700000000 8.000000000 12.762983322100
1001.200000000 5.800000000 12.758365631100
998.950000000 5.600000000 12.758350372300
998.450000000 6.000000000 12.747964859000
992.450000000 6.400000000 12.741902351400
1001.200000000 8.600000000 12.736322403000
996.950000000 6.000000000 12.731152534500
998.700000000 9.200000000 12.719836235000
998.200000000 7.600000000 12.711638450600
995.450000000 6.200000000 12.695714950600
999.950000000 9.000000000 12.688971519500
998.450000000 7.600000000 12.681658744800
1007.950000000 9.200000000 12.665882110600
998.700000000 7.600000000 12.662790298500
999.950000000 8.800000000 12.647480964700
1000.450000000 9.000000000 12.638406753500
998.200000000 8.800000000 12.617569923400
1000.450000000 8.800000000 12.606807708700
991.950000000 8.600000000 12.586668014500
998.200000000 6.000000000 12.579733848600
999.950000000 8.200000000 12.576183319100
1007.700000000 7.400000000 12.570955276500
997.450000000 8.200000000 12.543889999400
1000.950000000 7.600000000 12.479837417600
995.950000000 5.200000000 12.477145195000
1006.950000000 7.800000000 12.476557731600
991.950000000 6.600000000 12.463947296100
1007.950000000 9.800000000 12.463025093100
999.200000000 9.400000000 12.453665733300
999.200000000 5.000000000 12.448357582100
997.950000000 7.600000000 12.427212715100
1000.200000000 8.800000000 12.420578002900
998.700000000 6.200000000 12.417059898400
1001.200000000 5.400000000 12.416799545300
999.450000000 9.400000000 12.413477897600
1000.200000000 9.000000000 12.407320976300
992.700000000 7.400000000 12.402209281900
1001.450000000 7.200000000 12.401765823400
1006.700000000 5.800000000 12.400013923600
1007.200000000 9.200000000 12.390162468000
999.950000000 7.800000000 12.384952545200
992.200000000 6.600000000 12.377951622000
995.200000000 5.600000000 12.366317749000
997.200000000 6.000000000 12.365166664100
995.950000000 6.200000000 12.349412918100
1007.700000000 8.000000000 12.346125602700
1008.200000000 7.400000000 12.320397377000
1006.450000000 6.000000000 12.319143295300
995.700000000 5.200000000 12.312016487100
992.450000000 7.200000000 12.298821449300
998.450000000 6.200000000 12.271592140200
992.200000000 7.200000000 12.260844230700
997.700000000 8.400000000 12.239485740700
999.200000000 7.400000000 12.233007431000
997.450000000 7.800000000 12.232380867000
997.450000000 6.000000000 12.198302269000
999.700000000 7.400000000 12.196623802200
1008.450000000 7.600000000 12.191496849100
998.450000000 9.000000000 12.173706054700
1000.450000000 9.200000000 12.167189598100
992.450000000 8.400000000 12.156380653400
998.450000000 8.800000000 12.149491310100
999.950000000 9.600000000 12.147175788900
1007.450000000 9.800000000 12.120430946400
997.950000000 8.800000000 12.109421730000
992.700000000 8.200000000 12.103820800800
998.950000000 5.800000000 12.091616630600
1001.200000000 6.800000000 12.091093063400
991.950000000 9.200000000 12.065017700200
991.950000000 7.200000000 12.057134628300
1000.200000000 9.800000000 12.048664093000
1000.950000000 6.800000000 12.045886039700
994.950000000 5.800000000 12.040546417200
1007.950000000 7.800000000 12.019314765900
999.700000000 9.600000000 11.998957634000
1001.450000000 7.000000000 11.987283706700
1006.700000000 7.400000000 11.986619949300
1007.450000000 8.000000000 11.975786209100
1006.950000000 9.600000000 11.972476005600
999.950000000 9.200000000 11.942409515400
1000.700000000 9.000000000 11.942176818800
999.950000000 8.600000000 11.940308570900
998.950000000 9.400000000 11.936326980600
1007.200000000 9.800000000 11.919534683200
998.450000000 6.400000000 11.907798767100
998.700000000 6.400000000 11.859871864300
1007.950000000 9.600000000 11.855008125300
1000.450000000 8.600000000 11.854631424000
999.450000000 9.800000000 11.828510284400
992.200000000 8.600000000 11.826464653000
995.200000000 6.200000000 11.823496818500
996.450000000 6.200000000 11.820199966400
1007.700000000 9.800000000 11.817690849300
1001.700000000 9.000000000 11.786606788600
992.950000000 6.000000000 11.784016609200
992.200000000 7.000000000 11.770844459500
1001.200000000 8.800000000 11.752813339200
1007.950000000 9.400000000 11.750403404200
997.700000000 7.600000000 11.750303268400
995.450000000 5.400000000 11.749921798700
1000.200000000 9.200000000 11.747253418000
992.200000000 6.800000000 11.738156318700
1000.700000000 9.200000000 11.737789154100
994.950000000 6.000000000 11.732514381400
998.200000000 9.000000000 11.729841232300
1000.700000000 7.200000000 11.717853546100
1001.450000000 9.000000000 11.711871147200
991.950000000 6.800000000 11.703303337100
1007.950000000 6.000000000 11.702936172500
997.950000000 6.200000000 11.696559906000
999.200000000 5.200000000 11.687384605400
999.700000000 9.400000000 11.666487693800
996.700000000 6.200000000 11.645433425900
1000.200000000 8.600000000 11.642893791200
998.450000000 9.200000000 11.637079238900
992.700000000 7.200000000 11.636585235600
992.450000000 7.000000000 11.618916511500
991.950000000 7.000000000 11.617086410500
1000.700000000 8.800000000 11.602863311800
991.950000000 9.400000000 11.590005874600
995.450000000 5.200000000 11.584290504500
1000.950000000 5.000000000 11.575616836500
1006.700000000 6.200000000 11.573332786600
1001.950000000 9.000000000 11.559497833300
1000.700000000 7.400000000 11.555784225500
1002.200000000 9.200000000 11.550905227700
998.450000000 6.600000000 11.540628433200
995.950000000 5.000000000 11.533569335900
997.700000000 6.200000000 11.524528503400
992.450000000 6.600000000 11.524116516100
998.450000000 9.400000000 11.489796638500
998.950000000 6.000000000 11.489558219900
996.200000000 6.200000000 11.486764907800
995.700000000 5.000000000 11.485460281400
1008.200000000 7.600000000 11.470850944500
997.450000000 6.400000000 11.449854850800
1007.200000000 7.800000000 11.445774078400
997.700000000 6.400000000 11.436450958300
997.200000000 8.000000000 11.436402320900
1007.700000000 9.200000000 11.433585166900
1006.950000000 9.800000000 11.422908783000
998.200000000 9.200000000 11.421042442300
998.200000000 6.200000000 11.397374153100
998.450000000 9.600000000 11.370986938500
998.200000000 9.400000000 11.364171028100
995.700000000 6.400000000 11.357551574700
998.700000000 9.400000000 11.357508659400
991.950000000 8.800000000 11.353754043600
991.950000000 9.000000000 11.347672462500
1007.450000000 6.000000000 11.342040062000
1001.950000000 9.800000000 11.341947555500
998.450000000 9.800000000 11.339162826500
1007.950000000 7.600000000 11.332723617600
997.200000000 8.200000000 11.320631027200
997.950000000 9.000000000 11.302890777600
999.950000000 8.400000000 11.300438880900
1007.700000000 6.000000000 11.296148300200
998.700000000 9.600000000 11.291736602800
997.700000000 8.600000000 11.291489601100
992.450000000 6.800000000 11.285520553600
1000.450000000 9.400000000 11.282850265500
1007.450000000 9.600000000 11.278870582600
997.450000000 8.400000000 11.274501800500
992.700000000 8.400000000 11.274042129500
1006.700000000 7.800000000 11.256408691400
998.200000000 9.800000000 11.249734878500
998.200000000 9.600000000 11.241782188400
1001.200000000 5.600000000 11.241650581400
1007.700000000 9.600000000 11.237039566000
998.700000000 6.600000000 11.231536865200
996.950000000 6.200000000 11.228238105800
995.450000000 5.000000000 11.226421356200
998.700000000 9.800000000 11.224522590600
1007.450000000 7.400000000 11.221443176300
997.450000000 6.200000000 11.214751243600
1000.950000000 7.800000000 11.197869300800
999.450000000 9.600000000 11.194005012500
997.950000000 9.800000000 11.192893981900
999.200000000 9.600000000 11.186456680300
997.700000000 6.600000000 11.161333084100
999.450000000 7.200000000 11.156311035200
1000.700000000 7.000000000 11.152394294700
1007.450000000 9.200000000 11.145209312400
997.200000000 6.400000000 11.140291214000
997.200000000 6.200000000 11.125012397800
998.450000000 6.800000000 11.088809967000
1002.200000000 9.800000000 11.080369949300
992.450000000 8.600000000 11.075529098500
992.950000000 7.800000000 11.073866844200
1007.200000000 6.200000000 11.070508003200
998.950000000 7.400000000 11.067868232700
999.950000000 7.600000000 11.064342498800
995.950000000 6.400000000 11.033426284800
997.450000000 6.600000000 11.031369209300
1000.700000000 9.400000000 11.025246620200
1000.950000000 8.000000000 11.012498855600
999.200000000 9.800000000 11.010829925500
999.200000000 5.400000000 11.005455970800
992.950000000 7.600000000 11.000274658200
1007.200000000 9.600000000 10.997936248800
997.700000000 9.800000000 10.989543914800
994.950000000 5.600000000 10.976923942600
1001.200000000 6.600000000 10.974161148100
993.200000000 5.400000000 10.962345123300
1000.950000000 8.200000000 10.958942413300
998.200000000 7.400000000 10.946519851700
993.200000000 5.200000000 10.946339607200
998.950000000 9.800000000 10.938340187100
992.950000000 8.000000000 10.923875808700
998.950000000 6.200000000 10.908021926900
995.450000000 6.400000000 10.905242919900
997.450000000 7.600000000 10.894714355500
997.950000000 6.400000000 10.886789321900
1007.700000000 9.400000000 10.881325721700
998.950000000 9.600000000 10.873382568400
998.450000000 7.400000000 10.867228508000
1001.700000000 9.800000000 10.846508979800
992.700000000 7.000000000 10.840334892300
997.950000000 9.600000000 10.829526901200
1006.950000000 7.400000000 10.826171875000
1000.700000000 6.200000000 10.820391655000
1000.700000000 8.600000000 10.817047119100
997.950000000 9.200000000 10.808596611000
999.950000000 9.400000000 10.801784515400
1000.700000000 7.600000000 10.787440300000
1007.200000000 6.000000000 10.784644126900
1000.200000000 9.400000000 10.771254539500
1000.700000000 6.400000000 10.762736320500
997.200000000 7.800000000 10.757890701300
1007.450000000 9.400000000 10.733704567000
997.950000000 6.600000000 10.731079101600
992.700000000 6.400000000 10.730746269200
998.700000000 7.400000000 10.712427139300
992.200000000 8.800000000 10.705820083600
1006.700000000 7.600000000 10.702685356100
1000.950000000 6.600000000 10.684832572900
1000.200000000 9.600000000 10.684376716600
1001.700000000 9.200000000 10.675337791400
998.200000000 6.400000000 10.664299011200
997.700000000 8.800000000 10.649810791000
997.950000000 9.400000000 10.633753776600
992.950000000 7.400000000 10.633378982500
1001.200000000 9.000000000 10.621579170200
999.450000000 5.000000000 10.620883941700
997.200000000 6.600000000 10.610627174400
1000.950000000 8.400000000 10.608691215500
997.950000000 7.400000000 10.585913658100
992.950000000 8.200000000 10.579095840500
996.950000000 6.400000000 10.574580192600
1000.450000000 8.400000000 10.562262535100
1000.700000000 6.000000000 10.558702468900
1000.450000000 6.400000000 10.550989151000
999.700000000 7.200000000 10.546473503100
997.700000000 9.600000000 10.534397125200
1001.450000000 9.200000000 10.525198936500
1006.950000000 6.200000000 10.502197265600
1000.200000000 8.400000000 10.481770515400
998.450000000 7.000000000 10.477332115200
998.700000000 6.800000000 10.467871666000
1007.700000000 7.600000000 10.460249900800
1007.200000000 9.400000000 10.456364631700
994.950000000 6.200000000 10.438286781300
1000.450000000 6.200000000 10.425007820100
999.200000000 5.600000000 10.424986839300
1007.700000000 7.800000000 10.395837783800
992.700000000 8.600000000 10.384769439700
1001.950000000 9.200000000 10.383583068800
997.700000000 6.800000000 10.377772331200
993.200000000 5.000000000 10.370919227600
1007.200000000 7.400000000 10.362365722700
1000.700000000 6.600000000 10.350760459900
995.200000000 5.000000000 10.344480514500
1000.200000000 6.800000000 10.324332237200
1000.450000000 6.600000000 10.324305534400
1006.950000000 7.600000000 10.323237419100
998.200000000 6.600000000 10.312154769900
999.200000000 7.200000000 10.309659957900
997.950000000 6.800000000 10.306035041800
995.200000000 5.400000000 10.295215606700
996.200000000 6.400000000 10.292195320100
998.950000000 6.400000000 10.290166854900
997.200000000 8.400000000 10.275401115400
993.200000000 5.600000000 10.260521888700
992.700000000 6.800000000 10.228154182400
1000.450000000 9.600000000 10.194831848100
991.950000000 9.600000000 10.181676864600
1000.700000000 6.800000000 10.168892860400
1006.700000000 6.000000000 10.151801109300
994.700000000 5.800000000 10.139949798600
997.700000000 9.000000000 10.137494087200
1000.700000000 5.800000000 10.130879402200
1000.200000000 7.000000000 10.129303932200
1000.450000000 6.000000000 10.116835594200
1000.200000000 6.600000000 10.101187706000
1001.950000000 9.600000000 10.091433525100
992.450000000 8.800000000 10.088814735400
995.200000000 5.200000000 10.088809013400
997.450000000 6.800000000 10.077816963200
1007.450000000 7.800000000 10.067507743800
998.200000000 6.800000000 10.047974586500
992.700000000 6.600000000 10.047052383400
995.200000000 6.400000000 10.044920921300
997.450000000 9.800000000 10.040508270300
1002.200000000 9.600000000 10.034656524700
996.950000000 6.600000000 10.032638549800
994.700000000 6.000000000 10.018656730700
992.950000000 7.200000000 10.013430595400
997.700000000 7.400000000 10.007284164400
992.950000000 8.400000000 9.995624542200
1000.700000000 9.600000000 9.995163917500
996.700000000 6.400000000 9.986374855000
999.200000000 6.200000000 9.961260795600
1000.950000000 9.200000000 9.944752693200
1000.950000000 6.200000000 9.942536354100
1000.950000000 8.600000000 9.942028999300
1000.450000000 9.800000000 9.934793472300
999.200000000 6.000000000 9.923798561100
997.450000000 8.600000000 9.913661956800
996.450000000 6.400000000 9.912990570100
999.200000000 5.800000000 9.896867752100
1000.950000000 9.000000000 9.892438888500
997.700000000 9.400000000 9.891962051400
997.950000000 7.000000000 9.879134178200
1000.950000000 6.000000000 9.867378234900
1000.450000000 6.800000000 9.821644783000
997.700000000 9.200000000 9.798149108900
1000.950000000 6.400000000 9.782514572100
1002.200000000 9.400000000 9.782256126400
998.200000000 7.000000000 9.777178764300
1000.200000000 8.000000000 9.772450447100
992.950000000 6.400000000 9.754402160600
999.200000000 6.400000000 9.730999946600
992.200000000 9.000000000 9.705489158600
999.700000000 5.000000000 9.704151153600
1006.950000000 6.000000000 9.691335678100
997.200000000 7.600000000 9.690731048600
1000.700000000 8.400000000 9.686129570000
992.950000000 6.200000000 9.684454917900
999.450000000 5.200000000 9.679766655000
1000.450000000 5.800000000 9.678367614700
1001.700000000 9.400000000 9.665492057800
1000.200000000 7.200000000 9.659068107600
998.450000000 7.200000000 9.653675079300
1000.700000000 7.800000000 9.646105766300
995.950000000 6.600000000 9.642230033900
997.200000000 6.800000000 9.628128051800
992.950000000 6.600000000 9.627326011700
995.700000000 6.600000000 9.620483398400
1000.950000000 5.800000000 9.602519989000
1000.700000000 5.600000000 9.601716041600
1001.700000000 9.600000000 9.594625473000
999.950000000 7.400000000 9.577371597300
1000.450000000 7.000000000 9.570469856300
998.950000000 6.600000000 9.567655563400
999.450000000 7.000000000 9.565561294600
998.950000000 7.200000000 9.560870170600
997.700000000 7.000000000 9.537573814400
997.950000000 7.200000000 9.537058830300
998.700000000 7.000000000 9.528086662300
992.700000000 8.800000000 9.518738746600
1000.200000000 8.200000000 9.514948844900
999.950000000 6.800000000 9.514865875200
1001.450000000 9.400000000 9.492790222200
997.450000000 7.400000000 9.477199554400
1000.950000000 9.400000000 9.448979377700
999.950000000 7.000000000 9.431017875700
1001.200000000 9.200000000 9.423642158500
996.700000000 6.600000000 9.422125816300
998.700000000 7.200000000 9.418053627000
998.200000000 7.200000000 9.386816978500
1000.200000000 6.400000000 9.381752967800
999.450000000 6.200000000 9.370759964000
999.200000000 6.600000000 9.339177131700
997.450000000 9.600000000 9.333344459500
1000.950000000 5.200000000 9.324604034400
1000.950000000 8.800000000 9.316662788400
1001.950000000 9.400000000 9.301068306000
992.950000000 7.000000000 9.293298721300
992.450000000 9.000000000 9.249910354600
992.950000000 6.800000000 9.241300582900
992.950000000 8.600000000 9.237567901600
999.450000000 6.000000000 9.236776351900
993.200000000 6.400000000 9.235639572100
1007.200000000 7.600000000 9.225308418300
1000.950000000 5.600000000 9.224950790400
996.200000000 6.600000000 9.220776557900
1000.200000000 7.800000000 9.219936370800
1000.450000000 8.200000000 9.212618827800
996.950000000 6.800000000 9.200513839700
1007.450000000 7.600000000 9.185412406900
992.200000000 9.200000000 9.169180870100
999.450000000 6.400000000 9.167481422400
999.200000000 7.000000000 9.163449287400
999.700000000 7.000000000 9.159000396700
999.950000000 6.600000000 9.151662826500
1000.450000000 5.600000000 9.136701583900
999.950000000 7.200000000 9.130216598500
993.200000000 6.600000000 9.123895645100
993.200000000 6.200000000 9.109584808300
1000.200000000 7.400000000 9.092295646700
994.700000000 5.600000000 9.092049598700
996.450000000 6.600000000 9.061793327300
993.200000000 5.800000000 9.061314582800
1001.450000000 9.800000000 9.050436973600
996.950000000 8.000000000 9.048608779900
994.950000000 5.000000000 9.045375824000
996.950000000 8.200000000 9.041861534100
1000.700000000 9.800000000 9.026984214800
997.700000000 7.200000000 9.006114959700
1000.700000000 5.400000000 9.005867004400
997.450000000 7.000000000 9.005686759900
1000.450000000 7.200000000 8.998906135600
999.200000000 6.800000000 8.992302894600
997.450000000 8.800000000 8.977557182300
998.950000000 7.000000000 8.926593780500
994.950000000 5.400000000 8.903310775800
998.950000000 6.800000000 8.894112587000
995.450000000 6.600000000 8.893250465400
994.700000000 6.200000000 8.860124588000
1000.950000000 5.400000000 8.829866409300
993.200000000 6.000000000 8.828173637400
996.700000000 6.800000000 8.793538093600
999.450000000 5.800000000 8.792434692400
999.700000000 5.200000000 8.782524108900
999.450000000 6.600000000 8.781455993700
997.200000000 8.600000000 8.761608123800
994.950000000 6.400000000 8.755358696000
992.700000000 9.000000000 8.755305290200
999.450000000 5.400000000 8.747529029800
999.950000000 5.000000000 8.734327316300
1001.450000000 9.600000000 8.718763351400
999.450000000 6.800000000 8.711444854700
993.200000000 6.800000000 8.707107543900
1000.950000000 9.600000000 8.703653335600
997.200000000 7.400000000 8.665054321300
997.450000000 9.200000000 8.633061409000
997.450000000 9.000000000 8.630949020400
992.450000000 9.200000000 8.626414299000
1000.200000000 7.600000000 8.605462074300
992.200000000 9.400000000 8.591688156100
993.450000000 6.400000000 8.587285995500
993.200000000 8.000000000 8.568776130700
996.950000000 7.800000000 8.559303283700
997.200000000 7.000000000 8.528127670300
993.200000000 7.800000000 8.516928672800
1000.700000000 8.000000000 8.514099121100
1000.450000000 5.400000000 8.486392021200
999.700000000 6.800000000 8.478221893300
993.450000000 6.200000000 8.468779563900
993.450000000 6.600000000 8.438283920300
996.450000000 6.800000000 8.438173294100
997.450000000 9.400000000 8.435185432400
992.950000000 8.800000000 8.423646926900
1001.200000000 9.400000000 8.400974273700
1000.700000000 5.200000000 8.400503158600
1000.700000000 8.200000000 8.399226188700
997.450000000 7.200000000 8.373980522200
996.950000000 8.400000000 8.367362022400
991.950000000 9.800000000 8.357019424400
995.950000000 6.800000000 8.345770835900
999.950000000 6.400000000 8.338990211500
999.950000000 5.200000000 8.331212997400
996.200000000 6.800000000 8.314771652200
993.200000000 8.200000000 8.305427551300
993.200000000 7.000000000 8.291190147400
1000.450000000 7.400000000 8.289064407300
993.200000000 7.600000000 8.280803680400
999.700000000 6.200000000 8.268894195600
996.950000000 7.000000000 8.262072563200
1000.200000000 6.200000000 8.260359764100
999.450000000 5.600000000 8.246150016800
1000.200000000 6.000000000 8.239852905300
994.450000000 5.800000000 8.236701011700
999.700000000 5.400000000 8.182420730600
1000.200000000 5.000000000 8.178997039800
1000.450000000 8.000000000 8.174829483000
992.700000000 9.200000000 8.164306640600
992.450000000 9.400000000 8.160488128700
993.450000000 6.000000000 8.158295631400
1000.950000000 9.800000000 8.146959304800
993.200000000 7.200000000 8.132925033600
994.950000000 5.200000000 8.126338005100
994.450000000 6.000000000 8.120731353800
999.700000000 6.000000000 8.115723609900
996.700000000 7.000000000 8.096481323200
992.200000000 9.600000000 8.080741882300
999.700000000 6.400000000 8.041991233800
995.200000000 6.600000000 8.024142265300
997.200000000 9.400000000 8.022382736200
993.450000000 6.800000000 8.016488075300
997.200000000 9.200000000 8.010025024400
995.700000000 6.800000000 7.993583202400
997.200000000 7.200000000 7.972845077500
993.200000000 7.400000000 7.970415592200
997.200000000 9.800000000 7.968831539200
999.950000000 5.400000000 7.956254482300
999.700000000 6.600000000 7.909186363200
996.950000000 7.600000000 7.908878326400
996.450000000 7.000000000 7.895211696600
993.450000000 5.800000000 7.882349014300
992.450000000 9.600000000 7.865855217000
1000.700000000 5.000000000 7.863715171800
992.200000000 9.800000000 7.863484382600
1000.200000000 5.200000000 7.849380016300
993.450000000 5.600000000 7.831135749800
994.700000000 5.000000000 7.827313900000
992.700000000 9.400000000 7.772116661100
993.450000000 7.000000000 7.771581649800
999.700000000 5.600000000 7.769110202800
993.200000000 8.400000000 7.766934871700
997.200000000 9.600000000 7.763029575300
1000.450000000 7.600000000 7.753478527100
993.450000000 5.400000000 7.746328830700
993.700000000 5.000000000 7.734496593500
1001.200000000 9.600000000 7.733306884800
1000.200000000 5.800000000 7.723629474600
999.950000000 6.200000000 7.722325325000
992.950000000 9.000000000 7.721507072400
1000.450000000 5.200000000 7.721315860700
999.950000000 6.000000000 7.705189228100
993.450000000 5.200000000 7.679715156600
1000.450000000 7.800000000 7.669104099300
992.450000000 9.800000000 7.663123130800
993.700000000 6.200000000 7.658624649000
996.200000000 7.000000000 7.653542518600
993.450000000 5.000000000 7.652571678200
1000.450000000 5.000000000 7.642206668900
999.950000000 5.600000000 7.636862278000
993.700000000 6.400000000 7.636329650900
993.700000000 5.200000000 7.615946769700
997.200000000 9.000000000 7.607696056400
993.450000000 7.200000000 7.585858345000
999.700000000 5.800000000 7.585122108500
996.950000000 9.400000000 7.573916912100
996.950000000 9.600000000 7.564209461200
1000.200000000 5.400000000 7.560790538800
992.700000000 9.600000000 7.560346603400
993.700000000 5.400000000 7.526397228200
996.950000000 9.800000000 7.505366802200
992.700000000 9.800000000 7.490467548400
1001.200000000 9.800000000 7.467979908000
993.700000000 5.600000000 7.464523792300
996.950000000 7.200000000 7.463854789700
996.700000000 8.400000000 7.461777687100
997.200000000 8.800000000 7.459200382200
996.700000000 7.200000000 7.452850818600
996.950000000 8.600000000 7.444119930300
993.700000000 6.000000000 7.433711051900
996.450000000 7.200000000 7.422615051300
993.700000000 7.000000000 7.413461208300
996.700000000 8.200000000 7.411184787800
993.700000000 5.800000000 7.409229755400
994.450000000 5.600000000 7.407162666300
999.950000000 5.800000000 7.368609428400
993.700000000 6.600000000 7.355576515200
1000.200000000 5.600000000 7.354948043800
996.950000000 7.400000000 7.352677822100
993.700000000 6.800000000 7.330390453300
993.950000000 5.000000000 7.320656299600
994.700000000 5.400000000 7.312952995300
994.700000000 6.400000000 7.306494712800
993.700000000 7.200000000 7.304769992800
995.950000000 7.000000000 7.303289413500
996.950000000 9.200000000 7.261868953700
992.950000000 9.200000000 7.254049778000
992.950000000 9.800000000 7.252020359000
996.200000000 7.200000000 7.223128795600
996.700000000 8.000000000 7.215103149400
996.700000000 8.600000000 7.204365730300
996.700000000 9.800000000 7.189855098700
996.700000000 9.600000000 7.189635276800
996.450000000 8.200000000 7.162948131600
994.450000000 6.200000000 7.161485672000
993.450000000 7.400000000 7.121590614300
996.450000000 8.400000000 7.111450672100
993.200000000 8.600000000 7.101968765300
996.450000000 7.400000000 7.090237617500
994.950000000 6.600000000 7.089401722000
996.450000000 8.000000000 7.080341815900
992.950000000 9.600000000 7.075525760700
996.700000000 9.400000000 7.067122459400
992.950000000 9.400000000 7.044047355700
995.450000000 6.800000000 7.042654991100
996.700000000 7.400000000 7.020942211200
996.700000000 7.800000000 7.016776084900
994.450000000 5.000000000 6.985119342800
996.450000000 7.800000000 6.969212532000
996.200000000 7.400000000 6.965044975300
993.950000000 7.200000000 6.957412719700
996.450000000 7.600000000 6.947912216200
993.700000000 7.400000000 6.934634685500
993.950000000 7.000000000 6.920650482200
996.700000000 7.600000000 6.906462669400
993.950000000 5.200000000 6.885529995000
993.200000000 9.800000000 6.866892337800
996.950000000 8.800000000 6.857908725700
996.200000000 7.600000000 6.813977718400
994.200000000 5.000000000 6.809216022500
996.450000000 8.600000000 6.792576313000
996.950000000 9.000000000 6.764769077300
996.200000000 7.800000000 6.712964057900
993.950000000 7.400000000 6.711025714900
993.950000000 6.800000000 6.710520744300
996.700000000 9.200000000 6.669166564900
995.950000000 7.200000000 6.629783153500
996.200000000 8.000000000 6.627409935000
993.950000000 5.400000000 6.619379520400
995.700000000 7.000000000 6.608020305600
996.700000000 8.800000000 6.566895484900
996.200000000 8.200000000 6.531448841100
994.700000000 5.200000000 6.487596511800
993.200000000 8.800000000 6.487260341600
993.950000000 5.600000000 6.471104145100
993.950000000 6.600000000 6.463613510100
993.200000000 9.600000000 6.446794033100
996.450000000 9.600000000 6.407725811000
993.450000000 7.600000000 6.383894920300
993.950000000 5.800000000 6.372119903600
996.450000000 9.400000000 6.367930889100
996.200000000 8.400000000 6.348186492900
993.950000000 6.400000000 6.288921833000
993.950000000 6.000000000 6.284480571700
993.700000000 7.600000000 6.279363155400
995.950000000 7.400000000 6.264992713900
996.700000000 9.000000000 6.249374866500
993.950000000 6.200000000 6.234436988800
996.450000000 9.800000000 6.225572109200
993.450000000 9.800000000 6.204297542600
995.200000000 6.800000000 6.202100753800
996.450000000 8.800000000 6.182338237800
994.200000000 5.800000000 6.165713787100
993.950000000 7.600000000 6.136960983300
994.200000000 7.200000000 6.117557525600
993.200000000 9.400000000 6.092738628400
993.200000000 9.000000000 6.076695919000
995.950000000 7.600000000 6.050639152500
996.450000000 9.200000000 6.040132999400
994.200000000 7.000000000 6.028238773300
996.200000000 8.600000000 5.992535114300
994.200000000 5.200000000 5.983475685100
994.450000000 5.400000000 5.964890003200
993.200000000 9.200000000 5.947628974900
994.700000000 6.600000000 5.933413505600
994.200000000 7.400000000 5.925158977500
994.200000000 6.000000000 5.922353744500
995.950000000 7.800000000 5.833742141700
994.450000000 6.400000000 5.831002712200
993.450000000 7.800000000 5.825468063400
996.450000000 9.000000000 5.757803440100
993.450000000 8.000000000 5.751262664800
994.950000000 6.800000000 5.746107578300
994.200000000 6.800000000 5.744199752800
994.450000000 5.200000000 5.729734897600
994.200000000 5.600000000 5.711214065600
993.450000000 9.600000000 5.635983943900
995.700000000 7.200000000 5.604312896700
995.950000000 8.000000000 5.547210216500
995.450000000 7.000000000 5.537008285500
994.200000000 5.400000000 5.460040569300
994.200000000 7.600000000 5.447430610700
993.450000000 8.200000000 5.425920963300
993.700000000 7.800000000 5.417346954300
994.200000000 6.600000000 5.405494213100
996.200000000 8.800000000 5.402938365900
996.200000000 9.600000000 5.389897346500
996.200000000 9.400000000 5.355611324300
993.950000000 7.800000000 5.319142818500
995.950000000 8.200000000 5.222157478300
994.200000000 6.400000000 5.133858680700
993.700000000 9.800000000 5.104773998300
994.200000000 6.200000000 5.099823951700
996.200000000 9.200000000 5.030206680300
993.450000000 9.400000000 5.001274585700
993.450000000 8.400000000 4.972959518400
995.700000000 7.400000000 4.969044685400
996.200000000 9.800000000 4.965421199800
994.700000000 6.800000000 4.964725017500
995.950000000 8.400000000 4.892094135300
996.200000000 9.000000000 4.889307975800
995.200000000 7.000000000 4.872490882900
993.450000000 9.200000000 4.830761432600
995.450000000 7.200000000 4.823397636400
994.950000000 7.000000000 4.821728706400
995.700000000 9.800000000 4.784775733900
993.450000000 9.000000000 4.782221317300
995.950000000 9.800000000 4.776554584500
994.200000000 7.800000000 4.746835708600
994.450000000 7.200000000 4.705617904700
994.450000000 6.600000000 4.678664207500
994.450000000 7.000000000 4.651350021400
995.950000000 9.600000000 4.633075237300
993.450000000 8.800000000 4.621509552000
995.700000000 7.600000000 4.563548088100
994.450000000 7.400000000 4.559123992900
993.450000000 8.600000000 4.548587322200
995.450000000 9.800000000 4.516699791000
995.950000000 8.600000000 4.514028549200
995.450000000 7.400000000 4.481030941000
993.700000000 9.600000000 4.473437786100
993.700000000 9.200000000 4.454070091200
993.700000000 8.000000000 4.451785564400
993.700000000 9.000000000 4.444783687600
994.450000000 6.800000000 4.424198627500
995.200000000 7.200000000 4.409728050200
993.950000000 8.000000000 4.376799106600
994.700000000 7.000000000 4.344790935500
993.700000000 8.800000000 4.331410884900
993.700000000 9.400000000 4.323122978200
995.950000000 9.400000000 4.268023014100
995.700000000 7.800000000 4.233423709900
994.450000000 7.600000000 4.225448131600
994.950000000 7.200000000 4.194911003100
995.200000000 7.400000000 4.180003643000
993.700000000 8.600000000 4.153022766100
993.950000000 9.000000000 4.116160869600
995.450000000 7.600000000 4.108688831300
995.700000000 9.600000000 4.108028888700
993.950000000 9.200000000 4.095502853400
993.950000000 9.800000000 4.052951335900
993.950000000 8.800000000 4.039119243600
995.950000000 8.800000000 4.037384986900
993.700000000 8.400000000 3.966109991100
994.700000000 7.200000000 3.944858789400
993.950000000 9.400000000 3.939277172100
995.200000000 9.800000000 3.929189443600
994.200000000 8.000000000 3.926872968700
995.200000000 7.600000000 3.890019416800
995.700000000 8.000000000 3.859231948900
993.950000000 8.600000000 3.857251644100
993.700000000 8.200000000 3.812846422200
994.200000000 9.800000000 3.775838613500
995.950000000 9.200000000 3.772939682000
994.450000000 7.800000000 3.743553638500
993.950000000 9.600000000 3.732637643800
994.950000000 7.400000000 3.722422838200
995.450000000 7.800000000 3.704911947300
994.200000000 9.000000000 3.686785459500
994.200000000 8.800000000 3.670365810400
994.450000000 9.800000000 3.643292665500
993.950000000 8.400000000 3.641682148000
994.700000000 7.400000000 3.626536130900
994.200000000 9.200000000 3.623529195800
995.950000000 9.000000000 3.581824541100
994.700000000 9.800000000 3.573823690400
995.200000000 7.800000000 3.545804262200
994.200000000 8.600000000 3.539206504800
995.450000000 9.600000000 3.496599674200
994.200000000 9.400000000 3.451692581200
995.700000000 8.200000000 3.450696468400
993.950000000 8.200000000 3.438284397100
995.700000000 9.400000000 3.373591899900
994.950000000 9.800000000 3.339599609400
994.200000000 8.400000000 3.338302373900
994.950000000 7.600000000 3.332571029700
994.200000000 9.600000000 3.320855379100
995.450000000 8.000000000 3.291366100300
994.700000000 7.600000000 3.288483142900
994.450000000 8.000000000 3.167155742600
994.450000000 9.600000000 3.160645008100
995.200000000 8.000000000 3.158045053500
994.200000000 8.200000000 3.123405695000
994.950000000 7.800000000 3.106129169500
995.700000000 8.400000000 3.051034450500
994.700000000 9.600000000 3.046143293400
994.450000000 8.600000000 3.029309034300
994.450000000 8.800000000 3.029201269100
994.450000000 9.000000000 2.963554143900
994.450000000 8.400000000 2.959147453300
995.450000000 8.200000000 2.914190769200
994.700000000 7.800000000 2.893161535300
994.450000000 9.400000000 2.881686925900
994.950000000 9.600000000 2.863335132600
994.450000000 9.200000000 2.853434801100
994.450000000 8.200000000 2.839561700800
994.950000000 8.000000000 2.819968223600
995.200000000 9.600000000 2.785977125200
995.200000000 8.200000000 2.758656501800
995.700000000 9.200000000 2.757551670100
995.700000000 8.600000000 2.755337476700
994.700000000 9.400000000 2.733706235900
995.700000000 9.000000000 2.712055921600
995.700000000 8.800000000 2.702222108800
995.450000000 8.400000000 2.655483245800
994.700000000 9.200000000 2.593472003900
995.450000000 9.400000000 2.577268600500
994.950000000 8.200000000 2.508456468600
994.700000000 9.000000000 2.498343706100
994.700000000 8.200000000 2.480603694900
994.950000000 9.400000000 2.477725982700
994.700000000 8.000000000 2.475438833200
994.700000000 8.400000000 2.435725212100
995.200000000 8.400000000 2.396108627300
995.450000000 8.600000000 2.380583524700
994.700000000 8.800000000 2.363317251200
994.700000000 8.600000000 2.354626178700
994.950000000 9.200000000 2.235930204400
994.950000000 8.400000000 2.199537754100
995.450000000 8.800000000 2.177812099500
995.200000000 9.400000000 2.131811857200
995.450000000 9.000000000 2.118411302600
995.200000000 8.600000000 2.093787431700
994.950000000 9.000000000 2.082831621200
995.450000000 9.200000000 2.063903331800
994.950000000 8.800000000 1.945430994000
994.950000000 8.600000000 1.931811213500
995.200000000 8.800000000 1.895846605300
995.200000000 9.200000000 1.820815920800
995.200000000 9.000000000 1.815297246000
