988.180000000 7.400000000 59.256351470900
988.180000000 7.200000000 58.848587036100
987.930000000 7.400000000 57.657890319800
988.430000000 7.200000000 57.515022277800
982.680000000 7.600000000 57.110122680700
982.930000000 7.600000000 56.627590179400
987.930000000 7.200000000 56.575134277300
988.430000000 7.400000000 56.430015564000
984.180000000 7.600000000 55.835460662800
984.430000000 7.600000000 54.528633117700
987.680000000 7.400000000 54.092987060500
983.930000000 7.600000000 54.034713745100
984.180000000 7.400000000 53.789958953900
983.180000000 7.600000000 53.716289520300
987.680000000 7.200000000 53.710910797100
984.430000000 7.400000000 53.463428497300
982.430000000 7.600000000 53.440586090100
982.930000000 7.400000000 53.104591369600
987.430000000 7.400000000 52.598148345900
982.680000000 7.400000000 52.490306854200
983.680000000 7.600000000 52.172538757300
988.180000000 7.600000000 52.060371398900
987.430000000 7.200000000 51.932769775400
983.430000000 7.600000000 51.916591644300
988.180000000 7.000000000 51.624862670900
988.430000000 7.000000000 51.575260162400
987.180000000 7.400000000 51.415607452400
987.930000000 7.600000000 51.273632049600
988.680000000 7.200000000 51.247520446800
983.180000000 7.400000000 51.139343261700
983.930000000 7.400000000 51.044616699200
982.680000000 7.800000000 50.236835479700
987.180000000 7.200000000 50.195667266800
988.680000000 7.400000000 50.138923645000
987.680000000 7.600000000 50.022693634000
983.680000000 7.400000000 49.599277496300
983.430000000 7.400000000 49.574645996100
988.430000000 7.600000000 49.498065948500
987.930000000 7.000000000 49.434608459500
982.930000000 7.800000000 49.286655426000
987.430000000 7.600000000 48.784049987800
986.930000000 7.400000000 48.343902587900
984.680000000 7.600000000 48.309642791700
982.430000000 7.800000000 48.236011505100
982.430000000 7.400000000 48.022441864000
984.680000000 7.400000000 47.909458160400
987.180000000 7.600000000 47.650024414100
987.680000000 7.000000000 47.595981597900
982.180000000 7.600000000 46.997066497800
988.680000000 7.000000000 46.737670898400
986.930000000 7.200000000 46.733135223400
983.180000000 7.800000000 46.627872467000
984.180000000 7.800000000 46.602348327600
983.930000000 7.800000000 46.548305511500
987.430000000 7.000000000 46.489723205600
983.680000000 7.800000000 45.633804321300
986.930000000 7.600000000 45.409568786600
983.430000000 7.800000000 45.246025085400
979.180000000 7.600000000 44.956100463900
987.180000000 7.000000000 44.887165069600
978.930000000 7.600000000 44.754318237300
984.430000000 7.800000000 44.511096954300
988.680000000 7.600000000 44.326606750500
987.680000000 7.800000000 44.074703216600
987.930000000 7.800000000 44.001411438000
987.430000000 7.800000000 43.370487213100
979.430000000 7.600000000 43.361652374300
986.680000000 7.400000000 43.143711090100
982.180000000 7.800000000 42.697906494100
988.180000000 7.800000000 42.343273162800
987.180000000 7.800000000 42.300849914600
978.930000000 7.400000000 42.191501617400
988.430000000 6.800000000 42.096164703400
980.430000000 7.600000000 42.061943054200
986.930000000 7.000000000 41.997051239000
988.180000000 6.800000000 41.985805511500
979.680000000 7.600000000 41.895736694300
980.180000000 7.600000000 41.824314117400
986.680000000 7.200000000 41.569377899200
984.180000000 7.200000000 41.520137786900
982.930000000 7.200000000 41.496681213400
979.180000000 7.400000000 41.490386962900
987.930000000 6.800000000 41.452678680400
982.180000000 7.400000000 41.370067596400
979.930000000 7.600000000 41.359954834000
984.430000000 7.200000000 41.180805206300
986.680000000 7.600000000 40.989303588900
982.680000000 7.200000000 40.952297210700
987.680000000 6.800000000 40.822505950900
983.180000000 7.200000000 40.535076141400
978.680000000 7.600000000 40.313201904300
983.930000000 7.200000000 40.279968261700
986.930000000 7.800000000 40.214336395300
980.680000000 7.600000000 40.018493652300
988.680000000 6.800000000 39.913757324200
979.180000000 7.800000000 39.726619720500
984.930000000 7.600000000 39.602069854700
981.930000000 7.600000000 39.580535888700
983.430000000 7.200000000 39.573867797900
978.930000000 7.800000000 39.538272857700
987.430000000 6.800000000 39.515972137500
983.680000000 7.200000000 39.444171905500
984.680000000 7.800000000 39.317146301300
979.430000000 7.400000000 39.187202453600
984.930000000 7.400000000 39.021068573000
988.430000000 7.800000000 38.994251251200
982.430000000 7.200000000 38.939109802200
978.680000000 7.400000000 38.839836120600
982.680000000 8.000000000 38.418945312500
982.930000000 8.000000000 38.266632080100
979.430000000 7.800000000 37.823066711400
987.180000000 6.800000000 37.811725616500
986.680000000 7.000000000 37.751182556200
987.430000000 8.000000000 37.581890106200
984.680000000 7.200000000 37.539188385000
987.680000000 8.000000000 37.466896057100
979.680000000 7.400000000 37.165981292700
983.180000000 8.000000000 36.831310272200
980.180000000 7.800000000 36.750041961700
980.430000000 7.400000000 36.553409576400
979.680000000 7.800000000 36.526966095000
979.930000000 7.800000000 36.448780059800
986.430000000 7.400000000 36.447200775100
980.430000000 7.800000000 36.375289917000
980.180000000 7.400000000 36.361278533900
982.430000000 8.000000000 36.350845336900
979.930000000 7.400000000 36.200447082500
986.680000000 7.800000000 36.181648254400
978.930000000 7.200000000 35.834877014200
983.430000000 8.000000000 35.821060180700
986.930000000 6.800000000 35.770721435500
983.680000000 8.000000000 35.702331543000
980.930000000 7.600000000 35.688671112100
983.930000000 8.000000000 35.564571380600
987.930000000 8.000000000 35.536323547400
981.930000000 7.800000000 35.528175354000
986.430000000 7.200000000 35.514804840100
987.180000000 8.000000000 35.448791503900
988.680000000 7.800000000 35.152549743700
982.180000000 7.200000000 35.145210266100
978.680000000 7.800000000 34.877124786400
980.680000000 7.400000000 34.829303741500
978.680000000 7.200000000 34.744228363000
980.680000000 7.800000000 34.534343719500
987.680000000 6.600000000 34.509616851800
986.430000000 7.600000000 34.434383392300
984.180000000 8.000000000 34.359737396200
981.930000000 7.400000000 34.257736206100
987.930000000 6.600000000 34.188713073700
979.180000000 7.200000000 34.025402069100
987.430000000 6.600000000 33.502357482900
988.180000000 8.000000000 33.224750518800
988.180000000 6.600000000 33.149448394800
984.930000000 7.800000000 33.137630462600
981.680000000 7.600000000 33.009021759000
982.180000000 8.000000000 32.894718170200
988.430000000 6.600000000 32.237884521500
986.680000000 6.800000000 32.027832031200
986.930000000 8.000000000 31.953969955400
984.430000000 8.000000000 31.762037277200
986.430000000 7.000000000 31.757469177200
987.180000000 6.600000000 31.638120651200
981.180000000 7.600000000 31.407869339000
979.430000000 7.200000000 31.317581176800
980.930000000 7.800000000 31.285068512000
984.930000000 7.200000000 31.264724731400
978.430000000 7.400000000 31.135837554900
978.430000000 7.600000000 30.962215423600
988.680000000 6.600000000 30.895809173600
979.180000000 8.000000000 30.689004898100
980.930000000 7.400000000 30.681156158400
988.430000000 8.000000000 30.387983322100
985.180000000 7.600000000 30.333084106400
978.430000000 7.200000000 30.205499649000
986.430000000 7.800000000 30.067565918000
978.930000000 8.000000000 29.929199218800
981.430000000 7.600000000 29.922727584800
987.680000000 8.200000000 29.556289672900
985.180000000 7.400000000 29.539989471400
981.930000000 7.200000000 29.539319992100
987.680000000 6.400000000 29.529247283900
979.430000000 8.000000000 29.471206665000
981.680000000 7.800000000 29.406103134200
984.180000000 7.000000000 29.354276657100
979.680000000 7.200000000 29.220186233500
987.930000000 6.400000000 29.145303726200
986.180000000 7.400000000 29.117034912100
986.930000000 6.600000000 29.050136566200
981.930000000 8.000000000 29.023820877100
982.930000000 7.000000000 28.963949203500
983.930000000 7.000000000 28.900411605800
983.180000000 7.000000000 28.886291503900
987.930000000 8.200000000 28.832073211700
984.430000000 7.000000000 28.654310226400
987.430000000 6.400000000 28.618568420400
986.180000000 7.200000000 28.614900589000
982.680000000 7.000000000 28.534543991100
987.430000000 8.200000000 28.531515121500
983.430000000 7.000000000 28.410274505600
986.680000000 8.000000000 28.409217834500
988.180000000 6.400000000 28.341821670500
983.680000000 7.000000000 28.266075134300
979.930000000 7.200000000 28.242395401000
980.180000000 7.200000000 28.231464386000
980.430000000 7.200000000 28.138339996300
968.930000000 5.200000000 28.098758697500
981.680000000 7.400000000 28.083806991600
979.680000000 8.000000000 28.029638290400
983.430000000 8.200000000 28.014598846400
983.180000000 8.200000000 27.976234436000
981.180000000 7.800000000 27.936723709100
983.680000000 8.200000000 27.799554824800
982.930000000 8.200000000 27.754249572800
984.680000000 8.000000000 27.671514511100
978.680000000 7.000000000 27.535316467300
982.430000000 7.000000000 27.289707183800
979.930000000 8.000000000 27.256467819200
986.180000000 7.600000000 27.215656280500
982.680000000 8.200000000 27.144870758100
978.930000000 7.000000000 27.126491546600
980.180000000 8.000000000 27.008399963400
983.930000000 8.200000000 27.003629684400
988.430000000 6.400000000 26.889961242700
988.180000000 8.200000000 26.777301788300
988.680000000 8.000000000 26.761754989600
980.430000000 8.000000000 26.734603881800
981.430000000 7.800000000 26.722175598100
987.180000000 6.400000000 26.459774017300
985.180000000 7.800000000 26.456535339400
987.180000000 8.200000000 26.419273376500
981.180000000 7.400000000 26.369684219400
978.430000000 7.800000000 26.366210937500
980.680000000 7.200000000 26.246484756500
978.680000000 8.000000000 26.178625106800
982.430000000 8.200000000 26.048070907600
984.680000000 7.000000000 25.958589553800
980.680000000 8.000000000 25.809558868400
986.430000000 6.800000000 25.742443084700
979.180000000 7.000000000 25.575923919700
978.430000000 7.000000000 25.568935394300
981.680000000 8.000000000 25.299615860000
969.180000000 5.200000000 25.242546081500
984.180000000 8.200000000 25.226165771500
987.930000000 6.200000000 25.211616516100
986.680000000 6.600000000 25.025175094600
981.430000000 7.400000000 25.010015487700
987.680000000 6.200000000 24.994886398300
968.930000000 5.400000000 24.941005706800
982.180000000 7.000000000 24.867980957000
988.180000000 6.200000000 24.703037262000
982.180000000 8.200000000 24.565826416000
988.430000000 8.200000000 24.428443908700
986.180000000 7.000000000 24.203168869000
988.680000000 6.400000000 24.188123703000
986.930000000 8.200000000 24.174585342400
980.930000000 8.000000000 24.098361969000
984.930000000 8.000000000 24.045715332000
985.180000000 7.200000000 23.927576065100
986.430000000 8.000000000 23.873556137100
987.430000000 6.200000000 23.756904602100
979.430000000 7.000000000 23.735071182300
986.180000000 7.800000000 23.334985733000
986.930000000 6.400000000 23.239629745500
987.930000000 8.400000000 23.098514556900
979.180000000 8.200000000 23.082017898600
978.180000000 7.200000000 23.072877883900
988.430000000 6.200000000 23.030099868800
981.680000000 7.200000000 22.955253601100
985.930000000 7.400000000 22.648328781100
969.180000000 5.400000000 22.635412216200
968.930000000 5.600000000 22.611476898200
979.430000000 8.200000000 22.608396530200
981.930000000 8.200000000 22.604583740200
987.680000000 8.400000000 22.598186492900
981.180000000 8.000000000 22.513923645000
981.430000000 8.000000000 22.505489349400
978.930000000 8.200000000 22.499496460000
969.430000000 5.200000000 22.459154129000
984.430000000 8.200000000 22.385715484600
979.680000000 7.000000000 22.233005523700
980.930000000 7.200000000 22.141183853100
985.430000000 7.400000000 21.999711990400
988.180000000 8.400000000 21.916511535600
985.430000000 7.600000000 21.762077331500
979.680000000 8.200000000 21.708496093800
986.680000000 8.200000000 21.563201904300
979.930000000 7.000000000 21.533025741600
985.930000000 7.200000000 21.527019500700
987.180000000 6.200000000 21.473855972300
980.180000000 7.000000000 21.470367431600
988.680000000 8.200000000 21.394506454500
988.180000000 6.000000000 21.376306533800
987.930000000 6.000000000 21.320676803600
978.180000000 7.400000000 21.218364715600
969.180000000 5.600000000 21.168787002600
987.430000000 8.400000000 21.124448776200
985.930000000 7.600000000 21.024391174300
984.930000000 7.000000000 20.985826492300
980.430000000 7.000000000 20.957489013700
978.180000000 7.000000000 20.764692306500
981.930000000 7.000000000 20.760961532600
983.680000000 8.400000000 20.639101028400
983.930000000 6.800000000 20.625505447400
984.180000000 6.800000000 20.617650985700
979.930000000 8.200000000 20.613836288500
983.430000000 8.400000000 20.455366134600
987.680000000 6.000000000 20.385520935100
969.430000000 5.400000000 20.346157074000
978.680000000 8.200000000 20.327714920000
985.180000000 8.000000000 20.280055999800
983.680000000 6.800000000 20.231275558500
988.680000000 6.200000000 20.229358673100
981.680000000 8.200000000 20.175621032700
968.930000000 5.800000000 20.128028869600
978.430000000 8.000000000 20.127960205100
983.930000000 8.400000000 20.038661956800
983.180000000 8.400000000 19.979122161900
985.430000000 7.800000000 19.906131744400
983.430000000 6.800000000 19.830490112300
986.430000000 6.600000000 19.815120697000
983.180000000 6.800000000 19.731214523300
982.930000000 6.800000000 19.727872848500
988.430000000 6.000000000 19.670576095600
988.430000000 8.400000000 19.657222747800
987.180000000 8.400000000 19.548789978000
973.680000000 5.200000000 19.542751312300
985.680000000 7.400000000 19.447729110700
982.930000000 8.400000000 19.431600570700
986.680000000 6.400000000 19.426944732700
973.430000000 5.200000000 19.406036377000
980.180000000 8.200000000 19.375587463400
982.680000000 6.800000000 19.339645385700
978.180000000 7.600000000 19.251358032200
969.430000000 5.600000000 19.194963455200
969.180000000 5.800000000 19.177106857300
986.180000000 8.000000000 19.161827087400
969.680000000 5.200000000 19.158479690600
984.430000000 6.800000000 19.013534545900
984.680000000 8.200000000 18.950700759900
978.680000000 6.800000000 18.896001815800
980.430000000 8.200000000 18.856254577600
986.430000000 8.200000000 18.796993255600
973.930000000 5.200000000 18.757396698000
980.680000000 7.000000000 18.745885849000
982.680000000 8.400000000 18.725593566900
987.430000000 6.000000000 18.719238281200
973.180000000 5.200000000 18.713882446300
986.180000000 6.800000000 18.676151275600
978.930000000 6.800000000 18.627538681000
986.930000000 6.200000000 18.515068054200
978.430000000 6.800000000 18.424058914200
985.930000000 7.800000000 18.384136200000
982.430000000 6.800000000 18.360900878900
984.180000000 8.400000000 18.341741561900
979.180000000 6.800000000 18.225763320900
985.430000000 7.200000000 18.153184890700
980.680000000 8.200000000 18.137125015300
981.430000000 8.200000000 18.061788559000
981.180000000 7.200000000 18.009826660200
981.430000000 7.200000000 17.901706695600
982.430000000 8.400000000 17.873970031700
979.430000000 8.400000000 17.845361709600
986.930000000 8.400000000 17.836347580000
988.180000000 5.800000000 17.706836700400
972.930000000 5.200000000 17.672853469800
973.930000000 5.400000000 17.657798767100
979.430000000 6.800000000 17.639629364000
969.680000000 5.400000000 17.617990493800
985.680000000 7.600000000 17.541135788000
969.430000000 5.800000000 17.528797149700
980.930000000 8.200000000 17.392005920400
973.680000000 5.400000000 17.351068496700
987.930000000 8.600000000 17.344087600700
979.180000000 8.400000000 17.282693862900
987.930000000 5.800000000 17.261116027800
981.180000000 8.200000000 17.233396530200
985.680000000 7.200000000 17.126873016400
988.680000000 8.400000000 17.122491836500
979.680000000 8.400000000 17.049682617200
988.180000000 8.600000000 17.024795532200
982.180000000 8.400000000 16.974157333400
985.930000000 7.000000000 16.964271545400
981.680000000 7.000000000 16.920158386200
968.930000000 6.000000000 16.912366867100
974.180000000 5.200000000 16.890878677400
979.680000000 6.800000000 16.849458694500
984.930000000 8.200000000 16.763772964500
988.680000000 6.000000000 16.737047195400
987.180000000 6.000000000 16.698598861700
969.680000000 5.600000000 16.667945861800
978.430000000 8.200000000 16.627737045300
978.180000000 7.800000000 16.604118347200
982.180000000 6.800000000 16.599651336700
973.430000000 5.400000000 16.560939788800
978.930000000 8.400000000 16.504976272600
984.680000000 6.800000000 16.455633163500
972.680000000 5.200000000 16.416442871100
987.680000000 8.600000000 16.392780304000
974.180000000 5.400000000 16.391780853300
988.430000000 5.800000000 16.378978729200
985.430000000 8.000000000 16.316680908200
978.180000000 6.800000000 16.272563934300
985.680000000 7.800000000 16.212503433200
977.930000000 7.600000000 16.186874389600
986.430000000 6.400000000 16.136835098300
969.180000000 6.000000000 16.135997772200
969.930000000 5.200000000 16.123071670500
979.930000000 6.800000000 16.090105056800
986.680000000 8.400000000 16.043125152600
985.180000000 7.000000000 15.884714126600
981.930000000 8.400000000 15.874883651700
984.430000000 8.400000000 15.851352691700
973.180000000 5.400000000 15.837830543500
987.680000000 5.800000000 15.781823158300
979.430000000 8.600000000 15.753215789800
986.180000000 8.200000000 15.711064338700
988.430000000 8.600000000 15.677014350900
986.680000000 6.200000000 15.672031402600
979.180000000 8.600000000 15.642361640900
979.930000000 8.400000000 15.638815879800
969.680000000 5.800000000 15.482980728100
986.180000000 6.600000000 15.434033393900
985.930000000 8.000000000 15.383614540100
980.180000000 6.800000000 15.237103462200
980.930000000 7.000000000 15.232086181600
973.930000000 5.600000000 15.172706604000
987.430000000 8.600000000 15.147199630700
969.430000000 6.000000000 15.139373779300
977.930000000 7.800000000 15.133749008200
978.680000000 8.400000000 14.977215766900
972.930000000 5.400000000 14.901816368100
977.930000000 7.400000000 14.860453605700
981.680000000 8.400000000 14.844305038500
983.930000000 6.600000000 14.832208633400
972.430000000 5.200000000 14.820959091200
983.680000000 6.600000000 14.801521301300
973.680000000 5.600000000 14.751138687100
977.930000000 7.200000000 14.717386245700
977.930000000 7.000000000 14.647799491900
986.930000000 6.000000000 14.631248474100
985.180000000 8.200000000 14.622857093800
970.180000000 5.200000000 14.619021415700
978.180000000 8.000000000 14.559765815700
983.680000000 8.600000000 14.547898292500
979.680000000 8.600000000 14.532964706400
983.430000000 6.600000000 14.519530296300
974.430000000 5.200000000 14.503512382500
974.180000000 5.600000000 14.442923545800
983.180000000 6.600000000 14.327495575000
969.930000000 5.400000000 14.319075584400
983.430000000 8.600000000 14.244550705000
980.180000000 8.400000000 14.218979835500
983.930000000 8.600000000 14.172623634300
982.930000000 6.600000000 14.157121658300
980.430000000 6.800000000 14.147568702700
969.680000000 6.000000000 14.123960495000
987.430000000 5.800000000 14.123303413400
984.180000000 6.600000000 14.110841751100
981.930000000 6.800000000 14.039134979200
986.430000000 8.400000000 14.033475875900
987.180000000 8.600000000 13.997745513900
978.930000000 8.600000000 13.920996666000
973.430000000 5.600000000 13.900382995600
972.680000000 5.400000000 13.842371940600
969.930000000 5.600000000 13.821953773500
985.680000000 8.000000000 13.820025444000
979.180000000 8.800000000 13.780011177100
982.680000000 6.600000000 13.759964942900
968.930000000 6.200000000 13.742061615000
974.430000000 5.400000000 13.710303306600
988.680000000 8.600000000 13.689443588300
977.680000000 7.600000000 13.680470466600
988.680000000 5.800000000 13.628379821800
981.430000000 8.400000000 13.623029708900
983.180000000 8.600000000 13.581167221100
988.180000000 5.600000000 13.573609352100
984.930000000 6.800000000 13.536890983600
969.180000000 6.200000000 13.388830184900
986.430000000 6.200000000 13.376242637600
985.930000000 6.800000000 13.335188865700
984.680000000 8.400000000 13.307504653900
985.680000000 7.000000000 13.224136352500
969.930000000 5.800000000 13.201493263200
979.430000000 8.800000000 13.185001373300
974.680000000 5.200000000 13.160283088700
986.180000000 6.400000000 13.159858703600
984.180000000 8.600000000 13.090840339700
972.180000000 5.200000000 13.051985740700
985.930000000 8.200000000 13.044952392600
977.930000000 8.000000000 12.990045547500
981.430000000 7.000000000 12.989673614500
973.180000000 5.600000000 12.981241226200
981.180000000 7.000000000 12.972124099700
980.430000000 8.400000000 12.946473121600
987.930000000 5.600000000 12.937642097500
982.430000000 6.600000000 12.930521011400
982.930000000 8.600000000 12.895174026500
970.430000000 5.200000000 12.851242065400
986.930000000 8.600000000 12.839215278600
977.680000000 7.400000000 12.831274986300
978.930000000 8.800000000 12.827712059000
986.680000000 6.000000000 12.808816909800
969.430000000 6.200000000 12.753286361700
978.680000000 6.600000000 12.735505104100
988.430000000 5.600000000 12.724745750400
987.180000000 5.800000000 12.711257934600
977.680000000 7.800000000 12.700394630400
979.930000000 8.600000000 12.640592575100
985.430000000 8.200000000 12.640074729900
978.430000000 8.400000000 12.627884864800
984.430000000 6.600000000 12.625082016000
978.180000000 8.200000000 12.598220825200
970.180000000 5.400000000 12.578621864300
978.430000000 6.600000000 12.546920776400
978.930000000 6.600000000 12.511691093400
972.430000000 5.400000000 12.484170913700
977.930000000 6.800000000 12.480530738800
981.180000000 8.400000000 12.428847312900
973.930000000 5.800000000 12.364047050500
985.430000000 7.000000000 12.359578132600
969.930000000 6.000000000 12.335698127700
982.680000000 8.600000000 12.295188903800
979.180000000 6.600000000 12.288327217100
988.180000000 8.800000000 12.234299659700
969.680000000 6.200000000 12.091244697600
987.930000000 8.800000000 12.089753150900
979.430000000 6.600000000 12.048327446000
980.680000000 8.400000000 12.038061142000
980.680000000 6.800000000 12.024081230200
972.930000000 5.600000000 12.008682251000
974.430000000 5.600000000 12.005721092200
986.180000000 8.400000000 11.965231895400
974.930000000 5.200000000 11.893214225800
973.680000000 5.800000000 11.892137527500
982.180000000 6.600000000 11.873550415000
980.930000000 8.400000000 11.822823524500
979.680000000 6.600000000 11.797210693400
982.430000000 8.600000000 11.741731643700
979.680000000 8.800000000 11.638449668900
974.180000000 5.800000000 11.623554229700
987.680000000 5.600000000 11.597679138200
986.680000000 8.600000000 11.591523170500
985.680000000 8.200000000 11.569022178600
988.430000000 8.800000000 11.548682212800
984.430000000 8.600000000 11.502089500400
981.680000000 6.800000000 11.498208999600
979.930000000 6.600000000 11.484210968000
978.680000000 8.600000000 11.474019050600
986.180000000 6.200000000 11.469001770000
986.930000000 5.800000000 11.449885368300
974.680000000 5.400000000 11.433211326600
983.180000000 6.400000000 11.403828620900
985.930000000 6.600000000 11.368163108800
984.930000000 8.400000000 11.353915214500
986.430000000 6.000000000 11.337881088300
977.680000000 7.200000000 11.323750495900
978.180000000 6.600000000 11.308274269100
971.930000000 5.200000000 11.293752670300
977.430000000 7.600000000 11.284235000600
987.680000000 8.800000000 11.273438453700
982.930000000 6.400000000 11.228037834200
982.180000000 8.600000000 11.210982322700
983.430000000 6.400000000 11.205943107600
972.180000000 5.400000000 11.164194107100
970.680000000 5.200000000 11.141235351600
968.930000000 6.400000000 11.071748733500
985.680000000 6.800000000 11.016304969800
972.680000000 5.600000000 10.995697975200
988.680000000 5.600000000 10.960001945500
973.430000000 5.800000000 10.947208404500
969.180000000 6.400000000 10.905228614800
985.180000000 6.800000000 10.902592659000
983.680000000 6.400000000 10.842076301600
970.430000000 5.400000000 10.811817169200
984.680000000 6.600000000 10.803135871900
977.680000000 8.000000000 10.783447265600
977.430000000 7.800000000 10.743607521100
981.930000000 8.600000000 10.742518425000
980.180000000 6.600000000 10.733518600500
969.930000000 6.200000000 10.700060844400
980.180000000 8.600000000 10.694474220300
977.430000000 7.400000000 10.669895172100
982.680000000 6.400000000 10.607287406900
970.180000000 5.600000000 10.592205047600
969.430000000 6.400000000 10.545108795200
977.930000000 8.200000000 10.534747123700
981.930000000 6.600000000 10.533332824700
978.180000000 8.400000000 10.533089637800
975.180000000 5.200000000 10.475199699400
985.930000000 6.400000000 10.460406303400
974.930000000 5.400000000 10.459025383000
987.430000000 5.600000000 10.455827713000
978.680000000 8.800000000 10.394143104600
977.930000000 6.600000000 10.373832702600
983.930000000 6.400000000 10.362756729100
983.680000000 8.800000000 10.339088439900
971.930000000 5.400000000 10.331967353800
986.680000000 5.800000000 10.307196617100
981.680000000 8.600000000 10.299077034000
970.180000000 6.000000000 10.267952919000
970.180000000 5.800000000 10.210791587800
987.430000000 8.800000000 10.210556983900
988.680000000 8.800000000 10.200618743900
983.930000000 8.800000000 10.165030479400
978.430000000 8.600000000 10.138287544300
985.430000000 6.800000000 10.126375198400
983.430000000 8.800000000 10.104119300800
972.430000000 5.600000000 10.102770805400
986.430000000 8.600000000 10.102414131200
985.930000000 8.400000000 10.087087631200
973.180000000 5.800000000 10.013698577900
982.430000000 6.400000000 10.002664566000
969.680000000 6.400000000 9.978853225700
985.180000000 8.400000000 9.970776557900
986.180000000 6.000000000 9.942699432400
980.930000000 6.800000000 9.909512519800
971.680000000 5.200000000 9.846333503700
978.180000000 8.600000000 9.836657524100
977.430000000 7.200000000 9.829016685500
981.430000000 6.800000000 9.798012733500
984.180000000 6.400000000 9.796346664400
978.180000000 6.400000000 9.778624534600
977.930000000 6.400000000 9.768580436700
971.680000000 5.400000000 9.759764671300
974.430000000 5.800000000 9.749800682100
979.930000000 8.800000000 9.736155509900
977.680000000 7.000000000 9.730648994400
988.180000000 5.400000000 9.708241462700
984.680000000 8.600000000 9.682004928600
972.180000000 5.600000000 9.672491073600
981.430000000 8.600000000 9.669631958000
978.180000000 8.800000000 9.662634849500
984.180000000 8.800000000 9.644807815600
971.930000000 5.600000000 9.631227493300
983.180000000 8.800000000 9.575728416400
988.430000000 5.400000000 9.554047584500
971.680000000 5.600000000 9.539179801900
985.930000000 6.200000000 9.525895118700
987.180000000 5.600000000 9.518165588400
978.430000000 6.400000000 9.515884399400
987.180000000 8.800000000 9.456600189200
970.180000000 6.200000000 9.400771141100
980.430000000 6.600000000 9.390181541400
973.930000000 6.000000000 9.343864440900
986.430000000 5.800000000 9.300383567800
987.930000000 5.400000000 9.299723625200
971.430000000 5.600000000 9.294319152800
977.680000000 6.600000000 9.244738578800
974.680000000 5.600000000 9.239793777500
975.180000000 5.400000000 9.225412368800
977.930000000 8.800000000 9.207071304300
972.930000000 5.800000000 9.182610511800
981.180000000 6.800000000 9.177946090700
977.680000000 6.800000000 9.169062614400
977.930000000 8.600000000 9.165517807000
980.430000000 8.600000000 9.164361953700
969.930000000 6.400000000 9.145579338100
984.930000000 6.600000000 9.112359046900
970.430000000 5.800000000 9.102822303800
983.180000000 6.200000000 9.089931488000
970.430000000 6.000000000 9.086987495400
971.430000000 5.400000000 9.077493667600
978.680000000 6.400000000 9.074340820300
979.180000000 9.000000000 9.074035644500
982.180000000 6.400000000 9.047235488900
982.930000000 8.800000000 9.023769378700
978.430000000 8.800000000 9.022265434300
975.430000000 5.200000000 9.008915901200
985.680000000 8.400000000 8.999527931200
981.680000000 6.600000000 8.985842704800
973.680000000 6.000000000 8.975827217100
977.680000000 8.200000000 8.975406646700
984.430000000 6.400000000 8.970952034000
977.680000000 6.400000000 8.960052490200
985.430000000 8.400000000 8.951487541200
985.680000000 6.600000000 8.919085502600
977.180000000 7.600000000 8.906547546400
974.180000000 6.000000000 8.881814956700
977.430000000 8.000000000 8.878967285200
982.680000000 6.200000000 8.857619285600
978.930000000 9.000000000 8.851050376900
981.180000000 8.600000000 8.841390609700
983.430000000 6.200000000 8.825252533000
982.930000000 6.200000000 8.811521530200
970.930000000 5.200000000 8.789067268400
986.930000000 5.600000000 8.775328636200
978.930000000 6.400000000 8.763296127300
971.430000000 5.200000000 8.757279396100
984.430000000 8.800000000 8.749809265100
971.180000000 5.600000000 8.748503685000
972.680000000 5.800000000 8.676136970500
970.430000000 5.600000000 8.673920631400
970.680000000 5.800000000 8.652164459200
970.680000000 5.400000000 8.648764610300
988.680000000 5.400000000 8.648328781100
986.180000000 8.600000000 8.643580436700
977.180000000 7.400000000 8.582155227700
986.930000000 8.800000000 8.576325416600
977.930000000 8.400000000 8.572640419000
977.180000000 7.800000000 8.571799278300
982.680000000 8.800000000 8.548061370800
987.680000000 5.400000000 8.510277748100
971.680000000 5.800000000 8.506715774500
973.430000000 6.000000000 8.490402221700
970.930000000 5.800000000 8.476495742800
968.930000000 6.600000000 8.446503639200
971.430000000 5.800000000 8.435836792000
982.430000000 6.200000000 8.425750732400
971.180000000 5.800000000 8.404900550800
972.180000000 5.800000000 8.404291153000
971.930000000 5.800000000 8.404198646500
977.430000000 7.000000000 8.400474548300
972.430000000 5.800000000 8.396982193000
974.930000000 5.600000000 8.382840156600
985.680000000 6.400000000 8.341305732700
979.180000000 6.400000000 8.337686538700
979.430000000 9.000000000 8.333620071400
980.680000000 8.600000000 8.323516845700
969.180000000 6.600000000 8.298110008200
970.680000000 6.000000000 8.264735221900
971.180000000 5.400000000 8.260623931900
980.930000000 8.600000000 8.254346847500
970.430000000 6.200000000 8.250196456900
974.680000000 5.800000000 8.197914123500
985.930000000 6.000000000 8.171591758700
986.180000000 5.800000000 8.167311668400
984.930000000 8.600000000 8.161711692800
970.680000000 5.600000000 8.157126426700
988.180000000 9.000000000 8.142461776700
970.930000000 5.600000000 8.108009338400
983.680000000 6.200000000 8.105154991100
986.680000000 5.600000000 8.062762260400
980.180000000 8.800000000 8.053831100500
987.930000000 9.000000000 8.040122032200
973.180000000 6.000000000 8.034826278700
982.430000000 8.800000000 8.030405044600
969.430000000 6.600000000 8.023636817900
987.430000000 5.400000000 8.009538650500
979.430000000 6.400000000 8.007780075100
985.180000000 6.600000000 7.984733104700
970.180000000 6.400000000 7.926499366800
980.680000000 6.600000000 7.921805381800
977.430000000 6.600000000 7.909722805000
977.180000000 7.200000000 7.903402328500
974.430000000 6.000000000 7.886695861800
979.930000000 6.400000000 7.880408763900
979.680000000 6.400000000 7.873801231400
985.430000000 6.600000000 7.846927642800
984.680000000 6.400000000 7.805325508100
975.430000000 5.400000000 7.792924881000
971.180000000 5.200000000 7.781555652600
977.680000000 8.600000000 7.766533851600
981.930000000 6.400000000 7.756918430300
975.180000000 5.600000000 7.735905647300
977.430000000 6.800000000 7.722624778700
988.430000000 9.000000000 7.700820446000
970.930000000 6.000000000 7.700519084900
977.680000000 8.800000000 7.690285205800
975.680000000 5.200000000 7.688954353300
977.930000000 6.200000000 7.673460960400
986.680000000 8.800000000 7.665904521900
980.180000000 6.400000000 7.635458946200
981.430000000 6.600000000 7.616788387300
969.680000000 6.600000000 7.612481117200
977.430000000 6.400000000 7.604794502300
970.930000000 5.400000000 7.503868579900
987.680000000 9.000000000 7.502293109900
977.430000000 8.200000000 7.499290466300
978.680000000 9.000000000 7.488435268400
972.930000000 6.000000000 7.435613632200
985.680000000 6.200000000 7.425809383400
984.680000000 8.800000000 7.419682025900
987.180000000 5.400000000 7.412852287300
982.180000000 8.800000000 7.408904552500
988.180000000 5.200000000 7.362664222700
985.930000000 8.600000000 7.289432048800
982.180000000 6.200000000 7.262171745300
971.180000000 6.000000000 7.261288642900
978.180000000 6.200000000 7.260688304900
977.680000000 6.200000000 7.249153614000
986.430000000 5.600000000 7.245831489600
983.930000000 6.200000000 7.245432376900
977.180000000 8.000000000 7.216016769400
982.680000000 6.000000000 7.185421943700
979.680000000 9.000000000 7.179708957700
980.430000000 6.400000000 7.168898105600
973.930000000 6.200000000 7.147221565200
983.680000000 9.000000000 7.135214805600
981.680000000 6.400000000 7.133044719700
984.180000000 6.200000000 7.129333972900
978.180000000 9.000000000 7.112260341600
988.430000000 5.200000000 7.103354454000
971.680000000 6.000000000 7.090448856400
970.680000000 6.200000000 7.078638553600
971.430000000 6.000000000 7.065838813800
983.430000000 9.000000000 7.044581413300
971.930000000 6.000000000 7.039416313200
983.930000000 9.000000000 7.006171226500
969.930000000 6.600000000 6.999814987200
985.180000000 8.600000000 6.983877658800
986.430000000 8.800000000 6.970259666400
978.430000000 6.200000000 6.929605007200
972.680000000 6.000000000 6.924435138700
970.430000000 6.400000000 6.919541835800
987.930000000 5.200000000 6.917145252200
984.430000000 6.200000000 6.912611961400
977.180000000 7.000000000 6.907353878000
980.930000000 6.600000000 6.906844139100
988.680000000 9.000000000 6.904735088300
974.180000000 6.200000000 6.901610851300
977.180000000 6.600000000 6.894995212600
980.430000000 8.800000000 6.894748687700
977.680000000 8.400000000 6.889386177100
981.180000000 6.600000000 6.886964321100
973.680000000 6.200000000 6.878285884900
977.930000000 9.000000000 6.874464035000
972.180000000 6.000000000 6.844832420300
981.930000000 8.800000000 6.839239120500
974.930000000 5.800000000 6.812057018300
982.930000000 6.000000000 6.804900169400
982.430000000 6.000000000 6.802803039600
988.680000000 5.200000000 6.802152633700
984.180000000 9.000000000 6.786831378900
978.680000000 6.200000000 6.775528907800
986.930000000 5.400000000 6.767280578600
983.180000000 9.000000000 6.764305114700
972.430000000 8.800000000 6.758878231000
973.430000000 9.600000000 6.758489608800
987.430000000 9.000000000 6.754426002500
972.680000000 8.800000000 6.752054214500
974.680000000 6.000000000 6.748993873600
972.430000000 6.000000000 6.729798793800
975.430000000 5.600000000 6.726829052000
985.430000000 6.400000000 6.711612224600
981.430000000 6.400000000 6.705317020400
977.180000000 6.400000000 6.684661865200
972.680000000 8.600000000 6.672410965000
978.430000000 9.000000000 6.627162456500
984.930000000 6.400000000 6.623217105900
973.430000000 6.200000000 6.622312068900
975.680000000 5.400000000 6.582623958600
985.930000000 5.800000000 6.557580947900
972.180000000 8.800000000 6.548237800600
976.930000000 7.600000000 6.504298210100
983.180000000 6.000000000 6.497309207900
981.680000000 8.800000000 6.480322361000
982.930000000 9.000000000 6.463207721700
972.430000000 8.600000000 6.456925869000
980.680000000 6.400000000 6.453088283500
977.430000000 8.800000000 6.451069355000
977.430000000 8.600000000 6.436562538100
976.930000000 6.400000000 6.434944152800
983.430000000 6.000000000 6.426879406000
975.930000000 5.200000000 6.397727489500
978.430000000 9.200000000 6.391454219800
977.430000000 6.200000000 6.375469207800
972.930000000 8.600000000 6.359304428100
972.430000000 9.000000000 6.350275516500
984.680000000 6.200000000 6.338052749600
976.180000000 6.600000000 6.328083992000
973.180000000 9.600000000 6.314609050800
972.930000000 8.800000000 6.310870647400
985.680000000 8.600000000 6.309793472300
987.680000000 5.200000000 6.302422046700
981.180000000 6.400000000 6.301649570500
976.930000000 6.600000000 6.299120903000
970.930000000 6.200000000 6.292108058900
981.430000000 8.800000000 6.287116527600
984.430000000 9.000000000 6.279845714600
986.180000000 5.600000000 6.261237144500
977.180000000 6.800000000 6.261033535000
980.680000000 8.800000000 6.257233142900
976.930000000 7.400000000 6.248721122700
976.680000000 6.400000000 6.244139671300
976.180000000 6.400000000 6.242764473000
978.930000000 6.200000000 6.241358280200
973.180000000 6.200000000 6.240497112300
977.180000000 8.800000000 6.228162765500
972.180000000 9.000000000 6.227508068100
971.930000000 8.800000000 6.224585056300
973.680000000 9.600000000 6.222433090200
972.680000000 9.000000000 6.217599868800
976.930000000 7.800000000 6.217359542800
976.430000000 6.400000000 6.201960086800
986.680000000 5.400000000 6.194252967800
976.430000000 6.600000000 6.184319973000
972.180000000 8.600000000 6.176003933000
986.180000000 8.800000000 6.162043571500
973.430000000 9.400000000 6.143591880800
974.430000000 6.200000000 6.141312599200
982.680000000 9.000000000 6.139363288900
981.180000000 8.800000000 6.126684188800
985.430000000 8.600000000 6.126543045000
986.930000000 5.200000000 6.125777721400
978.430000000 9.400000000 6.115671157800
985.680000000 6.000000000 6.108256340000
987.180000000 5.200000000 6.098923683200
985.180000000 6.400000000 6.094564914700
987.430000000 5.200000000 6.087964057900
976.680000000 6.600000000 6.081566333800
987.180000000 9.000000000 6.078479766800
977.180000000 8.600000000 6.074516296400
978.680000000 9.200000000 6.067976951600
975.180000000 5.800000000 6.064602851900
986.680000000 5.200000000 6.060859680200
970.180000000 6.600000000 6.053780555700
980.930000000 8.800000000 6.050704002400
979.930000000 9.000000000 6.044778823900
971.680000000 8.800000000 6.033492565200
971.430000000 8.800000000 6.021129131300
984.930000000 8.800000000 5.987007618000
971.930000000 8.600000000 5.970221996300
971.930000000 9.000000000 5.965252399400
977.430000000 8.400000000 5.962150096900
975.930000000 6.600000000 5.944127082800
983.680000000 6.000000000 5.921433925600
968.930000000 6.800000000 5.915059089700
977.180000000 8.200000000 5.903764247900
975.680000000 5.600000000 5.901633739500
981.930000000 6.200000000 5.893220901500
971.180000000 8.800000000 5.876625061000
978.180000000 9.200000000 5.855178833000
971.930000000 6.200000000 5.854596614800
975.430000000 5.800000000 5.828423976900
972.930000000 6.200000000 5.817784786200
972.180000000 6.200000000 5.805862426800
975.930000000 6.400000000 5.797474861100
980.930000000 6.400000000 5.796218395200
972.430000000 8.400000000 5.793756961800
971.680000000 8.600000000 5.790923595400
972.430000000 6.200000000 5.787560463000
971.680000000 9.000000000 5.779103279100
973.430000000 8.400000000 5.778855323800
969.180000000 6.800000000 5.776480674700
978.680000000 9.400000000 5.774057388300
973.180000000 8.400000000 5.771274089800
972.930000000 9.000000000 5.770248413100
972.930000000 8.400000000 5.766369342800
972.430000000 9.200000000 5.749711990400
980.430000000 6.200000000 5.734155178100
971.680000000 6.200000000 5.731528759000
972.680000000 9.200000000 5.730960845900
971.430000000 9.000000000 5.723105907400
976.930000000 7.200000000 5.714265346500
985.430000000 6.200000000 5.713617801700
982.180000000 6.000000000 5.713263511700
977.680000000 9.000000000 5.709806442300
973.680000000 9.400000000 5.708522319800
976.430000000 8.800000000 5.708502769500
972.180000000 8.400000000 5.698944091800
971.430000000 8.600000000 5.687641620600
970.680000000 6.400000000 5.672666549700
972.680000000 8.400000000 5.671850681300
969.430000000 6.800000000 5.660727024100
972.680000000 6.200000000 5.654249668100
980.180000000 6.200000000 5.640634059900
971.180000000 6.200000000 5.635206222500
981.680000000 6.200000000 5.633088588700
973.680000000 8.400000000 5.625012397800
986.430000000 5.200000000 5.619530201000
975.930000000 9.600000000 5.619379520400
982.430000000 9.000000000 5.611375331900
977.180000000 6.200000000 5.602796554600
973.930000000 9.600000000 5.590655326800
972.180000000 9.200000000 5.578410148600
978.180000000 9.400000000 5.565580368000
971.430000000 6.200000000 5.549208641100
976.180000000 8.600000000 5.547181129500
971.180000000 8.600000000 5.542564392100
974.930000000 6.000000000 5.536859512300
971.930000000 8.400000000 5.515973568000
974.430000000 9.600000000 5.507088661200
973.930000000 6.400000000 5.507061481500
984.930000000 6.200000000 5.501621723200
980.680000000 6.200000000 5.497415542600
979.180000000 6.200000000 5.492491245300
973.180000000 9.400000000 5.490102767900
971.180000000 9.000000000 5.487981319400
986.430000000 5.400000000 5.482323646500
976.180000000 9.600000000 5.477174282100
975.680000000 5.800000000 5.476232051800
970.930000000 8.800000000 5.471355915100
976.680000000 8.800000000 5.471302032500
974.680000000 9.600000000 5.462810993200
969.680000000 6.800000000 5.448580741900
978.930000000 9.200000000 5.429628372200
976.680000000 8.400000000 5.429217815400
976.930000000 8.800000000 5.427309513100
984.680000000 9.000000000 5.424391269700
975.680000000 9.600000000 5.408171653700
972.930000000 9.200000000 5.401213169100
986.930000000 9.000000000 5.400753974900
976.930000000 7.000000000 5.397750377700
976.430000000 8.600000000 5.369683742500
976.180000000 8.800000000 5.367043018300
972.430000000 8.200000000 5.351382255600
971.930000000 9.200000000 5.348234176600
974.180000000 9.600000000 5.346661567700
976.930000000 6.800000000 5.343966960900
973.680000000 6.400000000 5.341631412500
974.180000000 6.400000000 5.340192794800
985.930000000 8.800000000 5.337265491500
974.930000000 9.600000000 5.335168361700
970.930000000 8.600000000 5.326013565100
970.930000000 9.000000000 5.323298454300
975.930000000 5.400000000 5.321512699100
971.680000000 8.400000000 5.311666011800
973.180000000 8.600000000 5.295645237000
976.930000000 6.200000000 5.289642334000
981.430000000 6.200000000 5.287285327900
973.430000000 8.600000000 5.282987594600
976.930000000 8.000000000 5.250769138300
976.930000000 8.400000000 5.247329711900
972.180000000 8.200000000 5.236875534100
979.930000000 6.200000000 5.222372531900
973.680000000 8.600000000 5.210014820100
975.930000000 9.400000000 5.197563171400
976.680000000 8.200000000 5.192183971400
975.180000000 9.600000000 5.191414833100
975.430000000 9.600000000 5.187778472900
974.680000000 6.200000000 5.179381847400
975.930000000 8.600000000 5.179214000700
970.430000000 6.600000000 5.179140567800
973.180000000 8.800000000 5.161648273500
983.930000000 6.000000000 5.160397529600
988.180000000 9.200000000 5.150628089900
987.930000000 9.200000000 5.146165370900
980.180000000 9.000000000 5.143209934200
976.430000000 8.400000000 5.138651847800
972.680000000 9.400000000 5.131788730600
971.430000000 8.400000000 5.125203132600
978.930000000 9.400000000 5.124424934400
976.430000000 9.000000000 5.108640670800
976.930000000 8.600000000 5.096480369600
980.930000000 6.200000000 5.094403743700
973.180000000 9.800000000 5.086433887500
972.430000000 9.400000000 5.082838535300
976.680000000 6.200000000 5.081951618200
970.930000000 8.400000000 5.072283744800
985.180000000 6.200000000 5.068953514100
973.430000000 9.800000000 5.065926075000
975.680000000 9.400000000 5.064520359000
972.680000000 8.200000000 5.064107418100
976.180000000 9.400000000 5.058808803600
979.430000000 6.200000000 5.058210372900
971.680000000 9.200000000 5.051353454600
974.680000000 9.400000000 5.032450199100
976.680000000 9.000000000 5.032202720600
974.430000000 9.400000000 5.029999256100
971.930000000 8.200000000 5.029338359800
976.930000000 8.200000000 5.026605129200
973.930000000 8.400000000 5.022927284200
976.430000000 6.200000000 5.022486209900
977.680000000 6.000000000 5.018054008500
973.430000000 6.400000000 5.015373706800
985.930000000 5.600000000 5.011691093400
973.680000000 8.200000000 5.008939743000
975.930000000 8.800000000 5.008294582400
976.680000000 8.600000000 5.002109527600
985.180000000 8.800000000 5.000450134300
969.930000000 6.800000000 4.999891758000
976.180000000 6.200000000 4.998965740200
986.430000000 10.000000000 4.997517108900
970.680000000 8.800000000 4.997107982600
986.680000000 10.000000000 4.984498977700
971.180000000 8.400000000 4.984266281100
975.430000000 6.600000000 4.979880809800
979.680000000 6.200000000 4.973875045800
986.180000000 5.400000000 4.963964939100
986.680000000 9.000000000 4.961751937900
974.930000000 9.400000000 4.961449146300
976.180000000 5.200000000 4.955205917400
976.180000000 9.000000000 4.946532726300
977.180000000 8.400000000 4.942482948300
970.680000000 8.600000000 4.936266422300
973.430000000 8.200000000 4.934998989100
973.180000000 9.000000000 4.934981346100
984.430000000 6.000000000 4.928627014200
978.180000000 6.000000000 4.922306060800
976.430000000 9.600000000 4.920685768100
984.180000000 6.000000000 4.919193744700
977.930000000 6.000000000 4.909468650800
975.430000000 9.400000000 4.900778293600
973.930000000 8.600000000 4.897886276200
976.930000000 9.000000000 4.889666557300
978.430000000 6.000000000 4.883042335500
974.180000000 9.400000000 4.879813194300
972.930000000 9.400000000 4.879028320300
975.180000000 9.400000000 4.875469684600
973.930000000 9.400000000 4.873508930200
975.930000000 5.600000000 4.868863105800
979.180000000 9.200000000 4.868020534500
970.680000000 9.000000000 4.864586353300
982.180000000 9.000000000 4.847341537500
975.430000000 6.400000000 4.842257022900
972.180000000 6.400000000 4.841689109800
976.430000000 8.200000000 4.840000152600
973.680000000 9.800000000 4.839782714800
975.680000000 6.600000000 4.839590072600
988.430000000 9.200000000 4.837339401200
971.680000000 8.200000000 4.827860832200
972.180000000 9.400000000 4.826439857500
975.430000000 6.200000000 4.825666904400
971.430000000 9.200000000 4.823997497600
986.180000000 10.000000000 4.821303844500
970.680000000 8.400000000 4.817666530600
986.180000000 5.200000000 4.815685749100
975.680000000 6.400000000 4.810173511500
982.680000000 5.800000000 4.803085804000
972.930000000 9.600000000 4.802381515500
975.680000000 6.200000000 4.796038627600
981.180000000 6.200000000 4.792890071900
987.680000000 9.200000000 4.792708873700
975.930000000 6.200000000 4.791112422900
970.930000000 6.400000000 4.785880088800
977.430000000 6.000000000 4.778431415600
977.930000000 9.400000000 4.778395652800
975.180000000 6.200000000 4.763215541800
973.180000000 6.400000000 4.752698421500
975.930000000 5.800000000 4.742900848400
973.180000000 9.200000000 4.741675853700
973.180000000 8.200000000 4.737850189200
983.680000000 9.200000000 4.726985454600
971.930000000 6.400000000 4.724573135400
972.430000000 6.400000000 4.721788883200
976.680000000 6.800000000 4.714462280300
974.930000000 6.200000000 4.709496021300
978.430000000 9.600000000 4.693791389500
984.180000000 9.200000000 4.692466259000
983.430000000 9.200000000 4.687189579000
974.430000000 6.400000000 4.672141552000
972.930000000 8.200000000 4.668643474600
982.430000000 5.800000000 4.668072223700
985.680000000 8.800000000 4.647541999800
975.180000000 6.000000000 4.645789623300
985.680000000 5.800000000 4.638267517100
983.930000000 9.200000000 4.635047435800
984.680000000 6.000000000 4.631646633100
973.930000000 9.800000000 4.629257202100
977.180000000 9.000000000 4.628261566200
986.930000000 10.000000000 4.626543521900
971.430000000 8.200000000 4.623497963000
979.180000000 9.400000000 4.619854927100
977.930000000 9.200000000 4.599573135400
985.930000000 10.000000000 4.596089363100
983.430000000 5.800000000 4.593712806700
970.430000000 9.000000000 4.586605548900
976.680000000 8.000000000 4.581989765200
978.680000000 6.000000000 4.581045627600
976.430000000 9.400000000 4.574055194900
983.180000000 9.200000000 4.568972587600
986.430000000 9.000000000 4.566153526300
988.680000000 10.000000000 4.559363842000
973.930000000 8.200000000 4.554286956800
975.680000000 8.600000000 4.546674251600
973.680000000 8.800000000 4.543429374700
981.930000000 6.000000000 4.542718887300
974.180000000 9.800000000 4.527081966400
973.430000000 10.000000000 4.524683475500
973.430000000 8.800000000 4.522652149200
980.430000000 9.000000000 4.520453453100
971.680000000 6.400000000 4.518437862400
971.930000000 9.400000000 4.506940364800
975.680000000 8.800000000 4.503720760300
977.930000000 9.600000000 4.491363525400
985.180000000 10.000000000 4.489593505900
978.180000000 5.800000000 4.489228248600
985.430000000 6.000000000 4.483259201000
983.180000000 5.800000000 4.478672504400
971.180000000 9.200000000 4.477555275000
984.430000000 9.200000000 4.477339267700
974.680000000 9.800000000 4.476758480100
975.930000000 9.000000000 4.473096370700
974.930000000 9.800000000 4.472418785100
978.180000000 9.600000000 4.466904640200
988.680000000 9.200000000 4.465538978600
985.430000000 10.000000000 4.465519428300
971.180000000 8.200000000 4.461677074400
985.680000000 10.000000000 4.459866046900
982.930000000 9.200000000 4.457174778000
975.180000000 6.800000000 4.456326961500
973.180000000 10.000000000 4.448148727400
982.930000000 5.800000000 4.441532611800
976.430000000 6.800000000 4.437487125400
975.180000000 6.600000000 4.437318325000
973.930000000 8.800000000 4.426709175100
978.930000000 6.000000000 4.425803184500
972.930000000 6.400000000 4.422090530400
972.680000000 6.400000000 4.420514106800
974.930000000 10.000000000 4.414409160600
979.180000000 6.000000000 4.412597179400
979.430000000 6.000000000 4.410768508900
979.430000000 9.200000000 4.408115387000
972.430000000 8.000000000 4.402556896200
977.430000000 9.000000000 4.400227546700
975.430000000 6.800000000 4.399168491400
975.180000000 9.800000000 4.396316528300
977.180000000 6.000000000 4.393650054900
983.680000000 5.800000000 4.390304565400
972.930000000 9.800000000 4.388535976400
974.430000000 9.800000000 4.388243198400
970.430000000 8.800000000 4.386899471300
978.680000000 9.600000000 4.385753631600
970.430000000 8.600000000 4.385391712200
970.180000000 9.000000000 4.382581234000
972.430000000 9.600000000 4.381743907900
970.680000000 6.600000000 4.358264923100
980.680000000 9.000000000 4.358231067700
972.680000000 9.600000000 4.354628086100
978.430000000 5.800000000 4.341887474100
971.430000000 6.400000000 4.337700367000
974.680000000 10.000000000 4.334759712200
973.680000000 9.000000000 4.329164505000
975.680000000 6.000000000 4.325937271100
988.680000000 9.800000000 4.315756797800
976.180000000 6.800000000 4.315435409500
970.430000000 8.400000000 4.309580326100
975.180000000 10.000000000 4.308633804300
984.930000000 10.000000000 4.304951667800
985.430000000 8.800000000 4.303964138000
979.430000000 9.400000000 4.296386241900
970.930000000 8.200000000 4.289669513700
975.430000000 6.000000000 4.287178993200
972.930000000 10.000000000 4.284392356900
973.680000000 10.000000000 4.276678562200
987.430000000 9.200000000 4.270609378800
975.430000000 9.800000000 4.266639709500
972.180000000 8.000000000 4.265187263500
973.930000000 9.000000000 4.259078502700
982.680000000 9.200000000 4.254893302900
973.430000000 6.600000000 4.245762348200
984.930000000 9.000000000 4.245495796200
977.930000000 5.800000000 4.243408203100
976.180000000 8.400000000 4.240742683400
973.680000000 6.600000000 4.227667331700
975.680000000 9.800000000 4.226564884200
973.930000000 6.600000000 4.225256443000
975.180000000 6.400000000 4.213837623600
973.180000000 6.600000000 4.208589077000
971.180000000 6.400000000 4.204254150400
970.180000000 6.800000000 4.199728488900
970.930000000 9.200000000 4.198106288900
986.180000000 9.000000000 4.197675705000
976.930000000 6.000000000 4.192064285300
974.680000000 6.400000000 4.187828064000
973.930000000 10.000000000 4.185502052300
975.930000000 9.800000000 4.177684783900
975.680000000 6.800000000 4.175119876900
972.680000000 8.000000000 4.174211978900
976.180000000 9.200000000 4.169613361400
971.680000000 9.400000000 4.169132232700
974.430000000 10.000000000 4.168314933800
974.180000000 8.600000000 4.156874179800
969.430000000 9.200000000 4.154894828800
976.680000000 9.600000000 4.153996467600
976.680000000 7.600000000 4.145221710200
972.180000000 9.600000000 4.143922805800
976.930000000 9.200000000 4.140926361100
973.680000000 9.200000000 4.133812904400
975.930000000 6.000000000 4.128466129300
979.680000000 9.400000000 4.128430366500
980.680000000 6.000000000 4.106478214300
981.930000000 9.000000000 4.105587959300
976.680000000 7.800000000 4.101796150200
976.680000000 9.200000000 4.101397991200
982.180000000 5.800000000 4.099440574600
974.180000000 10.000000000 4.098662853200
984.930000000 6.000000000 4.098385810900
979.930000000 9.400000000 4.098094940200
979.680000000 6.000000000 4.096746444700
974.930000000 6.400000000 4.083456516300
981.680000000 6.000000000 4.080684661900
979.680000000 9.200000000 4.080384254500
974.180000000 6.600000000 4.079385757400
973.430000000 9.000000000 4.078592300400
973.930000000 9.200000000 4.075708866100
985.930000000 5.200000000 4.069252014200
976.680000000 7.000000000 4.067699909200
978.680000000 5.800000000 4.056437492400
986.430000000 9.800000000 4.052981376600
971.930000000 8.000000000 4.051440715800
980.430000000 6.000000000 4.051173210100
975.930000000 6.800000000 4.048831462900
976.430000000 9.200000000 4.042019367200
974.930000000 6.800000000 4.034111022900
986.180000000 9.800000000 4.033305645000
969.180000000 9.200000000 4.021658420600
970.680000000 8.200000000 4.021201610600
974.930000000 6.600000000 4.002704143500
980.930000000 6.000000000 4.002631187400
972.930000000 6.600000000 3.998491287200
977.680000000 9.600000000 3.998223781600
969.430000000 9.000000000 3.994340896600
980.180000000 9.400000000 3.977366209000
974.680000000 6.600000000 3.970991134600
985.930000000 5.400000000 3.970090866100
978.930000000 9.600000000 3.965343475300
975.430000000 8.600000000 3.964831829100
980.930000000 9.000000000 3.959186315500
975.430000000 10.000000000 3.959035873400
974.180000000 9.000000000 3.954113960300
975.930000000 8.400000000 3.947850704200
976.680000000 6.000000000 3.938399553300
974.180000000 8.800000000 3.936301469800
977.180000000 9.200000000 3.935693979300
985.930000000 9.800000000 3.930398225800
979.930000000 9.200000000 3.927770853000
974.180000000 8.400000000 3.923943996400
974.930000000 7.000000000 3.920428991300
972.680000000 10.000000000 3.919332981100
974.430000000 6.600000000 3.918873310100
969.180000000 9.000000000 3.918458223300
975.430000000 9.200000000 3.905539989500
975.180000000 9.200000000 3.904297351800
970.180000000 8.800000000 3.902079582200
971.680000000 8.000000000 3.900476455700
974.430000000 9.200000000 3.900286436100
976.180000000 9.800000000 3.889050245300
975.180000000 7.000000000 3.886004686400
976.180000000 5.400000000 3.883747577700
986.680000000 9.800000000 3.883729219400
973.430000000 9.200000000 3.882137298600
974.180000000 9.200000000 3.881088495300
975.430000000 8.800000000 3.878353834200
979.430000000 9.600000000 3.876796007200
973.430000000 6.800000000 3.874517202400
987.180000000 10.000000000 3.874503135700
979.180000000 9.600000000 3.874448776200
976.430000000 8.000000000 3.870703697200
985.930000000 9.000000000 3.859480857800
976.680000000 9.400000000 3.858951091800
968.930000000 7.000000000 3.858786344500
983.930000000 5.800000000 3.854512214700
973.180000000 7.600000000 3.854316234600
985.180000000 6.000000000 3.851895809200
973.680000000 7.200000000 3.850700855300
974.930000000 9.200000000 3.850333213800
984.680000000 9.200000000 3.844124317200
974.680000000 9.200000000 3.843999147400
973.680000000 6.800000000 3.838593244600
973.930000000 7.200000000 3.838325977300
969.430000000 7.000000000 3.837569236800
978.930000000 5.800000000 3.836580038100
979.430000000 5.800000000 3.835360050200
975.680000000 9.200000000 3.831609726000
975.930000000 9.200000000 3.831187248200
985.680000000 9.800000000 3.827925205200
971.430000000 9.400000000 3.817804336500
969.180000000 7.000000000 3.817710876500
981.180000000 6.000000000 3.813269853600
979.680000000 5.800000000 3.804633617400
984.430000000 5.200000000 3.803992033000
987.180000000 9.200000000 3.799122333500
976.680000000 7.400000000 3.798818349800
969.680000000 7.000000000 3.792171001400
979.680000000 9.600000000 3.791764020900
969.930000000 9.000000000 3.789585828800
969.180000000 10.000000000 3.787353515600
979.180000000 5.800000000 3.786545515100
980.180000000 9.200000000 3.783676624300
984.180000000 5.200000000 3.781058073000
984.680000000 10.000000000 3.780153513000
969.680000000 9.200000000 3.779208421700
985.430000000 9.800000000 3.779022932100
980.180000000 6.000000000 3.775030612900
982.430000000 9.200000000 3.765850544000
970.180000000 8.600000000 3.764250993700
968.930000000 9.600000000 3.762919187500
977.680000000 9.400000000 3.762296199800
976.180000000 8.200000000 3.760440111200
971.430000000 8.000000000 3.760217666600
968.930000000 9.000000000 3.758032083500
976.680000000 7.200000000 3.745699405700
976.180000000 5.600000000 3.744596481300
984.680000000 5.200000000 3.743705511100
977.680000000 9.800000000 3.737573385200
977.930000000 9.800000000 3.737271308900
985.180000000 9.800000000 3.736978530900
975.680000000 8.400000000 3.731771230700
969.680000000 9.000000000 3.729199409500
976.180000000 5.800000000 3.722756385800
968.930000000 9.200000000 3.718316793400
971.930000000 9.600000000 3.718205452000
970.680000000 9.200000000 3.717649936700
983.930000000 5.200000000 3.711156368300
977.430000000 5.800000000 3.697848796800
976.930000000 5.800000000 3.696942567800
972.430000000 9.800000000 3.693789005300
984.930000000 5.200000000 3.688050985300
973.930000000 6.800000000 3.687633991200
981.180000000 9.000000000 3.681077957200
977.180000000 5.800000000 3.678236246100
975.430000000 7.000000000 3.673466682400
970.180000000 8.400000000 3.671918630600
981.430000000 6.000000000 3.667963981600
981.930000000 5.800000000 3.664605379100
972.180000000 6.600000000 3.661406755400
969.430000000 10.000000000 3.660584449800
971.930000000 6.600000000 3.659993410100
981.680000000 9.000000000 3.652863502500
974.680000000 7.000000000 3.650453805900
972.680000000 9.800000000 3.650132894500
968.930000000 10.000000000 3.646546602200
983.680000000 5.200000000 3.639808654800
976.680000000 5.800000000 3.636067390400
976.430000000 7.800000000 3.634398937200
973.180000000 6.800000000 3.627927064900
977.680000000 5.800000000 3.626024723100
974.430000000 9.000000000 3.622544765500
973.430000000 7.600000000 3.612088441800
977.430000000 9.200000000 3.607527256000
985.680000000 5.600000000 3.605449914900
971.180000000 8.000000000 3.599809885000
976.430000000 6.000000000 3.597150802600
974.930000000 9.000000000 3.585446357700
974.680000000 9.000000000 3.584840297700
979.930000000 5.800000000 3.581669092200
974.430000000 8.600000000 3.573422908800
985.180000000 5.200000000 3.572673082400
974.180000000 6.800000000 3.564036846200
970.430000000 6.800000000 3.561388969400
978.180000000 9.800000000 3.560395479200
984.930000000 9.800000000 3.557512760200
981.680000000 9.600000000 3.555705070500
979.180000000 9.800000000 3.552133321800
981.430000000 9.000000000 3.550284385700
974.680000000 8.600000000 3.544611692400
971.680000000 6.600000000 3.544063329700
975.680000000 9.000000000 3.543339014100
979.930000000 9.600000000 3.541821956600
972.180000000 9.800000000 3.541759014100
972.930000000 7.600000000 3.541712999300
975.680000000 7.000000000 3.541169643400
985.680000000 9.000000000 3.541009187700
974.180000000 7.200000000 3.534323930700
981.930000000 9.600000000 3.528353929500
985.680000000 5.200000000 3.522531747800
972.930000000 8.000000000 3.520873785000
979.930000000 6.000000000 3.520259618800
969.930000000 7.000000000 3.517049074200
983.430000000 5.200000000 3.511810302700
985.180000000 9.000000000 3.510765552500
984.680000000 5.400000000 3.510107278800
976.430000000 7.000000000 3.510081291200
980.430000000 9.400000000 3.509298324600
977.680000000 9.200000000 3.509062290200
970.430000000 8.200000000 3.508025884600
974.180000000 8.200000000 3.503816127800
984.430000000 5.400000000 3.502640724200
970.930000000 6.600000000 3.500602245300
979.430000000 9.800000000 3.500204801600
984.430000000 10.000000000 3.498112440100
985.430000000 5.800000000 3.497390031800
985.680000000 5.400000000 3.496551990500
982.930000000 10.000000000 3.491163492200
984.180000000 5.400000000 3.481239080400
982.180000000 9.600000000 3.477515935900
972.430000000 6.600000000 3.475383758500
976.430000000 7.600000000 3.474556207700
978.930000000 9.800000000 3.471999406800
976.430000000 5.200000000 3.470913648600
976.180000000 6.000000000 3.469058752100
974.430000000 8.400000000 3.462114334100
971.180000000 9.800000000 3.458677053500
986.930000000 9.200000000 3.456976652100
981.430000000 9.600000000 3.456764221200
975.180000000 9.000000000 3.452922582600
984.930000000 5.400000000 3.450472354900
986.930000000 9.800000000 3.448196411100
975.680000000 10.000000000 3.445818901100
980.430000000 9.200000000 3.444412946700
975.930000000 7.000000000 3.444127559700
976.930000000 9.600000000 3.437607049900
982.680000000 10.000000000 3.436545372000
971.430000000 9.800000000 3.435980320000
983.180000000 10.000000000 3.435801506000
981.680000000 9.800000000 3.433991432200
978.680000000 9.800000000 3.433549642600
981.930000000 9.800000000 3.422920942300
978.430000000 9.800000000 3.418521881100
985.430000000 5.600000000 3.418448925000
970.930000000 8.000000000 3.418188810300
983.930000000 5.400000000 3.417140483900
973.930000000 7.000000000 3.417075634000
976.180000000 7.000000000 3.415566444400
982.180000000 9.800000000 3.414083957700
971.180000000 9.400000000 3.410508871100
974.430000000 6.800000000 3.410151958500
983.680000000 5.400000000 3.406669855100
982.930000000 9.800000000 3.402153492000
982.680000000 9.800000000 3.401706457100
971.430000000 6.600000000 3.390340805100
976.430000000 9.800000000 3.389959812200
982.430000000 9.800000000 3.387744426700
988.430000000 10.000000000 3.385873317700
973.430000000 7.200000000 3.384517192800
974.680000000 6.800000000 3.381267547600
970.180000000 9.200000000 3.373506307600
982.430000000 9.600000000 3.370613813400
982.430000000 10.000000000 3.368910074200
972.430000000 10.000000000 3.359142303500
977.430000000 9.800000000 3.358197689100
988.680000000 9.600000000 3.357849121100
970.430000000 9.200000000 3.354368925100
974.180000000 7.000000000 3.351454734800
985.430000000 9.000000000 3.348193168600
981.430000000 9.800000000 3.347719907800
981.680000000 9.400000000 3.346834182700
975.430000000 9.000000000 3.334301233300
968.930000000 9.400000000 3.327368497800
974.680000000 8.400000000 3.325593471500
974.680000000 8.800000000 3.322621583900
973.180000000 7.400000000 3.313423395200
972.680000000 6.600000000 3.312116622900
982.180000000 10.000000000 3.311708688700
983.430000000 9.400000000 3.311372757000
974.430000000 8.800000000 3.309645652800
985.180000000 5.400000000 3.308157205600
983.430000000 5.600000000 3.304953813600
983.180000000 9.800000000 3.300532579400
983.430000000 5.400000000 3.300129890400
975.930000000 10.000000000 3.299808263800
972.930000000 7.800000000 3.293271064800
971.680000000 9.600000000 3.292597055400
981.430000000 9.400000000 3.284063577700
975.430000000 8.400000000 3.275570631000
971.680000000 9.800000000 3.266090631500
988.430000000 9.800000000 3.261660099000
981.680000000 5.800000000 3.261072874100
986.680000000 9.200000000 3.257418632500
971.430000000 9.600000000 3.246387481700
971.180000000 6.600000000 3.244130373000
974.430000000 7.200000000 3.240553379100
984.680000000 9.800000000 3.239803314200
984.180000000 5.800000000 3.234033346200
980.180000000 9.600000000 3.222539424900
983.430000000 10.000000000 3.222458601000
971.930000000 9.800000000 3.221869468700
973.430000000 7.000000000 3.217051029200
981.930000000 9.400000000 3.214428186400
978.680000000 10.000000000 3.213988065700
979.680000000 9.800000000 3.208807230000
982.680000000 9.600000000 3.206670284300
973.680000000 8.000000000 3.204309463500
975.180000000 8.600000000 3.202523231500
981.930000000 10.000000000 3.200605630900
978.930000000 10.000000000 3.199954509700
974.430000000 7.000000000 3.199751138700
982.180000000 5.600000000 3.196009159100
973.680000000 7.400000000 3.194535017000
972.430000000 7.800000000 3.194412708300
969.930000000 9.200000000 3.185611724900
985.180000000 5.800000000 3.185580015200
983.680000000 9.400000000 3.183075904800
985.430000000 5.200000000 3.182543754600
973.680000000 7.000000000 3.182482004200
976.430000000 5.800000000 3.179383516300
970.680000000 6.800000000 3.175939083100
976.930000000 9.400000000 3.174034595500
973.430000000 7.400000000 3.173622131300
969.430000000 9.400000000 3.172944307300
986.430000000 9.200000000 3.171321868900
978.430000000 10.000000000 3.168881416300
971.180000000 9.600000000 3.167653799100
983.680000000 5.600000000 3.165060043300
976.430000000 7.400000000 3.159126997000
977.430000000 9.600000000 3.149302244200
982.430000000 5.600000000 3.148742198900
973.680000000 7.600000000 3.145241498900
969.180000000 9.400000000 3.138602256800
988.180000000 9.400000000 3.137922048600
974.930000000 8.800000000 3.137209892300
973.180000000 7.800000000 3.135619163500
979.180000000 10.000000000 3.135197401000
980.180000000 5.800000000 3.128980398200
974.680000000 7.200000000 3.126420736300
983.180000000 9.400000000 3.125643253300
984.180000000 10.000000000 3.113940239000
974.930000000 7.200000000 3.113175630600
969.180000000 9.600000000 3.110429763800
972.680000000 7.800000000 3.107065916100
970.680000000 8.000000000 3.103021144900
984.930000000 9.200000000 3.102846145600
975.180000000 8.800000000 3.102506160700
980.680000000 9.200000000 3.101093053800
982.930000000 9.600000000 3.100212097200
971.680000000 7.600000000 3.099210977600
976.430000000 7.200000000 3.097788095500
982.180000000 9.400000000 3.095340013500
975.680000000 8.200000000 3.093544244800
983.180000000 9.600000000 3.089455604600
983.180000000 5.200000000 3.087584257100
972.180000000 7.800000000 3.086856842000
976.430000000 5.400000000 3.086632251700
981.930000000 5.600000000 3.086378812800
969.930000000 8.600000000 3.085446119300
968.930000000 7.800000000 3.084816455800
976.930000000 5.600000000 3.082423925400
987.930000000 9.400000000 3.081712722800
984.430000000 9.800000000 3.076453924200
970.930000000 9.800000000 3.073003768900
981.180000000 9.600000000 3.063558816900
983.430000000 9.800000000 3.063438415500
971.680000000 7.800000000 3.058148384100
982.430000000 5.200000000 3.057509660700
976.680000000 5.600000000 3.054765462900
983.180000000 5.600000000 3.052745819100
975.930000000 8.200000000 3.049867153200
977.180000000 9.400000000 3.047631025300
982.680000000 5.600000000 3.046654701200
986.180000000 9.200000000 3.046532630900
978.180000000 10.000000000 3.045264244100
974.930000000 8.600000000 3.041964530900
969.180000000 7.800000000 3.037244081500
985.930000000 9.600000000 3.035903453800
975.180000000 7.200000000 3.030973434400
969.680000000 10.000000000 3.028871059400
977.180000000 5.600000000 3.026603937100
972.180000000 10.000000000 3.025152921700
982.180000000 9.200000000 3.021890640300
985.180000000 5.600000000 3.021405458500
969.930000000 8.800000000 3.020711422000
981.430000000 5.800000000 3.020447254200
971.930000000 7.600000000 3.019019603700
982.180000000 5.200000000 3.018898725500
968.930000000 8.200000000 3.014603376400
971.430000000 7.600000000 3.013261079800
973.430000000 7.800000000 3.013174772300
972.930000000 7.400000000 3.012768507000
986.180000000 9.600000000 3.010360240900
973.430000000 8.000000000 3.010221719700
968.930000000 9.800000000 3.008500576000
983.430000000 9.600000000 3.008324623100
982.430000000 9.400000000 3.006676197100
973.930000000 8.000000000 3.002505779300
985.680000000 9.600000000 3.000782966600
981.680000000 10.000000000 3.000758647900
987.430000000 10.000000000 2.997778654100
972.930000000 6.800000000 2.997649431200
982.930000000 5.600000000 2.993360281000
985.430000000 5.400000000 2.991383791000
984.430000000 5.800000000 2.985499620400
979.430000000 10.000000000 2.983675956700
980.930000000 10.000000000 2.982963323600
968.930000000 7.600000000 2.982902288400
976.430000000 5.600000000 2.982837438600
969.180000000 9.800000000 2.982349395800
981.180000000 9.800000000 2.978068113300
977.680000000 10.000000000 2.977107048000
973.180000000 8.000000000 2.975618124000
984.180000000 9.400000000 2.974799633000
988.430000000 9.400000000 2.974485874200
971.430000000 7.800000000 2.973709821700
977.930000000 10.000000000 2.969552993800
982.180000000 5.400000000 2.964068651200
984.430000000 9.400000000 2.963763237000
981.180000000 5.800000000 2.963132381400
973.180000000 7.000000000 2.962610483200
969.930000000 8.400000000 2.959178686100
976.180000000 8.000000000 2.955610036800
971.930000000 7.800000000 2.952934265100
976.180000000 10.000000000 2.946347713500
968.930000000 8.000000000 2.945233583500
982.930000000 9.400000000 2.942907333400
981.180000000 10.000000000 2.942485809300
977.180000000 9.600000000 2.936747312500
969.180000000 8.200000000 2.935010910000
983.680000000 10.000000000 2.929999828300
970.930000000 9.400000000 2.929336071000
981.430000000 10.000000000 2.928196668600
970.180000000 7.000000000 2.924082279200
982.680000000 9.400000000 2.923632860200
980.930000000 9.200000000 2.920600891100
976.180000000 7.600000000 2.915693521500
985.430000000 9.600000000 2.915166854900
973.930000000 7.400000000 2.915072202700
982.430000000 5.400000000 2.910277605100
986.430000000 9.600000000 2.910142660100
971.430000000 10.000000000 2.907551050200
981.180000000 9.400000000 2.904561519600
972.180000000 7.600000000 2.901097297700
985.930000000 9.200000000 2.897985696800
971.180000000 10.000000000 2.893645763400
980.930000000 5.800000000 2.893460035300
978.180000000 5.600000000 2.891652584100
969.180000000 8.000000000 2.891114711800
983.180000000 5.400000000 2.883564949000
969.180000000 7.600000000 2.882356166800
971.680000000 10.000000000 2.876581430400
983.930000000 5.600000000 2.876202583300
970.180000000 8.200000000 2.875417947800
977.430000000 5.600000000 2.875406742100
983.930000000 9.400000000 2.874047279400
976.680000000 5.400000000 2.866353035000
971.930000000 10.000000000 2.864387273800
972.680000000 7.600000000 2.856361627600
976.180000000 7.200000000 2.854113102000
976.680000000 9.800000000 2.846910715100
977.430000000 9.400000000 2.845986843100
987.680000000 9.400000000 2.842463016500
975.430000000 7.200000000 2.842047214500
977.430000000 10.000000000 2.840302228900
980.680000000 5.800000000 2.830338001300
983.680000000 9.600000000 2.828015089000
980.680000000 9.400000000 2.826643228500
987.180000000 9.800000000 2.825471162800
973.680000000 7.800000000 2.823698759100
969.430000000 8.200000000 2.818501710900
973.180000000 7.200000000 2.817266702700
969.680000000 9.400000000 2.814243078200
984.180000000 9.800000000 2.812551975300
977.930000000 5.600000000 2.806181907700
984.680000000 5.800000000 2.803910732300
981.680000000 5.600000000 2.800446033500
980.430000000 5.800000000 2.800359726000
984.930000000 5.800000000 2.799780607200
969.430000000 8.000000000 2.798359632500
983.680000000 9.800000000 2.790588140500
981.930000000 5.400000000 2.788672208800
975.430000000 8.200000000 2.785843133900
978.430000000 5.600000000 2.784986257600
975.430000000 7.800000000 2.777424097100
983.930000000 10.000000000 2.776487588900
980.680000000 10.000000000 2.773734569500
975.930000000 8.000000000 2.772727727900
985.180000000 9.600000000 2.772708416000
976.680000000 5.200000000 2.772553443900
977.680000000 5.600000000 2.772393941900
969.430000000 7.800000000 2.771506071100
976.180000000 7.800000000 2.765758752800
980.930000000 9.800000000 2.760162115100
968.930000000 8.400000000 2.759238719900
975.680000000 7.800000000 2.756622076000
973.930000000 7.600000000 2.751907110200
972.430000000 7.600000000 2.746812820400
981.180000000 9.200000000 2.743018388700
981.430000000 9.200000000 2.740478038800
971.180000000 7.600000000 2.737093687100
979.680000000 10.000000000 2.729777813000
975.180000000 8.400000000 2.723844051400
974.930000000 8.400000000 2.720293521900
985.680000000 9.200000000 2.716853380200
974.180000000 8.000000000 2.714676618600
969.430000000 9.800000000 2.713633775700
970.930000000 10.000000000 2.709367513700
976.180000000 7.400000000 2.708885908100
975.680000000 8.000000000 2.708225965500
986.680000000 9.600000000 2.702680587800
988.680000000 9.400000000 2.701268911400
984.680000000 5.600000000 2.696998596200
971.180000000 7.800000000 2.694850206400
981.680000000 5.400000000 2.689824581100
984.930000000 5.600000000 2.687093734700
975.930000000 7.800000000 2.680131673800
969.680000000 7.200000000 2.677761793100
969.680000000 8.000000000 2.676006078700
984.680000000 9.400000000 2.671935558300
981.930000000 5.200000000 2.671306610100
970.930000000 6.800000000 2.658316850700
969.680000000 8.200000000 2.654690504100
981.680000000 9.200000000 2.651421546900
984.930000000 9.600000000 2.649270534500
975.930000000 7.200000000 2.648351192500
969.180000000 8.400000000 2.647161006900
970.430000000 7.000000000 2.645932197600
981.430000000 5.600000000 2.634937286400
985.180000000 9.200000000 2.628928899800
970.430000000 7.600000000 2.624847888900
979.930000000 9.800000000 2.624508380900
981.680000000 5.200000000 2.623468160600
975.680000000 7.200000000 2.622173547700
982.680000000 5.200000000 2.612329483000
977.180000000 9.800000000 2.612234830900
968.930000000 8.800000000 2.610352754600
980.430000000 9.600000000 2.609125852600
973.930000000 7.800000000 2.594899654400
969.930000000 7.200000000 2.593865156200
984.430000000 5.600000000 2.591032743500
982.680000000 5.400000000 2.588670730600
983.930000000 9.800000000 2.588660001800
969.430000000 7.200000000 2.584249734900
968.930000000 7.400000000 2.580390930200
984.680000000 9.600000000 2.575739860500
987.430000000 9.400000000 2.573671579400
972.930000000 7.000000000 2.571832895300
969.430000000 7.600000000 2.567812442800
984.180000000 5.600000000 2.566018343000
981.930000000 9.200000000 2.560945272400
976.930000000 5.400000000 2.559694290200
985.430000000 9.200000000 2.559392213800
980.680000000 9.800000000 2.557961463900
974.430000000 8.200000000 2.552827358200
974.180000000 7.400000000 2.547172308000
975.430000000 8.000000000 2.538206338900
970.930000000 9.600000000 2.537988662700
970.430000000 8.000000000 2.536945819900
980.180000000 9.800000000 2.530809640900
988.180000000 10.000000000 2.526728630100
978.680000000 5.600000000 2.526152133900
968.930000000 8.600000000 2.520012855500
971.180000000 6.800000000 2.519849538800
970.180000000 7.400000000 2.516518354400
970.680000000 7.600000000 2.511503458000
979.930000000 10.000000000 2.505836963700
970.680000000 7.000000000 2.496233463300
970.930000000 7.600000000 2.495262622800
969.680000000 8.600000000 2.494112014800
970.180000000 7.600000000 2.490605831100
980.930000000 9.400000000 2.485514164000
970.680000000 9.400000000 2.484617948500
970.930000000 7.800000000 2.481358766600
978.930000000 5.600000000 2.473641157200
979.180000000 5.600000000 2.472627639800
988.430000000 9.600000000 2.472573280300
975.180000000 7.800000000 2.470664501200
970.680000000 7.800000000 2.466381073000
969.180000000 7.200000000 2.464319467500
970.430000000 7.800000000 2.464229106900
976.430000000 10.000000000 2.462839365000
987.680000000 10.000000000 2.461717128800
969.180000000 7.400000000 2.458002090500
974.180000000 7.600000000 2.454993009600
969.930000000 8.000000000 2.450418710700
972.180000000 7.400000000 2.439749717700
969.430000000 8.400000000 2.437922477700
976.930000000 9.800000000 2.433357000400
972.430000000 6.800000000 2.433155775100
980.930000000 9.600000000 2.428749084500
968.930000000 7.200000000 2.428274393100
970.430000000 7.400000000 2.427150726300
969.930000000 8.200000000 2.423804760000
980.430000000 9.800000000 2.417356252700
975.680000000 7.600000000 2.417127609300
977.180000000 10.000000000 2.416576385500
971.430000000 6.800000000 2.407113552100
984.430000000 9.600000000 2.406096935300
972.680000000 7.400000000 2.405742168400
982.930000000 5.200000000 2.405469179200
974.680000000 8.200000000 2.400061368900
971.930000000 6.800000000 2.399964809400
975.430000000 7.600000000 2.396161556200
981.430000000 5.400000000 2.393386602400
986.930000000 9.600000000 2.393011331600
979.680000000 5.200000000 2.385481119200
971.680000000 6.800000000 2.382654905300
978.180000000 5.200000000 2.382540226000
969.180000000 8.600000000 2.380184173600
974.180000000 7.800000000 2.373071670500
972.680000000 6.800000000 2.371200084700
978.430000000 5.200000000 2.370717287100
972.930000000 7.200000000 2.370394229900
981.180000000 5.600000000 2.368485689200
974.430000000 8.000000000 2.365163803100
987.180000000 9.400000000 2.364261388800
972.680000000 7.000000000 2.360177755400
976.930000000 5.200000000 2.358618259400
972.430000000 7.000000000 2.349273681600
969.680000000 7.800000000 2.349121570600
971.680000000 7.400000000 2.345170736300
969.180000000 8.800000000 2.343859911000
987.930000000 10.000000000 2.340335130700
972.180000000 6.800000000 2.338427066800
971.430000000 7.400000000 2.336103439300
974.430000000 7.400000000 2.329466581300
979.680000000 5.600000000 2.326992273300
977.930000000 5.200000000 2.325727462800
970.680000000 9.800000000 2.323717355700
982.930000000 5.400000000 2.321017503700
972.430000000 7.400000000 2.318320989600
977.180000000 5.400000000 2.317684888800
975.180000000 8.200000000 2.313695192300
979.430000000 5.200000000 2.313667058900
969.680000000 8.400000000 2.312251329400
971.930000000 7.400000000 2.307697534600
979.430000000 5.600000000 2.302006483100
969.930000000 7.400000000 2.289476633100
978.430000000 5.400000000 2.285768747300
978.180000000 5.400000000 2.271941900300
984.930000000 9.400000000 2.271136283900
986.930000000 9.400000000 2.264945268600
975.930000000 7.600000000 2.259583473200
974.430000000 7.600000000 2.259448051500
981.430000000 5.200000000 2.258359432200
969.680000000 8.800000000 2.254963874800
970.680000000 10.000000000 2.252370834400
983.930000000 9.600000000 2.248193025600
970.180000000 8.000000000 2.240758657500
970.180000000 7.200000000 2.234194278700
984.180000000 9.600000000 2.233819007900
979.930000000 5.200000000 2.227056980100
974.430000000 7.800000000 2.225397348400
986.680000000 9.400000000 2.216917038000
975.180000000 8.000000000 2.216529369400
978.680000000 5.200000000 2.213434457800
979.680000000 5.400000000 2.207529306400
970.930000000 7.000000000 2.202285289800
976.930000000 10.000000000 2.202070713000
969.430000000 8.600000000 2.200602054600
972.180000000 7.000000000 2.200578928000
977.680000000 5.200000000 2.199079752000
987.430000000 9.800000000 2.198411703100
974.680000000 8.000000000 2.197776556000
969.430000000 9.600000000 2.195488452900
970.180000000 7.800000000 2.192383289300
970.430000000 9.400000000 2.192317247400
976.680000000 10.000000000 2.191054582600
970.180000000 9.400000000 2.186467886000
979.180000000 5.200000000 2.185763359100
971.180000000 7.400000000 2.184001207400
980.180000000 10.000000000 2.183211565000
975.930000000 7.400000000 2.180422782900
969.930000000 10.000000000 2.180140256900
980.430000000 10.000000000 2.178409338000
974.680000000 7.800000000 2.177805185300
978.680000000 5.400000000 2.177452564200
974.680000000 7.400000000 2.174305915800
969.930000000 9.400000000 2.173191547400
971.430000000 7.000000000 2.172160387000
977.430000000 5.400000000 2.169787645300
974.680000000 7.600000000 2.169316291800
977.930000000 5.400000000 2.164509296400
970.680000000 7.400000000 2.160675048800
969.430000000 8.800000000 2.158282041500
971.180000000 7.000000000 2.158200025600
971.680000000 7.000000000 2.157025575600
977.180000000 5.200000000 2.152304649400
969.680000000 9.800000000 2.147002458600
986.430000000 9.400000000 2.134034872100
971.930000000 7.000000000 2.127802133600
969.430000000 7.400000000 2.126103639600
974.930000000 8.200000000 2.114810943600
969.680000000 7.600000000 2.111802578000
975.430000000 7.400000000 2.110844612100
975.680000000 7.400000000 2.102515697500
979.430000000 5.400000000 2.098882198300
974.930000000 7.400000000 2.087502718000
980.930000000 5.600000000 2.086561203000
977.680000000 5.400000000 2.083612680400
981.180000000 5.400000000 2.082177162200
972.680000000 7.200000000 2.081287622500
985.680000000 9.400000000 2.076829910300
988.180000000 9.800000000 2.076596260100
978.930000000 5.200000000 2.070055246400
974.930000000 7.600000000 2.067416667900
977.430000000 5.200000000 2.066244363800
979.930000000 5.600000000 2.064379930500
974.930000000 7.800000000 2.064204454400
986.180000000 9.400000000 2.049285650300
970.930000000 7.400000000 2.046488046600
969.930000000 7.800000000 2.042937040300
985.930000000 9.400000000 2.039057970000
969.930000000 7.600000000 2.037139177300
974.930000000 8.000000000 2.036111593200
987.180000000 9.600000000 2.031883001300
972.180000000 7.200000000 2.028295993800
985.430000000 9.400000000 2.023357152900
969.930000000 9.800000000 2.017406225200
979.930000000 5.400000000 2.009853363000
978.930000000 5.400000000 2.001049518600
969.680000000 9.600000000 1.990506768200
985.180000000 9.400000000 1.977386474600
970.430000000 7.200000000 1.976096153300
981.180000000 5.200000000 1.966196775400
970.680000000 9.600000000 1.961699128200
975.180000000 7.400000000 1.949405670200
970.680000000 7.200000000 1.949281334900
971.930000000 7.200000000 1.946933388700
980.680000000 5.600000000 1.933897137600
980.680000000 9.600000000 1.932220459000
970.430000000 10.000000000 1.919355034800
979.180000000 5.400000000 1.905920028700
969.930000000 9.600000000 1.902496695500
969.680000000 7.400000000 1.902245879200
975.180000000 7.600000000 1.901082277300
980.930000000 5.400000000 1.887319326400
970.180000000 10.000000000 1.883782744400
980.180000000 5.200000000 1.876592159300
972.430000000 7.200000000 1.846598386800
980.430000000 5.600000000 1.845727205300
970.430000000 9.800000000 1.827376604100
980.180000000 5.600000000 1.826398015000
988.180000000 9.600000000 1.825698494900
980.680000000 5.400000000 1.816872119900
980.180000000 5.400000000 1.807618498800
987.680000000 9.800000000 1.776703596100
970.930000000 7.200000000 1.769007444400
970.180000000 9.800000000 1.764537096000
980.430000000 5.200000000 1.763308405900
980.930000000 5.200000000 1.745999693900
987.930000000 9.600000000 1.712474346200
971.430000000 7.200000000 1.707652688000
971.680000000 7.200000000 1.705441713300
980.430000000 5.400000000 1.699020743400
980.680000000 5.200000000 1.694734454200
970.430000000 9.600000000 1.663837790500
987.430000000 9.600000000 1.653654813800
987.930000000 9.800000000 1.642418384600
970.180000000 9.600000000 1.625372171400
987.680000000 9.600000000 1.585810780500
971.180000000 7.200000000 1.580500364300
