952.130000000 5.800000000 69.955047607400
952.380000000 5.800000000 69.321640014600
952.380000000 6.000000000 68.274322509800
952.130000000 6.000000000 67.973548889200
951.880000000 5.800000000 67.955993652300
952.130000000 5.600000000 66.441795349100
952.380000000 5.600000000 65.942832946800
952.630000000 5.800000000 65.875556945800
952.630000000 6.000000000 65.522064209000
951.880000000 6.000000000 65.320205688500
951.880000000 5.600000000 64.701972961400
951.630000000 5.800000000 64.487083435100
952.380000000 6.200000000 63.542251586900
952.630000000 5.600000000 62.958412170400
952.630000000 6.200000000 62.279537200900
951.630000000 6.000000000 61.777423858600
952.130000000 6.200000000 61.687709808300
951.630000000 5.600000000 61.522682189900
951.380000000 5.800000000 60.846706390400
952.880000000 5.800000000 59.395374298100
952.880000000 6.000000000 59.257572174100
951.380000000 6.000000000 58.509471893300
951.880000000 6.200000000 58.272300720200
951.380000000 5.600000000 57.747016906700
952.880000000 5.600000000 57.048751831100
951.130000000 5.800000000 56.885971069300
952.630000000 6.400000000 56.868339538600
952.880000000 6.200000000 56.848796844500
952.380000000 6.400000000 56.622779846200
951.130000000 6.000000000 55.159286499000
951.630000000 6.200000000 54.813270568800
952.130000000 6.400000000 53.517250061000
951.130000000 5.600000000 53.392108917200
952.880000000 6.400000000 52.751113891600
951.380000000 6.200000000 52.593578338600
952.630000000 6.600000000 51.503028869600
950.880000000 5.800000000 51.458019256600
950.880000000 6.000000000 50.820442199700
951.130000000 6.200000000 50.604221344000
952.380000000 6.600000000 50.015041351300
951.880000000 6.400000000 49.833202362100
952.880000000 6.600000000 49.466865539600
953.130000000 5.800000000 49.452827453600
953.130000000 6.000000000 49.305927276600
950.880000000 5.600000000 47.969440460200
953.130000000 5.600000000 47.781032562300
952.630000000 6.800000000 47.486133575400
953.130000000 6.200000000 47.417011261000
950.880000000 6.200000000 47.218353271500
952.880000000 6.800000000 47.090724945100
951.630000000 6.400000000 46.986431121800
952.130000000 6.600000000 46.485652923600
952.380000000 6.800000000 45.628421783400
951.380000000 6.400000000 45.099460601800
950.630000000 6.000000000 44.784786224400
953.130000000 6.600000000 44.689723968500
953.130000000 6.400000000 44.470741272000
950.630000000 5.800000000 44.285144805900
953.130000000 6.800000000 43.826496124300
952.880000000 7.000000000 43.496757507300
951.130000000 6.400000000 43.301994323700
952.630000000 7.000000000 43.190036773700
952.130000000 6.800000000 42.749805450400
951.880000000 6.600000000 42.581584930400
950.630000000 6.200000000 41.858318328900
952.380000000 7.000000000 41.752693176300
953.130000000 7.000000000 41.392333984400
950.630000000 5.600000000 41.354240417500
950.880000000 6.400000000 40.428077697800
953.380000000 6.600000000 39.588058471700
952.130000000 7.000000000 39.581279754600
951.630000000 6.600000000 39.289600372300
951.880000000 6.800000000 39.228878021200
952.880000000 7.200000000 38.968482971200
953.380000000 6.800000000 38.690521240200
952.630000000 7.200000000 38.595420837400
953.380000000 6.400000000 38.591724395800
954.630000000 8.000000000 38.415245056200
954.380000000 8.000000000 38.380313873300
950.380000000 6.000000000 38.052841186500
954.630000000 8.200000000 37.998847961400
954.380000000 8.200000000 37.638248443600
950.380000000 5.800000000 37.563812255900
952.380000000 7.200000000 37.498687744100
953.130000000 7.200000000 37.433094024700
953.380000000 6.000000000 37.366744995100
953.380000000 5.800000000 37.301063537600
953.380000000 7.000000000 37.237957000700
951.380000000 6.600000000 37.175071716300
956.880000000 7.200000000 36.711769104000
956.880000000 7.400000000 36.697456359900
951.880000000 7.000000000 36.614196777300
956.630000000 7.400000000 36.495502471900
953.380000000 6.200000000 36.316314697300
956.630000000 7.600000000 36.311176300000
956.880000000 7.600000000 36.251071929900
956.630000000 7.200000000 36.246902465800
954.130000000 8.000000000 36.080707550000
954.880000000 8.000000000 36.053981781000
956.880000000 7.000000000 36.023994445800
952.130000000 7.200000000 35.984107971200
950.630000000 6.400000000 35.939231872600
954.880000000 8.200000000 35.897571563700
956.630000000 7.800000000 35.738121032700
953.380000000 5.600000000 35.713230133100
957.130000000 7.200000000 35.514041900600
951.630000000 6.800000000 35.478618621800
956.880000000 7.800000000 35.438762664800
950.380000000 6.200000000 35.399841308600
956.630000000 7.000000000 35.301250457800
957.130000000 7.400000000 35.264827728300
957.130000000 7.000000000 35.213382720900
951.130000000 6.600000000 35.193389892600
956.380000000 7.400000000 35.187599182100
956.380000000 7.600000000 35.063949585000
954.630000000 7.800000000 34.994884491000
954.130000000 8.200000000 34.965019226100
954.380000000 7.800000000 34.906158447300
956.630000000 8.000000000 34.787479400600
953.630000000 6.600000000 34.664684295700
957.130000000 7.600000000 34.537727356000
956.380000000 7.200000000 34.523670196500
956.880000000 6.800000000 34.504615783700
956.380000000 7.800000000 34.484260559100
956.880000000 8.000000000 34.430637359600
953.130000000 7.400000000 34.386016845700
957.130000000 6.800000000 34.316246032700
950.380000000 5.600000000 34.229740142800
953.380000000 7.200000000 34.091171264600
952.880000000 7.400000000 33.929477691700
952.630000000 7.400000000 33.883804321300
957.130000000 7.800000000 33.741889953600
953.630000000 6.400000000 33.707744598400
954.630000000 8.400000000 33.661766052200
953.630000000 6.800000000 33.636779785200
957.380000000 7.200000000 33.632835388200
951.630000000 7.000000000 33.481800079300
957.380000000 7.000000000 33.480201721200
951.880000000 7.200000000 33.425502777100
956.380000000 8.000000000 33.391822814900
957.380000000 7.400000000 33.325088501000
956.630000000 6.800000000 33.286720275900
953.880000000 8.000000000 33.187999725300
954.130000000 7.800000000 33.183959960900
954.880000000 7.800000000 33.120777130100
956.130000000 7.600000000 33.043815612800
956.630000000 8.200000000 33.035907745400
957.130000000 6.600000000 33.002510070800
952.380000000 7.400000000 32.976718902600
956.380000000 7.000000000 32.949695587200
957.380000000 6.800000000 32.883972168000
956.130000000 7.400000000 32.881370544400
954.380000000 8.400000000 32.689704895000
953.380000000 7.800000000 32.618247985800
953.380000000 7.400000000 32.565376281700
950.880000000 6.600000000 32.540409088100
955.130000000 8.000000000 32.521518707300
957.380000000 7.600000000 32.493835449200
956.880000000 8.200000000 32.490280151400
957.130000000 8.000000000 32.462612152100
956.130000000 7.800000000 32.451942443800
954.880000000 8.400000000 32.430507659900
957.630000000 7.200000000 32.429504394500
956.880000000 6.600000000 32.424118042000
955.130000000 8.200000000 32.360858917200
953.630000000 7.800000000 32.266708374000
953.380000000 7.600000000 32.174125671400
953.630000000 7.000000000 32.173492431600
953.630000000 8.000000000 32.102901458700
952.130000000 7.400000000 32.004478454600
957.380000000 6.600000000 31.978990554800
957.630000000 7.000000000 31.934486389200
950.130000000 5.800000000 31.910839080800
953.380000000 8.000000000 31.904502868700
950.130000000 6.000000000 31.900978088400
953.880000000 7.800000000 31.829755783100
953.130000000 7.600000000 31.820716857900
957.630000000 7.400000000 31.806833267200
956.130000000 7.200000000 31.804140090900
957.380000000 7.800000000 31.780805587800
957.130000000 6.400000000 31.620058059700
951.380000000 6.800000000 31.541841507000
953.130000000 7.800000000 31.510677337600
953.880000000 8.200000000 31.495166778600
956.380000000 8.200000000 31.429178237900
953.630000000 6.200000000 31.371744155900
951.630000000 7.200000000 31.350816726700
957.630000000 7.600000000 31.254217147800
957.380000000 6.400000000 31.028343200700
956.130000000 8.000000000 31.013973236100
955.880000000 7.600000000 30.968265533400
957.630000000 6.800000000 30.934476852400
956.380000000 6.800000000 30.847057342500
953.130000000 8.000000000 30.835828781100
953.630000000 7.600000000 30.758172988900
957.880000000 7.600000000 30.706258773800
952.880000000 7.600000000 30.678647995000
957.880000000 7.400000000 30.610811233500
957.630000000 7.800000000 30.587081909200
956.630000000 6.600000000 30.483766555800
957.130000000 6.200000000 30.479013443000
955.880000000 7.800000000 30.462265014600
957.880000000 7.200000000 30.386663436900
955.130000000 7.800000000 30.340394973800
955.880000000 7.400000000 30.329162597700
950.380000000 6.400000000 30.309913635300
956.880000000 6.400000000 30.286527633700
957.380000000 6.200000000 30.261041641200
953.880000000 6.600000000 30.231491088900
957.630000000 6.600000000 30.114231109600
957.380000000 8.000000000 30.109790802000
957.130000000 8.200000000 30.051959991500
957.880000000 7.800000000 30.007556915300
957.880000000 7.000000000 29.978595733600
956.630000000 8.400000000 29.963861465500
951.380000000 7.000000000 29.925539016700
951.880000000 7.400000000 29.894725799600
954.130000000 8.400000000 29.843284606900
953.630000000 7.200000000 29.759511947600
958.130000000 7.600000000 29.708858490000
957.380000000 6.000000000 29.679271698000
957.130000000 6.000000000 29.666378021200
955.130000000 8.400000000 29.632055282600
956.130000000 7.000000000 29.606071472200
958.130000000 7.800000000 29.597391128500
954.630000000 7.600000000 29.465145111100
957.630000000 6.400000000 29.385606765700
953.880000000 6.400000000 29.315071106000
957.880000000 6.800000000 29.309322357200
953.880000000 6.800000000 29.278657913200
957.130000000 5.800000000 29.211803436300
953.630000000 8.200000000 29.206787109400
954.380000000 7.600000000 29.197977066000
953.380000000 8.200000000 29.182495117200
952.630000000 7.600000000 29.149845123300
953.880000000 7.600000000 29.145063400300
955.380000000 8.000000000 29.139030456500
950.130000000 5.600000000 29.131666183500
950.130000000 6.200000000 29.129428863500
956.880000000 8.400000000 29.104505538900
957.380000000 5.800000000 29.038038253800
955.630000000 7.800000000 29.029827117900
955.630000000 7.600000000 29.014869689900
953.630000000 6.000000000 28.998876571700
953.130000000 8.200000000 28.991989135700
953.630000000 7.400000000 28.919200897200
957.630000000 6.200000000 28.826038360600
958.130000000 7.400000000 28.800477981600
955.880000000 8.000000000 28.794721603400
950.630000000 6.600000000 28.769191741900
957.880000000 6.600000000 28.714225769000
957.630000000 8.000000000 28.691173553500
955.380000000 8.200000000 28.687644958500
957.130000000 5.600000000 28.618789672900
952.880000000 7.800000000 28.583944320700
955.880000000 7.200000000 28.582170486500
956.130000000 8.200000000 28.576456069900
956.880000000 6.200000000 28.523450851400
955.380000000 7.800000000 28.517110824600
951.630000000 7.400000000 28.485656738300
954.880000000 7.600000000 28.474876403800
957.630000000 6.000000000 28.460447311400
954.130000000 7.600000000 28.407028198200
951.380000000 7.200000000 28.405735015900
957.880000000 8.000000000 28.344282150300
956.380000000 8.400000000 28.344141006500
957.880000000 6.400000000 28.336360931400
952.380000000 7.600000000 28.207052230800
957.380000000 5.600000000 28.154209137000
957.880000000 6.200000000 28.138141632100
952.880000000 8.000000000 28.138122558600
958.380000000 7.800000000 28.085193634000
951.130000000 6.800000000 28.058095932000
957.630000000 5.800000000 28.029726028400
957.880000000 6.000000000 27.930711746200
958.130000000 8.000000000 27.885883331300
955.630000000 7.400000000 27.786714553800
958.130000000 7.200000000 27.769039154100
955.630000000 8.000000000 27.768693924000
956.880000000 6.000000000 27.738569259600
956.380000000 6.600000000 27.732454299900
952.130000000 7.600000000 27.698928833000
958.130000000 6.000000000 27.562667846700
958.130000000 6.200000000 27.555154800400
956.630000000 6.400000000 27.535758972200
955.380000000 7.600000000 27.478160858200
949.880000000 5.800000000 27.428028106700
953.880000000 7.000000000 27.411455154400
957.880000000 5.800000000 27.408664703400
956.880000000 5.800000000 27.394733429000
958.130000000 6.400000000 27.366779327400
956.130000000 6.800000000 27.333805084200
958.130000000 7.000000000 27.312944412200
952.880000000 8.200000000 27.254768371600
957.380000000 8.200000000 27.195783615100
958.130000000 6.600000000 27.194311142000
958.380000000 7.600000000 27.183387756300
953.880000000 6.200000000 27.175247192400
958.130000000 6.800000000 27.154382705700
958.380000000 8.000000000 27.126775741600
958.130000000 5.800000000 27.102750778200
954.630000000 8.600000000 27.100427627600
949.880000000 6.000000000 27.068868637100
957.630000000 5.600000000 27.017965316800
954.880000000 8.600000000 26.902915954600
955.130000000 7.600000000 26.888345718400
956.880000000 5.600000000 26.794517517100
958.380000000 6.000000000 26.640035629300
949.630000000 5.800000000 26.517538070700
953.880000000 8.400000000 26.488016128500
958.380000000 5.800000000 26.475973129300
955.380000000 8.400000000 26.415727615400
948.630000000 5.600000000 26.323780059800
957.130000000 8.400000000 26.282718658400
951.380000000 7.400000000 26.257371902500
957.880000000 5.600000000 26.242496490500
958.380000000 6.200000000 26.238689422600
948.880000000 5.800000000 26.177511215200
955.630000000 8.200000000 26.171163559000
948.630000000 5.800000000 26.167121887200
953.880000000 7.400000000 26.162025451700
948.380000000 5.600000000 26.118604660000
954.130000000 6.600000000 26.095441818200
949.130000000 5.800000000 26.059772491500
955.880000000 8.200000000 26.053806304900
949.380000000 5.800000000 26.051357269300
951.880000000 7.600000000 26.044998168900
948.880000000 5.600000000 26.042888641400
948.380000000 5.800000000 26.017797470100
958.130000000 5.600000000 25.897205352800
955.880000000 7.000000000 25.859445571900
953.630000000 5.800000000 25.813154220600
949.880000000 5.600000000 25.717317581200
958.380000000 7.400000000 25.656608581500
949.130000000 5.600000000 25.653333663900
951.130000000 7.000000000 25.642133712800
956.630000000 8.600000000 25.597883224500
958.380000000 6.400000000 25.556797027600
952.630000000 7.800000000 25.553270340000
954.380000000 8.600000000 25.552295684800
955.380000000 7.400000000 25.510665893600
957.630000000 8.200000000 25.479581832900
955.630000000 7.200000000 25.457931518600
958.380000000 5.600000000 25.456329345700
949.380000000 5.600000000 25.454416275000
953.880000000 7.200000000 25.441305160500
948.130000000 5.800000000 25.397563934300
953.130000000 8.400000000 25.384408950800
958.130000000 8.200000000 25.367938995400
956.630000000 6.200000000 25.350942611700
949.630000000 5.600000000 25.305620193500
949.630000000 6.000000000 25.278764724700
954.130000000 6.800000000 25.273685455300
956.130000000 8.400000000 25.272262573200
955.130000000 8.600000000 25.230651855500
957.880000000 8.200000000 25.215578079200
950.880000000 6.800000000 25.161100387600
958.630000000 8.000000000 25.160478591900
948.130000000 5.600000000 25.145971298200
954.130000000 6.400000000 25.116594314600
958.630000000 7.800000000 25.082714080800
951.630000000 7.600000000 25.032642364500
952.880000000 8.400000000 25.023002624500
953.880000000 6.000000000 24.943893432600
958.630000000 5.800000000 24.888246536300
958.380000000 6.600000000 24.796854019200
951.130000000 7.200000000 24.674953460700
949.880000000 6.200000000 24.665267944300
958.630000000 6.000000000 24.606843948400
958.380000000 8.200000000 24.568706512500
950.130000000 6.400000000 24.558214187600
954.130000000 7.400000000 24.555240631100
958.380000000 7.200000000 24.460304260300
956.880000000 8.600000000 24.445150375400
953.380000000 8.400000000 24.402112960800
956.380000000 8.600000000 24.345590591400
948.880000000 6.000000000 24.295627594000
958.630000000 5.600000000 24.246690750100
953.630000000 8.400000000 24.232503891000
949.380000000 6.000000000 24.231006622300
948.630000000 6.000000000 24.216478347800
956.380000000 6.400000000 24.215400695800
958.380000000 6.800000000 24.189294815100
956.130000000 6.600000000 24.180355072000
950.380000000 6.600000000 24.140157699600
956.630000000 6.000000000 24.135160446200
949.130000000 6.000000000 24.123588562000
952.630000000 8.000000000 24.086017608600
947.880000000 5.800000000 24.077440261800
955.630000000 8.400000000 24.074634552000
948.380000000 6.000000000 24.056846618700
955.130000000 7.400000000 24.054220199600
958.380000000 7.000000000 24.021781921400
954.380000000 7.400000000 23.987413406400
954.630000000 7.400000000 23.777006149300
948.130000000 6.000000000 23.755409240700
952.380000000 7.800000000 23.732412338300
958.630000000 6.200000000 23.712537765500
947.880000000 5.600000000 23.665424346900
955.880000000 8.400000000 23.651168823200
954.880000000 7.400000000 23.633588790900
953.630000000 5.600000000 23.605295181300
952.630000000 8.200000000 23.545444488500
951.380000000 7.600000000 23.514221191400
954.130000000 7.000000000 23.489223480200
958.630000000 7.600000000 23.400459289600
951.130000000 7.400000000 23.317619323700
952.130000000 7.800000000 23.225311279300
957.380000000 8.400000000 23.209432601900
956.630000000 5.800000000 23.164455413800
954.130000000 6.200000000 23.087381362900
955.880000000 6.800000000 23.043342590300
955.380000000 8.600000000 22.964954376200
947.880000000 6.000000000 22.883176803600
954.130000000 8.600000000 22.803007125900
955.380000000 7.200000000 22.758068084700
958.630000000 8.200000000 22.651842117300
958.630000000 6.400000000 22.532743454000
947.130000000 5.600000000 22.368524551400
955.630000000 7.000000000 22.296354293800
958.880000000 5.800000000 22.244592666600
952.630000000 8.400000000 22.208509445200
947.630000000 5.600000000 22.206508636500
956.630000000 5.600000000 22.195720672600
954.380000000 6.600000000 22.179437637300
949.630000000 6.200000000 22.132678985600
954.130000000 7.200000000 22.100194931000
958.630000000 7.400000000 22.073846817000
951.880000000 7.800000000 22.068880081200
950.630000000 6.800000000 22.056058883700
958.880000000 8.000000000 22.035100936900
947.630000000 5.800000000 22.019708633400
958.880000000 5.600000000 21.989768981900
957.130000000 8.600000000 21.984355926500
953.880000000 5.800000000 21.941394805900
946.880000000 5.600000000 21.791154861500
956.130000000 8.600000000 21.709941864000
958.880000000 6.000000000 21.604154586800
954.380000000 6.800000000 21.579238891600
951.130000000 7.600000000 21.472463607800
947.380000000 5.600000000 21.424484252900
958.130000000 8.400000000 21.411216735800
957.630000000 8.400000000 21.398496627800
951.630000000 7.800000000 21.387062072800
956.380000000 6.200000000 21.355005264300
958.630000000 6.600000000 21.345787048300
958.880000000 7.800000000 21.290781021100
955.630000000 8.600000000 21.202329635600
950.880000000 7.000000000 21.177780151400
958.380000000 8.400000000 21.161787033100
954.380000000 6.400000000 21.134057998700
957.880000000 8.400000000 21.091373443600
952.880000000 8.600000000 20.985866546600
947.630000000 6.000000000 20.965412139900
949.880000000 6.400000000 20.958620071400
948.630000000 6.200000000 20.949188232400
954.880000000 8.800000000 20.944622039800
958.630000000 7.200000000 20.883274078400
948.880000000 6.200000000 20.868358612100
950.880000000 7.400000000 20.848993301400
954.130000000 6.000000000 20.847305297900
948.380000000 6.200000000 20.824415206900
955.130000000 7.200000000 20.807132720900
955.880000000 8.600000000 20.778045654300
950.880000000 7.200000000 20.722728729200
949.380000000 6.200000000 20.717285156200
956.630000000 8.800000000 20.698339462300
948.130000000 6.200000000 20.634561538700
949.130000000 6.200000000 20.549671173100
958.630000000 6.800000000 20.474977493300
951.380000000 7.800000000 20.440786361700
956.130000000 6.400000000 20.405723571800
955.130000000 8.800000000 20.378631591800
958.880000000 6.200000000 20.370294570900
947.130000000 5.800000000 20.340621948200
954.380000000 7.000000000 20.325874328600
954.630000000 8.800000000 20.293411254900
958.880000000 8.200000000 20.281566619900
958.630000000 7.000000000 20.266323089600
950.130000000 6.600000000 20.195222854600
950.880000000 7.600000000 20.163692474400
953.130000000 8.600000000 20.154598236100
947.880000000 6.200000000 20.141748428300
954.380000000 7.200000000 20.084606170700
953.880000000 8.600000000 20.046718597400
956.380000000 8.800000000 20.030649185200
952.380000000 8.000000000 20.011503219600
946.880000000 5.800000000 19.954435348500
954.880000000 7.200000000 19.812208175700
957.380000000 8.600000000 19.808633804300
956.880000000 8.800000000 19.808559417700
955.880000000 6.600000000 19.783426284800
954.630000000 7.200000000 19.635978698700
958.630000000 8.400000000 19.582670211800
952.630000000 8.600000000 19.479112625100
946.630000000 5.600000000 19.467706680300
947.380000000 5.800000000 19.403997421300
955.380000000 7.000000000 19.356197357200
958.880000000 7.600000000 19.325910568200
956.380000000 6.000000000 19.237751007100
951.130000000 7.800000000 19.164543151900
955.380000000 8.800000000 19.145896911600
959.130000000 5.800000000 19.036956787100
950.380000000 6.800000000 18.980340957600
959.130000000 5.600000000 18.973348617600
958.880000000 6.400000000 18.901323318500
952.130000000 8.000000000 18.861005783100
954.380000000 6.200000000 18.821866989100
947.630000000 6.200000000 18.741146087600
952.380000000 8.200000000 18.732402801500
955.630000000 6.800000000 18.670848846400
953.880000000 5.600000000 18.611354827900
953.380000000 8.600000000 18.606292724600
950.630000000 7.600000000 18.541107177700
953.630000000 8.600000000 18.512008667000
954.630000000 6.600000000 18.511148452800
950.880000000 7.800000000 18.483627319300
950.630000000 7.400000000 18.465650558500
954.380000000 8.800000000 18.455982208300
959.130000000 6.000000000 18.408414840700
951.880000000 8.000000000 18.303056716900
954.630000000 6.800000000 18.270971298200
949.630000000 6.400000000 18.246715545700
957.130000000 8.800000000 18.230567932100
956.130000000 8.800000000 18.183595657300
958.880000000 7.400000000 18.175891876200
957.630000000 8.600000000 18.127180099500
947.130000000 6.000000000 18.117544174200
959.130000000 8.000000000 18.088716507000
955.630000000 8.800000000 18.056991577100
951.630000000 8.000000000 17.963245391800
954.130000000 5.800000000 17.947059631300
947.380000000 6.000000000 17.923505783100
954.630000000 7.000000000 17.768728256200
946.630000000 5.800000000 17.766220092800
955.880000000 8.800000000 17.724737167400
952.380000000 8.400000000 17.657979965200
950.630000000 7.200000000 17.599462509200
946.880000000 6.000000000 17.556621551500
956.380000000 5.800000000 17.529897689800
950.630000000 7.800000000 17.528524398800
958.880000000 6.600000000 17.456184387200
951.380000000 8.000000000 17.418882370000
954.630000000 6.400000000 17.362813949600
950.630000000 7.000000000 17.290843963600
959.130000000 6.200000000 17.249586105300
948.380000000 6.400000000 17.235475540200
948.630000000 6.400000000 17.229866027800
955.130000000 7.000000000 17.194627761800
959.130000000 7.800000000 17.102308273300
948.130000000 6.400000000 17.083162307700
957.880000000 8.600000000 17.061927795400
948.880000000 6.400000000 16.970367431600
949.880000000 6.600000000 16.955236434900
958.880000000 7.200000000 16.937047958400
959.130000000 8.200000000 16.898668289200
958.130000000 8.600000000 16.795404434200
949.380000000 6.400000000 16.788465499900
947.880000000 6.400000000 16.759044647200
958.880000000 8.400000000 16.710372924800
951.130000000 8.000000000 16.645883560200
956.130000000 6.200000000 16.640415191700
949.130000000 6.400000000 16.615755081200
958.380000000 8.600000000 16.571666717500
954.380000000 6.000000000 16.525447845500
958.880000000 6.800000000 16.460168838500
947.380000000 6.200000000 16.455680847200
957.380000000 8.800000000 16.407341003400
954.880000000 7.000000000 16.339529037500
958.880000000 7.000000000 16.302747726400
956.630000000 9.000000000 16.244312286400
950.380000000 7.600000000 16.218055725100
956.380000000 5.600000000 16.127601623500
947.130000000 6.200000000 16.117464065600
950.880000000 8.000000000 16.103490829500
954.130000000 8.800000000 16.050867080700
946.380000000 5.600000000 16.035457611100
956.380000000 9.000000000 15.994717598000
950.130000000 6.800000000 15.981534957900
955.880000000 6.400000000 15.973615646400
947.630000000 6.400000000 15.865738868700
955.130000000 9.000000000 15.863663673400
952.380000000 8.600000000 15.821584701500
950.380000000 7.800000000 15.811950683600
956.880000000 9.000000000 15.738858223000
943.380000000 5.800000000 15.723126411400
952.880000000 8.800000000 15.698066711400
950.380000000 7.400000000 15.684805870100
943.130000000 5.800000000 15.675012588500
954.880000000 6.800000000 15.661437034600
959.130000000 6.400000000 15.657967567400
955.380000000 6.800000000 15.617432594300
950.630000000 8.000000000 15.604756355300
954.880000000 9.000000000 15.602866172800
959.380000000 5.800000000 15.500927925100
946.630000000 6.000000000 15.480868339500
955.380000000 9.000000000 15.460293769800
952.630000000 8.800000000 15.429071426400
943.130000000 6.000000000 15.412433624300
943.380000000 6.000000000 15.393492698700
958.630000000 8.600000000 15.391003608700
959.380000000 5.600000000 15.273663520800
959.380000000 6.000000000 15.176627159100
954.630000000 6.200000000 15.131379127500
955.630000000 6.600000000 15.105798721300
954.880000000 6.600000000 15.055412292500
946.880000000 6.200000000 15.028390884400
944.880000000 5.600000000 15.025464057900
947.380000000 6.400000000 14.992081642200
951.630000000 8.200000000 14.989498138400
959.130000000 7.600000000 14.987442016600
951.880000000 8.200000000 14.967246055600
955.630000000 9.000000000 14.933019638100
957.630000000 8.800000000 14.929759025600
956.130000000 9.000000000 14.927721023600
952.130000000 8.200000000 14.902500152600
954.130000000 5.600000000 14.898888588000
946.380000000 5.800000000 14.849815368700
945.130000000 5.600000000 14.813879966700
955.880000000 9.000000000 14.733335495000
951.380000000 8.200000000 14.730009079000
950.380000000 7.000000000 14.710206985500
943.630000000 5.800000000 14.693096160900
942.880000000 5.600000000 14.658592224100
953.130000000 8.800000000 14.615296363800
944.630000000 5.600000000 14.588960647600
942.630000000 5.600000000 14.559473991400
942.630000000 5.800000000 14.538121223400
950.380000000 7.200000000 14.521147728000
957.130000000 9.000000000 14.516564369200
949.630000000 6.600000000 14.516159057600
950.380000000 8.000000000 14.512025833100
943.380000000 5.600000000 14.451869964600
954.630000000 9.000000000 14.447327613800
947.130000000 6.400000000 14.444999694800
943.130000000 5.600000000 14.320014953600
959.380000000 6.200000000 14.307980537400
951.130000000 8.200000000 14.244878768900
944.880000000 5.800000000 14.169743537900
942.880000000 5.800000000 14.150502204900
943.630000000 6.000000000 14.098739624000
942.880000000 6.000000000 14.042626380900
943.130000000 6.200000000 14.038368225100
942.380000000 5.800000000 14.008015632600
953.880000000 8.800000000 13.989358902000
957.880000000 8.800000000 13.962840080300
955.130000000 6.800000000 13.959502220200
948.380000000 6.600000000 13.954173088100
956.130000000 6.000000000 13.914144516000
944.630000000 5.800000000 13.908349037200
959.130000000 6.600000000 13.899628639200
954.380000000 5.800000000 13.880805015600
948.630000000 6.600000000 13.878504753100
948.130000000 6.600000000 13.876718521100
945.380000000 5.600000000 13.844201088000
943.630000000 5.600000000 13.831000328100
945.130000000 5.800000000 13.824528694200
944.380000000 5.600000000 13.824377059900
959.130000000 7.400000000 13.761748313900
959.380000000 8.000000000 13.755791664100
954.880000000 6.400000000 13.751272201500
942.630000000 6.000000000 13.713324546800
942.380000000 5.600000000 13.707759857200
959.130000000 8.400000000 13.670179367100
943.380000000 6.200000000 13.637331962600
947.880000000 6.600000000 13.617570877100
942.380000000 6.000000000 13.583677291900
950.880000000 8.200000000 13.544445991500
953.380000000 8.800000000 13.509819984400
943.880000000 5.800000000 13.498733520500
948.880000000 6.600000000 13.493987083400
950.130000000 7.800000000 13.402451515200
957.380000000 9.000000000 13.400559425400
950.130000000 7.600000000 13.368696212800
944.380000000 5.800000000 13.336607933000
949.880000000 6.800000000 13.312488555900
950.630000000 8.200000000 13.289327621500
946.880000000 6.400000000 13.287462234500
949.380000000 6.600000000 13.240657806400
958.130000000 8.800000000 13.227723121600
943.880000000 5.600000000 13.216818809500
944.130000000 5.600000000 13.212767601000
947.630000000 6.600000000 13.155621528600
958.880000000 8.600000000 13.149760246300
946.130000000 5.600000000 13.148848533600
949.130000000 6.600000000 13.113088607800
952.380000000 8.800000000 13.075373649600
959.380000000 8.200000000 13.073283195500
953.630000000 8.800000000 13.070531845100
952.130000000 8.400000000 13.054085731500
942.880000000 6.200000000 12.996961593600
959.380000000 6.400000000 12.981416702300
944.130000000 5.800000000 12.970768928500
942.130000000 5.800000000 12.963149070700
946.380000000 6.000000000 12.949111938500
946.630000000 6.200000000 12.945812225300
959.130000000 7.200000000 12.915687561000
945.380000000 5.800000000 12.815745353700
959.130000000 6.800000000 12.809247016900
959.380000000 7.800000000 12.740727424600
947.380000000 6.600000000 12.724586486800
950.130000000 8.000000000 12.704199791000
950.380000000 8.200000000 12.677887916600
959.130000000 7.000000000 12.671036720300
950.130000000 7.400000000 12.637552261400
954.380000000 9.000000000 12.625545501700
955.130000000 6.600000000 12.622751236000
942.130000000 5.600000000 12.588605880700
943.880000000 6.000000000 12.582765579200
942.130000000 6.000000000 12.580765724200
956.380000000 9.200000000 12.551369667100
956.630000000 9.200000000 12.521683692900
945.630000000 5.600000000 12.516432762100
951.630000000 8.400000000 12.470091819800
951.380000000 8.400000000 12.449982643100
954.630000000 6.000000000 12.432680130000
942.380000000 6.200000000 12.370395660400
950.130000000 7.000000000 12.341980934100
946.130000000 5.800000000 12.254182815600
958.380000000 8.800000000 12.253633499100
942.630000000 6.200000000 12.245468139600
957.630000000 9.000000000 12.224226951600
947.130000000 6.600000000 12.189648628200
955.880000000 6.200000000 12.165187835700
941.130000000 5.800000000 12.163438797000
951.130000000 8.400000000 12.150840759300
943.630000000 6.200000000 12.111124992400
951.880000000 8.400000000 12.106726646400
955.380000000 9.200000000 12.094921112100
956.880000000 9.200000000 12.087477684000
956.130000000 9.200000000 12.017477989200
941.130000000 5.600000000 12.015973091100
940.880000000 5.800000000 12.004520416300
941.880000000 5.800000000 11.988484382600
955.130000000 9.200000000 11.965834617600
955.630000000 9.200000000 11.960649490400
955.380000000 6.600000000 11.959759712200
945.880000000 5.600000000 11.929235458400
955.880000000 9.200000000 11.903335571300
944.880000000 6.000000000 11.894299507100
940.880000000 6.000000000 11.864272117600
941.380000000 5.800000000 11.840953826900
948.380000000 6.800000000 11.835331916800
941.880000000 5.600000000 11.824792861900
940.880000000 5.600000000 11.801655769300
956.130000000 5.800000000 11.773990631100
941.380000000 5.600000000 11.752464294400
945.130000000 6.000000000 11.738013267500
954.880000000 6.200000000 11.710912704500
948.130000000 6.800000000 11.699897766100
944.630000000 6.000000000 11.672933578500
941.130000000 6.000000000 11.664977073700
950.880000000 8.400000000 11.662206649800
944.130000000 6.000000000 11.654254913300
943.130000000 6.400000000 11.632208824200
952.130000000 8.600000000 11.617807388300
941.630000000 5.800000000 11.611887931800
942.130000000 6.200000000 11.587441444400
945.630000000 5.800000000 11.560619354200
941.630000000 5.600000000 11.558732032800
948.630000000 6.800000000 11.525024414100
941.880000000 6.000000000 11.513421058700
957.130000000 9.200000000 11.507062912000
950.130000000 7.200000000 11.505859375000
950.130000000 8.200000000 11.472371101400
944.380000000 6.000000000 11.451990127600
955.630000000 6.400000000 11.440922737100
959.380000000 6.600000000 11.364960670500
949.630000000 6.800000000 11.296345710800
947.880000000 6.800000000 11.279968261700
941.380000000 6.000000000 11.275173187300
954.380000000 5.600000000 11.257461547900
954.880000000 9.200000000 11.253468513500
946.880000000 6.600000000 11.250010490400
940.880000000 6.200000000 11.229220390300
943.380000000 6.400000000 11.149334907500
940.630000000 5.800000000 11.145840644800
957.880000000 9.000000000 11.127430915800
945.880000000 5.800000000 11.084436416600
941.630000000 6.000000000 11.052287101700
950.630000000 8.400000000 11.039063453700
940.630000000 6.000000000 11.029679298400
945.380000000 6.000000000 11.000114440900
942.880000000 6.400000000 10.989673614500
946.630000000 6.400000000 10.955523490900
947.630000000 6.800000000 10.906297683700
955.130000000 6.400000000 10.903017044100
941.130000000 6.200000000 10.888422012300
958.630000000 8.800000000 10.865212440500
959.380000000 7.600000000 10.862414360000
948.880000000 6.800000000 10.855247497600
952.630000000 9.000000000 10.851810455300
952.880000000 9.000000000 10.838152885400
940.630000000 5.600000000 10.814867973300
959.380000000 8.400000000 10.773534774800
950.380000000 8.400000000 10.709087371800
957.380000000 9.200000000 10.671858787500
954.130000000 9.000000000 10.661957740800
947.380000000 6.800000000 10.632251739500
946.130000000 6.000000000 10.618374824500
941.880000000 6.200000000 10.596818924000
942.380000000 6.400000000 10.583742141700
946.380000000 6.200000000 10.571980476400
940.630000000 6.200000000 10.550652504000
951.380000000 8.600000000 10.496398925800
949.880000000 7.800000000 10.480468750000
948.130000000 7.000000000 10.437721252400
948.380000000 7.000000000 10.436367034900
951.130000000 8.600000000 10.368133544900
959.130000000 8.600000000 10.368105888400
958.130000000 9.000000000 10.361472129800
943.880000000 6.200000000 10.356139183000
942.630000000 6.400000000 10.301762580900
956.130000000 5.600000000 10.296236038200
951.630000000 8.600000000 10.290367126500
949.880000000 7.000000000 10.257262229900
949.380000000 6.800000000 10.256825447100
949.130000000 6.800000000 10.240146637000
949.880000000 7.600000000 10.231081962600
949.880000000 8.000000000 10.216105461100
947.880000000 7.000000000 10.180353164700
941.380000000 6.200000000 10.180317878700
953.130000000 9.000000000 10.100335121200
954.630000000 5.800000000 10.098538398700
940.880000000 6.400000000 10.098326683000
942.130000000 6.400000000 10.090834617600
941.630000000 6.200000000 10.068147659300
950.880000000 8.600000000 10.052354812600
948.630000000 7.000000000 10.033290863000
947.130000000 6.800000000 10.020727157600
950.130000000 8.400000000 9.974435806300
954.630000000 9.200000000 9.945778846700
945.630000000 6.000000000 9.922205925000
941.630000000 6.400000000 9.910152435300
941.630000000 6.600000000 9.908801078800
957.630000000 9.200000000 9.895917892500
948.380000000 7.200000000 9.857268333400
948.630000000 7.200000000 9.836694717400
947.630000000 7.000000000 9.817672729500
952.380000000 9.000000000 9.763267517100
952.130000000 8.800000000 9.757853508000
941.880000000 6.400000000 9.754125595100
959.380000000 6.800000000 9.741363525400
943.630000000 6.400000000 9.739531517000
956.380000000 9.400000000 9.720556259200
951.880000000 8.600000000 9.685473442100
940.630000000 6.400000000 9.683659553500
941.880000000 6.600000000 9.670284271200
955.380000000 6.400000000 9.636923790000
941.130000000 6.400000000 9.626865387000
950.630000000 8.600000000 9.587029457100
956.630000000 9.400000000 9.575749397300
948.130000000 7.200000000 9.573336601300
958.380000000 9.000000000 9.558244705200
949.880000000 7.400000000 9.552704811100
949.880000000 8.200000000 9.551647186300
956.130000000 9.400000000 9.518329620400
943.130000000 6.600000000 9.495441436800
941.630000000 6.800000000 9.489953041100
954.880000000 6.000000000 9.440358161900
945.880000000 6.000000000 9.439314842200
946.630000000 6.600000000 9.437509536700
947.380000000 7.000000000 9.437256813000
942.880000000 6.600000000 9.333796501200
940.380000000 5.800000000 9.324522018400
959.380000000 7.400000000 9.309033393900
955.880000000 9.400000000 9.299635887100
957.880000000 9.200000000 9.296885490400
948.630000000 7.400000000 9.284074783300
956.880000000 9.400000000 9.278636932400
941.380000000 6.400000000 9.252675056500
947.880000000 7.200000000 9.247731208800
944.130000000 6.200000000 9.229751586900
955.630000000 9.400000000 9.228995323200
948.880000000 7.200000000 9.226557731600
958.880000000 8.800000000 9.218896865800
940.380000000 5.600000000 9.205910682700
940.380000000 6.000000000 9.186335563700
953.880000000 9.000000000 9.153213501000
948.880000000 7.000000000 9.141673088100
941.880000000 6.800000000 9.137125015300
955.380000000 9.400000000 9.116532325700
941.380000000 6.600000000 9.096442222600
953.380000000 9.000000000 9.051042556800
948.380000000 7.400000000 9.028671264600
942.130000000 6.600000000 9.019245147700
947.630000000 7.200000000 9.014823913600
943.380000000 6.600000000 9.012040138200
946.880000000 6.800000000 8.999390602100
941.630000000 7.000000000 8.976074218800
944.880000000 6.200000000 8.972110748300
955.130000000 6.200000000 8.962769508400
955.880000000 6.000000000 8.937409400900
948.880000000 7.400000000 8.924107551600
947.130000000 7.000000000 8.922479629500
959.380000000 7.000000000 8.893611908000
944.630000000 6.200000000 8.878056526200
942.630000000 6.600000000 8.876729011500
950.380000000 8.600000000 8.863847732500
941.380000000 6.800000000 8.857889175400
947.380000000 7.200000000 8.857800483700
957.130000000 9.400000000 8.849646568300
944.380000000 6.200000000 8.844023704500
945.130000000 6.200000000 8.843950271600
940.380000000 6.200000000 8.831745147700
949.880000000 7.200000000 8.825322151200
951.130000000 8.800000000 8.804627418500
958.130000000 9.200000000 8.767251968400
950.130000000 8.800000000 8.752081871000
951.380000000 8.800000000 8.748218536400
955.130000000 9.400000000 8.729742050200
942.380000000 6.600000000 8.675987243700
950.130000000 8.600000000 8.664707183800
959.380000000 7.200000000 8.658390998800
949.630000000 7.000000000 8.646965026900
949.880000000 8.400000000 8.638702392600
950.880000000 8.800000000 8.634478569000
950.130000000 9.000000000 8.616099357600
949.880000000 8.800000000 8.600803375200
953.630000000 9.000000000 8.579841613800
947.130000000 7.200000000 8.576765060400
957.380000000 9.400000000 8.571703910800
949.880000000 8.600000000 8.562648773200
950.380000000 8.800000000 8.524481773400
946.130000000 6.200000000 8.509222030600
948.130000000 7.400000000 8.488494873000
942.130000000 6.800000000 8.465790748600
941.380000000 7.000000000 8.463905334500
940.880000000 6.600000000 8.454985618600
950.380000000 9.000000000 8.453580856300
948.630000000 7.600000000 8.424838066100
941.880000000 7.000000000 8.423554420500
958.630000000 9.000000000 8.411145210300
945.380000000 6.200000000 8.398727417000
949.880000000 9.000000000 8.367896080000
951.630000000 8.800000000 8.365073204000
950.130000000 9.200000000 8.341682434100
954.380000000 9.200000000 8.325507164000
950.630000000 8.800000000 8.322360992400
940.630000000 6.600000000 8.305754661600
957.630000000 9.400000000 8.284811973600
950.380000000 9.200000000 8.282300949100
948.880000000 7.600000000 8.244462966900
942.880000000 6.800000000 8.207921028100
946.380000000 6.400000000 8.203689575200
943.130000000 6.800000000 8.187671661400
940.380000000 6.400000000 8.178966522200
954.630000000 5.600000000 8.147566795300
954.880000000 9.400000000 8.127482414200
958.380000000 9.200000000 8.103669166600
943.880000000 6.400000000 8.101524353000
955.630000000 6.200000000 8.091092109700
941.630000000 7.200000000 8.086833953900
952.880000000 10.000000000 8.071619033800
942.380000000 6.800000000 8.068737983700
942.630000000 6.800000000 8.064584732100
947.880000000 7.400000000 8.051309585600
948.380000000 7.600000000 8.040466308600
949.630000000 8.600000000 8.038061142000
950.380000000 9.400000000 8.026309967000
947.130000000 7.400000000 8.011940956100
949.130000000 7.200000000 8.007850647000
957.880000000 9.400000000 7.998455524400
946.880000000 7.000000000 7.995367050200
950.630000000 9.000000000 7.992143154100
952.630000000 10.000000000 7.990873813600
947.380000000 7.400000000 7.987378597300
955.880000000 5.800000000 7.976496696500
949.630000000 8.800000000 7.974225521100
949.130000000 7.400000000 7.969109535200
950.130000000 9.400000000 7.968079567000
949.880000000 9.200000000 7.963729381600
941.130000000 6.600000000 7.960932731600
947.630000000 7.400000000 7.903895854900
955.880000000 5.600000000 7.898071289100
949.130000000 7.000000000 7.878201961500
946.880000000 7.200000000 7.861277580300
949.630000000 8.400000000 7.850414753000
943.630000000 6.600000000 7.848880767800
952.880000000 9.800000000 7.829020023300
945.630000000 6.200000000 7.828920364400
948.880000000 7.800000000 7.816067218800
959.380000000 8.600000000 7.813553810100
950.630000000 9.200000000 7.813491821300
949.380000000 7.000000000 7.807131290400
955.380000000 6.200000000 7.775563716900
943.380000000 6.800000000 7.726077079800
950.130000000 9.600000000 7.707528591200
950.380000000 9.800000000 7.696354866000
950.380000000 9.600000000 7.693974971800
953.130000000 10.000000000 7.690098285700
949.630000000 9.000000000 7.684880733500
951.880000000 8.800000000 7.678056240100
948.630000000 7.800000000 7.675488472000
950.130000000 9.800000000 7.657534122500
941.380000000 7.200000000 7.649148464200
949.130000000 7.600000000 7.646088600200
952.130000000 9.000000000 7.645768165600
942.130000000 7.000000000 7.642418384600
952.380000000 10.000000000 7.640654087100
945.880000000 6.200000000 7.626179695100
946.630000000 6.800000000 7.620970249200
941.880000000 7.200000000 7.615275859800
953.130000000 9.800000000 7.612746238700
950.380000000 10.000000000 7.596618175500
950.630000000 9.400000000 7.595350742300
946.880000000 7.400000000 7.590094089500
952.630000000 9.800000000 7.585801124600
949.630000000 7.600000000 7.584204196900
958.130000000 9.400000000 7.577862739600
950.130000000 10.000000000 7.557895660400
949.380000000 10.000000000 7.547433853100
949.630000000 7.800000000 7.492448806800
949.130000000 7.800000000 7.474925041200
949.880000000 9.400000000 7.468479633300
949.630000000 10.000000000 7.459415912600
949.630000000 8.200000000 7.447831153900
953.130000000 9.600000000 7.441673278800
949.630000000 8.000000000 7.440176963800
949.630000000 7.400000000 7.437757968900
948.130000000 7.600000000 7.434395790100
956.380000000 9.600000000 7.385855197900
947.130000000 7.600000000 7.378534317000
950.630000000 9.600000000 7.369104385400
952.880000000 9.600000000 7.368772029900
951.130000000 9.000000000 7.365396976500
940.130000000 5.600000000 7.364295005800
950.880000000 9.000000000 7.348986148800
954.880000000 5.800000000 7.337680339800
949.380000000 8.400000000 7.337413787800
956.130000000 9.600000000 7.335146427200
959.130000000 8.800000000 7.322736740100
949.130000000 8.000000000 7.307429313700
949.130000000 10.000000000 7.298530101800
949.880000000 9.600000000 7.297639846800
942.880000000 7.000000000 7.292310237900
949.380000000 8.200000000 7.292274475100
956.630000000 9.600000000 7.275943279300
949.380000000 8.600000000 7.262096881900
952.630000000 9.200000000 7.259640693700
948.880000000 8.000000000 7.258596420300
949.630000000 9.200000000 7.241210460700
946.880000000 7.600000000 7.239147663100
940.130000000 5.800000000 7.228673934900
942.380000000 7.000000000 7.221139431000
955.630000000 6.000000000 7.208765506700
942.630000000 7.000000000 7.206102371200
949.880000000 9.800000000 7.197977066000
949.880000000 10.000000000 7.183747768400
950.630000000 9.800000000 7.180835723900
952.130000000 10.000000000 7.172376632700
958.630000000 9.200000000 7.168346405000
952.880000000 9.200000000 7.166076660200
955.130000000 6.000000000 7.161199569700
943.130000000 7.000000000 7.151094913500
951.380000000 9.000000000 7.147948265100
949.380000000 8.000000000 7.135387420700
947.380000000 7.600000000 7.134463310200
949.130000000 9.800000000 7.133388519300
949.380000000 9.800000000 7.119746685000
952.380000000 9.800000000 7.110704422000
956.880000000 9.600000000 7.106606483500
955.880000000 9.600000000 7.102997303000
940.380000000 6.600000000 7.096199512500
948.380000000 7.800000000 7.093705177300
949.630000000 7.200000000 7.078498363500
949.380000000 8.800000000 7.070669651000
949.130000000 8.200000000 7.062769413000
953.130000000 9.400000000 7.061568737000
958.380000000 9.400000000 7.061124801600
949.630000000 9.800000000 7.057194232900
950.630000000 10.000000000 7.056740760800
954.630000000 9.400000000 7.028573989900
953.380000000 9.400000000 7.023612976100
953.380000000 9.200000000 7.020883083300
957.130000000 9.600000000 7.019661903400
950.880000000 9.200000000 7.016133308400
941.130000000 6.800000000 7.011817455300
940.130000000 6.000000000 7.001515388500
947.880000000 7.600000000 6.997535228700
950.880000000 9.600000000 6.985112667100
950.880000000 9.400000000 6.974160194400
958.880000000 9.000000000 6.961835384400
953.380000000 9.600000000 6.955738067600
942.130000000 7.200000000 6.948420047800
957.880000000 9.600000000 6.945933818800
941.630000000 7.400000000 6.944877147700
957.380000000 9.600000000 6.936069965400
957.630000000 9.600000000 6.932838916800
952.630000000 9.600000000 6.920367240900
947.630000000 7.600000000 6.915067672700
953.630000000 9.200000000 6.907700061800
953.380000000 9.800000000 6.887977123300
950.880000000 9.800000000 6.887263298000
949.380000000 7.800000000 6.886881351500
953.380000000 10.000000000 6.863592147800
948.630000000 8.000000000 6.856302738200
949.380000000 7.600000000 6.843337535900
955.630000000 9.600000000 6.838384628300
946.380000000 6.600000000 6.810015201600
958.130000000 9.600000000 6.803896904000
944.130000000 6.400000000 6.798592090600
948.880000000 10.000000000 6.797495365100
949.130000000 8.400000000 6.776309490200
948.880000000 9.800000000 6.775996208200
949.380000000 9.000000000 6.775158405300
954.130000000 9.200000000 6.771077632900
949.630000000 9.400000000 6.764398098000
949.380000000 7.400000000 6.740689754500
951.630000000 9.000000000 6.695020675700
948.880000000 8.200000000 6.688888073000
953.130000000 9.200000000 6.682702541400
941.130000000 7.000000000 6.682592868800
943.630000000 6.800000000 6.681966304800
940.130000000 6.200000000 6.671875953700
949.630000000 9.600000000 6.667679786700
952.880000000 9.400000000 6.666263580300
949.130000000 9.600000000 6.660226821900
939.630000000 5.600000000 6.629765510600
949.380000000 9.600000000 6.621226310700
953.630000000 9.400000000 6.614148616800
955.630000000 5.600000000 6.612330436700
951.880000000 10.000000000 6.612045764900
941.380000000 7.400000000 6.602149486500
946.880000000 7.800000000 6.598688125600
955.380000000 9.600000000 6.598625659900
943.380000000 7.000000000 6.598043918600
942.880000000 7.200000000 6.592092990900
942.380000000 7.200000000 6.586228370700
952.380000000 9.200000000 6.585036277800
950.880000000 10.000000000 6.583176136000
946.630000000 7.400000000 6.581338405600
952.130000000 9.800000000 6.577829837800
941.880000000 7.400000000 6.575513362900
949.380000000 7.200000000 6.560711383800
942.630000000 7.200000000 6.554771900200
946.630000000 7.000000000 6.551844120000
946.630000000 7.200000000 6.537786960600
953.880000000 9.200000000 6.535566330000
947.130000000 7.800000000 6.534412860900
951.130000000 9.800000000 6.528744697600
951.130000000 9.600000000 6.513595581100
940.880000000 6.800000000 6.504860401200
940.630000000 6.800000000 6.498100757600
946.630000000 7.600000000 6.478059291800
949.130000000 8.600000000 6.474097728700
948.880000000 9.600000000 6.457406997700
946.130000000 6.400000000 6.441806793200
951.130000000 9.200000000 6.420253276800
948.130000000 7.800000000 6.413206577300
943.130000000 7.200000000 6.409929275500
949.380000000 9.200000000 6.390793800400
951.130000000 9.400000000 6.384850502000
952.380000000 9.600000000 6.375361919400
955.630000000 5.800000000 6.374754905700
958.630000000 9.400000000 6.364042758900
958.380000000 9.600000000 6.330727577200
943.880000000 6.600000000 6.316509246800
951.130000000 10.000000000 6.311624050100
953.630000000 9.600000000 6.303380489300
939.630000000 5.800000000 6.265733242000
947.380000000 7.800000000 6.189908981300
949.130000000 8.800000000 6.180339336400
941.130000000 7.200000000 6.176769256600
948.880000000 8.400000000 6.175934314700
948.380000000 8.000000000 6.161628723100
953.880000000 9.400000000 6.154453277600
955.130000000 9.600000000 6.154400348700
946.630000000 7.800000000 6.136427879300
940.130000000 6.400000000 6.128235340100
953.630000000 9.800000000 6.100031852700
948.630000000 8.200000000 6.098993301400
952.630000000 9.400000000 6.090198516800
949.380000000 9.400000000 6.083626747100
939.880000000 5.600000000 6.081729412100
948.630000000 9.800000000 6.079787254300
951.880000000 9.000000000 6.066248416900
955.380000000 6.000000000 6.038367271400
951.880000000 9.800000000 6.038090705900
942.130000000 7.400000000 6.036889076200
951.380000000 9.200000000 6.036310672800
958.880000000 9.200000000 6.024163723000
944.380000000 6.400000000 6.006560325600
949.130000000 9.400000000 5.990192413300
947.880000000 7.800000000 5.979959011100
948.630000000 9.600000000 5.978330612200
951.380000000 9.800000000 5.967834949500
948.630000000 10.000000000 5.961426258100
951.630000000 10.000000000 5.947999477400
953.630000000 10.000000000 5.943879604300
948.880000000 9.400000000 5.932723045300
947.630000000 7.800000000 5.926225662200
951.380000000 9.600000000 5.910662651100
939.880000000 5.800000000 5.899875640900
949.130000000 9.000000000 5.898426532700
952.130000000 9.600000000 5.891666889200
944.630000000 6.400000000 5.874544620500
944.880000000 6.400000000 5.867121696500
943.380000000 7.200000000 5.850347042100
946.380000000 6.800000000 5.812913417800
939.630000000 6.000000000 5.805799961100
957.880000000 9.800000000 5.805226802800
958.130000000 9.800000000 5.793635845200
951.380000000 10.000000000 5.784235477400
946.880000000 8.000000000 5.779900074000
945.130000000 6.400000000 5.763335228000
953.880000000 9.600000000 5.747848510700
948.880000000 8.600000000 5.746505737300
951.380000000 9.400000000 5.738366603900
942.380000000 7.400000000 5.730504512800
941.630000000 7.600000000 5.726525306700
959.380000000 8.800000000 5.701855659500
954.880000000 5.600000000 5.692311286900
942.630000000 7.400000000 5.675113678000
942.880000000 7.400000000 5.666877746600
952.130000000 9.200000000 5.659171104400
945.880000000 6.400000000 5.655468940700
957.630000000 9.800000000 5.641417026500
943.630000000 7.000000000 5.636250019100
940.380000000 6.800000000 5.634887695300
946.630000000 8.000000000 5.621994972200
939.880000000 6.000000000 5.615070819900
941.130000000 8.000000000 5.611418247200
947.130000000 8.000000000 5.605281353000
949.130000000 9.200000000 5.601305007900
940.880000000 8.000000000 5.601227760300
948.630000000 9.400000000 5.600770473500
954.380000000 9.400000000 5.600350379900
940.880000000 8.200000000 5.596891880000
952.380000000 9.400000000 5.590294838000
954.880000000 9.600000000 5.575538635300
941.130000000 8.200000000 5.570582389800
945.380000000 6.400000000 5.569730281800
940.380000000 8.000000000 5.552170753500
940.630000000 8.200000000 5.551962375600
940.630000000 8.000000000 5.550537586200
940.380000000 8.200000000 5.545431137100
941.380000000 7.600000000 5.530849933600
955.130000000 5.800000000 5.528534412400
954.130000000 9.400000000 5.522642612500
941.130000000 7.400000000 5.521478653000
940.130000000 8.000000000 5.515910148600
959.130000000 9.000000000 5.515673637400
957.380000000 9.800000000 5.502822399100
940.880000000 8.400000000 5.484539508800
951.630000000 9.800000000 5.483937263500
948.630000000 8.400000000 5.479837417600
958.630000000 9.600000000 5.478466033900
956.630000000 9.800000000 5.477572917900
951.630000000 9.200000000 5.477420330000
957.130000000 9.800000000 5.476628303500
943.130000000 7.400000000 5.469323158300
948.130000000 8.000000000 5.468449592600
951.880000000 9.600000000 5.467950344100
958.380000000 9.800000000 5.466103076900
940.130000000 8.200000000 5.465959072100
956.880000000 9.800000000 5.452871799500
940.630000000 8.400000000 5.449397087100
945.630000000 6.400000000 5.445523262000
956.380000000 9.800000000 5.445418834700
946.130000000 9.000000000 5.438736915600
958.880000000 9.400000000 5.437438964800
941.880000000 7.600000000 5.430549621600
956.130000000 9.800000000 5.430302619900
948.880000000 8.800000000 5.410510063200
940.380000000 8.400000000 5.383461475400
946.130000000 8.800000000 5.360241413100
941.380000000 8.000000000 5.355780601500
948.380000000 8.200000000 5.354739189100
945.880000000 9.000000000 5.321812629700
955.880000000 9.800000000 5.321086883500
946.380000000 8.800000000 5.319100856800
946.380000000 7.000000000 5.315445900000
939.880000000 8.200000000 5.315362453500
939.880000000 8.000000000 5.311968803400
941.130000000 8.400000000 5.309149265300
939.630000000 6.200000000 5.284599304200
940.130000000 6.600000000 5.280347824100
940.130000000 8.400000000 5.275785923000
947.380000000 8.000000000 5.273742198900
953.880000000 9.800000000 5.265827655800
948.380000000 9.600000000 5.261772155800
946.380000000 9.000000000 5.250811100000
946.130000000 9.200000000 5.250350475300
945.880000000 9.200000000 5.245022296900
941.380000000 8.200000000 5.241339683500
948.880000000 9.200000000 5.239311695100
951.630000000 9.600000000 5.238352298700
952.130000000 9.400000000 5.236353397400
943.880000000 6.800000000 5.235158443500
940.130000000 7.800000000 5.234292984000
946.380000000 7.600000000 5.222204685200
946.380000000 7.200000000 5.218335151700
941.130000000 7.800000000 5.215262889900
948.380000000 9.800000000 5.209523677800
940.380000000 7.800000000 5.206587314600
946.380000000 7.800000000 5.203339099900
946.380000000 8.600000000 5.196757793400
939.880000000 6.200000000 5.195088386500
951.630000000 9.400000000 5.187053203600
948.880000000 9.000000000 5.155766010300
946.880000000 8.200000000 5.149637699100
940.880000000 7.800000000 5.144682884200
946.380000000 7.400000000 5.141382694200
955.380000000 5.800000000 5.129236698200
945.880000000 8.800000000 5.123339653000
940.630000000 7.800000000 5.122565746300
946.380000000 9.200000000 5.120245456700
946.630000000 8.200000000 5.089645862600
946.380000000 8.000000000 5.087410450000
946.130000000 9.400000000 5.085049152400
941.380000000 7.800000000 5.078830242200
955.630000000 9.800000000 5.070678234100
946.130000000 8.600000000 5.066089630100
947.880000000 8.000000000 5.060475826300
945.630000000 9.200000000 5.057193279300
939.880000000 7.800000000 5.056219577800
946.630000000 8.400000000 5.055082321200
954.130000000 9.600000000 5.040675640100
946.630000000 8.600000000 5.039742946600
945.630000000 9.000000000 5.039265632600
955.380000000 5.600000000 5.034424305000
947.630000000 8.000000000 5.024885177600
948.630000000 8.600000000 5.019119739500
940.630000000 8.600000000 5.011684417700
942.130000000 7.600000000 5.010654449500
945.880000000 9.400000000 5.002646446200
939.880000000 8.400000000 4.989634990700
939.630000000 6.400000000 4.988285064700
948.630000000 9.200000000 4.981879711200
946.380000000 8.400000000 4.979732990300
948.380000000 9.400000000 4.972886085500
939.630000000 8.200000000 4.970415592200
946.630000000 8.800000000 4.964540481600
947.130000000 8.200000000 4.957387447400
940.380000000 8.600000000 4.948886871300
948.380000000 10.000000000 4.946493625600
951.880000000 9.400000000 4.944117069200
943.380000000 7.400000000 4.940867424000
943.630000000 7.200000000 4.936764717100
959.130000000 9.200000000 4.926290988900
946.380000000 8.200000000 4.924725532500
940.880000000 8.600000000 4.921372413600
946.380000000 9.400000000 4.916351795200
953.880000000 10.000000000 4.915654659300
939.630000000 8.000000000 4.904540538800
946.880000000 8.400000000 4.883375167800
951.880000000 9.200000000 4.864965915700
941.130000000 7.600000000 4.862691402400
944.130000000 6.600000000 4.860588550600
941.130000000 8.600000000 4.846947670000
945.380000000 9.200000000 4.819841861700
941.380000000 8.400000000 4.808682918500
940.130000000 8.600000000 4.805590152700
955.130000000 5.600000000 4.803619861600
940.130000000 7.600000000 4.802433013900
945.630000000 9.400000000 4.797455787700
946.630000000 9.000000000 4.789211750000
958.630000000 9.800000000 4.779686451000
946.130000000 9.600000000 4.776674270600
945.880000000 9.600000000 4.773879051200
945.630000000 8.800000000 4.766302108800
942.380000000 7.600000000 4.759654521900
954.630000000 9.600000000 4.757620811500
946.130000000 6.600000000 4.752299785600
945.380000000 9.000000000 4.742333889000
939.630000000 8.400000000 4.728838443800
948.380000000 8.400000000 4.725520610800
941.630000000 8.000000000 4.724227428400
945.880000000 8.600000000 4.713113308000
948.630000000 8.800000000 4.704866409300
940.880000000 7.000000000 4.704066276600
940.630000000 7.000000000 4.693739891100
942.630000000 7.600000000 4.692496776600
939.880000000 7.600000000 4.689039230300
948.130000000 8.200000000 4.688031196600
940.380000000 7.600000000 4.681813716900
946.630000000 9.200000000 4.666173934900
946.130000000 8.400000000 4.664878845200
958.880000000 9.600000000 4.662008762400
955.380000000 9.800000000 4.661310672800
939.630000000 7.800000000 4.658603668200
942.880000000 7.600000000 4.649308681500
946.880000000 8.600000000 4.643661975900
945.380000000 9.400000000 4.625738620800
947.380000000 8.200000000 4.620626449600
941.630000000 7.800000000 4.619267940500
958.130000000 10.000000000 4.612564563800
945.630000000 9.600000000 4.596251964600
939.880000000 6.400000000 4.596152305600
957.880000000 10.000000000 4.590590000200
941.630000000 8.200000000 4.586901187900
946.380000000 9.600000000 4.580654621100
939.630000000 6.600000000 4.580262184100
940.880000000 8.800000000 4.576318264000
945.130000000 9.200000000 4.571404933900
959.130000000 9.400000000 4.553503990200
939.880000000 8.600000000 4.552795887000
940.630000000 8.800000000 4.545158863100
944.380000000 6.600000000 4.525026798200
941.380000000 8.600000000 4.517572879800
940.880000000 7.200000000 4.515828609500
947.130000000 8.400000000 4.513123035400
946.630000000 9.400000000 4.512548446700
948.630000000 9.000000000 4.502245903000
940.630000000 7.600000000 4.493056297300
959.380000000 9.000000000 4.464640617400
940.880000000 7.600000000 4.463279247300
946.130000000 8.200000000 4.460125446300
945.130000000 9.000000000 4.456450462300
954.130000000 9.800000000 4.450064659100
948.380000000 9.200000000 4.445210456800
943.880000000 7.000000000 4.443979263300
940.880000000 7.400000000 4.443650245700
943.130000000 7.600000000 4.434605598400
946.880000000 8.800000000 4.418907165500
945.380000000 8.800000000 4.416695118000
948.130000000 9.600000000 4.412357330300
941.130000000 8.800000000 4.408717632300
945.130000000 9.400000000 4.400576591500
940.380000000 8.800000000 4.391110897100
957.630000000 10.000000000 4.389266967800
958.380000000 10.000000000 4.370707988700
945.880000000 9.800000000 4.354662418400
948.130000000 9.800000000 4.351518154100
947.630000000 8.200000000 4.350968837700
939.630000000 7.600000000 4.350603580500
939.630000000 7.200000000 4.345269680000
940.130000000 7.400000000 4.342426776900
947.880000000 8.200000000 4.329961776700
939.630000000 7.000000000 4.313407897900
957.380000000 10.000000000 4.310010433200
948.380000000 8.600000000 4.304553508800
945.380000000 9.600000000 4.288673400900
946.130000000 9.800000000 4.283896923100
945.630000000 8.600000000 4.283156395000
939.880000000 7.400000000 4.281985759700
941.880000000 7.800000000 4.281682491300
946.130000000 8.000000000 4.269108772300
941.630000000 8.400000000 4.268473148300
945.630000000 9.800000000 4.258128643000
944.630000000 6.600000000 4.257732391400
946.630000000 9.600000000 4.256869316100
957.130000000 10.000000000 4.252871036500
939.880000000 7.200000000 4.247272968300
958.880000000 9.800000000 4.245316028600
939.880000000 7.000000000 4.240602016400
955.130000000 9.800000000 4.231609821300
954.380000000 9.600000000 4.222661972000
940.130000000 8.800000000 4.211025714900
946.880000000 9.000000000 4.206357479100
956.880000000 10.000000000 4.200798034700
944.880000000 9.200000000 4.199270725300
945.880000000 8.400000000 4.181861400600
940.380000000 7.400000000 4.179025650000
959.130000000 9.600000000 4.174093723300
940.130000000 6.800000000 4.173012256600
948.130000000 8.400000000 4.171555995900
944.130000000 6.800000000 4.171159267400
959.380000000 9.200000000 4.168490886700
956.630000000 10.000000000 4.157271862000
943.880000000 9.200000000 4.156124115000
939.630000000 8.600000000 4.155933380100
940.130000000 7.000000000 4.155727386500
939.630000000 6.800000000 4.151947021500
944.880000000 9.000000000 4.151777267500
940.880000000 9.000000000 4.148103237200
948.130000000 9.400000000 4.147840023000
940.630000000 9.000000000 4.145292758900
945.130000000 8.800000000 4.145165920300
958.630000000 10.000000000 4.136109828900
947.130000000 8.600000000 4.135458469400
939.880000000 6.800000000 4.116345882400
943.630000000 7.400000000 4.109870433800
947.380000000 8.400000000 4.093907356300
948.380000000 8.800000000 4.087660789500
948.130000000 10.000000000 4.082431316400
946.380000000 9.800000000 4.080818176300
944.130000000 9.200000000 4.067829608900
940.380000000 7.000000000 4.058052063000
956.380000000 10.000000000 4.057762146000
941.380000000 8.800000000 4.054542541500
946.130000000 7.800000000 4.053732395200
944.380000000 6.800000000 4.050451755500
946.880000000 9.200000000 4.041149139400
944.880000000 9.400000000 4.025925159500
946.130000000 7.000000000 4.020671367600
946.880000000 9.400000000 4.016900062600
946.130000000 6.800000000 4.004139900200
945.380000000 9.800000000 4.001393795000
939.630000000 7.400000000 4.000605106400
959.130000000 9.800000000 3.999840498000
948.380000000 9.000000000 3.998897552500
946.130000000 7.200000000 3.995981216400
959.380000000 9.400000000 3.987618684800
943.880000000 9.400000000 3.976203918500
941.130000000 9.000000000 3.968362808200
942.130000000 7.800000000 3.966328859300
943.630000000 9.200000000 3.950993776300
941.630000000 8.600000000 3.950604915600
945.130000000 9.600000000 3.946716785400
940.380000000 9.000000000 3.943828344300
944.130000000 9.400000000 3.943666696500
940.130000000 7.200000000 3.943365335500
943.380000000 7.600000000 3.940787077000
954.130000000 10.000000000 3.940133571600
940.630000000 7.400000000 3.931671857800
946.880000000 9.600000000 3.926430225400
947.880000000 10.000000000 3.918671846400
939.880000000 8.800000000 3.915672063800
944.880000000 8.800000000 3.915519237500
939.880000000 6.600000000 3.911362409600
946.130000000 7.400000000 3.907628297800
959.380000000 9.600000000 3.903107404700
945.380000000 8.600000000 3.898326635400
944.630000000 6.800000000 3.867536544800
958.880000000 10.000000000 3.861246824300
947.880000000 8.400000000 3.857811927800
959.380000000 9.800000000 3.853993415800
948.130000000 8.600000000 3.852116346400
941.880000000 8.000000000 3.851796388600
956.130000000 10.000000000 3.850470066100
943.880000000 7.200000000 3.850038051600
947.130000000 8.800000000 3.848880052600
946.630000000 9.800000000 3.847692012800
947.630000000 8.400000000 3.830620527300
944.880000000 6.600000000 3.824108362200
946.130000000 7.600000000 3.813006877900
943.630000000 9.400000000 3.807064771700
941.880000000 8.200000000 3.803261518500
945.880000000 6.600000000 3.796442508700
955.880000000 10.000000000 3.790949344600
940.380000000 7.200000000 3.782027006100
942.380000000 7.800000000 3.781314373000
945.880000000 8.200000000 3.772360086400
947.880000000 9.800000000 3.771068334600
941.130000000 9.200000000 3.756567716600
941.380000000 9.000000000 3.753923893000
940.880000000 9.200000000 3.743741273900
947.630000000 10.000000000 3.741105079700
948.130000000 9.200000000 3.729676008200
954.880000000 9.800000000 3.719480752900
942.630000000 7.800000000 3.719474315600
947.630000000 9.800000000 3.716520309400
940.630000000 9.200000000 3.699929475800
959.130000000 10.000000000 3.693180799500
947.380000000 8.600000000 3.683157920800
945.630000000 8.400000000 3.679621696500
946.880000000 9.800000000 3.679489851000
942.380000000 9.200000000 3.679342985200
947.130000000 9.600000000 3.679338932000
945.880000000 10.000000000 3.679205179200
945.630000000 10.000000000 3.669653892500
959.380000000 10.000000000 3.667313575700
943.380000000 9.200000000 3.664558410600
944.130000000 7.000000000 3.657896280300
955.630000000 10.000000000 3.654553651800
944.630000000 9.000000000 3.652551412600
947.130000000 9.000000000 3.648324012800
948.130000000 8.800000000 3.647662878000
947.380000000 9.800000000 3.647355794900
942.380000000 8.400000000 3.642169714000
942.880000000 7.800000000 3.641835451100
942.630000000 9.200000000 3.636395216000
944.380000000 9.400000000 3.627887964200
945.130000000 8.600000000 3.625421285600
940.130000000 9.000000000 3.622547626500
947.130000000 9.800000000 3.617052555100
944.380000000 9.200000000 3.606758594500
943.880000000 9.000000000 3.598045587500
947.880000000 9.600000000 3.596450328800
944.880000000 6.800000000 3.588647365600
947.130000000 9.400000000 3.588570594800
944.380000000 7.000000000 3.581373453100
943.380000000 9.400000000 3.579060316100
942.130000000 8.400000000 3.577512025800
941.630000000 8.800000000 3.573864936800
940.630000000 7.200000000 3.573739290200
954.380000000 9.800000000 3.572093009900
944.880000000 9.600000000 3.570884704600
941.380000000 9.200000000 3.567865371700
946.130000000 10.000000000 3.564243316700
944.630000000 9.200000000 3.563450098000
945.130000000 9.800000000 3.561926126500
939.630000000 8.800000000 3.558593511600
948.130000000 9.000000000 3.555591344800
941.880000000 8.400000000 3.544677257500
947.380000000 9.600000000 3.543742179900
941.380000000 9.800000000 3.539304494900
947.880000000 8.600000000 3.524415016200
947.380000000 10.000000000 3.522819280600
941.130000000 9.400000000 3.520351171500
944.130000000 9.000000000 3.515197277100
944.630000000 7.000000000 3.515134811400
944.130000000 9.600000000 3.507736444500
942.630000000 9.600000000 3.506602287300
945.380000000 10.000000000 3.504302978500
940.880000000 9.400000000 3.499320268600
947.630000000 9.600000000 3.497087478600
942.880000000 9.200000000 3.494360446900
941.630000000 9.800000000 3.494102716400
942.380000000 9.600000000 3.493858337400
947.130000000 9.200000000 3.489311933500
942.630000000 9.400000000 3.488312244400
943.130000000 9.200000000 3.485224723800
941.130000000 9.800000000 3.479422807700
940.380000000 9.200000000 3.478668689700
954.630000000 9.800000000 3.460770845400
943.880000000 9.600000000 3.455949306500
947.630000000 8.600000000 3.451618194600
942.380000000 9.400000000 3.445290565500
955.380000000 10.000000000 3.431949615500
943.130000000 9.400000000 3.425583839400
945.630000000 6.600000000 3.414965391200
942.880000000 9.400000000 3.413094997400
944.380000000 9.600000000 3.410493373900
941.130000000 9.600000000 3.406554222100
947.380000000 8.800000000 3.403095245400
943.130000000 7.800000000 3.396612167400
946.380000000 10.000000000 3.389557600000
943.630000000 9.000000000 3.383055925400
944.630000000 8.800000000 3.380660772300
942.130000000 8.600000000 3.376452922800
944.880000000 7.000000000 3.376176118900
945.130000000 6.600000000 3.373845100400
944.630000000 9.400000000 3.372644186000
945.880000000 8.000000000 3.365495681800
941.880000000 9.800000000 3.365051269500
944.130000000 7.200000000 3.363015413300
942.630000000 8.400000000 3.360572814900
945.380000000 6.600000000 3.354918718300
941.380000000 9.400000000 3.347996234900
941.630000000 9.000000000 3.345621347400
946.880000000 10.000000000 3.345179557800
941.380000000 10.000000000 3.339498281500
941.380000000 9.600000000 3.337369442000
942.130000000 9.200000000 3.329934835400
943.630000000 9.600000000 3.327417612100
942.130000000 9.600000000 3.325353622400
947.130000000 10.000000000 3.324577808400
942.380000000 9.800000000 3.315404176700
947.880000000 9.400000000 3.314419031100
941.880000000 8.600000000 3.312254428900
947.880000000 8.800000000 3.311880111700
941.130000000 10.000000000 3.309368848800
947.380000000 9.400000000 3.307399749800
944.880000000 8.600000000 3.304349184000
941.630000000 9.600000000 3.302181959200
940.880000000 9.800000000 3.296086072900
942.880000000 9.600000000 3.287338018400
941.630000000 10.000000000 3.286347389200
945.380000000 8.400000000 3.283087015200
944.380000000 7.200000000 3.282603979100
940.880000000 9.600000000 3.274015665100
940.630000000 9.400000000 3.273373365400
946.630000000 10.000000000 3.268321752500
939.880000000 9.000000000 3.267197132100
945.130000000 6.800000000 3.237957477600
941.630000000 9.200000000 3.236318826700
947.380000000 9.000000000 3.235834598500
942.130000000 9.800000000 3.231077432600
944.630000000 7.200000000 3.223072767300
943.380000000 9.600000000 3.218817949300
943.630000000 7.600000000 3.218271493900
942.630000000 9.800000000 3.214375495900
947.630000000 8.800000000 3.206863403300
947.880000000 9.000000000 3.206850767100
941.880000000 9.600000000 3.206241846100
942.380000000 8.600000000 3.204023122800
947.880000000 9.200000000 3.199872016900
942.130000000 9.400000000 3.199805498100
944.380000000 9.800000000 3.178406000100
947.630000000 9.400000000 3.174184560800
940.880000000 10.000000000 3.167312383700
941.880000000 10.000000000 3.157784938800
954.880000000 10.000000000 3.151003122300
943.880000000 7.400000000 3.151000261300
943.130000000 9.600000000 3.150919914200
941.630000000 9.400000000 3.141430378000
945.130000000 10.000000000 3.138759136200
947.380000000 9.200000000 3.137400627100
942.380000000 9.000000000 3.129779100400
944.630000000 9.800000000 3.125737428700
944.880000000 7.200000000 3.124435901600
945.130000000 7.000000000 3.116828680000
942.130000000 8.000000000 3.112087726600
955.130000000 10.000000000 3.107533454900
942.630000000 9.000000000 3.103121519100
943.380000000 9.000000000 3.102965831800
940.130000000 9.200000000 3.102427721000
942.380000000 8.200000000 3.099566459700
954.380000000 10.000000000 3.095117092100
944.630000000 9.600000000 3.091498374900
944.130000000 9.800000000 3.082229614300
945.630000000 8.200000000 3.081203460700
947.630000000 9.000000000 3.075373649600
954.630000000 10.000000000 3.073482275000
941.880000000 8.800000000 3.071162223800
944.380000000 9.000000000 3.067757368100
942.130000000 8.200000000 3.059488296500
941.880000000 9.400000000 3.044794321100
947.630000000 9.200000000 3.030560255100
941.880000000 9.200000000 3.024730444000
944.630000000 10.000000000 3.011687517200
944.130000000 7.400000000 3.010236024900
941.880000000 9.000000000 2.999954700500
945.130000000 8.400000000 2.999215602900
945.880000000 7.400000000 2.993376493500
940.380000000 9.400000000 2.989048481000
943.880000000 9.800000000 2.988589286800
942.630000000 8.200000000 2.981261014900
943.630000000 9.800000000 2.981012821200
942.130000000 10.000000000 2.977983474700
942.880000000 9.000000000 2.971530675900
945.880000000 7.200000000 2.968257904100
945.880000000 7.800000000 2.966239452400
943.380000000 9.800000000 2.959989309300
945.130000000 7.200000000 2.947797536800
943.130000000 9.000000000 2.946600198700
943.380000000 7.800000000 2.941926956200
940.630000000 9.800000000 2.939192056700
945.880000000 7.600000000 2.932178735700
945.880000000 6.800000000 2.921060085300
942.880000000 9.800000000 2.917266368900
944.880000000 9.800000000 2.914146184900
940.630000000 9.600000000 2.913299322100
943.130000000 9.800000000 2.910328388200
944.380000000 10.000000000 2.905565500300
944.380000000 7.400000000 2.896087646500
939.630000000 9.000000000 2.884408712400
942.380000000 8.000000000 2.879348039600
945.380000000 7.000000000 2.870468139600
942.630000000 10.000000000 2.866376161600
940.630000000 10.000000000 2.858455658000
944.880000000 10.000000000 2.854075193400
942.380000000 10.000000000 2.848659753800
944.130000000 10.000000000 2.843151569400
944.630000000 8.600000000 2.841323852500
945.380000000 6.800000000 2.838248014500
942.630000000 8.000000000 2.829735755900
942.130000000 9.000000000 2.827811956400
942.130000000 8.800000000 2.824150562300
945.880000000 7.000000000 2.817591667200
940.380000000 10.000000000 2.808495521500
944.630000000 7.400000000 2.798570871400
942.630000000 8.600000000 2.795583248100
943.880000000 10.000000000 2.775404214900
943.380000000 10.000000000 2.764728546100
943.630000000 10.000000000 2.762436151500
945.630000000 7.000000000 2.761641740800
945.380000000 7.200000000 2.757063388800
942.880000000 8.400000000 2.749130249000
942.880000000 10.000000000 2.745953559900
943.130000000 10.000000000 2.740119218800
944.880000000 8.400000000 2.724713325500
945.630000000 6.800000000 2.724666357000
942.880000000 8.000000000 2.714588642100
944.880000000 7.400000000 2.700086832000
945.380000000 8.200000000 2.670245170600
939.880000000 9.200000000 2.662989139600
942.880000000 8.200000000 2.637022972100
940.130000000 10.000000000 2.629974365200
945.630000000 7.200000000 2.615034580200
944.380000000 8.800000000 2.603386879000
945.630000000 8.000000000 2.601324319800
943.380000000 8.800000000 2.593379974400
944.130000000 8.800000000 2.590173721300
940.130000000 9.400000000 2.585523843800
945.130000000 7.400000000 2.581483840900
943.630000000 8.800000000 2.573013544100
943.880000000 8.600000000 2.566755294800
943.630000000 8.600000000 2.548756361000
943.880000000 8.800000000 2.538136959100
943.880000000 7.600000000 2.535520553600
944.130000000 8.600000000 2.534999609000
943.130000000 8.800000000 2.522562980700
942.380000000 8.800000000 2.520100116700
940.380000000 9.600000000 2.507457733200
944.380000000 8.600000000 2.497934579800
943.880000000 8.400000000 2.471322298000
944.130000000 7.600000000 2.470258474300
939.880000000 10.000000000 2.464416027100
943.130000000 8.000000000 2.448868036300
944.130000000 8.400000000 2.442142009700
943.380000000 8.600000000 2.428399324400
945.380000000 7.400000000 2.420344114300
943.630000000 8.400000000 2.410707712200
945.130000000 8.200000000 2.393668174700
944.380000000 8.400000000 2.392226696000
944.380000000 7.600000000 2.378564596200
939.630000000 10.000000000 2.374067544900
940.380000000 9.800000000 2.369082450900
944.630000000 8.400000000 2.363284587900
943.630000000 7.800000000 2.353653430900
942.880000000 8.800000000 2.353318214400
944.630000000 7.600000000 2.290191650400
945.630000000 7.800000000 2.281428813900
942.880000000 8.600000000 2.259831428500
942.630000000 8.800000000 2.234491348300
943.630000000 8.200000000 2.232189178500
939.630000000 9.200000000 2.232018232300
943.880000000 7.800000000 2.221776723900
943.880000000 8.200000000 2.217611551300
945.630000000 7.400000000 2.205766916300
943.380000000 8.400000000 2.200809240300
944.880000000 7.600000000 2.195737361900
944.130000000 8.200000000 2.189316988000
945.630000000 7.600000000 2.188137531300
943.130000000 8.600000000 2.185136079800
944.130000000 7.800000000 2.155385017400
943.130000000 8.200000000 2.142547130600
944.380000000 8.200000000 2.142341136900
944.880000000 8.200000000 2.132803916900
945.380000000 8.000000000 2.121119260800
944.630000000 8.200000000 2.114860773100
943.380000000 8.200000000 2.112295866000
939.880000000 9.400000000 2.107046604200
940.130000000 9.600000000 2.105927228900
939.880000000 9.800000000 2.095445394500
939.630000000 9.800000000 2.086042881000
945.130000000 7.600000000 2.083863496800
943.380000000 8.000000000 2.059401512100
940.130000000 9.800000000 2.052895069100
943.130000000 8.400000000 2.036938905700
943.630000000 8.000000000 2.030423402800
943.880000000 8.000000000 1.976972222300
944.380000000 7.800000000 1.959512472200
945.380000000 7.600000000 1.952295422600
945.130000000 8.000000000 1.901978015900
944.630000000 7.800000000 1.852043867100
944.130000000 8.000000000 1.829416394200
944.880000000 8.000000000 1.796407461200
944.880000000 7.800000000 1.769621491400
939.630000000 9.600000000 1.769362568900
944.380000000 8.000000000 1.761955738100
944.630000000 8.000000000 1.735031485600
939.630000000 9.400000000 1.702314496000
945.380000000 7.800000000 1.691608548200
939.880000000 9.600000000 1.683052778200
945.130000000 7.800000000 1.676414489700
