1030.350000000 8.000000000 180.780838012700
1030.350000000 7.800000000 175.165084838900
1028.850000000 7.800000000 169.612365722700
1030.100000000 8.000000000 169.005111694300
1029.100000000 8.000000000 166.751419067400
1030.600000000 8.000000000 166.399658203100
1026.350000000 8.000000000 165.310882568400
1029.350000000 8.000000000 163.746887207000
1030.600000000 7.800000000 163.373886108400
1028.850000000 8.000000000 163.112655639600
1029.100000000 7.800000000 161.951599121100
1030.100000000 7.800000000 160.809112548800
1026.100000000 8.000000000 160.098449707000
1028.600000000 7.800000000 159.337020874000
1029.600000000 8.000000000 158.354400634800
1029.850000000 8.000000000 158.059753418000
1028.600000000 8.000000000 151.574478149400
1030.100000000 8.200000000 147.582656860400
1029.350000000 7.800000000 147.515197753900
1026.350000000 7.800000000 146.718215942400
1030.350000000 8.200000000 146.537246704100
1029.850000000 8.200000000 144.784973144500
1026.600000000 8.000000000 144.148483276400
1029.850000000 7.800000000 143.717483520500
1025.850000000 8.000000000 142.105484008800
1025.850000000 8.200000000 141.460464477500
1026.100000000 8.200000000 140.729232788100
1029.600000000 7.800000000 139.914428710900
1026.100000000 7.800000000 138.430297851600
1030.350000000 7.600000000 138.304626464800
1028.350000000 7.800000000 136.131622314500
1029.600000000 8.200000000 135.735580444300
1028.350000000 8.000000000 134.764007568400
1030.850000000 8.000000000 133.180145263700
1030.850000000 7.800000000 132.026901245100
1030.600000000 8.200000000 131.938568115200
1030.100000000 7.600000000 130.746810913100
1030.600000000 7.600000000 129.090774536100
1026.600000000 7.800000000 128.105438232400
1025.600000000 8.000000000 120.273925781200
1025.600000000 8.200000000 120.054435730000
1025.850000000 7.800000000 119.632667541500
1029.350000000 8.200000000 119.147529602100
1026.350000000 8.200000000 117.859138488800
1029.850000000 7.600000000 116.737213134800
1028.100000000 8.000000000 116.234657287600
1028.100000000 7.800000000 113.500801086400
1030.100000000 8.400000000 113.342979431200
1029.850000000 8.400000000 112.204902648900
1026.850000000 8.000000000 110.410758972200
1030.850000000 7.600000000 107.202888488800
1025.850000000 8.400000000 106.417434692400
1030.850000000 8.200000000 106.241455078100
1025.600000000 7.800000000 105.391395568800
1029.600000000 7.600000000 104.850090026900
1025.350000000 8.000000000 104.720481872600
1030.350000000 8.400000000 103.839393615700
1029.100000000 8.200000000 103.068672180200
1031.100000000 8.000000000 101.328506469700
1031.100000000 7.800000000 100.847518920900
1025.350000000 8.200000000 100.551437377900
1030.350000000 7.400000000 100.201377868700
1027.850000000 8.000000000 99.444023132300
1026.100000000 7.600000000 99.035064697300
1026.850000000 7.800000000 98.865791320800
1029.350000000 7.600000000 98.527900695800
1030.100000000 7.400000000 98.382659912100
1025.600000000 8.400000000 98.355499267600
1025.350000000 7.800000000 97.635246276900
1025.100000000 8.000000000 97.139686584500
1029.100000000 7.600000000 96.519615173300
1025.100000000 7.800000000 95.289672851600
1027.850000000 7.800000000 95.143424987800
1029.600000000 8.400000000 94.920639038100
1028.850000000 7.600000000 94.095260620100
1026.100000000 8.400000000 93.875770568800
1025.850000000 7.600000000 93.560661315900
1026.600000000 8.200000000 92.555107116700
1030.600000000 7.400000000 92.468627929700
1026.350000000 7.600000000 92.129493713400
1024.850000000 7.800000000 91.647071838400
1028.850000000 8.200000000 90.764366149900
1030.600000000 8.400000000 90.613639831500
1024.850000000 8.000000000 90.369277954100
1029.850000000 7.400000000 88.926506042500
1027.100000000 8.000000000 88.353584289600
1025.100000000 8.200000000 87.440704345700
1028.600000000 7.600000000 86.684547424300
1027.600000000 8.000000000 86.552543640100
1025.600000000 7.600000000 86.421852111800
1025.350000000 8.400000000 83.540245056200
1025.350000000 7.600000000 83.026626586900
1031.100000000 7.600000000 83.025367736800
1025.100000000 7.600000000 82.560752868700
1031.100000000 8.200000000 82.462234497100
1027.600000000 7.800000000 82.196769714400
1030.100000000 8.600000000 81.765228271500
1027.100000000 7.800000000 81.643348693800
1027.350000000 8.000000000 81.631752014200
1028.600000000 8.200000000 81.497917175300
1024.850000000 7.600000000 80.136024475100
1024.600000000 7.800000000 79.689407348600
1029.850000000 8.600000000 78.490470886200
1024.850000000 8.200000000 78.047172546400
1030.850000000 7.400000000 77.929092407200
1024.600000000 8.000000000 77.777587890600
1027.350000000 7.800000000 76.767951965300
1031.350000000 8.000000000 75.530723571800
1029.600000000 7.400000000 75.292243957500
1028.350000000 7.600000000 75.215446472200
1031.350000000 7.800000000 75.120483398400
1029.350000000 8.400000000 74.604217529300
1030.850000000 8.400000000 74.030410766600
1028.350000000 8.200000000 73.749977111800
1026.600000000 7.600000000 73.696945190400
1030.350000000 8.600000000 72.130111694300
1025.100000000 8.400000000 71.199394226100
1030.100000000 7.200000000 70.836814880400
1030.350000000 7.200000000 70.514022827100
1026.850000000 8.200000000 70.267234802200
1026.350000000 8.400000000 70.027610778800
1024.600000000 7.600000000 69.653076171900
1025.850000000 7.400000000 69.572303772000
1025.600000000 7.400000000 68.142517089800
1025.600000000 8.600000000 67.522422790500
1024.600000000 8.200000000 66.658523559600
1028.100000000 8.200000000 66.524665832500
1025.350000000 7.400000000 66.482322692900
1025.850000000 8.600000000 65.744720459000
1026.100000000 7.400000000 65.447891235400
1025.100000000 7.400000000 65.040077209500
1029.850000000 7.200000000 64.440017700200
1030.600000000 7.200000000 64.334938049300
1028.100000000 7.600000000 64.015243530300
1029.600000000 8.600000000 63.403003692600
1031.350000000 8.200000000 62.779850006100
1029.350000000 7.400000000 62.734996795700
1031.350000000 7.600000000 62.615947723400
1025.350000000 8.600000000 61.925186157200
1024.850000000 8.400000000 61.920467376700
1031.100000000 7.400000000 61.587337493900
1024.850000000 7.400000000 61.198413848900
1030.600000000 8.600000000 60.867382049600
1024.350000000 7.800000000 60.820068359400
1029.100000000 8.400000000 59.636974334700
1024.350000000 8.000000000 59.624824523900
1027.850000000 8.200000000 59.341762542700
1031.100000000 8.400000000 58.928813934300
1030.100000000 8.800000000 56.733341217000
1026.850000000 7.600000000 56.718448638900
1027.100000000 8.200000000 55.850616455100
1027.850000000 7.600000000 55.089473724400
1031.600000000 8.000000000 55.085395813000
1031.600000000 7.800000000 54.971622467000
1026.100000000 8.600000000 54.778682708700
1030.850000000 7.200000000 54.707904815700
1025.100000000 8.600000000 54.204887390100
1029.100000000 7.400000000 54.178936004600
1026.350000000 7.400000000 53.688014984100
1029.850000000 8.800000000 53.671207428000
1024.350000000 7.600000000 53.632995605500
1024.600000000 7.400000000 53.208686828600
1027.600000000 8.200000000 53.193264007600
1029.600000000 7.200000000 53.059524536100
1024.600000000 8.400000000 53.012504577600
1024.350000000 8.200000000 52.161426544200
1025.600000000 7.200000000 51.918876647900
1027.350000000 8.200000000 51.202888488800
1026.600000000 8.400000000 50.913169860800
1025.350000000 7.200000000 50.874813079800
1030.350000000 8.800000000 50.832584381100
1030.850000000 8.600000000 50.287292480500
1028.850000000 8.400000000 50.046016693100
1030.100000000 7.000000000 49.943199157700
1025.850000000 7.200000000 49.678482055700
1030.350000000 7.000000000 49.671363830600
1027.600000000 7.600000000 48.728599548300
1028.850000000 7.400000000 48.566764831500
1029.350000000 8.600000000 48.288520813000
1025.100000000 7.200000000 48.259170532200
1027.100000000 7.600000000 47.752971649200
1024.850000000 8.600000000 47.228446960400
1031.350000000 7.400000000 47.066871643100
1031.600000000 7.600000000 46.500221252400
1031.600000000 8.200000000 46.353485107400
1031.350000000 8.400000000 46.145771026600
1027.350000000 7.600000000 45.713535308800
1030.600000000 7.000000000 45.149841308600
1029.850000000 7.000000000 45.129734039300
1024.850000000 7.200000000 43.977657318100
1031.100000000 7.200000000 43.932514190700
1028.600000000 7.400000000 43.596111297600
1028.600000000 8.400000000 43.592155456500
1025.350000000 8.800000000 43.320720672600
1029.600000000 8.800000000 43.274585723900
1025.600000000 8.800000000 43.224273681600
1024.100000000 7.800000000 43.098587036100
1030.600000000 8.800000000 42.498714447000
1024.100000000 8.000000000 42.284919738800
1026.100000000 7.200000000 42.269805908200
1024.350000000 7.400000000 42.144237518300
1024.350000000 8.400000000 42.033782959000
1029.350000000 7.200000000 41.431877136200
1026.350000000 8.600000000 41.013351440400
1031.100000000 8.600000000 40.862598419200
1024.600000000 8.600000000 40.511238098100
1026.600000000 7.400000000 40.242557525600
1025.100000000 8.800000000 40.068027496300
1031.850000000 7.800000000 39.890377044700
1031.850000000 8.000000000 39.192489624000
1025.850000000 8.800000000 38.787971496600
1024.100000000 7.600000000 38.732662200900
1026.850000000 8.400000000 38.728984832800
1030.100000000 9.000000000 38.725307464600
1028.350000000 8.400000000 38.673282623300
1030.850000000 7.000000000 38.493518829300
1025.600000000 7.000000000 38.473075866700
1028.350000000 7.400000000 38.378887176500
1025.350000000 7.000000000 38.127826690700
1024.600000000 7.200000000 37.945568084700
1029.100000000 8.600000000 37.776168823200
1024.100000000 8.200000000 37.172931671100
1029.600000000 7.000000000 36.750270843500
1029.850000000 9.000000000 36.419391632100
1030.350000000 9.000000000 36.082370758100
1024.850000000 8.800000000 35.619552612300
1031.600000000 7.400000000 35.601200103800
1030.350000000 6.800000000 35.291255950900
1025.100000000 7.000000000 35.281505584700
1030.850000000 8.800000000 35.242214202900
1030.100000000 6.800000000 34.903392791700
1031.850000000 7.600000000 34.815444946300
1025.850000000 7.000000000 34.645351409900
1031.600000000 8.400000000 34.633720397900
1028.100000000 8.400000000 34.590888977100
1031.350000000 7.200000000 33.983722686800
1028.100000000 7.400000000 33.474254608200
1029.350000000 8.800000000 33.380825042700
1029.100000000 7.200000000 33.043884277300
1031.850000000 8.200000000 32.824268341100
1024.350000000 8.600000000 32.688976287800
1031.350000000 8.600000000 32.462150573700
1030.600000000 6.800000000 32.453525543200
1026.350000000 7.200000000 32.182060241700
1026.100000000 8.800000000 31.846872329700
1024.850000000 7.000000000 31.389053344700
1024.100000000 7.400000000 31.203609466600
1027.100000000 8.400000000 31.195608139000
1031.100000000 7.000000000 31.181209564200
1029.850000000 6.800000000 31.129055023200
1027.850000000 8.400000000 31.069700241100
1030.600000000 9.000000000 30.992164611800
1028.850000000 8.600000000 30.970317840600
1026.850000000 7.400000000 30.822219848600
1024.350000000 7.200000000 30.811609268200
1024.600000000 8.800000000 30.736806869500
1029.600000000 9.000000000 30.488853454600
1024.100000000 8.400000000 30.403345108000
1025.350000000 9.000000000 29.936624527000
1023.850000000 7.800000000 29.827037811300
1026.600000000 8.600000000 29.669275283800
1027.850000000 7.400000000 29.433380127000
1025.100000000 9.000000000 29.414159774800
1032.100000000 7.800000000 29.221920013400
1031.100000000 8.800000000 28.823120117200
1023.850000000 8.000000000 28.807659149200
1025.350000000 6.800000000 28.537637710600
1027.600000000 8.400000000 28.421051025400
1029.350000000 7.000000000 28.148513793900
1025.600000000 6.800000000 28.059801101700
1027.350000000 8.400000000 28.004068374600
1025.600000000 9.000000000 27.755537033100
1028.850000000 7.200000000 27.722097396900
1030.850000000 6.800000000 27.679359436000
1026.100000000 7.000000000 27.602035522500
1032.100000000 8.000000000 27.583908081100
1031.850000000 7.400000000 27.385911941500
1023.850000000 7.600000000 27.094648361200
1024.600000000 7.000000000 26.974466323900
1024.850000000 9.000000000 26.952350616500
1027.600000000 7.400000000 26.497335434000
1032.100000000 7.600000000 26.457843780500
1025.100000000 6.800000000 26.287151336700
1028.600000000 8.600000000 26.204917907700
1031.600000000 7.200000000 26.182130813600
1029.100000000 8.800000000 26.164279937700
1027.100000000 7.400000000 26.136556625400
1030.100000000 9.200000000 26.128114700300
1030.850000000 9.000000000 25.848106384300
1030.350000000 9.200000000 25.514192581200
1030.350000000 6.600000000 25.288984298700
1029.600000000 6.800000000 25.271362304700
1024.350000000 8.800000000 25.168464660600
1027.350000000 7.400000000 25.100393295300
1023.850000000 8.200000000 25.059686660800
1029.850000000 9.200000000 24.671054840100
1026.350000000 8.800000000 24.622983932500
1031.600000000 8.600000000 24.597620010400
1031.850000000 8.400000000 24.463438034100
1031.350000000 7.000000000 24.421688079800
1030.100000000 6.600000000 24.404191970800
1029.350000000 9.000000000 24.252439498900
1028.600000000 7.200000000 24.131467819200
1025.850000000 6.800000000 24.038486480700
1024.100000000 8.600000000 24.038137435900
1030.600000000 6.600000000 23.742336273200
1025.850000000 9.000000000 23.717611312900
1024.600000000 9.000000000 23.562908172600
1024.100000000 7.200000000 23.499629974400
1026.600000000 7.200000000 23.465856552100
1030.600000000 9.200000000 23.135347366300
1024.850000000 6.800000000 23.108816146900
1031.350000000 8.800000000 22.916481018100
1031.100000000 6.800000000 22.473482132000
1028.350000000 8.600000000 22.470500946000
1026.850000000 8.600000000 22.458684921300
1024.350000000 7.000000000 22.233705520600
1032.100000000 8.200000000 22.114618301400
1023.850000000 7.400000000 22.031513214100
1025.100000000 9.200000000 21.701173782300
1029.600000000 9.200000000 21.657539367700
1029.100000000 7.000000000 21.634935379000
1032.100000000 7.400000000 21.487958908100
1025.350000000 6.600000000 21.453945159900
1029.850000000 6.600000000 21.451946258500
1032.350000000 7.800000000 21.391893386800
1028.350000000 7.200000000 21.207334518400
1028.850000000 8.800000000 21.124416351300
1031.100000000 9.000000000 21.057189941400
1025.350000000 9.200000000 21.014514923100
1024.850000000 9.200000000 20.621246337900
1031.850000000 7.200000000 20.575971603400
1023.850000000 8.400000000 20.495994567900
1032.350000000 7.600000000 20.424974441500
1030.850000000 6.600000000 20.406070709200
1025.600000000 6.600000000 20.320690155000
1026.350000000 7.000000000 20.163734436000
1025.100000000 6.600000000 20.114356994600
1023.600000000 7.800000000 20.107866287200
1024.600000000 6.800000000 19.787885665900
1030.850000000 9.200000000 19.692239761400
1024.350000000 9.000000000 19.618183136000
1028.100000000 8.600000000 19.431827545200
1029.350000000 6.800000000 19.380371093800
1023.600000000 8.000000000 19.360170364400
1026.100000000 9.000000000 19.289312362700
1029.100000000 9.000000000 19.197011947600
1031.600000000 7.000000000 19.153154373200
1024.100000000 8.800000000 19.028841018700
1032.350000000 8.000000000 18.805236816400
1028.100000000 7.200000000 18.670627594000
1025.600000000 9.200000000 18.583225250200
1026.600000000 8.800000000 18.521318435700
1024.600000000 9.200000000 18.378030777000
1026.100000000 6.800000000 18.251144409200
1030.350000000 6.400000000 18.246154785200
1023.600000000 7.600000000 18.210083007800
1027.100000000 8.600000000 18.203685760500
1029.350000000 9.200000000 18.028953552200
1030.350000000 9.400000000 18.027544021600
1026.850000000 7.200000000 17.971300125100
1031.350000000 6.800000000 17.854064941400
1024.850000000 6.600000000 17.743711471600
1030.100000000 9.400000000 17.721923828100
1030.600000000 6.400000000 17.559610366800
1029.600000000 6.600000000 17.467065811200
1031.600000000 8.800000000 17.387479782100
1028.850000000 7.000000000 17.370529174800
1028.600000000 8.800000000 17.355087280300
1031.850000000 8.600000000 17.329862594600
1030.600000000 9.400000000 17.305870056200
1024.100000000 7.000000000 17.264701843300
1030.100000000 6.400000000 17.162271499600
1032.350000000 7.400000000 17.143142700200
1027.850000000 8.600000000 17.117094039900
1023.600000000 8.200000000 16.954427719100
1021.600000000 9.400000000 16.887504577600
1029.850000000 9.400000000 16.837360382100
1023.850000000 7.200000000 16.738853454600
1021.600000000 9.200000000 16.692239761400
1025.850000000 6.600000000 16.673332214400
1031.100000000 6.600000000 16.642900466900
1031.350000000 9.000000000 16.618999481200
1021.350000000 9.400000000 16.617626190200
1021.350000000 9.200000000 16.576963424700
1027.850000000 7.200000000 16.553901672400
1023.850000000 8.600000000 16.533187866200
1032.100000000 7.200000000 16.511306762700
1024.350000000 6.800000000 16.357286453200
1025.100000000 9.400000000 16.283960342400
1025.350000000 6.400000000 16.156295776400
1027.350000000 8.600000000 16.011085510300
1031.100000000 9.200000000 16.001867294300
1032.100000000 8.400000000 15.989261627200
1024.850000000 9.400000000 15.979691505400
1032.600000000 7.600000000 15.830008506800
1027.600000000 8.600000000 15.789054870600
1025.100000000 6.400000000 15.673184394800
1024.350000000 9.200000000 15.632830619800
1029.600000000 9.400000000 15.428194999700
1025.850000000 9.200000000 15.420644760100
1024.100000000 9.000000000 15.374917984000
1030.850000000 6.400000000 15.343279838600
1025.350000000 9.400000000 15.342819213900
1026.350000000 9.000000000 15.324610710100
1028.850000000 9.000000000 15.323210716200
1023.600000000 8.400000000 15.321169853200
1030.850000000 9.400000000 15.318379402200
1031.850000000 7.000000000 15.315029144300
1027.100000000 7.200000000 15.275573730500
1032.600000000 7.800000000 15.174900054900
1024.600000000 6.600000000 15.132137298600
1021.600000000 9.600000000 15.094404220600
1027.600000000 7.200000000 15.090036392200
1029.850000000 6.400000000 14.910449028000
1023.850000000 8.800000000 14.800827026400
1029.100000000 6.800000000 14.780375480700
1021.100000000 9.200000000 14.714568138100
1021.100000000 9.400000000 14.713235855100
1023.600000000 7.400000000 14.700464248700
1025.600000000 6.400000000 14.674947738600
1028.600000000 7.000000000 14.636206626900
1024.600000000 9.400000000 14.622121810900
1026.600000000 7.000000000 14.606150627100
1021.350000000 9.600000000 14.569459915200
1021.850000000 9.400000000 14.551716804500
1029.100000000 9.200000000 14.531228065500
1027.350000000 7.200000000 14.527689933800
1021.350000000 9.000000000 14.479262352000
1021.600000000 9.000000000 14.402981758100
1028.350000000 8.800000000 14.299481391900
1031.600000000 6.800000000 14.229578971900
1023.600000000 8.600000000 14.207941055300
1032.350000000 8.200000000 14.158890724200
1026.850000000 8.800000000 14.095201492300
1021.850000000 9.600000000 14.073546409600
1024.850000000 6.400000000 14.057139396700
1032.600000000 7.400000000 13.900928497300
1021.850000000 9.200000000 13.710591316200
1023.850000000 9.000000000 13.609207153300
1029.350000000 6.600000000 13.545932769800
1025.600000000 9.400000000 13.496235847500
1024.100000000 9.200000000 13.460437774700
1032.350000000 7.200000000 13.402608871500
1029.350000000 9.400000000 13.386048317000
1031.350000000 6.600000000 13.384406089800
1021.100000000 9.000000000 13.267177581800
1021.100000000 9.600000000 13.186222076400
1023.600000000 8.800000000 13.178161621100
1030.350000000 6.200000000 13.148623466500
1026.350000000 6.800000000 13.144020080600
1023.350000000 8.000000000 13.121302604700
1025.100000000 9.600000000 13.089305877700
1030.600000000 6.200000000 12.995319366500
1030.600000000 9.600000000 12.944908142100
1020.850000000 9.400000000 12.890559196500
1024.850000000 9.600000000 12.878686904900
1023.350000000 8.200000000 12.873060226400
1023.350000000 7.800000000 12.872611045800
1030.350000000 9.600000000 12.853721618700
1024.350000000 9.400000000 12.851920127900
1020.850000000 9.200000000 12.836712837200
1024.100000000 6.800000000 12.813188552900
1028.350000000 7.000000000 12.709453582800
1031.100000000 6.400000000 12.662464141800
1023.850000000 9.200000000 12.639287948600
1031.100000000 9.400000000 12.572019577000
1031.600000000 9.000000000 12.563267707800
1031.350000000 9.200000000 12.518453598000
1021.850000000 9.800000000 12.499447822600
1023.850000000 7.000000000 12.485071182300
1021.600000000 9.800000000 12.446799278300
1024.350000000 6.600000000 12.446555137600
1032.100000000 7.000000000 12.442939758300
1023.350000000 8.400000000 12.421332359300
1026.100000000 9.200000000 12.403657913200
1024.100000000 9.400000000 12.368607521100
1025.350000000 9.600000000 12.339416503900
1026.100000000 6.600000000 12.327572822600
1031.850000000 8.800000000 12.289665222200
1030.100000000 9.600000000 12.268713951100
1023.600000000 9.000000000 12.257858276400
1025.100000000 6.200000000 12.250162124600
1028.600000000 9.000000000 12.232105255100
1024.600000000 9.600000000 12.205912590000
1029.600000000 6.400000000 12.194770813000
1030.100000000 6.200000000 12.141090393100
1025.350000000 6.200000000 12.099752426100
1032.600000000 8.000000000 12.060568809500
1022.100000000 9.600000000 12.041944503800
1026.600000000 9.000000000 12.026342392000
1030.850000000 9.600000000 12.007449150100
1024.600000000 6.400000000 12.000991821300
1032.850000000 7.600000000 11.987473487900
1020.850000000 9.600000000 11.928599357600
1021.850000000 9.000000000 11.862886428800
1028.100000000 8.800000000 11.828882217400
1023.350000000 8.600000000 11.790129661600
1023.850000000 9.400000000 11.743466377300
1024.350000000 9.600000000 11.733457565300
1021.350000000 9.800000000 11.722989082300
1020.850000000 9.000000000 11.691134452800
1029.850000000 9.600000000 11.679277420000
1030.850000000 6.200000000 11.675772666900
1028.850000000 6.800000000 11.609086990400
1025.850000000 6.400000000 11.606659889200
1020.600000000 9.400000000 11.572567939800
1031.850000000 6.800000000 11.525959968600
1021.350000000 8.800000000 11.504294395400
1022.100000000 9.400000000 11.490891456600
1028.850000000 9.200000000 11.483047485400
1022.100000000 9.800000000 11.467636108400
1024.100000000 9.600000000 11.412156105000
1023.600000000 9.200000000 11.407774925200
1023.350000000 7.600000000 11.369972229000
1024.850000000 9.800000000 11.338572502100
1027.100000000 8.800000000 11.314335823100
1024.850000000 6.200000000 11.280902862500
1021.600000000 8.800000000 11.275194168100
1026.850000000 7.000000000 11.263905525200
1032.850000000 7.400000000 11.237506866500
1032.100000000 8.600000000 11.221130371100
1020.600000000 9.600000000 11.197052955600
1025.100000000 9.800000000 11.195690155000
1023.600000000 7.200000000 11.181736946100
1028.100000000 7.000000000 11.125946044900
1020.600000000 9.200000000 11.092719078100
1024.600000000 9.800000000 11.082877159100
1023.350000000 8.800000000 11.048988342300
1029.100000000 9.400000000 10.985337257400
1025.850000000 9.400000000 10.979437828100
1032.600000000 7.200000000 10.977325439500
1029.600000000 9.600000000 10.966531753500
1023.850000000 9.600000000 10.878523826600
1021.100000000 8.800000000 10.872402191200
1031.600000000 6.600000000 10.854988098100
1021.100000000 9.800000000 10.836441040000
1024.350000000 9.800000000 10.798160553000
1020.350000000 9.600000000 10.671076774600
1023.600000000 9.400000000 10.594688415500
1024.100000000 9.800000000 10.517075538600
1025.600000000 9.600000000 10.487025260900
1025.600000000 6.200000000 10.476692199700
1029.850000000 6.200000000 10.471833229100
1021.850000000 10.000000000 10.399262428300
1029.100000000 6.600000000 10.371614456200
1020.350000000 9.400000000 10.367326736500
1031.350000000 6.400000000 10.338501930200
1032.850000000 7.800000000 10.314394950900
1023.350000000 9.000000000 10.293513298000
1020.850000000 9.800000000 10.242344856300
1020.350000000 9.800000000 10.210844993600
1020.100000000 9.800000000 10.190070152300
1022.100000000 9.200000000 10.169314384500
1031.100000000 9.600000000 10.139361381500
1032.350000000 7.000000000 10.139071464500
1025.350000000 9.800000000 10.134459495500
1020.600000000 9.800000000 10.104794502300
1027.850000000 8.800000000 10.100526809700
1024.600000000 10.000000000 10.080882072400
1024.850000000 10.000000000 10.060776710500
1039.100000000 5.200000000 10.019244194000
1022.100000000 10.000000000 10.007968902600
1023.850000000 9.800000000 9.999183654800
1020.100000000 9.600000000 9.996213913000
1026.350000000 9.200000000 9.943245887800
1024.350000000 10.000000000 9.930704116800
1021.600000000 10.000000000 9.928636550900
1031.100000000 6.200000000 9.868206024200
1027.850000000 7.000000000 9.867835998500
1032.350000000 8.400000000 9.851578712500
1031.350000000 9.400000000 9.848743438700
1022.350000000 9.600000000 9.842373848000
1024.350000000 6.400000000 9.832880020100
1024.100000000 6.600000000 9.806324958800
1029.350000000 9.600000000 9.799718856800
1020.600000000 9.000000000 9.778876304600
1039.350000000 5.200000000 9.768511772200
1023.600000000 9.600000000 9.766126632700
1030.600000000 9.800000000 9.763909339900
1027.350000000 8.800000000 9.761002540600
1022.350000000 9.800000000 9.740717887900
1024.600000000 6.200000000 9.724934577900
1028.350000000 9.000000000 9.681299209600
1024.100000000 10.000000000 9.653856277500
1020.100000000 10.000000000 9.633422851600
1026.600000000 6.800000000 9.633163452100
1020.850000000 8.800000000 9.610446929900
1025.100000000 10.000000000 9.588129997300
1029.350000000 6.400000000 9.566485405000
1021.850000000 8.800000000 9.560905456500
1023.350000000 9.200000000 9.554800987200
1030.600000000 6.000000000 9.513262748700
1027.100000000 7.000000000 9.505694389300
1028.600000000 6.800000000 9.494863510100
1025.100000000 6.000000000 9.488801002500
1023.850000000 10.000000000 9.486520767200
1030.850000000 9.800000000 9.455255508400
1031.600000000 9.200000000 9.454947471600
1023.850000000 6.800000000 9.451789856000
1030.350000000 6.000000000 9.408539772000
1032.100000000 6.800000000 9.407445907600
1026.850000000 9.000000000 9.390585899400
1030.350000000 9.800000000 9.376489639300
1027.600000000 8.800000000 9.348013877900
1020.350000000 9.200000000 9.329698562600
1022.600000000 9.800000000 9.221757888800
1020.350000000 10.000000000 9.153623580900
1023.600000000 10.000000000 9.150143623400
1022.600000000 10.000000000 9.144953727700
1038.850000000 5.200000000 9.132902145400
1023.350000000 7.400000000 9.127013206500
1021.350000000 10.000000000 9.117827415500
1022.850000000 10.000000000 9.113968849200
1020.100000000 9.400000000 9.095345497100
1022.350000000 9.400000000 9.076898574800
1027.600000000 7.000000000 9.062712669400
1032.850000000 7.200000000 9.044329643200
1022.850000000 9.800000000 9.035132408100
1024.850000000 6.000000000 9.033248901400
1033.100000000 7.400000000 9.029320716900
1031.850000000 9.000000000 8.987289428700
1023.600000000 9.800000000 8.978266716000
1023.100000000 8.200000000 8.937370300300
1023.100000000 8.400000000 8.914656639100
1025.350000000 6.000000000 8.913794517500
1028.600000000 9.200000000 8.907705307000
1026.350000000 6.600000000 8.902104377700
1031.850000000 6.600000000 8.889569282500
1027.350000000 7.000000000 8.873124122600
1023.100000000 10.000000000 8.868418693500
1023.350000000 10.000000000 8.854706764200
1030.850000000 6.000000000 8.853523254400
1023.350000000 9.400000000 8.845038414000
1022.350000000 10.000000000 8.844594955400
1039.600000000 5.200000000 8.811482429500
1033.100000000 7.600000000 8.809718132000
1030.100000000 9.800000000 8.789367675800
1022.600000000 9.600000000 8.784252166700
1023.100000000 9.800000000 8.669384956400
1022.100000000 9.000000000 8.666201591500
1023.100000000 8.600000000 8.638258934000
1023.350000000 9.800000000 8.629792213400
1028.850000000 9.400000000 8.620803833000
1022.850000000 9.600000000 8.605762481700
1030.100000000 6.000000000 8.603762626600
1029.600000000 6.200000000 8.592755317700
1020.600000000 10.000000000 8.588452339200
1026.100000000 9.400000000 8.582446098300
1023.100000000 8.000000000 8.566292762800
1031.600000000 6.400000000 8.536173820500
1039.350000000 5.400000000 8.533964157100
1026.100000000 6.400000000 8.516862869300
1023.600000000 7.000000000 8.503119468700
1021.100000000 10.000000000 8.497645378100
1032.600000000 8.200000000 8.483289718600
1021.350000000 8.600000000 8.439499855000
1039.100000000 5.400000000 8.383698463400
1023.350000000 9.600000000 8.369829177900
1025.350000000 10.000000000 8.364712715100
1039.850000000 6.600000000 8.357847213700
1031.100000000 9.800000000 8.332912445100
1029.850000000 9.800000000 8.328034400900
1020.850000000 10.000000000 8.310835838300
1039.850000000 6.800000000 8.309953689600
1023.100000000 9.600000000 8.306349754300
1025.600000000 9.800000000 8.285624504100
1032.600000000 7.000000000 8.248962402300
1039.600000000 5.400000000 8.234540939300
1039.850000000 6.400000000 8.233834266700
1023.100000000 8.800000000 8.217085838300
1031.350000000 6.200000000 8.214933395400
1025.850000000 9.600000000 8.208052635200
1029.100000000 9.600000000 8.199852943400
1021.600000000 8.600000000 8.158063888500
1039.850000000 6.200000000 8.120066642800
1025.850000000 6.200000000 8.098315239000
1021.100000000 8.600000000 8.094298362700
1031.350000000 9.600000000 8.092425346400
1039.850000000 6.000000000 8.085066795300
1028.850000000 6.600000000 8.066205024700
1039.850000000 5.800000000 8.059003830000
1028.350000000 6.800000000 8.037768364000
1039.850000000 7.000000000 8.029714584400
1032.100000000 8.800000000 8.027942657500
1039.850000000 5.600000000 8.013821601900
1026.600000000 9.200000000 8.007935524000
1024.350000000 6.200000000 8.006329536400
1024.600000000 6.000000000 7.961430549600
1039.850000000 5.400000000 7.952128410300
1039.850000000 5.200000000 7.919571876500
1022.600000000 9.400000000 7.890294075000
1022.850000000 9.400000000 7.873639106800
1020.600000000 8.800000000 7.853358268700
1029.600000000 9.800000000 7.844845295000
1022.350000000 9.200000000 7.838773727400
1023.100000000 9.400000000 7.830616951000
1020.350000000 9.000000000 7.820250988000
1024.100000000 6.400000000 7.808352947200
1023.100000000 9.000000000 7.771502971600
1031.100000000 6.000000000 7.760204315200
1020.100000000 9.200000000 7.758868694300
1023.100000000 7.800000000 7.753572940800
1033.350000000 7.400000000 7.718983173400
1039.600000000 5.600000000 7.676524639100
1033.100000000 7.200000000 7.656882286100
1028.100000000 9.000000000 7.644443035100
1038.850000000 5.400000000 7.613700389900
1032.350000000 6.800000000 7.602686882000
1030.850000000 10.000000000 7.560375690500
1039.850000000 7.200000000 7.538277626000
1030.600000000 10.000000000 7.534024238600
1031.600000000 9.400000000 7.520630359600
1026.850000000 6.800000000 7.476666450500
1032.850000000 8.000000000 7.471859455100
1023.850000000 6.600000000 7.450955867800
1027.100000000 9.000000000 7.450067997000
1029.850000000 6.000000000 7.404397010800
1025.600000000 6.000000000 7.388234615300
1029.100000000 6.400000000 7.375399589500
1039.600000000 5.800000000 7.332611560800
1023.100000000 9.200000000 7.331698417700
1033.600000000 7.400000000 7.311641216300
1039.350000000 5.600000000 7.297638416300
1032.100000000 6.600000000 7.250008106200
1033.350000000 7.200000000 7.244443416600
1033.600000000 7.200000000 7.218471050300
1022.100000000 8.800000000 7.215137481700
1025.100000000 5.800000000 7.206461906400
1024.850000000 5.800000000 7.175399780300
1021.850000000 8.600000000 7.164876461000
1023.350000000 7.200000000 7.151332378400
1029.350000000 9.800000000 7.100988864900
1033.100000000 7.800000000 7.094785213500
1020.850000000 8.600000000 7.094330787700
1030.350000000 10.000000000 7.088251113900
1031.850000000 6.400000000 7.079797267900
1039.600000000 6.000000000 7.077195644400
1033.850000000 7.400000000 7.058180809000
1038.600000000 5.200000000 7.046413898500
1033.850000000 7.200000000 7.022333145100
1031.100000000 10.000000000 7.017023086500
1022.850000000 9.200000000 6.995120525400
1039.850000000 7.400000000 6.939587116200
1028.100000000 6.800000000 6.927069187200
1031.350000000 9.800000000 6.921586990400
1031.850000000 9.200000000 6.907354354900
1031.600000000 6.200000000 6.899402141600
1039.600000000 6.200000000 6.881101131400
1033.350000000 7.600000000 6.881068229700
1030.600000000 5.800000000 6.843072414400
1039.600000000 6.400000000 6.834146976500
1039.600000000 6.600000000 6.828456878700
1032.350000000 8.600000000 6.808531284300
1021.850000000 5.200000000 6.801332950600
1029.350000000 6.200000000 6.799756050100
1034.100000000 7.400000000 6.775068283100
1028.350000000 9.200000000 6.764072418200
1023.600000000 6.800000000 6.762620449100
1026.350000000 9.400000000 6.761653423300
1039.100000000 5.600000000 6.755467891700
1022.600000000 9.200000000 6.745670795400
1039.600000000 6.800000000 6.743458747900
1032.850000000 7.000000000 6.713261127500
1021.600000000 5.200000000 6.706599712400
1024.350000000 6.000000000 6.692964553800
1023.100000000 7.600000000 6.692753315000
1030.350000000 5.800000000 6.649287223800
1026.600000000 6.600000000 6.642802715300
1022.350000000 9.000000000 6.642467498800
1031.350000000 6.000000000 6.641391277300
1025.600000000 10.000000000 6.617056846600
1030.850000000 5.800000000 6.612041473400
1030.100000000 10.000000000 6.566994190200
1024.600000000 5.800000000 6.560167312600
1039.350000000 5.800000000 6.550295829800
1034.100000000 7.200000000 6.548981189700
1037.350000000 9.800000000 6.540949821500
1022.100000000 5.200000000 6.513647079500
1028.600000000 9.400000000 6.513070106500
1037.350000000 10.000000000 6.511830329900
1039.600000000 7.000000000 6.509451866100
1024.100000000 6.200000000 6.471080780000
1028.600000000 6.600000000 6.449153900100
1028.850000000 9.600000000 6.415681839000
1026.850000000 9.200000000 6.414219379400
1025.350000000 5.800000000 6.412919998200
1034.350000000 7.400000000 6.384824752800
1031.600000000 9.600000000 6.361258983600
1039.850000000 7.600000000 6.347050666800
1027.850000000 9.000000000 6.299619197800
1020.100000000 9.000000000 6.290487289400
1025.850000000 9.800000000 6.284717083000
1026.350000000 6.400000000 6.254710674300
1027.350000000 9.000000000 6.254273891400
1023.350000000 7.000000000 6.248954772900
1027.100000000 6.800000000 6.239244461100
1026.100000000 9.600000000 6.229542255400
1023.850000000 6.400000000 6.204266548200
1038.850000000 8.600000000 6.198663234700
1022.850000000 9.000000000 6.175819397000
1039.100000000 8.600000000 6.173465251900
1031.350000000 10.000000000 6.160473823500
1029.850000000 10.000000000 6.144059181200
1038.850000000 8.400000000 6.141492843600
1039.600000000 7.200000000 6.134082794200
1020.350000000 8.800000000 6.130686283100
1022.350000000 5.200000000 6.126718521100
1027.850000000 6.800000000 6.112724781000
1029.600000000 6.000000000 6.088428974200
1037.600000000 9.800000000 6.087052822100
1033.600000000 7.600000000 6.084346294400
1037.100000000 10.000000000 6.083561897300
1039.350000000 6.000000000 6.082395553600
1037.100000000 9.800000000 6.081045627600
1038.600000000 5.400000000 6.071637630500
1030.100000000 5.800000000 6.067649364500
1031.100000000 5.800000000 6.065453052500
1037.350000000 9.600000000 6.058290004700
1032.600000000 6.800000000 6.052767753600
1032.100000000 9.000000000 6.047631263700
1021.850000000 5.400000000 6.041496276900
1039.100000000 8.400000000 6.012937068900
1029.100000000 9.800000000 6.006568431900
1021.600000000 5.400000000 5.999512195600
1026.100000000 6.200000000 5.993910789500
1038.850000000 5.600000000 5.960422515900
1034.350000000 7.200000000 5.933375358600
1021.350000000 5.200000000 5.928646087600
1036.100000000 7.000000000 5.927213192000
1023.600000000 6.600000000 5.912798881500
1023.100000000 7.400000000 5.909847259500
1038.850000000 8.800000000 5.907168865200
1033.850000000 7.600000000 5.895189762100
1022.600000000 9.000000000 5.894348144500
1037.600000000 10.000000000 5.881669521300
1027.600000000 9.000000000 5.838366985300
1039.850000000 7.800000000 5.836869716600
1034.100000000 7.600000000 5.834726333600
1038.600000000 8.400000000 5.828675746900
1036.350000000 7.000000000 5.815758705100
1039.100000000 8.800000000 5.814413547500
1022.600000000 5.200000000 5.806894302400
1038.600000000 8.600000000 5.806242466000
1031.850000000 6.200000000 5.788695812200
1032.600000000 8.400000000 5.785557746900
1022.100000000 5.400000000 5.783744812000
1032.100000000 6.400000000 5.761498928100
1032.350000000 6.600000000 5.761113166800
1033.100000000 7.000000000 5.754523277300
1038.850000000 8.200000000 5.745248317700
1021.350000000 8.400000000 5.744513988500
1024.350000000 5.800000000 5.740942001300
1020.600000000 8.600000000 5.737916469600
1022.100000000 8.600000000 5.729365825700
1028.850000000 6.400000000 5.717093467700
1033.350000000 7.800000000 5.712053775800
1039.350000000 8.600000000 5.704689025900
1031.600000000 9.800000000 5.698592186000
1029.600000000 10.000000000 5.697675228100
1034.350000000 7.600000000 5.696934223200
1036.100000000 7.200000000 5.696599006700
1039.600000000 7.400000000 5.696514606500
1023.350000000 6.800000000 5.690152645100
1037.600000000 9.600000000 5.684614181500
1039.350000000 6.200000000 5.682530403100
1038.350000000 7.800000000 5.680461406700
1038.600000000 8.200000000 5.680269241300
1031.600000000 6.000000000 5.672846794100
1038.350000000 7.600000000 5.672254085500
1039.100000000 5.800000000 5.672146320300
1037.100000000 9.600000000 5.669134140000
1027.350000000 6.800000000 5.666094303100
1039.350000000 9.800000000 5.663969516800
1025.850000000 6.000000000 5.653856754300
1024.850000000 5.600000000 5.652948856400
1027.600000000 6.800000000 5.652530670200
1031.850000000 9.400000000 5.652338504800
1038.600000000 8.800000000 5.636944294000
1022.350000000 8.800000000 5.633362770100
1036.350000000 6.800000000 5.633063793200
1034.600000000 7.400000000 5.631655216200
1038.100000000 7.600000000 5.607833385500
1022.850000000 5.200000000 5.598648071300
1039.600000000 9.800000000 5.598640441900
1038.100000000 7.800000000 5.574791431400
1036.100000000 6.800000000 5.564133167300
1024.100000000 6.000000000 5.561487674700
1021.600000000 8.400000000 5.556556701700
1035.850000000 7.200000000 5.549402236900
1039.600000000 9.600000000 5.521040916400
1039.350000000 9.600000000 5.508444786100
1022.850000000 8.600000000 5.508360862700
1035.850000000 7.000000000 5.506112098700
1022.850000000 8.800000000 5.495800495100
1038.350000000 8.000000000 5.488057136500
1021.100000000 8.400000000 5.484531879400
1023.100000000 5.200000000 5.483942985500
1023.100000000 7.200000000 5.477133750900
1039.350000000 8.400000000 5.476416587800
1039.350000000 10.000000000 5.463691711400
1022.850000000 8.400000000 5.462838172900
1024.600000000 5.600000000 5.459043979600
1021.350000000 5.400000000 5.457768440200
1039.100000000 8.200000000 5.457037925700
1038.600000000 7.800000000 5.445316791500
1026.600000000 9.400000000 5.442986488300
1023.850000000 6.200000000 5.439066410100
1039.350000000 8.800000000 5.436356544500
1022.350000000 5.400000000 5.435520649000
1039.850000000 8.000000000 5.434057235700
1038.100000000 7.400000000 5.418282032000
1033.350000000 7.000000000 5.415112495400
1038.600000000 8.000000000 5.402190685300
1038.850000000 9.000000000 5.399139404300
1023.350000000 5.200000000 5.387824535400
1038.350000000 7.400000000 5.387662410700
1033.850000000 7.000000000 5.385993957500
1033.600000000 7.000000000 5.381771564500
1031.350000000 5.800000000 5.374366283400
1038.100000000 8.000000000 5.367330074300
1031.600000000 10.000000000 5.364202022600
1038.600000000 9.000000000 5.359070777900
1036.600000000 7.000000000 5.357179164900
1023.600000000 6.400000000 5.356522560100
1025.100000000 5.600000000 5.351984024000
1034.100000000 7.000000000 5.336607456200
1037.350000000 9.400000000 5.329569816600
1039.600000000 10.000000000 5.323558330500
1036.350000000 7.200000000 5.318109512300
1039.350000000 6.400000000 5.313663005800
1028.350000000 6.600000000 5.309494972200
1036.600000000 6.800000000 5.296710014300
1021.600000000 5.600000000 5.282416343700
1023.350000000 6.600000000 5.277704238900
1021.850000000 5.600000000 5.276223182700
1029.100000000 6.200000000 5.274188041700
1039.600000000 7.600000000 5.271958351100
1038.350000000 8.400000000 5.265489101400
1022.850000000 8.200000000 5.246818542500
1029.850000000 5.800000000 5.235785961200
1035.850000000 7.400000000 5.233451366400
1033.600000000 7.800000000 5.229364395100
1038.350000000 8.200000000 5.227070808400
1038.350000000 8.600000000 5.223380565600
1034.600000000 7.200000000 5.219940185500
1038.600000000 7.600000000 5.219646453900
1023.100000000 7.000000000 5.212537765500
1038.850000000 8.000000000 5.205060005200
1037.850000000 7.800000000 5.202423095700
1023.600000000 5.200000000 5.196433067300
1034.350000000 7.000000000 5.195571899400
1039.600000000 9.400000000 5.194789409600
1039.100000000 9.000000000 5.192336559300
1026.850000000 6.600000000 5.188736438800
1037.850000000 7.600000000 5.169469833400
1037.850000000 9.800000000 5.165584564200
1025.600000000 5.800000000 5.148930549600
1022.600000000 8.800000000 5.147758960700
1039.100000000 9.800000000 5.140032768200
1033.100000000 8.000000000 5.139036655400
1022.600000000 5.400000000 5.137107849100
1039.350000000 9.400000000 5.133871555300
1037.600000000 9.400000000 5.129146575900
1039.850000000 8.200000000 5.125408172600
1034.600000000 7.600000000 5.123997211500
1038.350000000 8.800000000 5.123842716200
1029.350000000 10.000000000 5.114576339700
1028.100000000 9.200000000 5.110721588100
1027.100000000 9.200000000 5.100721836100
1038.850000000 7.800000000 5.098880767800
1039.100000000 6.000000000 5.089294433600
1036.100000000 7.400000000 5.078762054400
1022.100000000 5.600000000 5.066112518300
1037.850000000 7.000000000 5.060567855800
1038.100000000 8.200000000 5.059268951400
1037.850000000 9.600000000 5.058710575100
1024.350000000 5.600000000 5.057655334500
1037.850000000 7.200000000 5.050997257200
1035.850000000 6.800000000 5.046331405600
1037.850000000 8.000000000 5.045109272000
1038.600000000 9.200000000 5.023446559900
1036.850000000 9.800000000 5.022553443900
1032.850000000 8.200000000 5.019247055100
1034.600000000 7.000000000 5.012869834900
1023.100000000 6.800000000 5.004850864400
1021.850000000 8.400000000 5.001677513100
1039.350000000 6.600000000 4.999986648600
1034.100000000 7.800000000 4.998272419000
1039.100000000 9.600000000 4.994714260100
1038.350000000 9.000000000 4.986144542700
1039.100000000 8.000000000 4.973031520800
1039.600000000 8.600000000 4.972111225100
1038.100000000 7.200000000 4.970088958700
1021.350000000 5.600000000 4.966929435700
1031.850000000 9.600000000 4.956236839300
1024.100000000 5.800000000 4.952418327300
1023.600000000 6.200000000 4.948472976700
1022.850000000 5.400000000 4.945448875400
1037.600000000 7.200000000 4.944803714800
1033.850000000 7.800000000 4.938763618500
1039.100000000 10.000000000 4.938582420300
1023.350000000 6.400000000 4.938067436200
1037.850000000 7.400000000 4.936638832100
1039.600000000 7.800000000 4.930658817300
1037.850000000 10.000000000 4.929380893700
1039.350000000 9.000000000 4.925293922400
1023.850000000 6.000000000 4.923175811800
1039.350000000 8.200000000 4.920927524600
1035.600000000 7.200000000 4.919537067400
1025.850000000 10.000000000 4.915727138500
1037.100000000 9.400000000 4.911818027500
1020.100000000 8.800000000 4.908636570000
1037.600000000 7.000000000 4.903732299800
1032.350000000 8.800000000 4.900018215200
1039.350000000 6.800000000 4.886623382600
1039.850000000 8.400000000 4.885474681900
1038.600000000 5.600000000 4.875555515300
1023.100000000 5.400000000 4.868728637700
1022.850000000 8.000000000 4.863749980900
1038.850000000 9.200000000 4.862711906400
1039.600000000 8.800000000 4.858238220200
1023.350000000 5.400000000 4.852930069000
1032.100000000 9.200000000 4.850766181900
1023.850000000 5.200000000 4.843100071000
1038.350000000 7.200000000 4.840689182300
1036.350000000 10.000000000 4.840162754100
1029.350000000 6.000000000 4.839553356200
1030.850000000 5.600000000 4.838292121900
1036.850000000 7.000000000 4.835983276400
1036.850000000 10.000000000 4.832906246200
1038.350000000 9.200000000 4.828444004100
1030.600000000 5.600000000 4.828311443300
1036.350000000 6.600000000 4.828073978400
1034.350000000 7.800000000 4.820449829100
1037.600000000 7.400000000 4.820149421700
1032.850000000 6.800000000 4.813781261400
1035.600000000 7.400000000 4.808080673200
1031.850000000 6.000000000 4.804683208500
1036.850000000 6.800000000 4.798783302300
1035.600000000 7.000000000 4.790400505100
1036.600000000 10.000000000 4.789075374600
1022.350000000 5.600000000 4.788778305100
1023.100000000 6.600000000 4.777278900100
1026.350000000 9.600000000 4.775762558000
1039.100000000 7.800000000 4.774006366700
1028.350000000 9.400000000 4.767078876500
1020.850000000 8.400000000 4.766642570500
1023.600000000 5.400000000 4.764465808900
1039.600000000 9.200000000 4.760134220100
1035.850000000 7.600000000 4.759820461300
1039.350000000 7.000000000 4.753038883200
1034.850000000 7.200000000 4.751480579400
1037.850000000 8.200000000 4.750769138300
1039.350000000 9.200000000 4.750587940200
1026.600000000 6.400000000 4.747164249400
1028.600000000 9.600000000 4.741070270500
1021.100000000 5.200000000 4.739829063400
1038.600000000 7.400000000 4.735632419600
1039.600000000 8.400000000 4.732205867800
1036.600000000 7.200000000 4.725420951800
1037.850000000 9.400000000 4.723297596000
1038.100000000 8.400000000 4.721480369600
1039.350000000 8.000000000 4.715315341900
1032.100000000 6.200000000 4.714756965600
1039.100000000 9.400000000 4.706326961500
1039.850000000 9.600000000 4.705754280100
1038.100000000 8.600000000 4.697247505200
1022.350000000 8.600000000 4.696476459500
1036.100000000 6.600000000 4.695784568800
1028.850000000 9.800000000 4.695253372200
1038.600000000 9.400000000 4.688182830800
1037.850000000 6.800000000 4.687955379500
1031.600000000 5.800000000 4.674729347200
1034.850000000 7.400000000 4.673811912500
1021.600000000 5.800000000 4.673006534600
1039.600000000 8.000000000 4.672306060800
1039.850000000 8.600000000 4.672105312300
1039.100000000 6.200000000 4.671942234000
1038.350000000 5.200000000 4.669959068300
1038.350000000 9.400000000 4.667448520700
1031.850000000 9.800000000 4.661746025100
1036.850000000 9.600000000 4.656636714900
1039.850000000 9.800000000 4.654032707200
1031.100000000 5.600000000 4.653149604800
1023.350000000 6.200000000 4.650198936500
1037.600000000 7.800000000 4.649421215100
1026.100000000 9.800000000 4.648865222900
1031.850000000 10.000000000 4.645335674300
1038.850000000 7.600000000 4.643550396000
1023.600000000 6.000000000 4.643355369600
1020.600000000 6.800000000 4.633987426800
1020.600000000 7.000000000 4.632640838600
1038.850000000 5.800000000 4.631675243400
1030.350000000 5.600000000 4.625209808300
1035.600000000 7.600000000 4.623967170700
1024.100000000 5.600000000 4.623039245600
1039.100000000 9.200000000 4.618517398800
1038.100000000 8.800000000 4.613897800400
1024.600000000 5.400000000 4.609414577500
1021.850000000 5.800000000 4.608375549300
1034.350000000 6.800000000 4.602357864400
1038.100000000 9.600000000 4.598434925100
1036.600000000 6.600000000 4.595128536200
1037.600000000 7.600000000 4.593694686900
1034.600000000 7.800000000 4.588139057200
1023.850000000 5.800000000 4.587318420400
1037.350000000 9.200000000 4.576498031600
1021.100000000 5.400000000 4.575912952400
1020.850000000 6.800000000 4.574020862600
1021.350000000 5.800000000 4.570808410600
1034.850000000 7.000000000 4.568705558800
1038.850000000 9.800000000 4.567377567300
1024.350000000 5.400000000 4.563671588900
1038.100000000 9.800000000 4.563633918800
1039.350000000 7.200000000 4.563622951500
1023.850000000 5.400000000 4.558272838600
1037.600000000 6.800000000 4.558233261100
1037.600000000 9.200000000 4.557677269000
1039.600000000 9.000000000 4.555209159900
1025.350000000 5.600000000 4.543036937700
1035.350000000 8.000000000 4.539628982500
1022.600000000 5.600000000 4.536394119300
1023.100000000 6.400000000 4.532343864400
1038.850000000 9.600000000 4.531641483300
1037.600000000 8.000000000 4.531459331500
1035.350000000 8.200000000 4.528328895600
1034.600000000 6.800000000 4.522149086000
1020.850000000 7.000000000 4.522010326400
1020.850000000 6.600000000 4.512905597700
1039.350000000 7.800000000 4.509843826300
1028.600000000 6.400000000 4.509324073800
1020.600000000 6.600000000 4.507916450500
1038.350000000 9.600000000 4.507813453700
1022.850000000 7.800000000 4.502490997300
1026.350000000 6.200000000 4.500927448300
1038.100000000 9.000000000 4.498072147400
1034.100000000 6.800000000 4.497448921200
1035.600000000 7.800000000 4.493754386900
1038.100000000 9.400000000 4.491206646000
1020.350000000 8.600000000 4.489038467400
1032.350000000 6.400000000 4.482508659400
1039.600000000 8.200000000 4.477694988300
1028.100000000 6.600000000 4.475759983100
1036.350000000 7.400000000 4.474213600200
1023.600000000 5.600000000 4.473347663900
1039.850000000 9.400000000 4.472026825000
1033.350000000 8.000000000 4.470784187300
1038.100000000 7.000000000 4.462809085800
1023.600000000 5.800000000 4.454496383700
1039.850000000 8.800000000 4.452477932000
1023.850000000 5.600000000 4.450767040300
1020.600000000 7.200000000 4.449944496200
1034.850000000 7.600000000 4.448713302600
1022.600000000 8.600000000 4.448183059700
1024.100000000 5.400000000 4.444115161900
1024.850000000 5.400000000 4.440741062200
1038.850000000 9.400000000 4.439639091500
1022.100000000 5.800000000 4.436868190800
1032.600000000 6.600000000 4.432881355300
1024.100000000 5.200000000 4.424592495000
1023.350000000 5.600000000 4.424112796800
1035.600000000 8.000000000 4.420930862400
1021.100000000 5.600000000 4.414209842700
1023.350000000 6.000000000 4.412210941300
1037.850000000 8.400000000 4.411682128900
1026.850000000 9.400000000 4.402654171000
1037.850000000 9.200000000 4.401753425600
1035.350000000 7.800000000 4.400661468500
1036.100000000 10.000000000 4.400457382200
1038.600000000 9.600000000 4.397754669200
1038.100000000 9.200000000 4.397398948700
1037.100000000 7.000000000 4.394934654200
1020.850000000 6.400000000 4.385249614700
1036.100000000 7.600000000 4.370111465500
1022.850000000 5.600000000 4.367081165300
1038.350000000 5.400000000 4.363607406600
1039.350000000 7.400000000 4.356021881100
1035.600000000 6.800000000 4.351075172400
1038.850000000 10.000000000 4.348553657500
1020.850000000 7.200000000 4.348371982600
1022.850000000 7.000000000 4.340828418700
1037.100000000 6.800000000 4.335233688400
1023.100000000 5.600000000 4.332897663100
1039.850000000 10.000000000 4.330959796900
1029.100000000 10.000000000 4.324974536900
1038.350000000 9.800000000 4.322175502800
1020.600000000 6.400000000 4.314901828800
1029.600000000 5.800000000 4.314295291900
1035.850000000 7.800000000 4.313896656000
1038.100000000 10.000000000 4.313388824500
1022.850000000 7.600000000 4.308761119800
1022.850000000 7.200000000 4.303186416600
1037.850000000 8.600000000 4.300652504000
1021.100000000 5.800000000 4.299527168300
1022.850000000 6.800000000 4.297389030500
1035.600000000 8.200000000 4.296865463300
1033.850000000 6.800000000 4.293370246900
1031.350000000 5.600000000 4.289892196700
1039.100000000 6.400000000 4.289266586300
1037.350000000 7.400000000 4.286882400500
1022.100000000 8.400000000 4.286653041800
1023.350000000 5.800000000 4.283897876700
1035.350000000 7.600000000 4.282786369300
1021.350000000 6.000000000 4.279347896600
1038.600000000 9.800000000 4.277011871300
1023.100000000 6.200000000 4.276699543000
1037.350000000 7.600000000 4.271254539500
1022.850000000 7.400000000 4.267907142600
1033.600000000 8.000000000 4.267725467700
1026.100000000 6.000000000 4.266624450700
1036.350000000 9.800000000 4.266121864300
1035.350000000 7.200000000 4.265161991100
1034.350000000 8.000000000 4.261401176500
1035.350000000 8.400000000 4.256501197800
1035.100000000 8.000000000 4.255920410200
1035.350000000 7.400000000 4.254266738900
1035.850000000 6.600000000 4.250519275700
1037.600000000 8.200000000 4.250509262100
1027.100000000 6.600000000 4.250214576700
1039.100000000 7.600000000 4.247508525800
1021.100000000 6.000000000 4.242147445700
1039.850000000 9.000000000 4.237563133200
1020.850000000 6.200000000 4.237479686700
1020.350000000 6.800000000 4.235104084000
1033.100000000 6.800000000 4.232436180100
1022.350000000 5.800000000 4.232216358200
1037.850000000 8.800000000 4.230043411300
1034.600000000 8.000000000 4.228849887800
1030.100000000 5.600000000 4.227864265400
1034.100000000 8.000000000 4.225539684300
1021.100000000 6.200000000 4.224592208900
1034.850000000 7.800000000 4.221395015700
1020.350000000 7.000000000 4.220549106600
1021.100000000 6.400000000 4.215198993700
1024.350000000 5.200000000 4.213970184300
1033.350000000 6.800000000 4.208240032200
1036.850000000 7.200000000 4.205897331200
1021.600000000 6.000000000 4.204051971400
1039.350000000 7.600000000 4.200548648800
1033.600000000 6.800000000 4.198676109300
1037.850000000 9.000000000 4.193767547600
1021.100000000 6.600000000 4.192558765400
1035.100000000 8.200000000 4.188973903700
1037.350000000 7.200000000 4.186516761800
1027.350000000 9.200000000 4.170968532600
1035.100000000 7.800000000 4.169071197500
1032.100000000 9.400000000 4.167946338700
1038.850000000 7.400000000 4.161182403600
1037.600000000 9.000000000 4.158638000500
1022.850000000 6.600000000 4.155160903900
1036.600000000 9.800000000 4.154471397400
1035.350000000 7.000000000 4.153841018700
1036.850000000 6.600000000 4.144349098200
1020.350000000 6.600000000 4.143597602800
1037.100000000 9.200000000 4.134907722500
1021.100000000 6.800000000 4.128410339400
1034.850000000 6.800000000 4.127727508500
1033.850000000 8.000000000 4.123788356800
1037.350000000 7.800000000 4.117444992100
1038.600000000 7.200000000 4.107082843800
1038.350000000 7.000000000 4.096758842500
1020.850000000 6.000000000 4.092619895900
1027.850000000 9.200000000 4.092244148300
1028.850000000 6.200000000 4.082608699800
1021.850000000 6.000000000 4.078307151800
1020.600000000 6.200000000 4.075778484300
1035.100000000 7.200000000 4.071685314200
1023.100000000 6.000000000 4.067626476300
1039.850000000 9.200000000 4.065219402300
1021.350000000 6.200000000 4.061923980700
1038.100000000 6.800000000 4.061745643600
1035.100000000 7.600000000 4.061570644400
1020.600000000 7.400000000 4.052361965200
1038.350000000 10.000000000 4.047901153600
1020.100000000 6.600000000 4.041276931800
1035.100000000 7.400000000 4.037886619600
1034.850000000 8.000000000 4.035432815600
1022.600000000 5.800000000 4.035064220400
1037.350000000 7.000000000 4.033264160200
1035.600000000 8.400000000 4.027231693300
1032.600000000 8.600000000 4.026757240300
1036.850000000 9.400000000 4.013517856600
1020.350000000 7.200000000 4.005086422000
1032.100000000 10.000000000 3.996473789200
1021.100000000 7.000000000 3.992716550800
1038.600000000 10.000000000 3.991933584200
1023.100000000 5.800000000 3.990406990100
1037.350000000 9.000000000 3.987233161900
1031.850000000 5.800000000 3.985752582600
1020.850000000 7.400000000 3.983037948600
1035.100000000 7.000000000 3.982327938100
1037.350000000 6.800000000 3.975565910300
1020.850000000 5.800000000 3.971971988700
1035.850000000 8.000000000 3.964144945100
1025.850000000 5.800000000 3.963106632200
1037.350000000 8.000000000 3.951987266500
1037.600000000 8.800000000 3.950940132100
1024.600000000 5.200000000 3.950508117700
1037.600000000 8.400000000 3.950269222300
1022.850000000 6.400000000 3.949444770800
1020.350000000 6.400000000 3.945788621900
1022.100000000 6.000000000 3.937862873100
1025.100000000 5.400000000 3.936534643200
1039.100000000 6.600000000 3.927286386500
1032.100000000 6.000000000 3.923681497600
1038.850000000 6.000000000 3.921733140900
1034.350000000 6.600000000 3.917348861700
1036.100000000 9.800000000 3.914961099600
1027.850000000 6.600000000 3.907512188000
1037.850000000 6.600000000 3.903917312600
1020.100000000 6.800000000 3.897519111600
1021.350000000 6.400000000 3.891324281700
1037.600000000 8.600000000 3.890981912600
1035.100000000 8.400000000 3.879613876300
1022.850000000 5.800000000 3.879490613900
1033.100000000 8.200000000 3.876931428900
1034.600000000 6.600000000 3.876718044300
1020.850000000 5.600000000 3.874571800200
1037.600000000 6.600000000 3.867287874200
1020.600000000 8.400000000 3.855963945400
1021.600000000 6.200000000 3.849863767600
1034.600000000 8.200000000 3.838263988500
1032.100000000 9.600000000 3.838056325900
1035.850000000 10.000000000 3.834484815600
1020.600000000 6.000000000 3.831991910900
1035.350000000 6.800000000 3.829353332500
1032.350000000 9.000000000 3.826050043100
1037.100000000 7.200000000 3.814218044300
1031.600000000 5.600000000 3.810923337900
1038.600000000 5.800000000 3.810404062300
1020.850000000 5.400000000 3.809036254900
1022.350000000 6.000000000 3.800227165200
1034.850000000 8.200000000 3.798260927200
1038.350000000 5.600000000 3.797981023800
1027.600000000 9.200000000 3.794985294300
1032.100000000 9.800000000 3.791924715000
1036.850000000 5.200000000 3.787512064000
1021.100000000 7.200000000 3.784055709800
1036.600000000 7.400000000 3.781077861800
1026.600000000 9.600000000 3.769593000400
1034.350000000 8.200000000 3.768097877500
1029.100000000 6.000000000 3.764941692400
1036.100000000 7.800000000 3.764809131600
1032.850000000 8.400000000 3.764173030900
1020.100000000 6.400000000 3.758188962900
1037.100000000 7.800000000 3.758104324300
1036.350000000 6.400000000 3.757239818600
1020.850000000 5.200000000 3.757073402400
1022.350000000 8.400000000 3.754499673800
1022.600000000 8.400000000 3.744915485400
1027.350000000 6.600000000 3.742261886600
1022.850000000 6.200000000 3.731762886000
1021.350000000 6.600000000 3.729844331700
1039.100000000 7.400000000 3.724508762400
1037.100000000 7.600000000 3.720217466400
1026.850000000 6.400000000 3.701654434200
1035.600000000 6.600000000 3.700846433600
1035.350000000 8.600000000 3.699859619100
1036.600000000 9.600000000 3.697668075600
1020.350000000 6.200000000 3.691971302000
1020.100000000 8.600000000 3.689915180200
1037.100000000 6.600000000 3.685436725600
1035.100000000 6.800000000 3.675300121300
1021.850000000 6.200000000 3.674969434700
1029.850000000 5.600000000 3.672787904700
1037.350000000 8.200000000 3.670696020100
1035.850000000 8.200000000 3.669513225600
1034.100000000 6.600000000 3.666920661900
1036.600000000 5.200000000 3.666238546400
1022.600000000 6.000000000 3.656246900600
1021.350000000 8.200000000 3.655342578900
1036.350000000 7.600000000 3.649342536900
1036.100000000 6.400000000 3.648344039900
1022.850000000 6.000000000 3.644399166100
1038.850000000 7.200000000 3.642896413800
1027.600000000 6.600000000 3.640657901800
1034.100000000 8.200000000 3.633546829200
1033.850000000 10.000000000 3.630468130100
1035.350000000 10.000000000 3.627854108800
1028.350000000 6.400000000 3.624961853000
1039.100000000 6.800000000 3.620645999900
1035.600000000 10.000000000 3.617292404200
1020.350000000 7.400000000 3.613633155800
1032.350000000 6.200000000 3.612513303800
1037.350000000 8.800000000 3.610583066900
1020.600000000 5.800000000 3.606782198000
1025.600000000 5.600000000 3.602353572800
1034.850000000 6.600000000 3.598926067400
1037.100000000 8.000000000 3.592927455900
1032.850000000 6.600000000 3.588675499000
1026.100000000 10.000000000 3.583399057400
1036.600000000 6.400000000 3.581043958700
1021.600000000 8.200000000 3.580154657400
1033.600000000 10.000000000 3.569674491900
1021.600000000 6.400000000 3.568567037600
1022.100000000 6.200000000 3.562780857100
1021.350000000 6.800000000 3.562241077400
1020.100000000 7.000000000 3.537780523300
1034.100000000 10.000000000 3.531805515300
1027.100000000 9.400000000 3.524519205100
1035.600000000 8.600000000 3.522582054100
1037.100000000 7.400000000 3.518090963400
1038.850000000 6.200000000 3.517557621000
1037.100000000 5.200000000 3.500403404200
1024.850000000 5.200000000 3.498653888700
1031.100000000 5.400000000 3.488552570300
1020.600000000 7.600000000 3.488359928100
1037.100000000 9.000000000 3.483923673600
1028.100000000 9.400000000 3.483698606500
1022.350000000 6.200000000 3.483144760100
1022.600000000 6.800000000 3.478196620900
1026.350000000 9.800000000 3.468829155000
1030.850000000 5.400000000 3.466606855400
1035.850000000 9.800000000 3.466228008300
1022.600000000 7.000000000 3.463643550900
1020.850000000 7.600000000 3.459372282000
1032.350000000 10.000000000 3.458632469200
1036.850000000 7.800000000 3.456816196400
1033.100000000 6.600000000 3.454605341000
1033.850000000 8.200000000 3.452342748600
1021.100000000 7.400000000 3.451834440200
1026.600000000 6.200000000 3.451516389800
1021.100000000 8.200000000 3.442588567700
1022.600000000 6.200000000 3.441444635400
1020.350000000 6.000000000 3.437979459800
1034.850000000 8.400000000 3.436351299300
1029.350000000 5.800000000 3.432749271400
1028.600000000 9.800000000 3.430748701100
1038.600000000 7.000000000 3.430272817600
1039.100000000 7.000000000 3.417821645700
1037.350000000 8.400000000 3.409056663500
1020.600000000 5.600000000 3.404332637800
1037.350000000 8.600000000 3.400134801900
1036.350000000 9.600000000 3.396687507600
1035.100000000 10.000000000 3.396496295900
1028.850000000 10.000000000 3.392603159000
1033.350000000 10.000000000 3.392108202000
1033.350000000 8.200000000 3.390950918200
1038.100000000 6.600000000 3.390795707700
1034.600000000 8.400000000 3.388440370600
1028.350000000 9.600000000 3.375736713400
1022.600000000 6.600000000 3.371550560000
1021.350000000 7.000000000 3.370493888900
1036.850000000 7.600000000 3.366613864900
1022.600000000 6.400000000 3.365207910500
1035.100000000 8.600000000 3.364857196800
1037.350000000 6.600000000 3.363872528100
1021.850000000 6.400000000 3.363869428600
1031.350000000 5.400000000 3.353619813900
1035.850000000 8.400000000 3.349912643400
1030.600000000 5.400000000 3.344213724100
1034.350000000 10.000000000 3.342079401000
1035.850000000 6.400000000 3.339784383800
1035.850000000 9.600000000 3.335349798200
1039.100000000 7.200000000 3.333422899200
1021.850000000 8.200000000 3.331392765000
1021.600000000 6.600000000 3.330785751300
1033.600000000 8.200000000 3.330105781600
1020.100000000 7.200000000 3.328652143500
1032.600000000 6.400000000 3.327450037000
1022.600000000 7.200000000 3.323960065800
1038.350000000 6.800000000 3.319623947100
1036.850000000 8.000000000 3.318335294700
1036.100000000 8.000000000 3.315588474300
1033.100000000 8.400000000 3.314136743500
1035.350000000 6.600000000 3.307112932200
1034.350000000 8.400000000 3.298679351800
1035.600000000 9.800000000 3.296742677700
1036.850000000 9.200000000 3.291371345500
1033.350000000 6.600000000 3.287339448900
1022.100000000 6.400000000 3.280665159200
1037.100000000 8.200000000 3.276917457600
1032.600000000 6.200000000 3.272830247900
1036.100000000 9.600000000 3.270107030900
1026.350000000 6.000000000 3.269003868100
1036.850000000 7.400000000 3.267567634600
1031.850000000 5.600000000 3.267452955200
1032.350000000 9.200000000 3.258491039300
1032.100000000 5.800000000 3.257947444900
1020.100000000 6.200000000 3.246353626300
1022.350000000 6.400000000 3.245481967900
1033.850000000 6.600000000 3.244444847100
1035.100000000 6.600000000 3.237412691100
1025.350000000 5.400000000 3.232411623000
1036.350000000 5.200000000 3.231900692000
1034.600000000 6.400000000 3.228982448600
1020.600000000 5.400000000 3.222545623800
1034.850000000 10.000000000 3.210623264300
1036.850000000 5.400000000 3.207590341600
1032.850000000 8.600000000 3.207100868200
1034.600000000 10.000000000 3.201077461200
1032.850000000 6.400000000 3.198624849300
1036.850000000 6.400000000 3.198398113300
1033.100000000 10.000000000 3.193382263200
1028.600000000 6.200000000 3.192721128500
1038.850000000 6.400000000 3.192667007400
1020.350000000 5.800000000 3.192400455500
1038.350000000 5.800000000 3.187090873700
1036.600000000 7.800000000 3.180920124100
1032.600000000 6.000000000 3.177162647200
1032.850000000 6.200000000 3.174205303200
1035.600000000 9.600000000 3.168587684600
1032.600000000 8.800000000 3.161895275100
1033.600000000 6.600000000 3.159979105000
1036.600000000 7.600000000 3.158640623100
1032.600000000 10.000000000 3.158106088600
1030.350000000 5.400000000 3.155957698800
1035.350000000 9.800000000 3.150814771700
1032.350000000 6.000000000 3.149073839200
1034.100000000 8.400000000 3.140283584600
1034.350000000 6.400000000 3.132295370100
1021.350000000 7.200000000 3.129913091700
1036.600000000 9.400000000 3.128829240800
1034.850000000 6.400000000 3.128071546600
1035.100000000 9.800000000 3.120780468000
1021.600000000 6.800000000 3.119031190900
1022.600000000 7.400000000 3.114999532700
1032.350000000 9.800000000 3.113667488100
1021.850000000 6.600000000 3.112361908000
1020.350000000 7.600000000 3.105020999900
1020.350000000 8.400000000 3.104822874100
1032.850000000 6.000000000 3.100445747400
1032.850000000 10.000000000 3.093980550800
1038.850000000 7.000000000 3.090708017300
1026.100000000 5.800000000 3.064708232900
1022.100000000 6.600000000 3.058965444600
1032.600000000 5.800000000 3.057318449000
1036.600000000 5.400000000 3.056262493100
1031.600000000 5.400000000 3.053239822400
1020.600000000 5.200000000 3.052131891300
1036.350000000 7.800000000 3.044629097000
1029.600000000 5.600000000 3.039033651400
1022.350000000 6.600000000 3.035110950500
1037.350000000 5.200000000 3.034507513000
1022.600000000 8.200000000 3.030289888400
1022.100000000 8.200000000 3.029372692100
1037.100000000 8.800000000 3.025341749200
1038.600000000 6.000000000 3.022662401200
1021.100000000 7.600000000 3.020650386800
1026.850000000 9.600000000 3.018082141900
1038.100000000 5.400000000 3.016204118700
1036.850000000 8.200000000 3.014551162700
1034.850000000 9.800000000 3.010935306500
1037.100000000 5.400000000 3.004753351200
1032.350000000 9.400000000 3.003519535100
1032.350000000 5.800000000 3.002979517000
1020.100000000 7.400000000 3.001139640800
1035.350000000 8.800000000 2.998917579700
1038.100000000 5.200000000 2.997991323500
1032.850000000 5.800000000 2.995977401700
1020.100000000 6.000000000 2.988947153100
1036.600000000 8.000000000 2.984367132200
1035.600000000 6.400000000 2.979657173200
1037.600000000 6.400000000 2.978633642200
1036.100000000 8.200000000 2.978552103000
1028.100000000 6.400000000 2.977305173900
1020.850000000 8.200000000 2.968407869300
1027.100000000 6.400000000 2.965756416300
1032.350000000 9.600000000 2.964568853400
1034.850000000 8.600000000 2.961268663400
1020.350000000 5.600000000 2.960886478400
1032.600000000 9.000000000 2.957411050800
1033.100000000 6.400000000 2.948931694000
1034.100000000 9.800000000 2.948236227000
1035.850000000 8.600000000 2.947303295100
1033.850000000 9.800000000 2.935662984800
1033.100000000 6.200000000 2.933110475500
1037.100000000 8.400000000 2.923871517200
1035.350000000 6.400000000 2.920794010200
1032.600000000 5.600000000 2.919472456000
1025.100000000 5.200000000 2.915805578200
1022.600000000 7.600000000 2.915037155200
1033.850000000 8.400000000 2.912489414200
1037.850000000 6.400000000 2.910733938200
1028.850000000 6.000000000 2.910404920600
1038.850000000 6.600000000 2.905912637700
1021.600000000 7.000000000 2.902167797100
1035.100000000 6.400000000 2.901251554500
1021.850000000 6.800000000 2.896608114200
1034.350000000 9.800000000 2.891236782100
1030.100000000 5.400000000 2.888719081900
1034.600000000 9.800000000 2.884712219200
1035.600000000 8.800000000 2.875391006500
1035.350000000 9.600000000 2.874838113800
1033.100000000 6.000000000 2.874586582200
1032.850000000 5.600000000 2.873038530300
1034.600000000 8.600000000 2.867769718200
1035.850000000 9.400000000 2.863037586200
1035.350000000 6.200000000 2.860681057000
1027.350000000 9.400000000 2.860318899200
1022.350000000 8.200000000 2.853428125400
1032.350000000 5.600000000 2.852738618900
1020.850000000 7.800000000 2.846931457500
1020.600000000 7.800000000 2.842476844800
1035.100000000 9.600000000 2.837714195300
1038.600000000 6.800000000 2.835651159300
1033.350000000 8.400000000 2.834900379200
1038.100000000 5.600000000 2.831905603400
1025.850000000 5.600000000 2.828851223000
1035.100000000 6.200000000 2.828361988100
1021.350000000 7.400000000 2.827155113200
1022.100000000 6.800000000 2.826254844700
1022.350000000 6.800000000 2.813936710400
1034.350000000 8.600000000 2.809296608000
1034.100000000 6.400000000 2.805946350100
1037.100000000 8.600000000 2.797917604400
1038.350000000 6.600000000 2.793802738200
1037.100000000 6.400000000 2.792169809300
1032.850000000 8.800000000 2.786366939500
1033.100000000 8.600000000 2.785874843600
1032.600000000 5.400000000 2.785356044800
1036.100000000 5.200000000 2.785160303100
1033.100000000 5.800000000 2.782052278500
1022.600000000 7.800000000 2.781200885800
1020.100000000 5.800000000 2.779644489300
1033.600000000 9.800000000 2.778834581400
1036.100000000 9.400000000 2.772561073300
1032.100000000 5.600000000 2.770848035800
1035.100000000 8.800000000 2.765641212500
1032.850000000 5.400000000 2.755806922900
1036.350000000 9.400000000 2.749898195300
1020.350000000 5.400000000 2.746189832700
1035.600000000 9.400000000 2.741417884800
1022.600000000 8.000000000 2.741202116000
1027.850000000 9.400000000 2.739236354800
1022.350000000 7.000000000 2.739136934300
1032.600000000 9.200000000 2.722842693300
1036.350000000 6.200000000 2.721531868000
1034.850000000 9.600000000 2.719906330100
1038.350000000 6.000000000 2.719033479700
1032.350000000 5.400000000 2.717837810500
1036.350000000 5.400000000 2.716686725600
1036.850000000 9.000000000 2.702748537100
1033.600000000 8.400000000 2.696754217100
1035.350000000 6.000000000 2.692176103600
1037.350000000 6.400000000 2.688536644000
1033.100000000 5.600000000 2.686822176000
1032.600000000 9.800000000 2.682382822000
1038.850000000 6.800000000 2.681882619900
1035.100000000 6.000000000 2.681161403700
1032.600000000 5.200000000 2.677172422400
1036.100000000 8.400000000 2.676248073600
1020.100000000 8.400000000 2.676171064400
1036.850000000 8.400000000 2.673485517500
1036.100000000 6.200000000 2.672184944200
1034.100000000 8.600000000 2.670031547500
1029.100000000 5.800000000 2.669549465200
1026.850000000 6.200000000 2.664338350300
1032.850000000 5.200000000 2.663870334600
1036.850000000 5.600000000 2.656381607100
1021.850000000 7.000000000 2.655703544600
1026.350000000 10.000000000 2.655204534500
1036.350000000 8.000000000 2.652117252300
1022.350000000 7.200000000 2.648926496500
1021.600000000 7.200000000 2.648922443400
1038.100000000 6.400000000 2.647745132400
1036.600000000 8.200000000 2.646447897000
1026.600000000 9.800000000 2.644645214100
1031.850000000 5.400000000 2.637815952300
1032.100000000 5.400000000 2.637557029700
1035.600000000 6.200000000 2.633844852400
1032.850000000 9.000000000 2.620253324500
1032.350000000 5.200000000 2.615156412100
1033.100000000 5.400000000 2.608237028100
1020.100000000 7.600000000 2.607093095800
1034.850000000 6.200000000 2.591055393200
1036.600000000 6.200000000 2.587523937200
1025.600000000 5.400000000 2.586449146300
1020.100000000 5.600000000 2.582572698600
1034.600000000 9.600000000 2.578968048100
1031.350000000 5.200000000 2.574991464600
1031.100000000 5.200000000 2.573879957200
1022.100000000 7.000000000 2.572448015200
1038.600000000 6.200000000 2.571123600000
1038.100000000 5.800000000 2.568838119500
1033.350000000 6.400000000 2.568430900600
1037.350000000 5.400000000 2.566759824800
1033.100000000 5.200000000 2.563152551700
1033.350000000 6.200000000 2.562032699600
1027.850000000 6.400000000 2.557615518600
1037.600000000 5.200000000 2.557054996500
1027.600000000 9.400000000 2.552073001900
1020.350000000 7.800000000 2.549438238100
1033.350000000 9.800000000 2.546483278300
1034.600000000 6.200000000 2.538576602900
1022.350000000 7.400000000 2.536853551900
1020.350000000 5.200000000 2.535885810900
1029.850000000 5.400000000 2.532469034200
1021.100000000 7.800000000 2.529978990600
1036.600000000 9.200000000 2.529506206500
1038.350000000 6.400000000 2.528260469400
1037.100000000 5.600000000 2.527418851900
1032.100000000 5.200000000 2.526000499700
1028.350000000 6.200000000 2.524292230600
1027.350000000 6.400000000 2.522158384300
1033.350000000 6.000000000 2.519464492800
1028.600000000 10.000000000 2.517524957700
1036.600000000 5.600000000 2.511928081500
1026.600000000 6.000000000 2.508617401100
1035.850000000 6.200000000 2.504158496900
1034.350000000 9.600000000 2.501269578900
1038.350000000 6.200000000 2.500015497200
1035.350000000 9.400000000 2.493360042600
1035.600000000 6.000000000 2.491482257800
1034.850000000 6.000000000 2.490117311500
1035.350000000 5.800000000 2.480050087000
1032.600000000 9.400000000 2.478927612300
1021.350000000 7.600000000 2.477905511900
1035.850000000 5.200000000 2.464972734500
1033.350000000 5.800000000 2.463871479000
1035.100000000 5.800000000 2.459963560100
1034.100000000 9.600000000 2.452467441600
1035.850000000 8.800000000 2.451245546300
1036.100000000 5.400000000 2.450309753400
1030.850000000 5.200000000 2.449043273900
1033.850000000 8.600000000 2.447189569500
1038.600000000 6.600000000 2.441101074200
1032.850000000 9.800000000 2.440315961800
1028.350000000 9.800000000 2.435588359800
1020.600000000 8.200000000 2.432936906800
1034.850000000 8.800000000 2.432213544800
1033.350000000 5.200000000 2.426382064800
1028.100000000 9.600000000 2.425737857800
1033.850000000 6.400000000 2.423691034300
1032.850000000 9.200000000 2.422381639500
1029.350000000 5.600000000 2.420120716100
1033.350000000 5.600000000 2.417924404100
1027.100000000 9.600000000 2.417741537100
1038.100000000 6.200000000 2.415189027800
1038.600000000 6.400000000 2.415078640000
1031.600000000 5.200000000 2.411922931700
1022.350000000 7.600000000 2.402401685700
1033.350000000 5.400000000 2.402171850200
1036.850000000 8.600000000 2.400735139800
1021.850000000 7.200000000 2.396502733200
1020.100000000 5.400000000 2.393021345100
1033.100000000 9.800000000 2.392935991300
1027.600000000 6.400000000 2.390396118200
1038.100000000 6.000000000 2.386561632200
1036.350000000 8.200000000 2.381415128700
1026.350000000 5.800000000 2.375224113500
1031.850000000 5.200000000 2.374329805400
1021.600000000 7.400000000 2.368535041800
1033.350000000 8.600000000 2.365806579600
1033.100000000 8.800000000 2.365050315900
1036.100000000 8.600000000 2.361278533900
1025.350000000 5.200000000 2.357520103500
1034.350000000 6.200000000 2.356521129600
1032.600000000 9.600000000 2.350623130800
1035.600000000 5.800000000 2.342279911000
1035.100000000 9.400000000 2.339365005500
1034.600000000 8.800000000 2.332267046000
1035.350000000 9.000000000 2.325406312900
1036.850000000 8.800000000 2.322117805500
1033.600000000 6.400000000 2.322025537500
1036.600000000 8.400000000 2.315090417900
1034.850000000 5.800000000 2.314784526800
1022.100000000 7.200000000 2.308537960100
1033.850000000 9.600000000 2.307599306100
1033.600000000 5.200000000 2.306953191800
1034.350000000 8.800000000 2.306074380900
1036.350000000 5.600000000 2.291846275300
1036.850000000 6.200000000 2.291192054700
1035.850000000 5.400000000 2.289546489700
1030.600000000 5.200000000 2.278846263900
1036.850000000 5.800000000 2.277379274400
1035.350000000 5.600000000 2.269445180900
1021.600000000 8.000000000 2.262937307400
1022.350000000 7.800000000 2.261381626100
1028.600000000 6.000000000 2.258218288400
1033.600000000 8.600000000 2.257226467100
1035.850000000 9.200000000 2.251301765400
1033.100000000 9.000000000 2.250880479800
1035.600000000 5.600000000 2.238611459700
1021.350000000 8.000000000 2.236600160600
1026.100000000 5.600000000 2.232928752900
1034.850000000 9.400000000 2.227734804200
1035.600000000 9.000000000 2.226238250700
1020.850000000 8.000000000 2.225426435500
1032.850000000 9.400000000 2.221058130300
1034.100000000 8.800000000 2.219175815600
1034.600000000 6.000000000 2.214921951300
1035.100000000 5.600000000 2.210515499100
1020.100000000 5.200000000 2.209373474100
1033.600000000 5.400000000 2.208648681600
1035.600000000 5.200000000 2.207760334000
1037.100000000 6.200000000 2.206599235500
1037.100000000 5.800000000 2.205684900300
1020.600000000 8.000000000 2.203419685400
1021.850000000 8.000000000 2.199572086300
1035.600000000 5.400000000 2.194500446300
1020.100000000 7.800000000 2.193466901800
1033.850000000 5.200000000 2.191993236500
1036.100000000 9.200000000 2.185916185400
1036.350000000 9.200000000 2.185286521900
1037.850000000 6.200000000 2.182205438600
1035.600000000 9.200000000 2.177028179200
1035.100000000 9.000000000 2.172489166300
1035.850000000 5.600000000 2.166301965700
1036.100000000 5.600000000 2.164355516400
1034.600000000 9.400000000 2.155946016300
1034.350000000 9.400000000 2.153427839300
1037.350000000 5.600000000 2.152719497700
1033.600000000 5.600000000 2.146637916600
1036.350000000 8.400000000 2.145391702700
1035.850000000 6.000000000 2.141268014900
1036.600000000 5.800000000 2.137742757800
1033.600000000 6.200000000 2.135361671400
1033.600000000 6.000000000 2.127283334700
1021.850000000 7.400000000 2.126099109600
1033.600000000 5.800000000 2.124179601700
1022.350000000 8.000000000 2.122873067900
1037.850000000 5.200000000 2.121210098300
1034.100000000 9.400000000 2.120691061000
1035.850000000 5.800000000 2.116600990300
1022.100000000 8.000000000 2.116147518200
1034.600000000 5.800000000 2.114611387300
1029.600000000 5.400000000 2.113518476500
1036.850000000 6.000000000 2.109683752100
1037.100000000 6.000000000 2.108972072600
1030.350000000 5.200000000 2.104417562500
1033.100000000 9.200000000 2.103579044300
1021.350000000 7.800000000 2.100545406300
1034.850000000 5.600000000 2.097848892200
1036.600000000 8.600000000 2.092600345600
1037.600000000 5.400000000 2.091651439700
1037.600000000 6.200000000 2.091203928000
1035.350000000 5.400000000 2.090349435800
1025.850000000 5.400000000 2.084809064900
1034.100000000 6.200000000 2.076528549200
1027.100000000 6.200000000 2.076316595100
1021.600000000 7.600000000 2.069335937500
1033.600000000 9.600000000 2.064475297900
1026.850000000 9.800000000 2.062141895300
1021.100000000 8.000000000 2.059158325200
1028.850000000 5.800000000 2.056080579800
1036.600000000 9.000000000 2.054325342200
1037.850000000 5.400000000 2.050927639000
1033.850000000 5.400000000 2.050131559400
1033.850000000 8.800000000 2.046995163000
1022.100000000 7.400000000 2.040712595000
1020.350000000 8.200000000 2.039866685900
1037.850000000 5.600000000 2.032943010300
1032.850000000 9.600000000 2.032313108400
1028.100000000 6.200000000 2.028335332900
1026.600000000 10.000000000 2.020762682000
1037.350000000 6.200000000 2.019425630600
1033.350000000 8.800000000 2.016780376400
1020.350000000 8.000000000 2.009206771900
1036.100000000 8.800000000 2.005730390500
1034.100000000 5.200000000 2.005617380100
1036.600000000 8.800000000 1.997211337100
1035.350000000 9.200000000 1.996537447000
1027.350000000 9.600000000 1.988837242100
1036.350000000 5.800000000 1.985441803900
1034.600000000 5.600000000 1.977054357500
1034.350000000 6.000000000 1.969383716600
1037.850000000 6.000000000 1.966703534100
1036.100000000 5.800000000 1.966615080800
1035.100000000 5.400000000 1.966421246500
1035.350000000 5.200000000 1.960117578500
1037.850000000 5.800000000 1.957263827300
1034.350000000 5.800000000 1.944873571400
1035.850000000 9.000000000 1.941566824900
1033.100000000 9.400000000 1.936303496400
1036.600000000 6.000000000 1.931526780100
1022.100000000 7.600000000 1.931114673600
1033.850000000 5.600000000 1.930673599200
1025.600000000 5.200000000 1.924495816200
1034.850000000 9.000000000 1.921892404600
1030.100000000 5.200000000 1.918331384700
1033.600000000 8.800000000 1.916141867600
1027.850000000 9.600000000 1.910309910800
1036.350000000 8.600000000 1.908768415500
1020.100000000 8.200000000 1.905778050400
1033.850000000 9.400000000 1.901934862100
1034.350000000 5.600000000 1.899040818200
1033.350000000 9.000000000 1.897366166100
1026.850000000 6.000000000 1.894915700000
1033.850000000 5.800000000 1.894343376200
1035.100000000 9.200000000 1.894041061400
1034.100000000 5.400000000 1.892733693100
1036.100000000 6.000000000 1.883851289700
1036.350000000 6.000000000 1.880858302100
1034.100000000 5.600000000 1.879270196000
1029.100000000 5.600000000 1.878346324000
1037.350000000 5.800000000 1.875959992400
1034.850000000 5.400000000 1.868213653600
1033.850000000 6.000000000 1.867652893100
1034.100000000 5.800000000 1.860286593400
1022.100000000 7.800000000 1.859698772400
1033.850000000 6.200000000 1.855358004600
1021.850000000 7.600000000 1.849318504300
1028.350000000 10.000000000 1.844323992700
1034.350000000 9.000000000 1.838367462200
1034.100000000 6.000000000 1.837093472500
1034.100000000 9.200000000 1.833036661100
1034.350000000 5.400000000 1.832278966900
1034.600000000 9.000000000 1.829257726700
1033.350000000 9.600000000 1.824071884200
1034.600000000 5.400000000 1.823237061500
1034.100000000 9.000000000 1.818871021300
1034.850000000 9.200000000 1.806903123900
1026.600000000 5.800000000 1.795876026200
1037.350000000 6.000000000 1.795828580900
1020.100000000 8.000000000 1.793277621300
1027.600000000 9.600000000 1.790902495400
1036.350000000 9.000000000 1.785639405300
1033.100000000 9.600000000 1.783869266500
1028.100000000 9.800000000 1.777338981600
1034.350000000 9.200000000 1.771872401200
1028.350000000 6.000000000 1.766324877700
1021.600000000 7.800000000 1.759774804100
1035.100000000 5.200000000 1.746376752900
1034.350000000 5.200000000 1.744663715400
1021.850000000 7.800000000 1.736641049400
1033.850000000 9.000000000 1.735780835200
1033.350000000 9.200000000 1.734685301800
1026.350000000 5.600000000 1.726302385300
1036.350000000 8.800000000 1.713434815400
1036.100000000 9.000000000 1.709981441500
1037.600000000 5.600000000 1.709564685800
1027.350000000 6.200000000 1.707829594600
1027.850000000 6.200000000 1.704648852300
1033.850000000 9.200000000 1.702369570700
1029.850000000 5.200000000 1.698128938700
1034.600000000 9.200000000 1.695535659800
1029.350000000 5.400000000 1.692031741100
1033.600000000 9.000000000 1.665650010100
1026.100000000 5.400000000 1.664914250400
1034.600000000 5.200000000 1.663160800900
1027.100000000 9.800000000 1.659954667100
1034.850000000 5.200000000 1.647798299800
1033.350000000 9.400000000 1.616407036800
1028.600000000 5.800000000 1.584279060400
1025.850000000 5.200000000 1.584278941200
1027.600000000 6.200000000 1.584193110500
1037.600000000 6.000000000 1.575953722000
1026.850000000 10.000000000 1.554736495000
1033.600000000 9.400000000 1.532181739800
1033.600000000 9.200000000 1.522958278700
1037.600000000 5.800000000 1.466978192300
1029.600000000 5.200000000 1.440259695100
1028.850000000 5.600000000 1.437418580100
1027.100000000 6.000000000 1.426794409800
1027.850000000 9.800000000 1.413280010200
1027.350000000 9.800000000 1.398636579500
1028.100000000 6.000000000 1.396648049400
1028.100000000 10.000000000 1.387766957300
1029.100000000 5.400000000 1.311832904800
1026.850000000 5.800000000 1.308306455600
1027.600000000 9.800000000 1.289098501200
1026.100000000 5.200000000 1.266044378300
1026.600000000 5.600000000 1.263747096100
1026.350000000 5.400000000 1.262573599800
1028.350000000 5.800000000 1.229134917300
1027.100000000 10.000000000 1.222551703500
1029.350000000 5.200000000 1.168070316300
1027.850000000 6.000000000 1.146469950700
1027.350000000 6.000000000 1.136269807800
1028.600000000 5.600000000 1.100926518400
1027.850000000 10.000000000 1.096469759900
1027.600000000 6.000000000 1.045432448400
1027.350000000 10.000000000 1.003486514100
1028.850000000 5.400000000 1.001981616000
1028.100000000 5.800000000 0.960906028700
1027.600000000 10.000000000 0.943053901200
1027.100000000 5.800000000 0.941941678500
1026.350000000 5.200000000 0.931555926800
1029.100000000 5.200000000 0.914533555500
1026.600000000 5.400000000 0.877969503400
1026.850000000 5.600000000 0.868561446700
1028.350000000 5.600000000 0.849864721300
1027.850000000 5.800000000 0.771685481100
1028.600000000 5.400000000 0.764840900900
1027.350000000 5.800000000 0.727693438500
1028.850000000 5.200000000 0.702540040000
1027.600000000 5.800000000 0.679068148100
1028.100000000 5.600000000 0.661042988300
1026.600000000 5.200000000 0.609444856600
1028.350000000 5.400000000 0.590201914300
1027.100000000 5.600000000 0.589568555400
1026.850000000 5.400000000 0.559963703200
1028.600000000 5.200000000 0.540295004800
1027.850000000 5.600000000 0.521432697800
1028.100000000 5.400000000 0.460786819500
1027.350000000 5.600000000 0.447009146200
1027.600000000 5.600000000 0.438175082200
1028.350000000 5.200000000 0.421562463000
1026.850000000 5.200000000 0.394962817400
1027.850000000 5.400000000 0.362151563200
1027.100000000 5.400000000 0.355648607000
1027.100000000 5.200000000 0.353573739500
1028.100000000 5.200000000 0.335080057400
1027.350000000 5.200000000 0.299324840300
1027.600000000 5.400000000 0.293824732300
1027.350000000 5.400000000 0.276520609900
1027.850000000 5.200000000 0.268835037900
1027.600000000 5.200000000 0.245478823800
