921.710000000 6.200000000 29.247406005900
921.460000000 6.200000000 29.241424560500
921.710000000 6.400000000 28.648271560700
921.460000000 6.400000000 28.083559036300
921.460000000 6.000000000 27.372135162400
921.210000000 6.200000000 26.953948974600
921.710000000 6.000000000 26.147768020600
921.210000000 6.000000000 26.078035354600
921.960000000 6.400000000 25.909584045400
921.210000000 6.400000000 25.774362564100
921.960000000 6.200000000 25.621360778800
921.710000000 6.600000000 25.453077316300
921.460000000 6.600000000 25.052961349500
926.710000000 8.000000000 24.147058486900
920.960000000 6.200000000 24.121751785300
926.960000000 8.000000000 24.014858245800
926.710000000 7.800000000 23.574600219700
920.960000000 6.000000000 23.518568038900
921.960000000 6.600000000 23.479906082200
926.960000000 8.200000000 23.475534439100
926.460000000 8.000000000 23.470643997200
921.210000000 6.600000000 23.384214401200
920.960000000 6.400000000 23.254785537700
926.460000000 7.800000000 23.250301361100
926.710000000 8.200000000 23.242692947400
926.960000000 7.800000000 23.117094039900
921.210000000 5.800000000 23.045076370200
921.460000000 5.800000000 23.029932022100
926.210000000 7.800000000 22.938037872300
926.210000000 8.000000000 22.730054855300
925.960000000 7.800000000 22.571231842000
927.210000000 8.200000000 22.553733825700
926.460000000 8.200000000 22.301059722900
921.960000000 6.000000000 22.241285324100
926.960000000 8.400000000 22.207483291600
927.210000000 8.000000000 22.171913147000
926.710000000 7.600000000 22.105203628500
926.460000000 7.600000000 21.964830398600
925.960000000 8.000000000 21.837963104200
925.960000000 7.600000000 21.814302444500
926.210000000 7.600000000 21.779386520400
927.210000000 8.400000000 21.752809524500
925.710000000 7.800000000 21.747913360600
925.710000000 7.600000000 21.706340789800
921.460000000 6.800000000 21.611339569100
921.710000000 6.800000000 21.593946456900
920.960000000 5.800000000 21.420688629200
926.710000000 8.400000000 21.416885376000
920.960000000 6.600000000 21.373043060300
920.710000000 6.200000000 21.348197937000
926.960000000 7.600000000 21.222381591800
922.210000000 6.400000000 21.188594818100
926.210000000 8.200000000 21.136512756300
927.210000000 7.800000000 21.015810012800
925.460000000 7.600000000 20.935785293600
921.710000000 5.800000000 20.879247665400
920.710000000 6.000000000 20.842750549300
920.710000000 6.400000000 20.667575836200
921.210000000 6.800000000 20.627374649000
922.210000000 6.200000000 20.426225662200
925.710000000 8.000000000 20.296628952000
925.710000000 7.400000000 20.227560043300
925.460000000 7.800000000 20.203096389800
927.210000000 8.600000000 20.160324096700
925.460000000 7.400000000 20.071168899500
921.960000000 6.800000000 20.016664505000
926.460000000 8.400000000 20.009197235100
927.460000000 8.200000000 19.961853027300
922.210000000 6.600000000 19.946962356600
926.960000000 8.600000000 19.934141159100
925.960000000 7.400000000 19.927095413200
927.460000000 8.400000000 19.868103027300
925.960000000 8.200000000 19.784994125400
926.460000000 7.400000000 19.720123291000
926.210000000 7.400000000 19.698476791400
926.710000000 7.400000000 19.679590225200
925.210000000 7.600000000 19.271068573000
920.710000000 5.800000000 19.175170898400
927.460000000 8.000000000 19.103969574000
927.460000000 8.600000000 19.087987899800
920.710000000 6.600000000 19.036333084100
925.210000000 7.400000000 19.030244827300
920.960000000 6.800000000 19.018905639600
927.210000000 7.600000000 18.848745346100
926.710000000 8.600000000 18.788932800300
926.960000000 7.400000000 18.688858032200
926.210000000 8.400000000 18.659179687500
921.460000000 7.000000000 18.523344039900
920.460000000 6.200000000 18.434064865100
925.460000000 8.000000000 18.193080902100
921.710000000 7.000000000 18.164669036900
927.210000000 8.800000000 18.037158966100
925.210000000 7.800000000 18.022768020600
920.460000000 6.000000000 18.020492553700
921.210000000 7.000000000 17.988327026400
925.460000000 7.200000000 17.919593811000
925.710000000 7.200000000 17.838785171500
925.710000000 8.200000000 17.836763382000
922.210000000 6.000000000 17.762729644800
920.460000000 6.400000000 17.760810852100
922.210000000 6.800000000 17.536069870000
925.960000000 7.200000000 17.524959564200
921.960000000 5.800000000 17.523078918500
927.460000000 7.800000000 17.502614975000
926.960000000 8.800000000 17.436374664300
927.460000000 8.800000000 17.433847427400
926.210000000 7.200000000 17.350000381500
925.210000000 7.200000000 17.344387054400
926.460000000 7.200000000 17.315450668300
926.460000000 8.600000000 17.259286880500
924.960000000 7.400000000 17.135030746500
922.460000000 6.400000000 17.056182861300
925.960000000 8.400000000 16.980749130200
926.710000000 7.200000000 16.971490860000
927.710000000 8.400000000 16.941688537600
924.960000000 7.600000000 16.930799484300
920.710000000 6.800000000 16.928644180300
922.460000000 6.600000000 16.776153564500
921.960000000 7.000000000 16.752460479700
927.710000000 8.600000000 16.688991546600
920.960000000 7.000000000 16.606397628800
920.460000000 5.800000000 16.564683914200
927.710000000 8.200000000 16.496562957800
920.460000000 6.600000000 16.326879501300
927.210000000 7.400000000 16.291856765700
922.460000000 6.200000000 16.035646438600
926.710000000 8.800000000 16.030569076500
921.460000000 7.200000000 16.020397186300
924.960000000 7.200000000 16.012083053600
926.960000000 7.200000000 15.822700500500
925.210000000 8.000000000 15.814500808700
927.710000000 8.800000000 15.792630195600
926.210000000 8.600000000 15.752965927100
921.210000000 7.200000000 15.635090827900
927.210000000 9.000000000 15.593688011200
924.960000000 7.800000000 15.584687233000
925.460000000 8.200000000 15.579278945900
927.460000000 9.000000000 15.573081016500
927.460000000 7.600000000 15.483820915200
922.460000000 6.800000000 15.463723182700
921.710000000 7.200000000 15.439435958900
927.710000000 8.000000000 15.430161476100
925.460000000 7.000000000 15.164123535200
925.710000000 7.000000000 15.145096778900
925.960000000 7.000000000 15.044678688000
925.710000000 8.400000000 15.009411811800
920.210000000 6.200000000 14.992092132600
922.210000000 7.000000000 14.988885879500
930.210000000 9.400000000 14.980640411400
926.210000000 7.000000000 14.937301635700
924.710000000 7.400000000 14.827877998400
929.960000000 9.200000000 14.815011978100
925.210000000 7.000000000 14.806150436400
920.710000000 7.000000000 14.773871421800
926.460000000 7.000000000 14.769653320300
920.210000000 6.000000000 14.715268135100
926.960000000 9.000000000 14.712043762200
930.210000000 9.200000000 14.631718635600
929.960000000 9.400000000 14.614005088800
920.460000000 6.800000000 14.584437370300
924.710000000 7.600000000 14.520829200700
929.710000000 9.000000000 14.477349281300
920.210000000 6.400000000 14.463244438200
927.710000000 9.000000000 14.413526535000
930.210000000 9.600000000 14.401569366500
920.960000000 7.200000000 14.372570991500
926.460000000 8.800000000 14.367167472800
929.710000000 9.200000000 14.324720382700
926.710000000 7.000000000 14.316212654100
929.960000000 9.000000000 14.287295341500
922.210000000 5.800000000 14.233958244300
922.710000000 6.600000000 14.232960701000
929.460000000 9.000000000 14.147540092500
924.710000000 7.200000000 14.126597404500
921.960000000 7.200000000 14.109086990400
927.960000000 8.600000000 14.104168891900
925.960000000 8.600000000 14.094927787800
922.460000000 6.000000000 13.990730285600
921.460000000 7.400000000 13.985679626500
927.960000000 8.400000000 13.981104850800
929.460000000 8.800000000 13.975411415100
929.710000000 8.800000000 13.949019432100
924.960000000 7.000000000 13.945545196500
930.460000000 9.400000000 13.921122551000
927.710000000 7.800000000 13.916915893600
922.710000000 6.800000000 13.873541832000
930.210000000 9.000000000 13.862651825000
922.710000000 6.400000000 13.788755416900
929.960000000 9.600000000 13.740370750400
927.210000000 7.200000000 13.697806358300
929.710000000 9.400000000 13.692368507400
922.460000000 7.000000000 13.658724784900
929.460000000 9.200000000 13.654044151300
927.960000000 8.800000000 13.606638908400
920.210000000 5.800000000 13.598842620800
924.960000000 8.000000000 13.588700294500
921.210000000 7.400000000 13.580301284800
929.210000000 8.800000000 13.572435379000
930.460000000 9.200000000 13.570987701400
930.460000000 9.600000000 13.529519081100
929.960000000 8.800000000 13.484288215600
920.210000000 6.600000000 13.461117744400
927.960000000 8.200000000 13.439337730400
929.210000000 9.000000000 13.435026168800
925.210000000 8.200000000 13.377281189000
921.710000000 7.400000000 13.359785080000
927.460000000 9.200000000 13.317517280600
924.710000000 7.800000000 13.289098739600
926.710000000 9.000000000 13.287620544400
929.460000000 8.600000000 13.244227409400
927.460000000 7.400000000 13.191018104600
927.210000000 9.200000000 13.162959098800
926.960000000 7.000000000 13.087725639300
930.210000000 9.800000000 13.057806968700
929.710000000 8.600000000 13.027494430500
929.210000000 8.600000000 12.965296745300
925.460000000 8.400000000 12.930353164700
926.210000000 8.800000000 12.927850723300
920.460000000 7.000000000 12.909979820300
920.710000000 7.200000000 12.833141326900
922.710000000 7.000000000 12.830559730500
927.960000000 9.000000000 12.803249359100
928.960000000 8.800000000 12.774402618400
922.210000000 7.200000000 12.757384300200
930.460000000 9.000000000 12.743904113800
927.710000000 9.200000000 12.743790626500
930.210000000 8.800000000 12.718714714100
925.960000000 6.800000000 12.694871902500
929.210000000 9.200000000 12.689491272000
926.210000000 6.800000000 12.665660858200
922.960000000 6.800000000 12.659213066100
922.710000000 6.200000000 12.644886016800
925.710000000 6.800000000 12.590155601500
924.460000000 7.400000000 12.585192680400
924.710000000 7.000000000 12.579623222400
930.460000000 9.800000000 12.533550262500
928.960000000 9.000000000 12.527868270900
929.460000000 9.400000000 12.501311302200
926.460000000 6.800000000 12.462486267100
928.960000000 8.600000000 12.457939147900
927.960000000 8.000000000 12.422746658300
925.460000000 6.800000000 12.421006202700
920.960000000 7.400000000 12.420431137100
929.710000000 9.600000000 12.389124870300
929.960000000 8.600000000 12.378005027800
922.960000000 7.000000000 12.368484497100
920.210000000 6.800000000 12.344885826100
928.210000000 8.600000000 12.332006454500
925.710000000 8.600000000 12.323069572400
924.460000000 7.600000000 12.286757469200
921.460000000 7.600000000 12.274674415600
922.960000000 6.600000000 12.256039619400
926.960000000 9.200000000 12.245163917500
928.210000000 8.800000000 12.186100959800
929.960000000 9.800000000 12.174415588400
927.710000000 7.600000000 12.156841278100
921.960000000 7.400000000 12.148904800400
928.210000000 8.400000000 12.119894027700
925.210000000 6.800000000 12.107992172200
930.710000000 9.400000000 12.101804733300
929.460000000 8.400000000 12.075991630600
924.460000000 7.200000000 12.049242973300
929.210000000 8.400000000 11.980949401900
928.710000000 8.800000000 11.973572731000
930.710000000 9.200000000 11.937964439400
923.210000000 7.000000000 11.937369346600
929.710000000 8.400000000 11.872925758400
928.710000000 8.600000000 11.855821609500
926.710000000 6.800000000 11.845321655300
930.710000000 9.600000000 11.833777427700
922.460000000 7.200000000 11.796918869000
921.210000000 7.600000000 11.794537544300
921.710000000 7.600000000 11.791179657000
926.460000000 9.000000000 11.783258438100
928.960000000 9.200000000 11.713221550000
928.460000000 8.600000000 11.705579757700
928.710000000 9.000000000 11.675876617400
928.460000000 8.800000000 11.673801422100
930.460000000 8.800000000 11.645856857300
927.960000000 9.200000000 11.608253479000
928.210000000 9.000000000 11.601436615000
923.210000000 7.200000000 11.582451820400
928.960000000 8.400000000 11.555115699800
923.210000000 6.800000000 11.548656463600
924.960000000 6.800000000 11.541708946200
922.460000000 5.800000000 11.525688171400
925.960000000 8.800000000 11.518766403200
919.960000000 6.200000000 11.513982772800
924.710000000 8.000000000 11.500382423400
928.210000000 8.200000000 11.488450050400
920.460000000 7.200000000 11.475202560400
930.210000000 8.600000000 11.464344024700
929.210000000 9.400000000 11.458391189600
922.960000000 7.200000000 11.428076744100
924.960000000 8.200000000 11.395358085600
930.710000000 9.000000000 11.372462272600
922.710000000 7.200000000 11.362016677900
919.960000000 6.400000000 11.359390258800
922.960000000 6.400000000 11.342397689800
920.210000000 7.000000000 11.319179534900
928.460000000 9.000000000 11.277974128700
919.960000000 6.000000000 11.271318435700
928.460000000 8.400000000 11.261265754700
927.460000000 9.400000000 11.253234863300
927.210000000 7.000000000 11.233551025400
924.460000000 7.800000000 11.216272354100
928.710000000 8.400000000 11.206644058200
920.710000000 7.400000000 11.202584266700
929.960000000 8.400000000 11.187639236500
913.960000000 7.600000000 11.148822784400
927.960000000 7.800000000 11.122680664100
923.460000000 7.200000000 11.110546112100
930.210000000 10.000000000 11.102853775000
930.710000000 9.800000000 11.084792137100
927.460000000 7.200000000 11.070321083100
925.210000000 8.400000000 11.069295883200
929.460000000 9.600000000 11.067520141600
922.710000000 6.000000000 11.067104339600
923.460000000 7.000000000 11.052070617700
913.960000000 7.800000000 11.044210434000
927.710000000 9.400000000 10.992291450500
919.960000000 6.600000000 10.983550071700
930.460000000 10.000000000 10.973946571400
922.210000000 7.400000000 10.950444221500
918.460000000 6.200000000 10.930685043300
926.710000000 9.200000000 10.923133850100
915.960000000 7.200000000 10.904395103500
928.710000000 9.200000000 10.890371322600
924.460000000 7.000000000 10.861907959000
927.210000000 9.400000000 10.843621254000
929.460000000 8.200000000 10.841651916500
921.460000000 7.800000000 10.806742668200
920.960000000 7.600000000 10.771543502800
915.960000000 7.400000000 10.770950317400
928.210000000 9.200000000 10.761494636500
918.460000000 6.000000000 10.756100654600
914.210000000 7.600000000 10.737339973400
929.210000000 8.200000000 10.721769332900
929.710000000 9.800000000 10.717094421400
926.960000000 6.800000000 10.703446388200
921.960000000 7.600000000 10.684689521800
914.210000000 7.400000000 10.673058509800
923.210000000 6.600000000 10.662581443800
924.210000000 7.400000000 10.649444580100
926.210000000 6.600000000 10.637229919400
925.460000000 8.600000000 10.627795219400
913.960000000 7.400000000 10.610595703100
929.710000000 8.200000000 10.606503486600
924.710000000 6.800000000 10.605916976900
930.960000000 9.400000000 10.583344459500
925.960000000 6.600000000 10.568455696100
919.960000000 5.800000000 10.548614502000
921.710000000 7.800000000 10.531683921800
928.460000000 8.200000000 10.529191017200
928.460000000 9.200000000 10.526934623700
919.960000000 6.800000000 10.526787757900
914.210000000 7.800000000 10.517005920400
928.210000000 8.000000000 10.516506195100
930.960000000 9.200000000 10.511645317100
926.210000000 9.000000000 10.499934196500
928.960000000 9.400000000 10.491624832200
928.960000000 8.200000000 10.482154846200
930.710000000 8.800000000 10.476605415300
923.210000000 7.400000000 10.453275680500
924.210000000 7.600000000 10.452013969400
923.460000000 7.400000000 10.431670188900
920.210000000 7.200000000 10.427313804600
918.460000000 6.400000000 10.426408767700
930.460000000 8.600000000 10.417197227500
915.710000000 7.400000000 10.411210060100
913.960000000 8.000000000 10.409635543800
923.460000000 6.800000000 10.405934333800
926.460000000 6.600000000 10.388679504400
927.710000000 7.400000000 10.380621910100
925.710000000 6.600000000 10.334211349500
927.960000000 9.400000000 10.321387291000
915.960000000 7.000000000 10.309874534600
920.460000000 7.400000000 10.296588897700
928.710000000 8.200000000 10.281524658200
930.960000000 9.600000000 10.266818046600
930.210000000 8.400000000 10.260041236900
921.210000000 7.800000000 10.258989334100
913.710000000 7.600000000 10.257868766800
918.210000000 6.000000000 10.220303535500
915.710000000 7.200000000 10.219563484200
923.710000000 7.200000000 10.184732437100
914.460000000 7.400000000 10.173169136000
913.710000000 7.800000000 10.151226043700
922.960000000 6.200000000 10.148459434500
924.210000000 7.200000000 10.144078254700
916.210000000 7.200000000 10.135924339300
929.960000000 10.000000000 10.121657371500
922.460000000 7.400000000 10.101724624600
918.460000000 5.800000000 10.088475227400
918.210000000 6.200000000 10.082376480100
925.710000000 8.800000000 10.059661865200
915.960000000 7.600000000 10.057291030900
930.960000000 9.000000000 10.056428909300
919.960000000 7.000000000 10.038632392900
918.710000000 6.200000000 10.007488250700
914.210000000 7.200000000 10.006258964500
925.460000000 6.600000000 10.002254486100
929.960000000 8.200000000 10.000915527300
923.710000000 7.000000000 9.999933242800
929.210000000 9.600000000 9.977380752600
922.960000000 7.400000000 9.966190338100
914.460000000 7.200000000 9.949818611100
918.710000000 6.400000000 9.942107200600
926.960000000 9.400000000 9.940592765800
915.710000000 7.600000000 9.938238143900
930.710000000 10.000000000 9.905028343200
920.710000000 7.600000000 9.871337890600
914.460000000 7.600000000 9.870160102800
916.210000000 7.000000000 9.853132247900
914.210000000 8.000000000 9.808254241900
923.710000000 7.400000000 9.799906730700
928.710000000 9.400000000 9.791318893400
922.710000000 7.400000000 9.740479469300
918.210000000 5.800000000 9.734103202800
928.210000000 9.400000000 9.718976020800
927.960000000 7.600000000 9.713201522800
926.710000000 6.600000000 9.690881729100
925.210000000 6.600000000 9.669296264600
916.210000000 7.400000000 9.663257598900
914.710000000 7.400000000 9.661375045800
913.960000000 7.200000000 9.661354064900
913.710000000 8.000000000 9.656307220500
924.460000000 8.000000000 9.639533996600
920.210000000 7.400000000 9.620013237000
913.710000000 7.400000000 9.617391586300
930.960000000 9.800000000 9.606157302900
915.460000000 7.400000000 9.602345466600
926.460000000 9.200000000 9.583174705500
921.960000000 7.800000000 9.567890167200
918.210000000 6.400000000 9.565171241800
914.710000000 7.200000000 9.559680938700
918.460000000 6.600000000 9.558290481600
929.460000000 8.000000000 9.551212310800
923.210000000 6.400000000 9.549541473400
924.210000000 7.800000000 9.546801567100
921.460000000 8.000000000 9.539804458600
924.710000000 8.200000000 9.535511970500
922.210000000 7.600000000 9.528905868500
928.460000000 8.000000000 9.527559280400
928.460000000 9.400000000 9.512015342700
919.960000000 7.200000000 9.493974685700
921.710000000 8.000000000 9.490709304800
929.210000000 8.000000000 9.482473373400
918.710000000 6.000000000 9.482346534700
929.460000000 9.800000000 9.478034973100
923.460000000 6.600000000 9.422460556000
915.710000000 7.000000000 9.413906097400
920.960000000 7.800000000 9.407459259000
929.710000000 8.000000000 9.396829605100
928.210000000 7.800000000 9.392156601000
930.710000000 8.600000000 9.372902870200
923.710000000 6.800000000 9.369098663300
914.460000000 7.800000000 9.357092857400
915.460000000 7.600000000 9.354647636400
914.960000000 7.400000000 9.351971626300
922.710000000 5.800000000 9.342236518900
925.960000000 9.000000000 9.335104942300
920.460000000 7.600000000 9.312637329100
924.960000000 8.400000000 9.311326026900
924.460000000 6.800000000 9.296499252300
923.960000000 7.200000000 9.284732818600
918.710000000 6.600000000 9.281362533600
931.210000000 9.400000000 9.278454780600
915.210000000 7.400000000 9.263705253600
927.710000000 9.600000000 9.259163856500
930.960000000 8.800000000 9.253221511800
924.960000000 6.600000000 9.251294136000
928.960000000 8.000000000 9.250035285900
915.460000000 7.200000000 9.239334106400
913.960000000 8.200000000 9.225963592500
923.960000000 7.400000000 9.199899673500
930.460000000 8.400000000 9.198580741900
927.460000000 9.600000000 9.192118644700
923.460000000 7.600000000 9.191471099900
928.710000000 8.000000000 9.181463241600
931.210000000 9.200000000 9.159264564500
919.710000000 6.600000000 9.152673721300
914.460000000 7.000000000 9.149596214300
914.710000000 7.600000000 9.147764205900
923.960000000 7.000000000 9.134357452400
928.960000000 9.600000000 9.130611419700
924.210000000 7.000000000 9.128456115700
914.960000000 7.200000000 9.118494033800
923.960000000 7.600000000 9.114373207100
919.710000000 6.800000000 9.105652809100
927.210000000 6.800000000 9.105606079100
930.210000000 8.200000000 9.094815254200
927.460000000 7.000000000 9.094403266900
919.710000000 6.400000000 9.063998222400
915.710000000 7.800000000 9.034115791300
914.210000000 7.000000000 9.026738166800
925.210000000 8.600000000 9.023711204500
915.960000000 6.800000000 8.985167503400
915.210000000 7.600000000 8.974219322200
931.210000000 9.600000000 8.970751762400
921.210000000 8.000000000 8.961532592800
929.710000000 10.000000000 8.956358909600
916.210000000 6.800000000 8.936857223500
915.960000000 7.800000000 8.933403015100
927.960000000 9.600000000 8.932875633200
914.210000000 8.200000000 8.914815902700
923.210000000 7.600000000 8.903983116100
914.960000000 7.600000000 8.876410484300
915.210000000 7.200000000 8.872697830200
919.710000000 6.200000000 8.868695259100
919.710000000 7.000000000 8.862677574200
926.710000000 9.400000000 8.862029075600
923.710000000 7.600000000 8.855340004000
922.960000000 6.000000000 8.855061531100
920.210000000 7.600000000 8.853485107400
919.960000000 7.400000000 8.841242790200
926.210000000 6.400000000 8.834853172300
916.210000000 7.600000000 8.833093643200
929.960000000 8.000000000 8.820718765300
927.210000000 9.600000000 8.793382644700
920.710000000 7.800000000 8.781464576700
918.710000000 5.800000000 8.769014358500
914.710000000 7.000000000 8.746273040800
925.960000000 6.400000000 8.739541053800
921.960000000 8.000000000 8.703382492100
927.710000000 7.200000000 8.698741912800
918.960000000 6.400000000 8.695601463300
922.460000000 7.600000000 8.683687210100
931.210000000 9.000000000 8.669142723100
913.710000000 7.200000000 8.667978286700
914.460000000 8.000000000 8.663215637200
926.960000000 6.600000000 8.658426284800
925.460000000 8.800000000 8.656113624600
918.210000000 6.600000000 8.640785217300
930.960000000 10.000000000 8.635214805600
915.460000000 7.800000000 8.631834030200
921.710000000 8.200000000 8.612774848900
928.710000000 9.600000000 8.605257988000
924.710000000 6.600000000 8.603614807100
923.960000000 6.800000000 8.590387344400
926.460000000 6.400000000 8.564146041900
928.210000000 9.600000000 8.552422523500
919.710000000 6.000000000 8.545881271400
926.210000000 9.200000000 8.515727996800
918.960000000 6.600000000 8.502643585200
913.710000000 8.200000000 8.499660491900
929.210000000 9.800000000 8.487441062900
923.710000000 6.600000000 8.464804649400
921.460000000 8.200000000 8.461251258900
913.460000000 7.600000000 8.444602966300
920.460000000 7.800000000 8.443128585800
914.710000000 7.800000000 8.439989090000
928.460000000 7.800000000 8.428524017300
922.210000000 7.800000000 8.425388336200
928.460000000 9.600000000 8.418219566300
925.710000000 6.400000000 8.409606933600
929.460000000 7.800000000 8.409357070900
913.460000000 7.800000000 8.400884628300
918.960000000 6.200000000 8.391186714200
913.960000000 7.000000000 8.379004478500
923.210000000 6.200000000 8.377837181100
919.710000000 7.200000000 8.374561309800
923.960000000 7.800000000 8.340209960900
923.460000000 6.400000000 8.313390731800
929.210000000 7.800000000 8.304160118100
920.960000000 8.000000000 8.287694931000
922.960000000 7.600000000 8.284870147700
927.960000000 7.400000000 8.282233238200
918.460000000 6.800000000 8.282217979400
918.710000000 6.800000000 8.281856536900
931.210000000 9.800000000 8.278311729400
915.460000000 7.000000000 8.276834487900
929.710000000 7.800000000 8.230191230800
930.960000000 8.600000000 8.225585937500
915.210000000 7.800000000 8.211367607100
930.710000000 8.400000000 8.204834938000
925.710000000 9.000000000 8.174203872700
922.710000000 7.600000000 8.173960685700
928.210000000 7.600000000 8.148076057400
924.210000000 8.000000000 8.146829605100
928.960000000 7.800000000 8.133308410600
914.960000000 7.000000000 8.133009910600
919.960000000 7.600000000 8.095612525900
919.460000000 6.800000000 8.089976310700
930.460000000 8.200000000 8.086786270100
916.460000000 7.000000000 8.085876464800
914.960000000 7.800000000 8.085674285900
919.460000000 6.600000000 8.079510688800
924.210000000 6.800000000 8.077072143600
926.960000000 9.600000000 8.075805664100
920.210000000 7.800000000 8.073858261100
928.710000000 7.800000000 8.071712493900
916.460000000 7.200000000 8.065058708200
919.710000000 5.800000000 8.045967102100
913.460000000 7.400000000 8.029626846300
921.960000000 8.200000000 8.021049499500
915.710000000 8.000000000 8.007798194900
930.210000000 8.000000000 8.005438804600
925.460000000 6.400000000 7.996407508900
914.460000000 8.200000000 7.995485782600
913.460000000 8.000000000 7.994366645800
915.710000000 6.800000000 7.979841709100
926.710000000 6.400000000 7.907210826900
929.460000000 10.000000000 7.901755809800
918.960000000 6.000000000 7.901674270600
921.210000000 8.200000000 7.890003204300
913.960000000 8.400000000 7.887823104900
924.460000000 8.200000000 7.881646156300
921.710000000 8.400000000 7.865820884700
920.710000000 8.000000000 7.863165855400
931.460000000 9.400000000 7.862875938400
919.210000000 6.600000000 7.841007709500
931.210000000 8.800000000 7.837502002700
919.460000000 6.400000000 7.834895134000
928.960000000 9.800000000 7.820346355400
915.210000000 7.000000000 7.809225559200
919.210000000 6.400000000 7.804687500000
926.460000000 9.400000000 7.799831867200
923.960000000 6.600000000 7.785171508800
917.960000000 6.200000000 7.784390449500
914.210000000 8.400000000 7.784216404000
918.960000000 6.800000000 7.780825614900
931.460000000 9.200000000 7.767203331000
916.210000000 7.800000000 7.764697551700
919.460000000 7.000000000 7.762708663900
931.460000000 9.600000000 7.760914802600
915.460000000 8.000000000 7.760536193800
929.960000000 7.800000000 7.758187294000
917.960000000 6.000000000 7.747810840600
914.710000000 8.000000000 7.726006507900
915.960000000 8.000000000 7.725852012600
914.460000000 6.800000000 7.722933769200
932.460000000 9.200000000 7.695110797900
927.710000000 9.800000000 7.690912246700
924.710000000 8.400000000 7.670089721700
914.210000000 6.800000000 7.657664775800
924.460000000 6.600000000 7.644967079200
919.710000000 7.400000000 7.643745422400
925.210000000 6.400000000 7.643714904800
931.710000000 9.400000000 7.630468845400
927.960000000 9.800000000 7.628879547100
920.460000000 8.000000000 7.621821880300
919.210000000 6.800000000 7.618873119400
923.460000000 7.800000000 7.612202644300
922.210000000 8.000000000 7.606792926800
923.710000000 7.800000000 7.588989734600
922.960000000 5.800000000 7.572391986800
925.960000000 9.200000000 7.567201137500
921.460000000 8.400000000 7.565794944800
916.460000000 7.400000000 7.547551631900
916.460000000 6.800000000 7.537437915800
919.460000000 6.200000000 7.515489101400
932.460000000 9.000000000 7.512224674200
922.460000000 7.800000000 7.511935234100
924.960000000 8.600000000 7.506944656400
916.210000000 6.600000000 7.497586727100
918.210000000 6.800000000 7.490988254500
927.460000000 9.800000000 7.486763954200
921.960000000 8.400000000 7.468343734700
919.210000000 6.200000000 7.457650184600
917.960000000 6.400000000 7.455972194700
931.710000000 9.200000000 7.450590610500
913.710000000 7.000000000 7.444190979000
923.710000000 6.400000000 7.440651416800
928.210000000 9.800000000 7.429275989500
928.710000000 9.800000000 7.422848701500
917.960000000 5.800000000 7.421386241900
915.210000000 8.000000000 7.421227932000
927.460000000 6.800000000 7.421053409600
915.960000000 6.600000000 7.399168491400
931.710000000 9.600000000 7.379488945000
920.960000000 8.200000000 7.366466045400
927.210000000 6.600000000 7.353281021100
915.710000000 10.000000000 7.352766513800
929.460000000 7.600000000 7.336754322100
924.210000000 6.600000000 7.331461906400
928.460000000 7.600000000 7.315625190700
928.460000000 9.800000000 7.308523178100
931.210000000 10.000000000 7.304379463200
914.960000000 8.000000000 7.295863151600
925.210000000 8.800000000 7.291184902200
924.960000000 6.400000000 7.289888382000
913.710000000 8.400000000 7.286705493900
919.960000000 7.800000000 7.274719238300
929.210000000 7.600000000 7.272903442400
931.460000000 9.800000000 7.268859386400
923.210000000 6.000000000 7.255530834200
926.210000000 6.200000000 7.247829437300
931.460000000 9.000000000 7.244520187400
914.710000000 6.800000000 7.232813835100
921.710000000 8.600000000 7.231672287000
920.210000000 8.000000000 7.229590892800
927.710000000 7.000000000 7.213335037200
926.710000000 9.600000000 7.212246418000
923.460000000 6.200000000 7.207906246200
929.710000000 7.600000000 7.203629970600
923.210000000 7.800000000 7.184852600100
918.960000000 5.800000000 7.184638500200
913.460000000 7.200000000 7.181327819800
914.460000000 8.400000000 7.175998210900
913.460000000 8.200000000 7.148944377900
925.960000000 6.200000000 7.132813930500
929.210000000 10.000000000 7.125349998500
919.460000000 6.000000000 7.107722759200
914.710000000 8.200000000 7.106941223100
930.710000000 8.200000000 7.094626426700
919.460000000 7.200000000 7.092950820900
915.710000000 8.200000000 7.088385105100
930.960000000 8.400000000 7.084116935700
930.460000000 8.000000000 7.081902980800
923.960000000 8.000000000 7.076632976500
928.960000000 7.600000000 7.068417072300
913.960000000 6.800000000 7.058268070200
920.710000000 8.200000000 7.058084487900
927.210000000 9.800000000 7.046109199500
930.210000000 7.800000000 7.033556938200
932.460000000 9.400000000 7.032146453900
921.210000000 8.400000000 7.023661136600
928.710000000 7.600000000 7.010655403100
925.460000000 9.000000000 7.006338596300
921.960000000 8.600000000 7.005886554700
919.210000000 7.000000000 7.003507614100
915.960000000 10.000000000 7.000221252400
915.460000000 8.200000000 6.999671936000
926.460000000 6.200000000 6.998053073900
927.960000000 7.200000000 6.987131595600
928.210000000 7.400000000 6.986331462900
918.710000000 7.000000000 6.978888034800
922.210000000 8.200000000 6.972766876200
926.960000000 6.400000000 6.966897010800
919.210000000 6.000000000 6.933845996900
926.210000000 9.400000000 6.931628704100
918.460000000 7.000000000 6.921476841000
915.460000000 10.000000000 6.914165973700
931.960000000 9.200000000 6.908898353600
915.710000000 9.800000000 6.900503635400
931.960000000 9.400000000 6.891566276600
915.460000000 6.800000000 6.864712715100
921.460000000 8.600000000 6.848169326800
917.960000000 6.600000000 6.846458911900
923.960000000 6.400000000 6.840207099900
919.710000000 7.600000000 6.833431243900
931.710000000 9.000000000 6.827700138100
913.210000000 7.800000000 6.825159072900
931.210000000 8.600000000 6.824312210100
920.460000000 8.200000000 6.814937591600
924.710000000 6.400000000 6.811116218600
918.960000000 7.000000000 6.803715705900
913.210000000 7.600000000 6.802236080200
925.710000000 6.200000000 6.793670654300
922.710000000 7.800000000 6.790680408500
929.960000000 7.600000000 6.776822090100
931.710000000 9.800000000 6.735530853300
916.460000000 7.600000000 6.733579158800
921.710000000 8.800000000 6.693120002700
914.210000000 8.600000000 6.674036979700
922.960000000 7.800000000 6.673249244700
915.210000000 8.200000000 6.665191173600
915.960000000 8.200000000 6.662836074800
916.210000000 8.000000000 6.655558586100
915.960000000 9.800000000 6.649798870100
914.960000000 8.200000000 6.636941909800
925.710000000 9.200000000 6.633833408400
919.460000000 5.800000000 6.633484840400
928.960000000 10.000000000 6.607129097000
920.960000000 8.400000000 6.601000309000
921.960000000 8.800000000 6.600317001300
914.960000000 6.800000000 6.583907127400
924.210000000 8.200000000 6.571668624900
922.460000000 8.000000000 6.561961650800
932.460000000 8.800000000 6.526282310500
914.710000000 8.400000000 6.520989894900
913.960000000 8.600000000 6.488425254800
922.210000000 8.400000000 6.487245559700
913.210000000 7.400000000 6.479690074900
926.960000000 9.800000000 6.473277568800
914.460000000 8.600000000 6.450697422000
931.460000000 10.000000000 6.440184593200
913.210000000 8.000000000 6.437781333900
915.710000000 6.600000000 6.435326576200
924.210000000 6.400000000 6.434567451500
931.460000000 8.800000000 6.412868499800
926.710000000 6.200000000 6.410990238200
931.960000000 9.000000000 6.410225391400
929.460000000 7.400000000 6.406370639800
923.710000000 6.200000000 6.406321048700
918.210000000 7.000000000 6.393787860900
925.460000000 6.200000000 6.391256809200
926.460000000 9.600000000 6.381238460500
916.460000000 6.600000000 6.379481792400
931.960000000 9.600000000 6.369880676300
915.210000000 6.800000000 6.367668151900
927.960000000 10.000000000 6.366428375200
915.460000000 9.800000000 6.365945816000
915.460000000 8.400000000 6.359852790800
919.960000000 8.000000000 6.356821060200
915.710000000 9.600000000 6.348500251800
920.210000000 8.200000000 6.338869571700
921.210000000 8.600000000 6.335209369700
920.710000000 8.400000000 6.329347610500
919.210000000 5.800000000 6.327239036600
929.210000000 7.400000000 6.324589252500
915.960000000 9.600000000 6.319930076600
915.710000000 8.400000000 6.316064834600
928.710000000 10.000000000 6.310103893300
928.210000000 10.000000000 6.301411151900
928.460000000 7.400000000 6.281068325000
921.460000000 8.800000000 6.279606342300
929.710000000 7.400000000 6.256226062800
923.710000000 8.000000000 6.255053043400
927.710000000 10.000000000 6.252490997300
916.210000000 10.000000000 6.252048492400
913.460000000 8.400000000 6.251526355700
928.460000000 10.000000000 6.229929447200
921.710000000 9.000000000 6.229009628300
921.960000000 9.000000000 6.221997261000
923.210000000 5.800000000 6.210512638100
925.960000000 9.400000000 6.205708503700
924.460000000 8.400000000 6.200515270200
919.460000000 7.400000000 6.196426391600
913.460000000 7.000000000 6.193937778500
923.460000000 6.000000000 6.174455642700
924.460000000 6.400000000 6.169142723100
930.460000000 7.800000000 6.165357589700
917.960000000 6.800000000 6.163659572600
928.960000000 7.400000000 6.160568237300
913.710000000 6.800000000 6.158362388600
932.210000000 9.200000000 6.156873703000
930.210000000 7.600000000 6.148908138300
914.210000000 6.600000000 6.133766174300
916.210000000 9.800000000 6.126028060900
922.210000000 8.600000000 6.117711544000
915.210000000 8.400000000 6.106912612900
914.960000000 8.400000000 6.099739551500
930.710000000 8.000000000 6.079177379600
919.210000000 7.200000000 6.074084281900
928.710000000 7.400000000 6.061058044400
923.460000000 8.000000000 6.053519725800
924.710000000 8.600000000 6.040967464400
932.210000000 9.000000000 6.040729045900
927.460000000 6.600000000 6.035580158200
914.710000000 8.600000000 6.033486843100
914.460000000 6.600000000 6.030701160400
925.210000000 6.200000000 6.025168895700
920.460000000 8.400000000 6.022895813000
912.960000000 7.600000000 5.988510608700
930.960000000 8.200000000 5.977297306100
924.960000000 8.800000000 5.971021652200
915.960000000 9.400000000 5.961909771000
920.960000000 8.600000000 5.958840847000
932.460000000 9.600000000 5.957211494400
927.460000000 10.000000000 5.952952861800
927.710000000 6.800000000 5.950126171100
919.710000000 7.800000000 5.933099746700
916.210000000 9.600000000 5.923076152800
913.710000000 8.600000000 5.923064708700
927.210000000 6.400000000 5.918298244500
912.960000000 7.800000000 5.909626483900
913.210000000 8.200000000 5.901236534100
928.210000000 7.200000000 5.900348186500
926.210000000 6.000000000 5.889245986900
929.960000000 7.400000000 5.887417316400
916.710000000 7.000000000 5.885488510100
915.460000000 8.600000000 5.878704071000
916.460000000 7.800000000 5.876179695100
931.710000000 8.800000000 5.870981693300
923.960000000 6.200000000 5.865026950800
925.210000000 9.000000000 5.862049579600
926.710000000 9.800000000 5.857843399000
916.210000000 6.400000000 5.852540969800
921.960000000 9.200000000 5.846589088400
913.210000000 7.200000000 5.846366882300
922.460000000 8.200000000 5.844188690200
931.710000000 10.000000000 5.837452888500
927.960000000 7.000000000 5.832856655100
922.210000000 8.800000000 5.829192638400
921.460000000 9.000000000 5.828029632600
921.710000000 9.200000000 5.814414024400
912.710000000 7.600000000 5.798213005100
915.710000000 9.400000000 5.796339511900
921.210000000 8.800000000 5.791539669000
925.960000000 6.000000000 5.783731937400
915.960000000 8.400000000 5.776814937600
915.460000000 9.600000000 5.773370266000
916.710000000 7.200000000 5.761791706100
931.210000000 8.400000000 5.751762867000
915.210000000 8.600000000 5.741838932000
914.960000000 8.600000000 5.739817142500
916.210000000 9.400000000 5.732559204100
932.210000000 9.400000000 5.728029727900
915.710000000 8.600000000 5.720231533100
926.210000000 9.600000000 5.713778972600
913.960000000 6.600000000 5.712603569000
924.960000000 6.200000000 5.700074195900
915.960000000 6.400000000 5.698957920100
915.210000000 10.000000000 5.695273876200
926.460000000 6.000000000 5.682290554000
925.460000000 9.200000000 5.678702831300
918.460000000 7.200000000 5.677399158500
918.960000000 7.200000000 5.671740531900
922.710000000 8.000000000 5.669770717600
912.960000000 7.400000000 5.667769432100
916.210000000 8.200000000 5.664819717400
920.710000000 8.600000000 5.664483547200
923.960000000 8.200000000 5.661020755800
916.460000000 9.800000000 5.654236793500
918.710000000 7.200000000 5.650456428500
914.460000000 8.800000000 5.632616519900
912.710000000 7.800000000 5.617166042300
923.210000000 8.000000000 5.614191532100
917.210000000 9.600000000 5.605227947200
917.460000000 9.800000000 5.603615284000
926.960000000 6.200000000 5.597281456000
915.210000000 9.800000000 5.596273899100
917.210000000 9.800000000 5.593933582300
927.210000000 10.000000000 5.592290878300
916.460000000 10.000000000 5.591835975600
914.210000000 8.800000000 5.587451458000
912.710000000 7.400000000 5.587430000300
922.210000000 9.000000000 5.580615043600
916.460000000 9.600000000 5.574200153400
915.960000000 9.200000000 5.568523407000
917.460000000 9.600000000 5.566296100600
931.960000000 9.800000000 5.553930282600
915.210000000 9.600000000 5.551240921000
915.460000000 8.800000000 5.547311782800
929.460000000 7.200000000 5.544719696000
912.960000000 8.000000000 5.541160106700
914.710000000 8.800000000 5.519795417800
914.710000000 6.600000000 5.502857685100
916.710000000 6.800000000 5.502438068400
924.210000000 6.200000000 5.502361774400
929.210000000 7.200000000 5.496930122400
916.960000000 9.600000000 5.495735168500
931.960000000 8.800000000 5.491672039000
915.210000000 8.800000000 5.479149818400
917.460000000 10.000000000 5.478553295100
916.960000000 9.800000000 5.474493503600
925.710000000 6.000000000 5.473118782000
921.960000000 9.400000000 5.457011222800
921.460000000 9.200000000 5.456711292300
920.210000000 8.400000000 5.450468540200
931.460000000 8.600000000 5.447480201700
916.710000000 9.800000000 5.444665432000
925.710000000 9.400000000 5.441139698000
916.710000000 9.600000000 5.437502384200
916.460000000 9.400000000 5.434927463500
929.710000000 7.200000000 5.434134483300
923.710000000 6.000000000 5.433144569400
915.460000000 6.600000000 5.426734447500
921.710000000 9.400000000 5.423062801400
920.960000000 8.800000000 5.416608333600
914.960000000 8.800000000 5.410704135900
919.960000000 8.200000000 5.409348964700
917.210000000 10.000000000 5.407050132800
916.210000000 9.200000000 5.405690670000
915.210000000 9.400000000 5.405408382400
917.960000000 7.000000000 5.395262718200
915.460000000 9.000000000 5.387683391600
915.210000000 9.000000000 5.383451938600
915.210000000 9.200000000 5.379439353900
921.210000000 9.000000000 5.363688468900
915.460000000 9.400000000 5.361695289600
930.460000000 7.600000000 5.355344772300
932.210000000 8.800000000 5.354607582100
915.460000000 9.200000000 5.352570056900
930.210000000 7.400000000 5.339915275600
928.460000000 7.200000000 5.337478160900
917.710000000 9.800000000 5.334536075600
916.710000000 7.400000000 5.332965374000
922.210000000 9.200000000 5.330904960600
917.210000000 9.400000000 5.322568416600
928.960000000 7.200000000 5.321467876400
918.210000000 7.200000000 5.320588111900
924.710000000 6.200000000 5.314253330200
915.710000000 9.200000000 5.310968399000
919.460000000 7.600000000 5.306288719200
915.710000000 8.800000000 5.302412986800
922.460000000 8.400000000 5.302270412400
913.960000000 8.800000000 5.301346302000
922.960000000 8.000000000 5.301329135900
916.960000000 9.400000000 5.274976730300
916.710000000 9.400000000 5.273639202100
916.710000000 10.000000000 5.272146701800
920.460000000 8.600000000 5.270679473900
912.710000000 8.000000000 5.268959522200
916.960000000 10.000000000 5.265575885800
917.710000000 10.000000000 5.263594150500
924.460000000 6.200000000 5.261699676500
926.460000000 9.800000000 5.260076999700
914.960000000 9.000000000 5.241726398500
923.460000000 5.800000000 5.235864162400
932.460000000 8.600000000 5.231494903600
917.710000000 9.600000000 5.230029583000
917.460000000 9.400000000 5.223756790200
917.710000000 6.200000000 5.197084426900
928.710000000 7.200000000 5.193038463600
926.960000000 10.000000000 5.190227985400
930.710000000 7.800000000 5.181656360600
917.710000000 6.400000000 5.176077842700
913.210000000 8.400000000 5.174120426200
926.710000000 6.000000000 5.172394275700
915.960000000 9.000000000 5.154700279200
913.460000000 8.600000000 5.143397808100
913.460000000 6.800000000 5.142038345300
914.710000000 9.000000000 5.131376743300
921.460000000 9.400000000 5.130424976300
925.960000000 9.600000000 5.120822429700
915.960000000 8.600000000 5.116150379200
929.960000000 7.200000000 5.115436077100
916.460000000 9.200000000 5.106303691900
925.460000000 6.000000000 5.096848487900
916.460000000 8.000000000 5.088500022900
914.960000000 9.200000000 5.086704731000
924.210000000 8.400000000 5.084753990200
920.710000000 8.800000000 5.066325187700
912.710000000 7.200000000 5.056656360600
931.960000000 10.000000000 5.049450874300
914.960000000 9.400000000 5.048073768600
922.210000000 9.400000000 5.046011924700
921.960000000 9.600000000 5.044112682300
912.960000000 8.200000000 5.043806076000
915.710000000 9.000000000 5.043386936200
912.960000000 7.200000000 5.040502548200
914.960000000 9.600000000 5.036418438000
921.710000000 9.600000000 5.031171321900
914.960000000 10.000000000 5.026728630100
914.960000000 9.800000000 5.021896362300
917.710000000 6.000000000 5.021083354900
919.210000000 7.400000000 5.019062995900
916.460000000 6.400000000 5.016682624800
923.710000000 8.200000000 5.015752792400
921.210000000 9.200000000 5.014448642700
917.710000000 6.600000000 5.014273166700
932.460000000 10.000000000 5.012710571300
913.210000000 7.000000000 5.010459423100
916.210000000 9.000000000 5.010177612300
914.460000000 9.000000000 5.003509521500
919.710000000 8.000000000 5.002871513400
914.960000000 6.600000000 4.990852832800
930.960000000 8.000000000 4.982894420600
932.210000000 10.000000000 4.975720882400
928.210000000 7.000000000 4.967001915000
913.710000000 6.600000000 4.963882446300
920.960000000 9.000000000 4.958129406000
923.960000000 6.000000000 4.939829349500
916.710000000 9.200000000 4.930863380400
917.210000000 9.200000000 4.926678657500
916.960000000 9.200000000 4.920457363100
922.460000000 8.600000000 4.913386344900
932.210000000 9.600000000 4.908683300000
927.460000000 6.400000000 4.904525280000
915.210000000 6.600000000 4.900342464400
915.710000000 6.400000000 4.898332595800
927.710000000 6.600000000 4.890993595100
916.210000000 8.400000000 4.866670608500
927.960000000 6.800000000 4.854232311200
917.710000000 9.400000000 4.845641613000
913.710000000 8.800000000 4.831367015800
921.460000000 9.600000000 4.814602851900
922.710000000 8.200000000 4.797880172700
931.710000000 8.600000000 4.796777248400
929.460000000 7.000000000 4.787139415700
927.210000000 6.200000000 4.770452976200
926.710000000 10.000000000 4.767836093900
916.710000000 7.600000000 4.766329288500
917.460000000 9.200000000 4.764786243400
926.210000000 9.800000000 4.759848117800
914.710000000 9.200000000 4.750990867600
925.210000000 6.000000000 4.750530719800
914.210000000 9.000000000 4.748612880700
924.460000000 8.600000000 4.743359565700
931.210000000 8.200000000 4.742509365100
915.960000000 8.800000000 4.741389274600
926.210000000 5.800000000 4.741351604500
917.960000000 9.800000000 4.739162921900
922.210000000 9.600000000 4.726663112600
929.210000000 7.000000000 4.721129894300
932.460000000 9.800000000 4.716827869400
921.210000000 9.400000000 4.715021610300
916.710000000 6.600000000 4.703022480000
917.960000000 10.000000000 4.702633857700
917.710000000 6.800000000 4.696391105700
929.710000000 7.000000000 4.693982601200
912.710000000 8.200000000 4.690778255500
916.460000000 9.000000000 4.688513755800
924.960000000 9.000000000 4.670415878300
914.210000000 6.400000000 4.667200565300
924.710000000 8.800000000 4.660964012100
923.460000000 8.200000000 4.653150558500
925.210000000 9.200000000 4.650753974900
925.960000000 5.800000000 4.650229930900
922.460000000 8.800000000 4.649436473800
920.210000000 8.600000000 4.645517349200
917.710000000 5.800000000 4.633122444200
921.710000000 9.800000000 4.624125480700
924.210000000 6.000000000 4.619334697700
920.460000000 8.800000000 4.614575862900
930.210000000 7.200000000 4.611099720000
917.960000000 9.600000000 4.610892295800
921.960000000 9.800000000 4.608507156400
930.460000000 7.400000000 4.602021217300
917.960000000 7.200000000 4.601018905600
925.460000000 9.400000000 4.581616878500
920.960000000 9.200000000 4.572560787200
926.460000000 5.800000000 4.570528030400
928.960000000 7.000000000 4.569696426400
923.710000000 5.800000000 4.555322170300
918.460000000 7.400000000 4.552114963500
920.710000000 9.000000000 4.551542282100
916.210000000 8.800000000 4.546505928000
914.710000000 9.400000000 4.543012619000
928.460000000 7.000000000 4.540210723900
918.960000000 7.400000000 4.532947063400
918.710000000 7.400000000 4.512424945800
926.960000000 6.000000000 4.509498119400
919.960000000 8.400000000 4.504255294800
922.960000000 8.200000000 4.486475944500
921.460000000 9.800000000 4.485511779800
931.460000000 8.400000000 4.483548641200
923.210000000 8.200000000 4.477585315700
922.460000000 9.000000000 4.472055912000
916.710000000 9.000000000 4.471437454200
925.710000000 9.600000000 4.466334343000
913.960000000 6.400000000 4.454841136900
928.710000000 7.000000000 4.451586246500
924.960000000 6.000000000 4.444298267400
921.210000000 9.600000000 4.437985420200
914.460000000 6.400000000 4.434776783000
929.960000000 7.000000000 4.422240734100
914.460000000 9.200000000 4.419445991500
924.460000000 6.000000000 4.415094852400
931.960000000 8.600000000 4.413362503100
916.960000000 9.000000000 4.411473751100
930.710000000 7.600000000 4.406266689300
919.460000000 7.800000000 4.405122757000
916.460000000 8.200000000 4.394848346700
925.710000000 5.800000000 4.387503147100
917.210000000 9.000000000 4.377195358300
926.460000000 10.000000000 4.375196933700
922.210000000 9.800000000 4.374373912800
917.710000000 9.200000000 4.366010189100
913.960000000 9.000000000 4.358491420700
923.960000000 8.400000000 4.356503009800
912.710000000 7.000000000 4.356288433100
922.460000000 9.200000000 4.352315425900
914.710000000 9.600000000 4.351820945700
932.210000000 8.600000000 4.351622104600
913.210000000 8.600000000 4.345697879800
918.210000000 7.400000000 4.341332435600
912.960000000 8.400000000 4.332495689400
914.710000000 9.800000000 4.325702667200
912.960000000 7.000000000 4.296679496800
925.960000000 9.800000000 4.294859886200
916.210000000 6.200000000 4.294849872600
914.710000000 10.000000000 4.288080692300
916.210000000 8.600000000 4.279335975600
924.710000000 6.000000000 4.276763439200
917.710000000 7.000000000 4.257319450400
917.960000000 9.400000000 4.253281116500
922.460000000 9.400000000 4.248851776100
920.960000000 9.400000000 4.248049259200
913.460000000 8.800000000 4.241039276100
916.460000000 8.800000000 4.213673114800
921.710000000 10.000000000 4.201822757700
915.960000000 6.200000000 4.200534820600
916.710000000 7.800000000 4.177914142600
928.210000000 6.800000000 4.176919460300
917.460000000 9.000000000 4.176319599200
922.710000000 8.400000000 4.168045043900
913.210000000 6.800000000 4.163068294500
921.210000000 9.800000000 4.162730693800
913.460000000 6.600000000 4.161075592000
921.960000000 10.000000000 4.160899639100
926.710000000 5.800000000 4.160390853900
930.960000000 7.800000000 4.139147281600
921.460000000 10.000000000 4.132589817000
932.210000000 9.800000000 4.123411178600
919.710000000 8.200000000 4.118888378100
920.710000000 9.200000000 4.117003917700
923.960000000 5.800000000 4.108173847200
922.460000000 9.600000000 4.096482276900
929.460000000 6.800000000 4.092617511700
916.960000000 7.000000000 4.091579437300
915.460000000 6.400000000 4.087168693500
919.210000000 7.600000000 4.085573673200
914.460000000 9.400000000 4.071606636000
925.460000000 5.800000000 4.064540386200
920.460000000 9.000000000 4.051861763000
927.960000000 6.600000000 4.050949573500
914.210000000 9.200000000 4.047827243800
927.710000000 6.400000000 4.041184425400
929.710000000 6.800000000 4.033092021900
929.210000000 6.800000000 4.027990341200
926.210000000 10.000000000 4.017096996300
918.210000000 9.800000000 4.013185977900
916.960000000 7.200000000 4.012152195000
916.710000000 8.800000000 4.005527019500
927.460000000 6.200000000 4.004051208500
912.710000000 8.400000000 3.996350288400
918.210000000 10.000000000 3.986855030100
922.210000000 10.000000000 3.981625080100
920.960000000 9.600000000 3.964845895800
920.210000000 8.800000000 3.960771083800
914.710000000 6.400000000 3.960007667500
930.210000000 7.000000000 3.952690362900
916.960000000 8.800000000 3.928315639500
916.960000000 6.800000000 3.923446416900
930.460000000 7.200000000 3.918321371100
916.960000000 6.600000000 3.915858984000
913.710000000 6.400000000 3.915462255500
923.710000000 8.400000000 3.910730838800
925.460000000 10.000000000 3.910092830700
932.460000000 8.400000000 3.897398948700
928.960000000 6.800000000 3.892224550200
918.210000000 9.600000000 3.888724803900
913.710000000 9.000000000 3.886121034600
921.210000000 10.000000000 3.876225948300
922.460000000 9.800000000 3.868470192000
925.710000000 10.000000000 3.868042707400
927.210000000 6.000000000 3.867840766900
931.210000000 8.000000000 3.860337972600
917.960000000 7.400000000 3.857422828700
928.460000000 6.800000000 3.844788312900
917.210000000 8.800000000 3.838810682300
924.210000000 5.800000000 3.831259489100
916.460000000 8.400000000 3.831115484200
924.210000000 8.600000000 3.830699443800
917.960000000 9.200000000 3.803824901600
929.960000000 6.800000000 3.801474571200
914.460000000 9.600000000 3.794480323800
928.710000000 6.800000000 3.786842584600
917.710000000 9.000000000 3.778090000200
922.960000000 8.400000000 3.777621269200
931.710000000 8.400000000 3.762720823300
920.710000000 9.400000000 3.751700162900
925.210000000 5.800000000 3.751020908400
919.960000000 8.600000000 3.750385522800
917.710000000 7.200000000 3.749165296600
916.460000000 8.600000000 3.747673511500
917.460000000 6.800000000 3.741265535400
916.960000000 6.400000000 3.733399629600
914.460000000 9.800000000 3.730408906900
922.710000000 8.600000000 3.729345798500
916.710000000 6.400000000 3.722640276000
930.710000000 7.400000000 3.718982219700
920.960000000 9.800000000 3.715801954300
925.710000000 9.800000000 3.714205980300
916.960000000 7.400000000 3.704167366000
925.460000000 9.600000000 3.700808525100
923.460000000 8.400000000 3.689225435300
914.460000000 10.000000000 3.678334474600
912.960000000 8.600000000 3.676993370100
917.460000000 6.600000000 3.671606063800
923.210000000 8.400000000 3.670163631400
924.460000000 5.800000000 3.669878959700
925.210000000 9.400000000 3.666155338300
925.210000000 10.000000000 3.664629936200
916.460000000 6.200000000 3.664116621000
913.960000000 9.200000000 3.663787603400
917.460000000 7.000000000 3.660824298900
925.960000000 10.000000000 3.653623819400
917.210000000 6.800000000 3.648446083100
914.210000000 9.400000000 3.647569656400
926.960000000 5.800000000 3.647470951100
916.710000000 8.000000000 3.644940376300
917.210000000 7.000000000 3.642357111000
912.710000000 6.800000000 3.635920047800
915.210000000 6.400000000 3.627091407800
914.960000000 6.400000000 3.616049528100
917.460000000 8.800000000 3.609509229700
924.960000000 9.200000000 3.608415365200
922.460000000 10.000000000 3.604508400000
915.710000000 6.200000000 3.603660106700
918.210000000 9.400000000 3.600159645100
918.460000000 7.600000000 3.591206550600
931.460000000 8.200000000 3.589477300600
920.460000000 9.200000000 3.578059911700
920.710000000 10.000000000 3.575792789500
919.460000000 8.000000000 3.575298309300
913.210000000 8.800000000 3.569343805300
924.710000000 5.800000000 3.568019628500
912.960000000 6.800000000 3.565612077700
925.460000000 9.800000000 3.563395738600
924.460000000 8.800000000 3.561351299300
917.460000000 6.400000000 3.550473690000
916.710000000 8.600000000 3.544924020800
924.710000000 9.000000000 3.536130189900
912.710000000 10.000000000 3.528641939200
918.210000000 7.600000000 3.525942325600
918.710000000 7.600000000 3.524558067300
918.960000000 7.600000000 3.522780895200
928.210000000 6.600000000 3.511821270000
917.210000000 6.600000000 3.498049736000
917.210000000 7.200000000 3.496886968600
920.960000000 10.000000000 3.486356496800
917.460000000 7.200000000 3.475271225000
929.460000000 6.600000000 3.473490238200
924.960000000 5.800000000 3.463411092800
929.710000000 6.600000000 3.455005407300
922.710000000 8.800000000 3.450043201400
920.710000000 9.600000000 3.448161602000
930.960000000 7.600000000 3.436067342800
916.960000000 8.600000000 3.434056758900
912.710000000 8.600000000 3.414700985000
913.210000000 6.600000000 3.413699626900
931.960000000 8.400000000 3.412087440500
916.960000000 6.200000000 3.407763958000
914.210000000 6.200000000 3.392982721300
929.210000000 6.600000000 3.391412258100
918.460000000 9.800000000 3.390682458900
927.960000000 6.400000000 3.388203859300
920.210000000 9.000000000 3.381222009700
918.460000000 10.000000000 3.367233276400
927.710000000 6.200000000 3.357551813100
930.210000000 6.800000000 3.354043006900
917.460000000 6.200000000 3.346164226500
919.710000000 8.400000000 3.346043825100
914.210000000 9.600000000 3.343777179700
913.960000000 6.200000000 3.341790437700
913.460000000 9.000000000 3.341099977500
932.210000000 8.400000000 3.333408355700
912.710000000 9.800000000 3.332941293700
925.210000000 9.800000000 3.331520557400
916.710000000 6.200000000 3.317468881600
913.460000000 6.400000000 3.314619779600
927.460000000 6.000000000 3.300077676800
916.960000000 7.600000000 3.299428701400
917.210000000 8.600000000 3.296460866900
922.710000000 9.000000000 3.295039653800
923.960000000 8.600000000 3.283953666700
930.460000000 7.000000000 3.281612157800
928.960000000 6.600000000 3.274706840500
918.460000000 9.600000000 3.266220092800
917.960000000 9.000000000 3.262424469000
929.960000000 6.600000000 3.258217096300
919.210000000 7.800000000 3.252770423900
914.210000000 9.800000000 3.249188423200
928.460000000 6.600000000 3.247594595000
920.460000000 10.000000000 3.246802330000
914.210000000 10.000000000 3.236755132700
917.210000000 7.400000000 3.234683752100
913.710000000 9.200000000 3.226614236800
913.960000000 9.400000000 3.223528862000
922.710000000 9.200000000 3.222160339400
917.710000000 8.800000000 3.219198703800
917.210000000 6.400000000 3.217098951300
922.710000000 9.400000000 3.207444191000
918.210000000 9.200000000 3.202609539000
916.710000000 8.200000000 3.198182106000
917.460000000 7.400000000 3.197817802400
928.710000000 6.600000000 3.196913480800
920.710000000 9.800000000 3.196588039400
920.460000000 9.400000000 3.195261955300
917.710000000 7.400000000 3.194981575000
922.710000000 9.600000000 3.191803455400
919.460000000 10.000000000 3.185097217600
916.710000000 8.400000000 3.181070327800
924.960000000 10.000000000 3.175813674900
919.710000000 10.000000000 3.174181461300
922.960000000 8.600000000 3.167198419600
927.210000000 5.800000000 3.166926860800
913.460000000 10.000000000 3.158278703700
912.960000000 10.000000000 3.154600143400
917.960000000 7.600000000 3.152053356200
913.710000000 10.000000000 3.138571739200
912.710000000 9.600000000 3.131773471800
914.460000000 6.200000000 3.126910209700
931.210000000 7.800000000 3.126606941200
922.710000000 9.800000000 3.124323606500
919.960000000 8.800000000 3.106248140300
930.710000000 7.200000000 3.100281715400
913.210000000 10.000000000 3.068216562300
913.460000000 9.800000000 3.060365676900
917.460000000 6.000000000 3.051523685500
913.710000000 9.800000000 3.044747829400
917.460000000 8.600000000 3.040403604500
912.960000000 9.800000000 3.032927751500
918.460000000 9.400000000 3.031893014900
916.960000000 8.400000000 3.028391838100
923.710000000 8.600000000 3.019998550400
913.710000000 6.200000000 3.019940853100
919.460000000 9.800000000 3.017590761200
924.210000000 8.800000000 3.017153739900
923.210000000 8.600000000 3.004419088400
922.710000000 10.000000000 3.003960847900
912.960000000 8.800000000 3.003960132600
925.210000000 9.600000000 3.003081083300
916.960000000 6.000000000 3.001735448800
919.210000000 10.000000000 3.000416755700
918.710000000 10.000000000 2.998698711400
918.710000000 9.800000000 2.994488716100
912.710000000 6.600000000 2.984369278000
913.460000000 9.600000000 2.977575302100
915.460000000 6.200000000 2.975430965400
913.210000000 9.800000000 2.974660635000
916.210000000 6.000000000 2.971636533700
928.210000000 6.400000000 2.957616329200
912.960000000 6.600000000 2.953963756600
912.710000000 9.400000000 2.950990200000
913.710000000 9.600000000 2.946096181900
915.960000000 6.000000000 2.937501430500
929.710000000 6.400000000 2.936846494700
917.210000000 6.200000000 2.931549072300
923.460000000 8.600000000 2.931423187300
919.710000000 9.800000000 2.924727439900
929.460000000 6.400000000 2.924647808100
913.960000000 9.600000000 2.922151804000
918.710000000 9.600000000 2.920885801300
919.210000000 9.800000000 2.917422533000
920.210000000 9.200000000 2.915736913700
912.960000000 9.600000000 2.914754152300
916.960000000 7.800000000 2.912954568900
913.460000000 9.400000000 2.907580614100
913.210000000 9.600000000 2.902240991600
920.460000000 9.600000000 2.895448684700
931.710000000 8.200000000 2.895398855200
918.960000000 10.000000000 2.886903762800
913.960000000 10.000000000 2.881433010100
919.960000000 10.000000000 2.868243932700
920.460000000 9.800000000 2.861487627000
919.460000000 8.200000000 2.858224868800
917.210000000 7.600000000 2.857076644900
918.710000000 9.400000000 2.856703043000
924.960000000 9.800000000 2.853961944600
918.960000000 9.800000000 2.852711916000
916.710000000 6.000000000 2.848226785700
927.960000000 6.200000000 2.847269058200
930.960000000 7.400000000 2.846077442200
918.460000000 9.200000000 2.842755556100
913.210000000 9.400000000 2.842641592000
917.460000000 7.600000000 2.840871095700
917.210000000 8.400000000 2.840838193900
913.710000000 9.400000000 2.838733196300
931.460000000 8.000000000 2.834341526000
924.460000000 9.000000000 2.834232091900
918.460000000 7.800000000 2.832010507600
929.210000000 6.400000000 2.831222295800
930.210000000 6.600000000 2.831191539800
913.460000000 9.200000000 2.822844982100
912.710000000 8.800000000 2.820593833900
912.960000000 9.400000000 2.814986705800
913.210000000 9.000000000 2.814569950100
927.710000000 6.000000000 2.809206962600
918.210000000 7.800000000 2.806188583400
912.710000000 9.200000000 2.792539596600
913.210000000 6.400000000 2.789418458900
913.960000000 9.800000000 2.786451339700
913.210000000 9.200000000 2.782842874500
929.960000000 6.400000000 2.769805192900
932.460000000 8.200000000 2.759686946900
914.710000000 6.200000000 2.758809804900
919.460000000 9.600000000 2.750038385400
924.960000000 9.400000000 2.748008251200
927.460000000 5.800000000 2.746537685400
918.710000000 9.200000000 2.742765903500
918.960000000 7.800000000 2.738619089100
920.210000000 10.000000000 2.738461017600
928.460000000 6.400000000 2.736344337500
917.960000000 8.800000000 2.731790542600
928.960000000 6.400000000 2.730476856200
918.210000000 9.000000000 2.729060649900
912.960000000 9.200000000 2.728175878500
919.210000000 9.600000000 2.724130153700
919.710000000 8.600000000 2.720266819000
930.460000000 6.800000000 2.719499588000
918.460000000 9.000000000 2.715690136000
918.710000000 7.800000000 2.712161302600
917.460000000 5.800000000 2.707462549200
918.960000000 9.600000000 2.702983379400
922.960000000 8.800000000 2.681650400200
928.710000000 6.400000000 2.679308652900
916.960000000 8.200000000 2.671674490000
917.710000000 8.600000000 2.658845424700
923.960000000 8.800000000 2.653938770300
912.710000000 9.000000000 2.652381658600
917.210000000 6.000000000 2.648159027100
924.710000000 9.200000000 2.646997690200
912.960000000 9.000000000 2.646270036700
913.460000000 6.200000000 2.626220703100
924.710000000 10.000000000 2.618786811800
931.960000000 8.200000000 2.605856180200
915.210000000 6.200000000 2.603978157000
917.710000000 7.600000000 2.603683948500
919.710000000 9.600000000 2.601870536800
918.710000000 9.000000000 2.589734077500
919.960000000 9.800000000 2.586721181900
919.960000000 9.000000000 2.586359739300
916.960000000 5.800000000 2.582900285700
924.960000000 9.600000000 2.578908920300
918.460000000 8.800000000 2.574433565100
916.960000000 8.000000000 2.566750288000
920.210000000 9.400000000 2.561427831600
917.460000000 8.400000000 2.559835434000
919.210000000 8.000000000 2.554177761100
916.460000000 6.000000000 2.547354221300
930.710000000 7.000000000 2.546129703500
915.710000000 6.000000000 2.545399189000
914.960000000 6.200000000 2.544141054200
931.210000000 7.600000000 2.533111572300
924.210000000 9.000000000 2.530062198600
918.960000000 9.400000000 2.505701780300
920.210000000 9.800000000 2.500602006900
928.210000000 6.200000000 2.495072364800
923.210000000 8.800000000 2.494425535200
917.960000000 7.800000000 2.485334634800
932.210000000 8.200000000 2.469400882700
929.710000000 6.200000000 2.468589544300
912.960000000 6.400000000 2.459687709800
919.210000000 9.400000000 2.453834533700
918.210000000 8.800000000 2.452978849400
929.460000000 6.200000000 2.435293912900
919.460000000 9.400000000 2.431201934800
917.210000000 8.200000000 2.431181907700
917.460000000 7.800000000 2.429535150500
912.710000000 6.400000000 2.426935434300
918.460000000 8.600000000 2.415797472000
913.960000000 6.000000000 2.415002584500
917.210000000 7.800000000 2.404546976100
927.960000000 6.000000000 2.404497146600
924.460000000 9.200000000 2.404102087000
918.710000000 8.800000000 2.400872707400
918.960000000 9.200000000 2.371534347500
930.210000000 6.400000000 2.371506452600
927.710000000 5.800000000 2.370897531500
922.960000000 9.000000000 2.368997812300
914.210000000 6.000000000 2.368937254000
916.710000000 5.800000000 2.367309570300
923.460000000 8.800000000 2.365598440200
917.210000000 5.800000000 2.365506649000
918.210000000 8.600000000 2.354429483400
930.960000000 7.200000000 2.348200082800
923.710000000 8.800000000 2.339769125000
929.210000000 6.200000000 2.338012933700
929.960000000 6.200000000 2.332607030900
924.710000000 9.800000000 2.325775861700
912.710000000 6.200000000 2.325584888500
914.710000000 6.000000000 2.321908712400
920.210000000 9.600000000 2.305835247000
922.960000000 9.800000000 2.301717996600
928.460000000 6.200000000 2.300685405700
922.960000000 9.600000000 2.295068740800
922.960000000 9.200000000 2.290201425600
913.210000000 6.200000000 2.289790153500
922.960000000 10.000000000 2.279744386700
922.960000000 9.400000000 2.278380155600
919.460000000 8.400000000 2.269408226000
913.710000000 6.000000000 2.266919612900
919.710000000 9.400000000 2.263500690500
919.960000000 9.600000000 2.261877775200
931.210000000 7.400000000 2.259126424800
928.960000000 6.200000000 2.255896091500
914.460000000 6.000000000 2.255618572200
924.460000000 10.000000000 2.255344867700
918.210000000 8.400000000 2.254904270200
912.710000000 6.000000000 2.236968278900
918.460000000 8.400000000 2.233716249500
930.460000000 6.600000000 2.230689764000
928.710000000 6.200000000 2.230159521100
931.710000000 8.000000000 2.225685358000
931.460000000 7.800000000 2.225179433800
917.710000000 7.800000000 2.217286825200
919.710000000 8.800000000 2.209760189100
917.960000000 8.600000000 2.208230018600
924.710000000 9.400000000 2.204182148000
918.460000000 8.000000000 2.199714660600
918.960000000 9.000000000 2.195410966900
919.960000000 9.200000000 2.191056251500
924.210000000 10.000000000 2.188844680800
917.710000000 8.400000000 2.181341648100
918.710000000 8.600000000 2.179083347300
918.210000000 8.000000000 2.174102067900
923.960000000 9.000000000 2.153672456700
931.210000000 7.200000000 2.147942066200
918.210000000 8.200000000 2.144081831000
931.460000000 7.400000000 2.143523931500
912.960000000 6.200000000 2.134801864600
919.210000000 9.200000000 2.131253957700
930.960000000 7.000000000 2.123667478600
917.460000000 8.200000000 2.119036197700
924.210000000 9.200000000 2.116189003000
931.460000000 7.600000000 2.115381002400
918.960000000 8.000000000 2.107907056800
915.460000000 6.000000000 2.106237411500
928.210000000 6.000000000 2.104691982300
923.210000000 9.000000000 2.103648424100
919.460000000 9.200000000 2.091355085400
917.210000000 8.000000000 2.083397388500
924.710000000 9.600000000 2.082888841600
931.710000000 7.600000000 2.071180343600
930.710000000 6.800000000 2.069555044200
918.710000000 8.000000000 2.067882061000
914.960000000 6.000000000 2.067491531400
913.460000000 6.000000000 2.063716173200
912.710000000 5.800000000 2.062157392500
923.960000000 10.000000000 2.060291051900
914.710000000 5.800000000 2.058230400100
917.960000000 8.400000000 2.055395126300
929.710000000 6.000000000 2.048573970800
927.960000000 5.800000000 2.039610385900
924.460000000 9.400000000 2.031166791900
912.960000000 6.000000000 2.030932664900
918.460000000 8.200000000 2.027827262900
928.460000000 6.000000000 2.024534940700
931.960000000 8.000000000 2.006907701500
929.460000000 6.000000000 2.006566762900
931.460000000 7.200000000 2.005935668900
917.960000000 8.200000000 2.005106449100
930.960000000 6.800000000 1.996752619700
931.710000000 7.400000000 1.994941592200
919.210000000 8.200000000 1.993282556500
917.460000000 8.000000000 1.991980791100
931.210000000 7.000000000 1.991952776900
917.960000000 8.000000000 1.986779093700
918.960000000 8.800000000 1.984227299700
914.460000000 5.800000000 1.984175562900
930.210000000 6.200000000 1.982178092000
924.460000000 9.800000000 1.976264834400
930.710000000 6.600000000 1.970501542100
916.210000000 5.800000000 1.959817171100
915.960000000 5.800000000 1.947581172000
931.960000000 7.600000000 1.943066477800
929.960000000 6.000000000 1.941042542500
931.710000000 7.800000000 1.938778519600
923.460000000 9.000000000 1.937823295600
919.960000000 9.400000000 1.934073090600
918.710000000 8.400000000 1.930134177200
932.460000000 8.000000000 1.924674749400
919.710000000 9.200000000 1.921339631100
924.210000000 9.800000000 1.916797637900
929.210000000 6.000000000 1.911094546300
917.710000000 8.000000000 1.908175230000
932.210000000 8.000000000 1.904338359800
931.960000000 7.800000000 1.897932291000
923.960000000 9.800000000 1.893297433900
923.710000000 10.000000000 1.891088485700
913.210000000 6.000000000 1.886301040600
914.960000000 5.800000000 1.861223936100
930.460000000 6.400000000 1.856327056900
928.210000000 5.800000000 1.856091976200
932.210000000 7.600000000 1.851740121800
919.210000000 9.000000000 1.844130158400
928.960000000 6.000000000 1.842819094700
912.960000000 5.800000000 1.841043114700
923.710000000 9.800000000 1.840365648300
928.710000000 6.000000000 1.836382865900
923.710000000 9.000000000 1.833325386000
930.710000000 6.400000000 1.832281112700
915.210000000 6.000000000 1.830803036700
932.210000000 7.800000000 1.829319238700
930.960000000 6.600000000 1.826707720800
913.210000000 5.800000000 1.825282692900
917.710000000 8.200000000 1.824007749600
919.460000000 8.600000000 1.819714665400
919.710000000 9.000000000 1.816949367500
913.460000000 5.800000000 1.816496968300
916.460000000 5.800000000 1.810040116300
931.960000000 7.400000000 1.805212497700
923.210000000 9.200000000 1.804710865000
932.460000000 7.800000000 1.801936149600
919.460000000 9.000000000 1.792919755000
932.460000000 7.600000000 1.792675614400
923.210000000 10.000000000 1.774379611000
931.210000000 6.800000000 1.771904945400
914.210000000 5.800000000 1.768599152600
931.710000000 7.200000000 1.765264391900
923.460000000 9.800000000 1.757604479800
928.460000000 5.800000000 1.754437804200
924.210000000 9.400000000 1.753637433100
931.460000000 7.000000000 1.752786278700
918.960000000 8.600000000 1.747773647300
923.460000000 10.000000000 1.745953440700
923.710000000 9.600000000 1.741780400300
930.460000000 6.200000000 1.735879182800
923.960000000 9.200000000 1.735546469700
924.460000000 9.600000000 1.728773117100
923.460000000 9.600000000 1.725428819700
915.710000000 5.800000000 1.715793728800
913.710000000 5.800000000 1.704096674900
913.960000000 5.800000000 1.703602671600
923.960000000 9.600000000 1.689063549000
932.210000000 7.400000000 1.681859135600
930.710000000 6.200000000 1.670465469400
918.710000000 8.200000000 1.668529629700
929.710000000 5.800000000 1.665289878800
923.210000000 9.600000000 1.661400198900
923.210000000 9.800000000 1.655792236300
930.210000000 6.000000000 1.650644183200
930.960000000 6.400000000 1.640237569800
923.460000000 9.400000000 1.632802724800
932.460000000 7.400000000 1.629616975800
929.460000000 5.800000000 1.625790596000
924.210000000 9.600000000 1.622110366800
923.460000000 9.200000000 1.618924260100
918.960000000 8.200000000 1.615578532200
923.210000000 9.400000000 1.608345389400
930.460000000 6.000000000 1.590036869000
929.960000000 5.800000000 1.588833928100
923.710000000 9.400000000 1.586602807000
919.210000000 8.800000000 1.573605299000
919.210000000 8.400000000 1.555542945900
929.210000000 5.800000000 1.545294642400
931.210000000 6.600000000 1.540459632900
931.960000000 7.200000000 1.522146821000
915.210000000 5.800000000 1.518501043300
919.460000000 8.800000000 1.518001675600
928.710000000 5.800000000 1.506728768300
930.710000000 6.000000000 1.501121878600
918.960000000 8.400000000 1.498779535300
928.960000000 5.800000000 1.487009644500
931.460000000 6.800000000 1.473733544300
923.710000000 9.200000000 1.472727894800
923.960000000 9.400000000 1.465046882600
930.960000000 6.200000000 1.456581234900
931.710000000 7.000000000 1.456067085300
932.460000000 7.200000000 1.444245815300
915.460000000 5.800000000 1.444049000700
930.210000000 5.800000000 1.439279675500
930.460000000 5.800000000 1.435176849400
932.210000000 7.200000000 1.397749781600
932.460000000 7.000000000 1.365785002700
919.210000000 8.600000000 1.356594681700
930.710000000 5.800000000 1.339835166900
931.210000000 6.400000000 1.326996803300
932.210000000 7.000000000 1.290846109400
930.960000000 6.000000000 1.287223935100
932.460000000 6.800000000 1.259197711900
931.460000000 6.600000000 1.210647106200
931.960000000 7.000000000 1.202180028000
931.210000000 6.200000000 1.143200635900
931.710000000 6.800000000 1.142159700400
930.960000000 5.800000000 1.140320777900
932.210000000 6.800000000 1.129499197000
932.460000000 6.600000000 1.105809450100
931.960000000 6.800000000 1.004951119400
931.210000000 6.000000000 0.994592845400
931.460000000 6.400000000 0.989601254500
932.210000000 6.600000000 0.954634845300
932.460000000 6.400000000 0.937665522100
931.710000000 6.600000000 0.881677150700
931.210000000 5.800000000 0.879862487300
931.460000000 6.200000000 0.830732703200
932.210000000 5.800000000 0.825868189300
931.960000000 6.600000000 0.819799721200
931.960000000 5.800000000 0.806268811200
932.210000000 6.400000000 0.797401905100
932.460000000 6.200000000 0.790179193000
932.460000000 5.800000000 0.787775635700
931.460000000 6.000000000 0.722809076300
932.460000000 6.000000000 0.710441291300
931.710000000 6.400000000 0.698047399500
932.210000000 6.200000000 0.687278211100
931.710000000 5.800000000 0.683543562900
931.960000000 6.400000000 0.675751864900
932.210000000 6.000000000 0.670361399700
931.460000000 5.800000000 0.661798656000
931.960000000 6.000000000 0.614156484600
931.960000000 6.200000000 0.592454850700
931.710000000 6.200000000 0.588404297800
931.710000000 6.000000000 0.542677223700
