1098.640000000 5.800000000 20.108295440700
1098.640000000 6.000000000 19.996633529700
1098.640000000 5.600000000 19.751928329500
1098.640000000 6.200000000 19.657733917200
1098.890000000 6.000000000 19.391607284500
1098.890000000 5.800000000 19.331357955900
1098.890000000 6.200000000 19.247596740700
1098.640000000 6.400000000 19.100276947000
1098.390000000 6.000000000 19.094730377200
1098.390000000 5.800000000 19.058271408100
1098.890000000 5.600000000 19.019872665400
1098.890000000 6.400000000 18.997461319000
1098.640000000 5.400000000 18.950395584100
1098.390000000 6.200000000 18.715764999400
1098.890000000 6.600000000 18.691604614300
1098.390000000 5.600000000 18.663959503200
1099.140000000 6.000000000 18.643568038900
1099.140000000 6.200000000 18.590600967400
1110.640000000 8.400000000 18.544189453100
1099.140000000 5.800000000 18.526329040500
1098.640000000 6.600000000 18.430404663100
1099.140000000 6.400000000 18.416421890300
1098.890000000 5.400000000 18.341361999500
1098.890000000 6.800000000 18.339197158800
1110.640000000 8.200000000 18.230018615700
1099.140000000 6.600000000 18.186552047700
1099.140000000 5.600000000 18.159702301000
1110.390000000 8.400000000 18.026618957500
1098.390000000 6.400000000 18.012626647900
1099.390000000 5.800000000 17.924621582000
1098.890000000 7.000000000 17.921192169200
1110.640000000 8.600000000 17.900932312000
1099.390000000 6.000000000 17.885007858300
1099.140000000 6.800000000 17.862863540600
1098.640000000 5.200000000 17.811475753800
1110.890000000 8.200000000 17.808826446500
1098.390000000 5.400000000 17.762269973800
1110.890000000 8.400000000 17.757377624500
1098.640000000 6.800000000 17.719972610500
1099.390000000 5.600000000 17.685720443700
1099.390000000 6.200000000 17.617612838700
1106.140000000 6.600000000 17.584491729700
1106.140000000 6.400000000 17.578189849900
1099.140000000 5.400000000 17.470434188800
1098.890000000 7.200000000 17.395538330100
1106.140000000 6.800000000 17.367025375400
1110.390000000 8.600000000 17.360435485800
1099.640000000 5.600000000 17.354604721100
1099.140000000 7.000000000 17.348093032800
1110.890000000 8.600000000 17.270730972300
1098.890000000 5.200000000 17.270105361900
1099.640000000 5.800000000 17.265670776400
1106.140000000 6.200000000 17.261665344200
1099.390000000 5.400000000 17.209083557100
1099.390000000 6.400000000 17.205310821500
1098.390000000 6.600000000 17.188713073700
1105.890000000 6.400000000 17.119215011600
1105.890000000 6.200000000 17.104936599700
1099.640000000 5.400000000 17.081016540500
1110.390000000 8.200000000 17.074542999300
1106.890000000 7.600000000 17.057603836100
1106.890000000 7.400000000 17.005758285500
1106.890000000 7.800000000 17.001783371000
1098.640000000 7.000000000 16.993938446000
1106.890000000 8.000000000 16.943698883100
1106.890000000 8.200000000 16.909463882400
1105.890000000 6.600000000 16.851688385000
1106.890000000 8.400000000 16.845914840700
1108.640000000 8.600000000 16.828908920300
1105.890000000 6.000000000 16.816267013500
1106.890000000 8.600000000 16.811210632300
1099.640000000 6.000000000 16.788387298600
1110.890000000 8.000000000 16.777431488000
1108.890000000 8.600000000 16.764877319300
1098.890000000 7.400000000 16.735795974700
1110.640000000 8.000000000 16.735357284500
1111.140000000 8.400000000 16.725835800200
1106.640000000 7.600000000 16.715921402000
1108.640000000 8.800000000 16.699211120600
1106.640000000 7.400000000 16.685382843000
1099.390000000 6.600000000 16.680854797400
1106.640000000 7.800000000 16.671289444000
1106.890000000 7.200000000 16.669090271000
1106.140000000 7.000000000 16.647642135600
1106.140000000 6.000000000 16.637166976900
1099.140000000 7.200000000 16.618757247900
1106.640000000 8.000000000 16.616409301800
1111.140000000 8.200000000 16.589593887300
1106.890000000 8.800000000 16.565515518200
1098.390000000 5.200000000 16.558238983200
1106.640000000 8.200000000 16.556591033900
1099.640000000 5.200000000 16.555301666300
1099.140000000 5.200000000 16.543449401900
1106.640000000 8.400000000 16.521818161000
1107.140000000 8.600000000 16.497598648100
1108.890000000 8.400000000 16.461492538500
1106.640000000 7.200000000 16.456747055100
1099.390000000 5.200000000 16.450628280600
1099.890000000 5.400000000 16.446189880400
1106.640000000 8.600000000 16.434564590500
1099.890000000 5.600000000 16.429079055800
1108.890000000 8.800000000 16.426368713400
1111.140000000 8.600000000 16.394990921000
1108.390000000 8.800000000 16.390121460000
1110.640000000 8.800000000 16.349615097000
1107.140000000 8.400000000 16.334579467800
1098.640000000 5.000000000 16.329847335800
1107.140000000 8.800000000 16.323526382400
1108.390000000 8.600000000 16.296844482400
1105.890000000 6.800000000 16.289730072000
1098.640000000 7.200000000 16.261011123700
1105.890000000 7.400000000 16.247554779100
1108.640000000 8.400000000 16.242885589600
1098.390000000 6.800000000 16.202522277800
1106.640000000 8.800000000 16.196146011400
1105.890000000 5.800000000 16.191537857100
1107.140000000 8.200000000 16.124725341800
1099.640000000 6.200000000 16.120271682700
1099.890000000 5.200000000 16.113750457800
1105.640000000 7.400000000 16.060850143400
1107.390000000 8.600000000 16.049556732200
1098.890000000 7.600000000 16.033752441400
1108.140000000 8.800000000 15.981094360400
1110.890000000 8.800000000 15.974416732800
1107.140000000 7.400000000 15.959272384600
1106.640000000 9.000000000 15.949141502400
1105.890000000 7.200000000 15.947501182600
1099.390000000 6.800000000 15.938760757400
1106.890000000 9.000000000 15.936498642000
1106.640000000 7.000000000 15.912002563500
1107.140000000 8.000000000 15.909781456000
1098.890000000 5.000000000 15.904951095600
1106.890000000 7.000000000 15.902096748400
1105.640000000 6.200000000 15.899190902700
1108.140000000 8.600000000 15.884902954100
1107.140000000 7.600000000 15.875728607200
1105.640000000 6.000000000 15.871166229200
1107.390000000 8.800000000 15.864842414900
1107.140000000 7.200000000 15.860334396400
1099.890000000 5.800000000 15.856255531300
1107.640000000 8.600000000 15.829960823100
1107.140000000 7.800000000 15.824227333100
1107.890000000 8.600000000 15.785409927400
1110.390000000 8.800000000 15.776633262600
1105.640000000 7.600000000 15.766116142300
1105.890000000 7.600000000 15.740802764900
1106.140000000 5.800000000 15.729699134800
1099.140000000 7.400000000 15.729583740200
1111.140000000 8.000000000 15.717971801800
1107.890000000 8.800000000 15.695594787600
1108.640000000 9.000000000 15.675537109400
1106.390000000 6.600000000 15.668981552100
1106.390000000 7.200000000 15.642315864600
1107.390000000 8.400000000 15.642290115400
1107.640000000 8.800000000 15.624049186700
1099.640000000 5.000000000 15.622009277300
1111.390000000 8.400000000 15.618058204700
1105.640000000 7.200000000 15.604654312100
1106.390000000 7.000000000 15.599167823800
1106.390000000 6.800000000 15.592100143400
1106.640000000 9.200000000 15.586421012900
1105.640000000 6.400000000 15.576637268100
1110.140000000 8.400000000 15.554915428200
1108.390000000 9.000000000 15.550333023100
1106.390000000 9.200000000 15.548587799100
1098.640000000 7.400000000 15.532974243200
1106.390000000 9.000000000 15.529663085900
1106.390000000 9.400000000 15.506331443800
1109.140000000 8.600000000 15.505584716800
1107.140000000 9.000000000 15.495920181300
1106.390000000 7.400000000 15.489104270900
1106.140000000 7.200000000 15.466622352600
1105.640000000 5.800000000 15.448730468800
1108.390000000 8.400000000 15.427843093900
1108.890000000 8.200000000 15.425682067900
1105.890000000 7.000000000 15.414891243000
1099.390000000 5.000000000 15.394771575900
1099.890000000 5.000000000 15.385837554900
1111.140000000 8.800000000 15.349416732800
1099.140000000 5.000000000 15.348248481800
1107.140000000 7.000000000 15.343078613300
1106.390000000 8.800000000 15.338781356800
1107.640000000 8.400000000 15.324436187700
1106.390000000 6.400000000 15.293332099900
1111.390000000 8.600000000 15.293018341100
1106.140000000 7.400000000 15.274582862900
1110.890000000 7.800000000 15.263169288600
1099.640000000 6.400000000 15.252332687400
1105.890000000 5.600000000 15.248290062000
1106.390000000 9.600000000 15.214344978300
1098.140000000 6.000000000 15.201775550800
1106.390000000 7.600000000 15.200034141500
1105.390000000 6.000000000 15.191011428800
1098.890000000 7.800000000 15.190005302400
1109.140000000 8.400000000 15.184974670400
1105.140000000 6.000000000 15.184002876300
1106.390000000 8.600000000 15.174393653900
1107.390000000 8.200000000 15.163146019000
1098.390000000 7.000000000 15.155764579800
1106.890000000 9.200000000 15.152247428900
1108.140000000 9.000000000 15.149914741500
1107.890000000 8.400000000 15.138751030000
1106.640000000 9.400000000 15.137197494500
1108.640000000 8.200000000 15.109837532000
1110.140000000 8.600000000 15.105751037600
1108.890000000 9.000000000 15.103024482700
1105.390000000 6.200000000 15.082220077500
1111.390000000 8.200000000 15.079111099200
1105.140000000 6.200000000 15.077678680400
1110.390000000 8.000000000 15.075308799700
1106.640000000 6.800000000 15.068017005900
1098.140000000 5.800000000 15.055733680700
1099.890000000 6.000000000 15.050132751500
1108.140000000 8.400000000 15.042941093400
1099.390000000 7.000000000 15.037589073200
1098.390000000 5.000000000 15.014095306400
1109.140000000 8.800000000 15.007874488800
1106.390000000 8.400000000 15.002267837500
1105.640000000 6.600000000 14.967348098800
1106.390000000 7.800000000 14.957267761200
1099.140000000 7.600000000 14.906893730200
1100.140000000 5.400000000 14.891551017800
1106.390000000 8.200000000 14.886031150800
1098.140000000 6.200000000 14.879776954700
1100.140000000 5.200000000 14.871370315600
1107.390000000 9.000000000 14.851738929700
1106.390000000 8.000000000 14.851394653300
1106.890000000 6.800000000 14.842120170600
1104.890000000 6.200000000 14.834854126000
1105.390000000 5.800000000 14.833868026700
1098.640000000 7.600000000 14.812310218800
1105.890000000 7.800000000 14.798410415600
1104.890000000 6.000000000 14.786721229600
1106.140000000 7.600000000 14.751893043500
1105.640000000 7.800000000 14.745799064600
1107.890000000 9.000000000 14.735379219100
1105.140000000 5.800000000 14.704696655300
1098.140000000 5.600000000 14.653649330100
1107.390000000 8.000000000 14.645439147900
1105.640000000 5.600000000 14.631170272800
1106.640000000 9.600000000 14.622548103300
1106.390000000 9.800000000 14.613462448100
1106.390000000 6.200000000 14.592326164200
1105.390000000 6.400000000 14.582711219800
1106.140000000 5.600000000 14.565142631500
1107.640000000 9.000000000 14.552965164200
1110.640000000 7.800000000 14.525470733600
1111.140000000 7.800000000 14.520800590500
1107.640000000 8.200000000 14.520394325300
1105.140000000 6.400000000 14.503170967100
1105.640000000 7.000000000 14.491050720200
1100.140000000 5.000000000 14.482991218600
1104.890000000 6.400000000 14.432024955700
1107.390000000 7.400000000 14.414025306700
1100.140000000 5.600000000 14.413314819300
1107.390000000 7.200000000 14.407503128100
1098.140000000 6.400000000 14.402392387400
1107.140000000 9.200000000 14.365095138500
1108.640000000 9.200000000 14.355696678200
1108.390000000 9.200000000 14.330295562700
1107.390000000 7.800000000 14.311054229700
1107.390000000 7.600000000 14.296918869000
1107.140000000 6.800000000 14.284851074200
1108.390000000 8.200000000 14.262812614400
1098.890000000 8.000000000 14.260127067600
1110.140000000 8.200000000 14.250408172600
1111.390000000 8.800000000 14.248475074800
1110.640000000 9.000000000 14.242497444200
1110.890000000 9.000000000 14.241730690000
1106.140000000 9.400000000 14.233987808200
1099.640000000 6.600000000 14.214521408100
1107.390000000 7.000000000 14.207633018500
1106.140000000 9.200000000 14.199004173300
1104.890000000 5.800000000 14.192432403600
1111.640000000 8.400000000 14.172603607200
1111.390000000 8.000000000 14.159106254600
1105.640000000 6.800000000 14.132242202800
1106.140000000 7.800000000 14.122781753500
1106.140000000 9.600000000 14.116704940800
1098.390000000 7.200000000 14.113420486500
1107.890000000 8.200000000 14.110677719100
1098.640000000 7.800000000 14.109364509600
1109.140000000 8.200000000 14.095701217700
1106.890000000 9.400000000 14.090272903400
1099.390000000 7.200000000 14.082712173500
1105.890000000 5.400000000 14.043681144700
1099.140000000 7.800000000 14.038228988600
1105.390000000 5.600000000 13.991180419900
1106.640000000 9.800000000 13.982112884500
1106.640000000 6.600000000 13.980545997600
1099.890000000 6.200000000 13.939576149000
1108.140000000 8.200000000 13.908626556400
1106.140000000 9.000000000 13.902228355400
1108.140000000 9.200000000 13.885281562800
1111.140000000 9.000000000 13.840518951400
1106.390000000 6.000000000 13.818596839900
1098.140000000 5.400000000 13.799036979700
1108.890000000 8.000000000 13.796750068700
1105.390000000 6.600000000 13.790276527400
1105.140000000 5.600000000 13.754384994500
1106.140000000 9.800000000 13.736295700100
1107.640000000 8.000000000 13.726126670800
1110.140000000 8.800000000 13.712010383600
1111.640000000 8.600000000 13.697536468500
1104.890000000 6.600000000 13.678771972700
1111.640000000 8.200000000 13.667002677900
1100.140000000 5.800000000 13.663781166100
1098.140000000 6.600000000 13.661421775800
1105.140000000 6.600000000 13.621036529500
1105.390000000 7.400000000 13.558121681200
1107.390000000 9.200000000 13.534315109300
1105.390000000 7.600000000 13.526809692400
1107.390000000 6.800000000 13.522135734600
1108.640000000 8.000000000 13.499368667600
1106.890000000 6.600000000 13.489607811000
1106.140000000 8.800000000 13.484887123100
1108.890000000 9.200000000 13.474198341400
1105.640000000 5.400000000 13.470351219200
1109.390000000 8.600000000 13.455987930300
1106.140000000 8.000000000 13.422294616700
1110.390000000 9.000000000 13.406138420100
1105.890000000 8.000000000 13.404235839800
1109.140000000 9.000000000 13.399553299000
1098.640000000 8.000000000 13.394569397000
1104.640000000 6.200000000 13.394253730800
1107.890000000 9.200000000 13.371503830000
1110.890000000 7.600000000 13.303593635600
1098.890000000 8.200000000 13.300486564600
1104.640000000 6.400000000 13.255523681600
1099.390000000 7.400000000 13.208663940400
1105.640000000 8.000000000 13.197338104200
1106.140000000 5.400000000 13.194740295400
1107.640000000 7.800000000 13.188311576800
1099.140000000 8.000000000 13.179454803500
1107.640000000 9.200000000 13.165238380400
1104.640000000 6.000000000 13.161859512300
1099.640000000 6.800000000 13.149641037000
1098.390000000 7.400000000 13.137223243700
1106.140000000 8.600000000 13.136281967200
1100.390000000 5.000000000 13.106292724600
1104.890000000 5.600000000 13.103779792800
1107.890000000 8.000000000 13.067507743800
1105.390000000 7.200000000 13.040410041800
1100.390000000 5.200000000 13.024411201500
1106.890000000 9.600000000 12.998353958100
1107.140000000 6.600000000 12.982326507600
1107.640000000 7.200000000 12.968352317800
1109.390000000 8.400000000 12.965634346000
1107.640000000 7.600000000 12.962375640900
1106.140000000 8.200000000 12.960152626000
1107.640000000 7.400000000 12.951025009200
1105.390000000 7.800000000 12.932039260900
1105.390000000 5.400000000 12.889138221700
1106.140000000 8.400000000 12.882980346700
1111.140000000 7.600000000 12.876761436500
1108.390000000 8.000000000 12.827267646800
1104.640000000 6.600000000 12.817537307700
1106.390000000 5.800000000 12.816270828200
1105.390000000 6.800000000 12.802169799800
1109.890000000 8.400000000 12.797389984100
1098.140000000 5.200000000 12.794716835000
1111.390000000 7.800000000 12.786149025000
1107.640000000 7.000000000 12.773036956800
1104.890000000 6.800000000 12.765766143800
1107.140000000 9.400000000 12.760232925400
1109.890000000 8.600000000 12.759271621700
1098.140000000 6.800000000 12.739387512200
1109.390000000 8.800000000 12.736412048300
1099.890000000 6.400000000 12.722902298000
1111.390000000 9.000000000 12.722524642900
1108.140000000 8.000000000 12.678212165800
1111.890000000 8.400000000 12.675686836200
1100.390000000 5.400000000 12.668305397000
1098.640000000 8.200000000 12.655097961400
1105.890000000 5.200000000 12.643825531000
1111.640000000 8.000000000 12.619287490800
1106.640000000 6.400000000 12.596849441500
1100.140000000 6.000000000 12.582586288500
1105.140000000 6.800000000 12.569743156400
1104.640000000 5.800000000 12.548526763900
1108.390000000 9.400000000 12.539690017700
1109.140000000 8.000000000 12.506168365500
1111.640000000 8.800000000 12.469618797300
1108.640000000 9.400000000 12.460812568700
1098.890000000 8.400000000 12.448955535900
1110.390000000 7.800000000 12.444209098800
1099.390000000 7.600000000 12.440971374500
1110.890000000 9.200000000 12.440773963900
1105.140000000 5.400000000 12.440070152300
1111.890000000 8.200000000 12.376852989200
1099.140000000 8.200000000 12.357073783900
1112.640000000 8.200000000 12.317141532900
1107.390000000 6.600000000 12.315521240200
1107.640000000 6.800000000 12.302549362200
1105.640000000 5.200000000 12.254884719800
1107.890000000 7.800000000 12.235104560900
1110.640000000 7.600000000 12.227232933000
1098.390000000 7.600000000 12.209850311300
1104.640000000 6.800000000 12.182071685800
1099.640000000 7.000000000 12.172756195100
1105.390000000 7.000000000 12.150963783300
1110.140000000 8.000000000 12.150383949300
1110.640000000 9.200000000 12.146640777600
1108.140000000 9.400000000 12.118905067400
1109.640000000 8.600000000 12.114382743800
1111.890000000 8.600000000 12.101018905600
1112.390000000 8.200000000 12.044075965900
1100.390000000 5.600000000 12.016661644000
1112.640000000 8.400000000 12.012745857200
1112.640000000 8.000000000 12.004211425800
1106.890000000 9.800000000 11.999113082900
1105.890000000 8.200000000 11.988656044000
1106.890000000 6.400000000 11.952595710800
1105.390000000 8.000000000 11.930004119900
1111.140000000 9.200000000 11.926105499300
1108.890000000 7.800000000 11.919519424400
1098.640000000 8.400000000 11.897732734700
1112.390000000 8.400000000 11.871800422700
1109.390000000 8.200000000 11.856612205500
1112.140000000 8.400000000 11.853897094700
1109.640000000 8.400000000 11.835690498400
1108.640000000 7.800000000 11.798605918900
1112.140000000 8.200000000 11.778463363600
1104.890000000 7.000000000 11.772430419900
1099.390000000 7.800000000 11.754538536100
1107.390000000 9.400000000 11.744627952600
1104.890000000 5.400000000 11.725341796900
1098.140000000 7.000000000 11.722401619000
1107.890000000 7.600000000 11.706887245200
1106.140000000 5.200000000 11.700453758200
1106.390000000 5.600000000 11.638876915000
1098.890000000 8.600000000 11.634228706400
1105.140000000 5.000000000 11.621171951300
1105.890000000 9.600000000 11.619713783300
1104.640000000 5.600000000 11.618799209600
1105.390000000 5.200000000 11.610641479500
1107.890000000 9.400000000 11.606282234200
1105.640000000 8.200000000 11.600725174000
1105.890000000 9.400000000 11.591507911700
1099.890000000 6.600000000 11.590246200600
1098.140000000 5.000000000 11.587156295800
1099.140000000 8.400000000 11.582909584000
1108.140000000 7.800000000 11.538199424700
1112.390000000 8.000000000 11.511347770700
1112.890000000 8.200000000 11.496453285200
1110.140000000 9.000000000 11.492029190100
1111.890000000 8.000000000 11.488206863400
1112.890000000 8.000000000 11.486530304000
1107.640000000 6.600000000 11.481090545700
1105.140000000 7.000000000 11.477950096100
1109.890000000 8.800000000 11.472895622300
1109.890000000 8.200000000 11.464261055000
1109.140000000 9.200000000 11.448134422300
1105.890000000 9.200000000 11.447836875900
1104.640000000 7.000000000 11.439575195300
1107.890000000 7.400000000 11.438939094500
1108.390000000 7.800000000 11.434431076000
1107.140000000 6.400000000 11.432608604400
1100.140000000 6.200000000 11.423047065700
1098.390000000 7.800000000 11.400586128200
1105.890000000 9.800000000 11.388906478900
1107.640000000 9.400000000 11.371649742100
1108.890000000 9.400000000 11.369626998900
1105.140000000 5.200000000 11.367546081500
1099.640000000 7.200000000 11.348832130400
1112.640000000 8.600000000 11.347095489500
1112.390000000 8.600000000 11.317471504200
1111.390000000 7.600000000 11.313138961800
1107.890000000 7.200000000 11.305001258900
1100.640000000 5.000000000 11.303135871900
1112.140000000 8.600000000 11.295799255400
1112.640000000 7.800000000 11.245067596400
1105.890000000 5.000000000 11.224720001200
1107.140000000 9.600000000 11.202508926400
1106.640000000 6.200000000 11.190590858500
1112.890000000 7.800000000 11.172096252400
1099.390000000 8.000000000 11.155351638800
1110.890000000 7.400000000 11.154314041100
1098.640000000 8.600000000 11.141106605500
1105.890000000 9.000000000 11.140254974400
1111.640000000 7.800000000 11.133501052900
1100.390000000 5.800000000 11.132534980800
1107.890000000 7.000000000 11.124385833700
1109.640000000 8.800000000 11.119129180900
1112.140000000 8.000000000 11.109824180600
1112.890000000 8.400000000 11.051116943400
1111.140000000 7.400000000 11.030204772900
1105.640000000 5.000000000 11.003170967100
1100.640000000 5.200000000 10.975039482100
1111.640000000 9.000000000 10.974962234500
1109.390000000 9.000000000 10.969486236600
1107.390000000 6.400000000 10.967116355900
1110.390000000 9.200000000 10.944812774700
1099.140000000 8.600000000 10.930568695100
1105.890000000 8.400000000 10.930295944200
1105.390000000 8.200000000 10.883343696600
1105.390000000 5.000000000 10.874500274700
1098.890000000 8.800000000 10.859312057500
1111.890000000 8.800000000 10.836413383500
1105.890000000 8.800000000 10.799164772000
1104.390000000 6.200000000 10.759307861300
1104.890000000 7.200000000 10.755524635300
1098.390000000 8.000000000 10.752916336100
1107.890000000 6.800000000 10.749548912000
1098.140000000 7.200000000 10.742185592700
1111.390000000 9.200000000 10.735408783000
1109.140000000 7.800000000 10.723515510600
1099.640000000 7.400000000 10.692070961000
1104.390000000 6.400000000 10.691947937000
1108.140000000 7.600000000 10.647173881500
1104.640000000 7.200000000 10.646682739300
1099.890000000 6.800000000 10.645228385900
1105.140000000 7.600000000 10.635892868000
1104.390000000 6.000000000 10.626617431600
1099.390000000 8.200000000 10.625572204600
1105.140000000 7.800000000 10.583670616100
1105.890000000 8.600000000 10.583568573000
1109.640000000 8.200000000 10.561376571700
1104.640000000 5.400000000 10.506295204200
1108.390000000 9.600000000 10.501062393200
1108.640000000 9.600000000 10.481102943400
1105.140000000 7.400000000 10.477280616800
1104.390000000 6.600000000 10.455497741700
1106.890000000 6.200000000 10.444324493400
1100.640000000 5.400000000 10.441834449800
1112.390000000 7.800000000 10.423386573800
1105.140000000 7.200000000 10.405868530300
1098.640000000 8.800000000 10.401195526100
1112.890000000 8.600000000 10.398390770000
1110.890000000 9.400000000 10.391474723800
1100.140000000 6.400000000 10.374060630800
1112.640000000 8.800000000 10.368404388400
1106.390000000 5.400000000 10.350929260300
1107.640000000 6.400000000 10.350557327300
1112.890000000 7.600000000 10.347479820300
1099.140000000 8.800000000 10.332272529600
1104.890000000 5.200000000 10.319519996600
1104.390000000 5.800000000 10.281911850000
1109.390000000 8.000000000 10.275277137800
1108.640000000 7.600000000 10.258950233500
1112.390000000 8.800000000 10.249948501600
1108.390000000 7.600000000 10.242076873800
1098.390000000 8.200000000 10.237618446400
1107.890000000 6.600000000 10.230273246800
1111.640000000 7.600000000 10.221900939900
1099.640000000 7.600000000 10.189503669700
1100.390000000 6.000000000 10.183543205300
1106.140000000 5.000000000 10.179841041600
1110.640000000 9.400000000 10.154086113000
1108.140000000 9.600000000 10.145486831700
1111.890000000 7.800000000 10.139676094100
1112.140000000 8.800000000 10.134894371000
1105.640000000 8.400000000 10.132180213900
1099.390000000 8.400000000 10.130408287000
1098.890000000 9.000000000 10.129406929000
1105.140000000 8.000000000 10.120620727500
1104.390000000 6.800000000 10.090964317300
1108.140000000 7.400000000 10.083559989900
1108.890000000 7.600000000 10.081011772200
1112.640000000 7.600000000 10.039719581600
1110.390000000 7.600000000 10.027618408200
1098.390000000 9.600000000 10.006635665900
1111.890000000 7.600000000 10.003826141400
1107.390000000 9.600000000 10.002948761000
1098.390000000 9.800000000 9.988573074300
1111.140000000 9.400000000 9.965775489800
1110.640000000 7.400000000 9.953630447400
1099.890000000 7.000000000 9.923446655300
1112.140000000 7.800000000 9.910533905000
1097.890000000 6.000000000 9.884611129800
1111.640000000 7.400000000 9.878319740300
1105.390000000 8.400000000 9.875004768400
1098.140000000 9.800000000 9.860318183900
1107.140000000 6.200000000 9.857990264900
1106.640000000 6.000000000 9.846323967000
1104.640000000 7.400000000 9.831607818600
1111.390000000 7.400000000 9.820904731800
1098.390000000 9.400000000 9.806815147400
1098.390000000 8.400000000 9.804879188500
1104.890000000 5.000000000 9.803850174000
1099.640000000 7.800000000 9.802130699200
1097.890000000 6.200000000 9.795398712200
1098.140000000 9.600000000 9.777347564700
1100.640000000 5.600000000 9.767112731900
1104.390000000 5.600000000 9.753971099900
1104.890000000 7.400000000 9.753739357000
1098.140000000 7.400000000 9.751877784700
1107.140000000 9.800000000 9.749705314600
1097.890000000 5.800000000 9.747014045700
1110.140000000 7.800000000 9.746397972100
1099.140000000 9.000000000 9.738301277200
1108.140000000 7.200000000 9.696730613700
1098.640000000 9.000000000 9.691784858700
1109.890000000 9.000000000 9.690601348900
1105.390000000 9.600000000 9.688065528900
1107.890000000 9.600000000 9.683077812200
1105.390000000 9.800000000 9.673375129700
1109.890000000 8.000000000 9.654762268100
1104.390000000 7.000000000 9.633695602400
1099.390000000 8.600000000 9.620506286600
1111.890000000 7.400000000 9.610513687100
1105.140000000 8.200000000 9.601545333900
1113.140000000 8.000000000 9.582532882700
1112.140000000 7.600000000 9.562495231600
1098.140000000 9.400000000 9.543128013600
1100.140000000 6.600000000 9.537156105000
1112.890000000 8.800000000 9.533686637900
1113.140000000 7.800000000 9.511069297800
1107.640000000 9.600000000 9.494321823100
1105.390000000 9.400000000 9.474208831800
1107.390000000 6.200000000 9.473202705400
1099.640000000 8.000000000 9.466706275900
1111.890000000 9.000000000 9.466654777500
1107.890000000 6.400000000 9.441114425700
1097.890000000 6.400000000 9.440360069300
1098.890000000 9.200000000 9.436374664300
1099.890000000 7.200000000 9.422811508200
1109.640000000 9.000000000 9.413401603700
1108.890000000 9.600000000 9.411852836600
1113.140000000 8.200000000 9.407169342000
1098.390000000 9.200000000 9.403181076000
1097.890000000 5.600000000 9.399550437900
1098.390000000 8.600000000 9.398854255700
1108.140000000 7.000000000 9.367424011200
1105.640000000 9.800000000 9.359419822700
1104.640000000 5.200000000 9.345569610600
1100.390000000 6.200000000 9.316632270800
1105.640000000 9.600000000 9.303030967700
1108.390000000 7.400000000 9.296574592600
1109.140000000 9.400000000 9.288390159600
1111.640000000 9.200000000 9.234417915300
1112.640000000 9.000000000 9.227329254200
1111.140000000 7.200000000 9.213845253000
1111.640000000 7.200000000 9.211761474600
1098.140000000 9.200000000 9.207975387600
1099.390000000 8.800000000 9.205893516500
1112.890000000 7.400000000 9.199769020100
1111.390000000 7.200000000 9.196050643900
1105.390000000 9.200000000 9.175742149400
1099.640000000 8.200000000 9.149174690200
1100.890000000 5.000000000 9.145138740500
1112.140000000 7.400000000 9.134123802200
1110.140000000 9.200000000 9.132801055900
1106.890000000 6.000000000 9.122515678400
1099.140000000 9.200000000 9.114714622500
1104.390000000 7.200000000 9.111482620200
1099.890000000 7.400000000 9.108524322500
1107.640000000 6.200000000 9.107419014000
1113.140000000 7.600000000 9.105895042400
1112.390000000 7.600000000 9.098684310900
1105.640000000 9.400000000 9.094246864300
1105.390000000 8.600000000 9.088640213000
1109.390000000 9.200000000 9.075305938700
1108.140000000 6.800000000 9.073472976700
1098.640000000 9.200000000 9.066660881000
1110.890000000 7.200000000 9.064293861400
1104.390000000 5.400000000 9.044826507600
1112.390000000 9.000000000 9.036748886100
1106.390000000 5.200000000 9.032073020900
1100.640000000 5.800000000 9.027937889100
1105.140000000 9.600000000 9.022118568400
1104.640000000 7.600000000 9.007384300200
1105.140000000 9.800000000 9.006081581100
1105.140000000 8.400000000 9.001953125000
1105.640000000 8.600000000 8.986359596300
1109.640000000 8.000000000 8.983057022100
1098.390000000 8.800000000 8.982730865500
1113.140000000 8.400000000 8.974736213700
1109.140000000 7.600000000 8.946875572200
1100.140000000 6.800000000 8.940356254600
1108.640000000 7.400000000 8.930997848500
1099.890000000 7.600000000 8.926333427400
1097.890000000 6.600000000 8.906584739700
1110.390000000 9.400000000 8.878622055100
1097.890000000 5.400000000 8.866474151600
1111.390000000 9.400000000 8.866353988600
1098.890000000 9.400000000 8.863878250100
1112.140000000 9.000000000 8.860502243000
1105.390000000 9.000000000 8.855894088700
1098.390000000 9.000000000 8.849888801600
1105.140000000 9.400000000 8.849651336700
1104.890000000 7.800000000 8.848958969100
1111.890000000 7.200000000 8.848175048800
1103.890000000 6.400000000 8.842820167500
1099.640000000 8.400000000 8.832073211700
1098.140000000 7.600000000 8.816192627000
1105.640000000 9.200000000 8.815091133100
1100.890000000 5.200000000 8.813591957100
1104.890000000 7.600000000 8.809449195900
1099.890000000 7.800000000 8.799461364700
1098.140000000 9.000000000 8.777325630200
1105.390000000 8.800000000 8.750254631000
1099.390000000 9.000000000 8.729867935200
1104.140000000 6.400000000 8.724254608200
1108.390000000 9.800000000 8.717781066900
1112.390000000 7.400000000 8.711895942700
1103.890000000 6.200000000 8.711351394700
1104.140000000 6.200000000 8.680560112000
1108.140000000 6.600000000 8.658776283300
1105.140000000 9.200000000 8.654424667400
1106.640000000 5.800000000 8.651293754600
1100.390000000 6.400000000 8.640608787500
1099.890000000 8.000000000 8.638156890900
1109.390000000 7.800000000 8.629360199000
1104.890000000 8.000000000 8.622179031400
1103.890000000 6.600000000 8.621813774100
1097.890000000 9.800000000 8.607193946800
1099.140000000 9.400000000 8.574274063100
1100.140000000 7.000000000 8.573410987900
1105.640000000 9.000000000 8.572907447800
1108.390000000 7.200000000 8.569490432700
1097.890000000 9.400000000 8.568262100200
1112.890000000 9.000000000 8.557722091700
1108.640000000 9.800000000 8.554286956800
1112.640000000 7.400000000 8.549942970300
1097.890000000 9.600000000 8.547963142400
1104.390000000 7.400000000 8.547598838800
1105.140000000 8.600000000 8.538076400800
1107.890000000 6.200000000 8.512655258200
1098.640000000 9.400000000 8.498255729700
1110.890000000 9.600000000 8.494520187400
1107.140000000 6.000000000 8.492203712500
1104.140000000 6.600000000 8.486057281500
1113.140000000 7.400000000 8.449031829800
1108.890000000 7.400000000 8.443857193000
1099.640000000 8.600000000 8.424309730500
1100.140000000 7.200000000 8.415884971600
1105.140000000 9.000000000 8.412369728100
1097.890000000 9.200000000 8.410809516900
1100.140000000 7.400000000 8.400273323100
1113.140000000 8.600000000 8.398512840300
1100.140000000 7.600000000 8.392404556300
1108.640000000 6.600000000 8.389174461400
1100.890000000 5.400000000 8.379766464200
1105.640000000 8.800000000 8.373337745700
1099.890000000 8.200000000 8.366489410400
1111.390000000 7.000000000 8.362768173200
1100.640000000 6.000000000 8.361040115400
1100.140000000 7.800000000 8.360377311700
1108.140000000 9.800000000 8.359390258800
1108.640000000 6.400000000 8.351984024000
1105.140000000 8.800000000 8.338704109200
1107.390000000 9.800000000 8.335421562200
1104.140000000 6.000000000 8.333715438800
1098.890000000 9.600000000 8.301786422700
1112.140000000 7.200000000 8.300078392000
1097.890000000 5.200000000 8.294844627400
1111.640000000 7.000000000 8.293085098300
1097.890000000 6.800000000 8.281561851500
1108.640000000 6.800000000 8.259870529200
1108.390000000 6.600000000 8.251485824600
1104.890000000 8.200000000 8.241317749000
1103.890000000 6.000000000 8.238751411400
1110.640000000 9.600000000 8.227025985700
1098.640000000 9.600000000 8.221648216200
1098.140000000 8.800000000 8.221210479700
1100.140000000 8.000000000 8.219598770100
1104.390000000 5.200000000 8.213549614000
1108.390000000 6.800000000 8.203903198200
1104.640000000 5.000000000 8.197343826300
1111.140000000 7.000000000 8.187941551200
1100.390000000 6.600000000 8.181974411000
1104.640000000 7.800000000 8.180351257300
1099.390000000 9.200000000 8.177919387800
1098.640000000 9.800000000 8.176473617600
1103.640000000 6.400000000 8.152157783500
1108.140000000 6.400000000 8.148130416900
1108.640000000 6.200000000 8.141169548000
1103.890000000 6.800000000 8.138940811200
1108.890000000 6.400000000 8.123250961300
1110.640000000 7.200000000 8.118240356400
1113.640000000 7.600000000 8.095414161700
1107.390000000 6.000000000 8.094178199800
1097.890000000 9.000000000 8.084343910200
1108.390000000 6.400000000 8.083963394200
1108.890000000 6.600000000 8.081951141400
1104.140000000 5.800000000 8.056437492400
1100.390000000 7.600000000 8.049580574000
1104.140000000 6.800000000 8.044594764700
1100.390000000 7.400000000 8.041490554800
1103.640000000 6.600000000 8.036639213600
1099.140000000 9.600000000 8.019741058300
1112.640000000 9.200000000 8.014358520500
1108.890000000 6.200000000 8.012679100000
1111.890000000 9.200000000 8.004836082500
1113.640000000 7.400000000 8.001071929900
1099.640000000 8.800000000 7.998020172100
1100.390000000 7.800000000 7.997081756600
1108.390000000 7.000000000 7.995178222700
1098.140000000 7.800000000 7.995028972600
1103.640000000 6.200000000 7.992377758000
1104.390000000 7.600000000 7.988824367500
1099.890000000 8.400000000 7.987565994300
1113.640000000 7.800000000 7.985863685600
1108.640000000 7.000000000 7.984814167000
1110.890000000 7.000000000 7.983347415900
1107.890000000 9.800000000 7.981006622300
1106.890000000 5.800000000 7.978627681700
1100.390000000 7.200000000 7.973955631300
1111.140000000 9.600000000 7.971662998200
1100.390000000 6.800000000 7.935893535600
1109.890000000 6.600000000 7.932632446300
1108.890000000 6.800000000 7.923173427600
1109.640000000 6.600000000 7.916495800000
1100.390000000 7.000000000 7.911937236800
1100.140000000 8.200000000 7.908030033100
1112.390000000 7.200000000 7.901082515700
1109.890000000 6.400000000 7.896748065900
1107.640000000 9.800000000 7.889379024500
1109.140000000 6.400000000 7.882895469700
1100.890000000 5.600000000 7.878713607800
1109.640000000 6.400000000 7.870335578900
1111.890000000 7.000000000 7.866410255400
1110.390000000 7.400000000 7.865900516500
1107.640000000 6.000000000 7.863780498500
1112.890000000 7.200000000 7.861034393300
1109.890000000 6.800000000 7.858815670000
1109.140000000 6.600000000 7.855443477600
1104.140000000 5.600000000 7.852095603900
1109.390000000 6.600000000 7.840230464900
1100.640000000 6.200000000 7.839941978500
1108.640000000 7.200000000 7.830320835100
1109.390000000 6.400000000 7.825167179100
1109.640000000 6.800000000 7.823344707500
1110.140000000 6.400000000 7.820265770000
1110.140000000 6.600000000 7.806517124200
1104.890000000 8.400000000 7.795934677100
1112.640000000 7.200000000 7.788841247600
1110.140000000 6.800000000 7.781475544000
1113.390000000 7.600000000 7.776045322400
1100.390000000 8.000000000 7.773541450500
1109.140000000 6.200000000 7.768174648300
1108.640000000 6.000000000 7.767333507500
1106.390000000 5.000000000 7.762139320400
1112.390000000 9.200000000 7.755169868500
1109.390000000 6.800000000 7.753932952900
1108.890000000 6.000000000 7.753168106100
1097.890000000 5.000000000 7.751322269400
1110.640000000 7.000000000 7.746341228500
1110.390000000 7.200000000 7.742285728500
1108.390000000 6.200000000 7.739770889300
1109.890000000 6.200000000 7.738572120700
1098.890000000 9.800000000 7.729449749000
1109.890000000 7.800000000 7.728675842300
1099.390000000 9.400000000 7.724928855900
1109.140000000 6.800000000 7.721224308000
1106.640000000 5.600000000 7.712951183300
1113.390000000 7.400000000 7.709910392800
1109.890000000 7.000000000 7.701259136200
1097.890000000 8.800000000 7.695135593400
1109.640000000 7.000000000 7.694332122800
1110.390000000 7.000000000 7.688173770900
1108.890000000 7.000000000 7.684186458600
1103.640000000 6.800000000 7.678796291400
1110.140000000 7.000000000 7.676444530500
1113.140000000 8.800000000 7.669782638500
1113.390000000 7.800000000 7.668699741400
1109.890000000 9.200000000 7.665204048200
1110.140000000 6.200000000 7.664603710200
1109.640000000 6.200000000 7.660779476200
1109.390000000 6.200000000 7.656372070300
1113.640000000 7.200000000 7.656337261200
1097.890000000 7.000000000 7.637368679000
1109.390000000 7.000000000 7.615265369400
1098.140000000 8.600000000 7.612206935900
1110.140000000 7.200000000 7.609396457700
1113.640000000 8.000000000 7.606520175900
1110.390000000 6.800000000 7.598636627200
1109.640000000 9.200000000 7.587533474000
1110.140000000 7.600000000 7.581732273100
1099.890000000 8.600000000 7.569987773900
1099.640000000 9.000000000 7.561489582100
1109.890000000 7.200000000 7.559535026600
1103.640000000 6.000000000 7.559193611100
1112.890000000 9.200000000 7.553409576400
1112.140000000 9.200000000 7.548094272600
1109.140000000 7.000000000 7.539198875400
1110.390000000 6.600000000 7.536159992200
1103.890000000 5.800000000 7.533555030800
1113.140000000 7.200000000 7.530519962300
1107.890000000 6.000000000 7.529113769500
1109.140000000 6.000000000 7.523455619800
1110.140000000 7.400000000 7.523419857000
1103.890000000 7.000000000 7.522015571600
1109.640000000 7.200000000 7.515824794800
1097.640000000 9.400000000 7.512072086300
1111.640000000 9.400000000 7.503910064700
1110.390000000 6.400000000 7.491144657100
1104.140000000 7.000000000 7.486742496500
1100.640000000 6.400000000 7.486531257600
1111.390000000 6.800000000 7.486176967600
1113.890000000 7.600000000 7.483963489500
1104.140000000 5.400000000 7.483132839200
1108.140000000 6.200000000 7.477239608800
1111.140000000 6.800000000 7.469485759700
1100.140000000 8.400000000 7.461033344300
1108.890000000 9.800000000 7.457170486500
1109.140000000 9.600000000 7.448615551000
1104.890000000 8.600000000 7.448405265800
1110.640000000 6.800000000 7.448307991000
1100.640000000 7.400000000 7.446464538600
1097.640000000 9.600000000 7.443190574600
1104.640000000 8.000000000 7.438896179200
1100.640000000 7.600000000 7.433608055100
1099.140000000 9.800000000 7.429556369800
1098.140000000 8.000000000 7.429195880900
1113.890000000 7.800000000 7.427400589000
1109.390000000 7.200000000 7.422572612800
1100.890000000 5.800000000 7.417414665200
1110.140000000 6.000000000 7.411495208700
1097.640000000 9.200000000 7.411410331700
1100.640000000 7.200000000 7.405830860100
1108.890000000 7.200000000 7.395216941800
1113.390000000 7.200000000 7.390939712500
1109.890000000 6.000000000 7.387475013700
1110.890000000 6.800000000 7.381504058800
1109.890000000 7.400000000 7.379204273200
1110.390000000 6.200000000 7.378972053500
1104.390000000 7.800000000 7.370178222700
1100.390000000 8.200000000 7.362301826500
1107.140000000 5.800000000 7.356985092200
1109.390000000 6.000000000 7.349066734300
1104.390000000 5.000000000 7.347112655600
1097.640000000 9.800000000 7.346455574000
1108.890000000 5.800000000 7.344955444300
1109.640000000 6.000000000 7.344480037700
1100.640000000 7.000000000 7.337638378100
1109.140000000 7.200000000 7.334034919700
1113.390000000 8.000000000 7.331349849700
1111.640000000 6.800000000 7.330991745000
1109.640000000 7.800000000 7.330760955800
1104.890000000 9.600000000 7.312600612600
1109.140000000 7.400000000 7.309283733400
1113.890000000 7.400000000 7.308734417000
1109.640000000 7.400000000 7.302056789400
1100.640000000 6.600000000 7.297456741300
1104.890000000 9.400000000 7.296602249100
1100.640000000 6.800000000 7.280388355300
1100.640000000 7.800000000 7.279893398300
1108.390000000 6.000000000 7.266459941900
1112.140000000 7.000000000 7.261092662800
1108.640000000 5.800000000 7.258606433900
1097.890000000 8.600000000 7.258185863500
1109.890000000 7.600000000 7.257346153300
1104.890000000 9.800000000 7.225579738600
1104.890000000 8.800000000 7.221063137100
1109.390000000 7.400000000 7.205560684200
1099.390000000 9.600000000 7.193910121900
1097.640000000 9.000000000 7.187616825100
1104.890000000 9.200000000 7.177227973900
1110.390000000 6.000000000 7.172025203700
1110.640000000 6.600000000 7.168122291600
1104.640000000 8.200000000 7.167967796300
1098.140000000 8.200000000 7.161283493000
1104.890000000 9.000000000 7.152806282000
1109.140000000 5.800000000 7.143946647600
1113.890000000 8.000000000 7.138975620300
1109.640000000 7.600000000 7.138388633700
1103.640000000 7.000000000 7.138329505900
1098.140000000 8.400000000 7.134027957900
1111.390000000 9.600000000 7.129745960200
1109.390000000 9.400000000 7.125731468200
1113.640000000 7.000000000 7.117414474500
1109.390000000 7.600000000 7.100574493400
1099.640000000 9.200000000 7.092760562900
1110.140000000 9.400000000 7.079646587400
1106.890000000 5.600000000 7.076988220200
1113.640000000 8.200000000 7.073681354500
1110.390000000 9.600000000 7.072561740900
1113.390000000 8.200000000 7.064455509200
1099.890000000 8.800000000 7.052668571500
1106.640000000 5.400000000 7.050286293000
1100.890000000 6.000000000 7.023814678200
1097.890000000 7.200000000 6.991469860100
1110.140000000 5.800000000 6.981186866800
1100.140000000 8.600000000 6.973077297200
1100.640000000 8.000000000 6.956131935100
1104.140000000 5.200000000 6.947061538700
1112.890000000 7.000000000 6.946689605700
1110.640000000 6.400000000 6.946658134500
1113.390000000 7.000000000 6.943242073100
1103.640000000 5.800000000 6.938540458700
1113.890000000 7.200000000 6.938067436200
1113.140000000 9.000000000 6.937824249300
1109.890000000 5.800000000 6.933831214900
1109.390000000 5.800000000 6.933122634900
1097.640000000 8.800000000 6.931294918100
1107.390000000 5.800000000 6.923096656800
1100.390000000 8.400000000 6.918148040800
1104.140000000 7.200000000 6.915880203200
1110.390000000 5.800000000 6.889052867900
1110.890000000 6.600000000 6.875565052000
1103.890000000 7.200000000 6.873870849600
1111.890000000 6.800000000 6.871992111200
1109.640000000 5.800000000 6.866003036500
1112.390000000 7.000000000 6.863287448900
1113.140000000 7.000000000 6.861765861500
1114.140000000 7.600000000 6.835242748300
1114.140000000 7.800000000 6.822853088400
1112.640000000 7.000000000 6.816291809100
1112.640000000 9.400000000 6.814849853500
1108.890000000 5.600000000 6.807982921600
1103.390000000 6.400000000 6.790808677700
1101.140000000 5.000000000 6.787094116200
1110.640000000 6.200000000 6.775742054000
1097.890000000 8.400000000 6.757026195500
1104.640000000 8.400000000 6.746520519300
1108.140000000 6.000000000 6.744062423700
1100.890000000 6.200000000 6.741221904800
1103.890000000 5.600000000 6.738187313100
1103.390000000 6.600000000 6.734697818800
1113.390000000 8.400000000 6.729466915100
1099.390000000 9.800000000 6.715047836300
1108.390000000 5.800000000 6.709599494900
1111.140000000 6.600000000 6.703229904200
1107.640000000 5.800000000 6.703065872200
1096.890000000 5.000000000 6.695478439300
1104.390000000 8.000000000 6.694425106000
1108.640000000 5.600000000 6.693915367100
1110.890000000 9.800000000 6.693894863100
1103.390000000 6.200000000 6.680265426600
1099.640000000 9.400000000 6.669839382200
1106.640000000 5.200000000 6.657982349400
1101.140000000 5.200000000 6.655857563000
1113.890000000 8.200000000 6.650571823100
1109.140000000 5.600000000 6.626538753500
1114.140000000 7.400000000 6.617908477800
1110.640000000 6.000000000 6.616008758500
1114.140000000 8.000000000 6.614161968200
1111.890000000 9.400000000 6.605986595200
1099.890000000 9.000000000 6.597678661300
1100.640000000 8.200000000 6.585283279400
1111.390000000 6.600000000 6.577477932000
1097.640000000 8.600000000 6.555974960300
1100.890000000 6.400000000 6.555380344400
1112.390000000 9.400000000 6.530583381700
1103.390000000 6.800000000 6.527824401900
1103.640000000 7.200000000 6.523715019200
1097.140000000 5.000000000 6.515332698800
1107.890000000 5.800000000 6.512228488900
1112.890000000 9.400000000 6.490952968600
1110.640000000 9.800000000 6.486494064300
1106.640000000 5.000000000 6.483779430400
1107.140000000 5.600000000 6.471813678700
1110.390000000 5.600000000 6.470438480400
1113.640000000 6.800000000 6.468402385700
1110.140000000 5.600000000 6.466996669800
1100.890000000 6.600000000 6.456513881700
1100.890000000 7.200000000 6.452468872100
1101.140000000 5.400000000 6.451698780100
1104.140000000 7.400000000 6.443150043500
1113.890000000 7.000000000 6.439331531500
1106.890000000 5.400000000 6.437210083000
1113.640000000 8.400000000 6.435930728900
1100.890000000 7.000000000 6.434949398000
1110.640000000 5.800000000 6.429533004800
1100.890000000 7.400000000 6.428462505300
1100.890000000 6.800000000 6.424780368800
1097.390000000 9.400000000 6.419322490700
1110.890000000 6.400000000 6.413929462400
1109.390000000 5.600000000 6.413189888000
1103.390000000 6.000000000 6.403898239100
1100.140000000 8.800000000 6.388578414900
1100.390000000 8.600000000 6.355263710000
1109.890000000 5.600000000 6.351199626900
1097.390000000 9.200000000 6.350592136400
1113.390000000 6.800000000 6.348686218300
1096.890000000 5.200000000 6.348121166200
1111.140000000 9.800000000 6.344500064800
1097.890000000 7.400000000 6.341040611300
1097.390000000 9.600000000 6.319705486300
1100.890000000 7.600000000 6.318092823000
1104.640000000 8.600000000 6.316821098300
1109.640000000 5.600000000 6.316485405000
1111.640000000 6.600000000 6.307887554200
1104.140000000 5.000000000 6.295107841500
1112.140000000 9.400000000 6.291070938100
1104.390000000 8.200000000 6.275227069900
1112.140000000 6.800000000 6.259667873400
1096.640000000 5.000000000 6.252411842300
1113.390000000 8.600000000 6.250772953000
1103.890000000 7.400000000 6.250234603900
1114.140000000 7.200000000 6.250023841900
1101.140000000 5.600000000 6.249950885800
1097.890000000 8.200000000 6.237499237100
1103.640000000 5.600000000 6.224585533100
1108.890000000 5.400000000 6.212986946100
1103.390000000 7.000000000 6.205504894300
1099.640000000 9.600000000 6.190739154800
1097.640000000 8.400000000 6.182770729100
1113.140000000 9.200000000 6.173789501200
1114.140000000 8.200000000 6.162499904600
1110.640000000 5.600000000 6.161325454700
1097.390000000 9.800000000 6.142598629000
1097.390000000 9.000000000 6.142251491500
1097.140000000 5.200000000 6.136640548700
1099.890000000 9.200000000 6.129531860400
1111.640000000 9.600000000 6.128340244300
1108.390000000 5.600000000 6.109810352300
1100.890000000 7.800000000 6.093188762700
1100.640000000 8.400000000 6.092506408700
1104.140000000 7.600000000 6.087853908500
1108.640000000 5.400000000 6.082118988000
1109.140000000 5.400000000 6.076539516400
1097.390000000 5.000000000 6.075279235800
1110.890000000 6.200000000 6.060886383100
1106.890000000 5.200000000 6.045768261000
1096.890000000 8.800000000 6.042400836900
1101.140000000 5.800000000 6.032935142500
1113.140000000 6.800000000 6.032564640000
1111.140000000 6.400000000 6.029118061100
1113.890000000 8.400000000 6.025052070600
1096.890000000 9.000000000 6.024396419500
1107.390000000 5.600000000 5.986719608300
1103.390000000 5.800000000 5.984197616600
1110.390000000 5.400000000 5.980900287600
1097.140000000 8.800000000 5.972506523100
1112.890000000 6.800000000 5.963973999000
1096.890000000 9.200000000 5.959722518900
1096.640000000 5.200000000 5.952078819300
1104.640000000 8.800000000 5.951955795300
1103.890000000 5.400000000 5.949203968000
1104.390000000 8.400000000 5.936153411900
1095.890000000 9.000000000 5.932327747300
1097.390000000 8.800000000 5.927092075300
1097.140000000 9.000000000 5.925774574300
1096.890000000 8.600000000 5.921659469600
1097.640000000 5.800000000 5.919822692900
1103.640000000 7.400000000 5.914727211000
1108.140000000 5.800000000 5.912268161800
1097.140000000 8.600000000 5.908592224100
1097.640000000 6.000000000 5.903579711900
1097.640000000 5.600000000 5.892112255100
1113.890000000 6.800000000 5.889347076400
1106.890000000 5.000000000 5.888011455500
1100.140000000 9.000000000 5.883712291700
1097.140000000 9.200000000 5.876228332500
1097.640000000 5.400000000 5.863205432900
1097.640000000 5.200000000 5.858981609300
1097.640000000 5.000000000 5.857954978900
1110.140000000 5.400000000 5.857407569900
1109.390000000 5.400000000 5.853215694400
1095.890000000 8.800000000 5.852735519400
1095.640000000 9.000000000 5.845167160000
1107.140000000 5.400000000 5.844273567200
1095.640000000 8.800000000 5.837855815900
1109.890000000 9.400000000 5.836462020900
1111.890000000 6.600000000 5.828324317900
1104.140000000 7.800000000 5.826739311200
1112.390000000 6.800000000 5.825010299700
1099.640000000 9.800000000 5.823582649200
1109.640000000 9.400000000 5.823229789700
1114.140000000 7.000000000 5.819356918300
1097.140000000 8.400000000 5.818922996500
1100.890000000 8.000000000 5.818277835800
1101.140000000 6.000000000 5.817099094400
1103.390000000 7.200000000 5.816812038400
1110.890000000 6.000000000 5.809848308600
1097.640000000 6.200000000 5.804204940800
1110.640000000 5.400000000 5.797553062400
1096.390000000 7.600000000 5.788706779500
1113.640000000 6.600000000 5.787096977200
1100.390000000 8.800000000 5.786362171200
1096.390000000 7.400000000 5.779748916600
1097.640000000 8.200000000 5.774123191800
1096.140000000 9.000000000 5.773581504800
1096.890000000 9.400000000 5.771872520400
1096.890000000 5.400000000 5.767072200800
1112.640000000 6.800000000 5.766770362900
1096.890000000 8.400000000 5.764785289800
1097.890000000 8.000000000 5.758215904200
1109.140000000 9.800000000 5.753511905700
1095.640000000 9.200000000 5.745543479900
1109.890000000 5.400000000 5.735914230300
1113.640000000 8.600000000 5.734138011900
1097.140000000 9.400000000 5.725610256200
1109.640000000 5.400000000 5.717815876000
1099.890000000 9.400000000 5.716670036300
1095.390000000 9.000000000 5.714953422500
1107.640000000 5.600000000 5.711025238000
1097.890000000 7.600000000 5.709723472600
1112.640000000 9.600000000 5.700242519400
1113.390000000 8.800000000 5.698789119700
1103.890000000 7.600000000 5.696245670300
1104.640000000 9.000000000 5.690525531800
1113.390000000 6.600000000 5.685872077900
1096.140000000 8.800000000 5.684256076800
1111.390000000 6.400000000 5.676542758900
1095.890000000 9.200000000 5.675339222000
1097.390000000 5.200000000 5.670622825600
1095.890000000 8.600000000 5.651276588400
1096.390000000 7.800000000 5.630371093800
1097.140000000 8.200000000 5.629236698200
1108.890000000 5.200000000 5.627949714700
1095.390000000 8.800000000 5.621539592700
1110.890000000 5.800000000 5.613575935400
1096.390000000 7.200000000 5.613396167800
1095.390000000 9.200000000 5.613250255600
1101.140000000 6.200000000 5.610684871700
1097.640000000 6.400000000 5.606978416400
1111.390000000 9.800000000 5.602294921900
1097.390000000 8.600000000 5.598015785200
1095.640000000 8.600000000 5.593022823300
1104.140000000 8.000000000 5.592927932700
1114.140000000 8.400000000 5.580695152300
1096.640000000 9.000000000 5.572164535500
1097.140000000 9.600000000 5.571691036200
1097.140000000 5.400000000 5.567316532100
1096.890000000 9.600000000 5.561764717100
1096.890000000 8.200000000 5.552436828600
1107.890000000 5.600000000 5.545601844800
1100.640000000 8.600000000 5.541087627400
1096.640000000 8.800000000 5.538741588600
1108.390000000 5.400000000 5.536359310200
1096.140000000 9.200000000 5.526257038100
1109.390000000 9.600000000 5.520990848500
1109.140000000 5.200000000 5.510736942300
1110.390000000 9.800000000 5.506244659400
1104.640000000 9.200000000 5.505101203900
1112.890000000 9.600000000 5.505065918000
1108.640000000 5.200000000 5.504872798900
1096.640000000 9.200000000 5.500727653500
1096.640000000 7.600000000 5.498783111600
1104.390000000 8.600000000 5.496272087100
1103.640000000 5.400000000 5.494309425400
1110.140000000 9.600000000 5.486013889300
1096.640000000 7.400000000 5.481359958600
1107.140000000 5.200000000 5.472682476000
1112.390000000 9.600000000 5.468403339400
1103.890000000 5.200000000 5.463546276100
1103.390000000 5.600000000 5.458355903600
1100.890000000 8.200000000 5.456158638000
1096.640000000 8.600000000 5.451582431800
1111.890000000 9.600000000 5.448510170000
1096.640000000 7.800000000 5.440891742700
1104.640000000 9.400000000 5.432959079700
1111.140000000 6.200000000 5.431698799100
1096.640000000 5.400000000 5.424580574000
1101.140000000 6.400000000 5.424287319200
1097.140000000 8.000000000 5.423858642600
1110.390000000 5.200000000 5.418802261400
1101.140000000 6.600000000 5.415065288500
1110.890000000 5.600000000 5.411709308600
1101.140000000 6.800000000 5.407885074600
1103.390000000 7.400000000 5.405216693900
1096.640000000 7.200000000 5.394013404800
1103.140000000 6.200000000 5.392658233600
1114.140000000 6.800000000 5.390986919400
1095.390000000 8.600000000 5.390592098200
1095.640000000 9.400000000 5.388822555500
1100.140000000 9.200000000 5.383109092700
1096.390000000 8.000000000 5.381955146800
1096.640000000 8.000000000 5.378597736400
1096.140000000 8.600000000 5.377535820000
1110.640000000 5.200000000 5.376655578600
1097.390000000 8.400000000 5.374090194700
1096.640000000 8.400000000 5.373912811300
1113.140000000 9.400000000 5.371337413800
1103.640000000 7.600000000 5.371144771600
1096.640000000 9.400000000 5.370354652400
1104.640000000 9.600000000 5.369209289600
1103.140000000 6.400000000 5.362974166900
1095.390000000 9.400000000 5.359640598300
1113.890000000 6.600000000 5.356292724600
1096.890000000 8.000000000 5.353707790400
1104.140000000 8.200000000 5.349404811900
1113.890000000 8.600000000 5.345366478000
1096.640000000 8.200000000 5.344364643100
1097.640000000 6.600000000 5.331140518200
1096.390000000 7.000000000 5.330880165100
1097.140000000 9.800000000 5.325228691100
1097.390000000 8.200000000 5.321919441200
1099.890000000 9.600000000 5.320306778000
1097.640000000 8.000000000 5.312709808300
1095.140000000 9.000000000 5.309668064100
1109.390000000 5.200000000 5.304062843300
1103.140000000 6.000000000 5.301795482600
1107.390000000 5.400000000 5.301558017700
1095.890000000 9.400000000 5.301538467400
1104.640000000 9.800000000 5.299572467800
1111.640000000 6.400000000 5.290954113000
1096.390000000 9.000000000 5.286952018700
1100.890000000 9.800000000 5.280381202700
1107.140000000 5.000000000 5.278892993900
1096.890000000 9.800000000 5.275923252100
1112.140000000 9.600000000 5.271718025200
1097.890000000 7.800000000 5.271175384500
1103.890000000 7.800000000 5.265860557600
1112.140000000 6.600000000 5.263378620100
1100.390000000 9.000000000 5.251073837300
1103.140000000 6.600000000 5.245795249900
1110.140000000 5.200000000 5.243077755000
1100.640000000 9.800000000 5.238868236500
1109.390000000 9.800000000 5.226155281100
1095.890000000 8.400000000 5.222183227500
1096.640000000 7.000000000 5.216596603400
1101.390000000 9.600000000 5.207049369800
1095.140000000 9.200000000 5.206303596500
1097.390000000 8.000000000 5.203493118300
1096.890000000 7.800000000 5.199080467200
1095.640000000 8.400000000 5.195149421700
1095.140000000 8.800000000 5.177209377300
1097.140000000 7.800000000 5.173295021100
1110.890000000 5.400000000 5.152224540700
1096.640000000 9.600000000 5.151896476700
1113.140000000 6.600000000 5.147157669100
1096.390000000 9.200000000 5.142575264000
1109.640000000 5.200000000 5.138718605000
1101.140000000 7.000000000 5.137797832500
1113.640000000 6.400000000 5.136220455200
1096.390000000 5.000000000 5.134249687200
1097.390000000 5.400000000 5.131394863100
1101.390000000 9.400000000 5.129655361200
1101.140000000 9.800000000 5.126671314200
1096.390000000 8.800000000 5.125567436200
1108.890000000 5.000000000 5.125147342700
1109.890000000 5.200000000 5.111399650600
1096.140000000 9.400000000 5.107164859800
1113.390000000 9.000000000 5.093248844100
1096.890000000 5.600000000 5.092957496600
1096.390000000 8.200000000 5.089645862600
1100.390000000 9.800000000 5.087975502000
1096.890000000 7.600000000 5.081529140500
1103.140000000 6.800000000 5.076599597900
1101.140000000 7.200000000 5.076430797600
1103.140000000 5.800000000 5.076073169700
1104.140000000 8.400000000 5.058149337800
1114.140000000 6.600000000 5.057857036600
1097.390000000 7.800000000 5.054981708500
1108.140000000 5.600000000 5.050321579000
1100.640000000 8.800000000 5.043458461800
1095.140000000 9.400000000 5.036595821400
1104.390000000 8.800000000 5.036044120800
1100.890000000 8.400000000 5.025273799900
1113.390000000 6.400000000 5.020652294200
1113.640000000 8.800000000 5.020152092000
1101.390000000 9.800000000 5.014388084400
1097.640000000 6.800000000 5.010613441500
1103.890000000 5.000000000 5.007859706900
1109.140000000 5.000000000 5.004657745400
1108.640000000 5.000000000 5.002595424700
1103.390000000 7.600000000 5.000580787700
1095.390000000 8.400000000 4.998607635500
1108.390000000 5.200000000 4.989604473100
1101.140000000 7.400000000 4.988953113600
1109.640000000 9.600000000 4.986299037900
1112.890000000 6.600000000 4.983111858400
1095.390000000 9.600000000 4.979625701900
1099.890000000 9.800000000 4.977845668800
1096.140000000 7.400000000 4.977785587300
1111.140000000 6.000000000 4.970233917200
1095.140000000 8.600000000 4.968351364100
1096.890000000 7.400000000 4.966798782300
1109.640000000 9.800000000 4.964672565500
1096.390000000 6.800000000 4.963376998900
1100.140000000 9.400000000 4.962450027500
1096.640000000 6.800000000 4.961150646200
1100.140000000 9.800000000 4.957572937000
1101.640000000 9.400000000 4.951347351100
1097.140000000 7.600000000 4.949365615800
1114.140000000 8.600000000 4.947970867200
1114.140000000 6.400000000 4.946002006500
1111.640000000 9.800000000 4.943013668100
1096.140000000 7.600000000 4.927154064200
1113.890000000 6.400000000 4.922097206100
1101.140000000 9.600000000 4.913633346600
1097.140000000 5.600000000 4.913081169100
1107.640000000 5.400000000 4.911330223100
1111.390000000 6.200000000 4.907561302200
1095.640000000 9.600000000 4.900969982100
1101.640000000 9.600000000 4.900958061200
1103.640000000 7.800000000 4.897918701200
1096.640000000 9.800000000 4.887562751800
1096.140000000 8.400000000 4.886571407300
1103.890000000 8.000000000 4.886376380900
1103.140000000 7.000000000 4.885272502900
1103.390000000 5.400000000 4.870873451200
1112.390000000 6.600000000 4.868482589700
1110.640000000 5.000000000 4.867561340300
1096.140000000 7.200000000 4.866451740300
1097.640000000 7.800000000 4.864528179200
1107.390000000 5.200000000 4.864202499400
1097.390000000 7.600000000 4.863585948900
1096.390000000 5.200000000 4.861413002000
1101.140000000 7.600000000 4.856842994700
1096.390000000 8.400000000 4.849297046700
1110.890000000 5.200000000 4.849256038700
1102.390000000 5.200000000 4.840617179900
1110.390000000 5.000000000 4.838878631600
1111.890000000 6.400000000 4.838860988600
1101.390000000 9.200000000 4.833383560200
1096.890000000 7.200000000 4.825459957100
1096.390000000 9.400000000 4.824567318000
1102.140000000 5.000000000 4.815941333800
1102.390000000 5.000000000 4.811086654700
1109.390000000 5.000000000 4.802596569100
1103.640000000 5.200000000 4.801369190200
1102.140000000 5.200000000 4.789918899500
1096.640000000 5.600000000 4.778284072900
1100.640000000 9.600000000 4.776759624500
1101.640000000 9.200000000 4.775212764700
1114.140000000 6.200000000 4.774109363600
1096.390000000 8.600000000 4.770102977800
1112.640000000 6.600000000 4.766334056900
1100.890000000 9.600000000 4.760756015800
1100.390000000 9.200000000 4.756397724200
1100.390000000 9.600000000 4.740137100200
1101.390000000 5.400000000 4.728148460400
1097.140000000 7.400000000 4.727857112900
1103.140000000 5.600000000 4.721824169200
1101.140000000 9.400000000 4.719454765300
1096.140000000 7.800000000 4.718572616600
1112.640000000 9.800000000 4.713346958200
1104.140000000 8.600000000 4.707663536100
1101.390000000 5.600000000 4.704943180100
1095.890000000 9.600000000 4.698706626900
1095.640000000 8.200000000 4.697078228000
1101.390000000 5.200000000 4.692086696600
1103.140000000 7.200000000 4.689561843900
1104.390000000 9.000000000 4.687520504000
1101.140000000 7.800000000 4.686610221900
1113.890000000 6.200000000 4.682577610000
1100.140000000 9.600000000 4.679463863400
1097.640000000 7.000000000 4.678684711500
1107.890000000 5.400000000 4.676105499300
1096.890000000 7.000000000 4.673908233600
1095.140000000 9.600000000 4.673154354100
1113.890000000 8.800000000 4.666284084300
1101.390000000 5.000000000 4.651201725000
1095.890000000 8.200000000 4.645229816400
1111.140000000 5.800000000 4.638803958900
1110.140000000 5.000000000 4.634679317500
1096.640000000 6.600000000 4.631175041200
1097.390000000 7.400000000 4.624824523900
1109.640000000 5.000000000 4.620468616500
1101.390000000 5.800000000 4.616633415200
1113.140000000 9.600000000 4.616292476700
1102.390000000 5.400000000 4.612887859300
1107.390000000 5.000000000 4.612135887100
1103.390000000 7.800000000 4.609238147700
1097.640000000 7.600000000 4.607507228900
1096.140000000 7.000000000 4.601526260400
1101.640000000 9.800000000 4.600273132300
1113.640000000 6.200000000 4.592262268100
1100.890000000 8.600000000 4.584189415000
1112.390000000 9.800000000 4.574461937000
1112.890000000 9.800000000 4.557521820100
1095.140000000 8.400000000 4.555920600900
1094.890000000 9.000000000 4.553326606800
1100.640000000 9.000000000 4.548296451600
1103.890000000 8.200000000 4.546080112500
1101.890000000 9.400000000 4.540084838900
1108.390000000 5.000000000 4.538300037400
1109.890000000 5.000000000 4.536589622500
1108.140000000 5.400000000 4.533893108400
1096.390000000 6.600000000 4.531180381800
1097.390000000 5.600000000 4.527901649500
1101.890000000 5.000000000 4.526597499800
1111.890000000 9.800000000 4.520837307000
1102.140000000 5.400000000 4.517054081000
1096.140000000 9.600000000 4.502620697000
1097.140000000 7.200000000 4.493398189500
1103.140000000 7.400000000 4.490595817600
1113.390000000 9.200000000 4.489172935500
1101.140000000 8.000000000 4.484514713300
1097.640000000 7.400000000 4.484411716500
1095.390000000 8.200000000 4.480691433000
1102.640000000 5.200000000 4.478138446800
1101.390000000 9.000000000 4.471180439000
1094.890000000 9.200000000 4.469770908400
1101.390000000 6.000000000 4.468698978400
1103.640000000 8.000000000 4.463819026900
1096.390000000 5.400000000 4.461030006400
1101.890000000 5.200000000 4.460473060600
1101.390000000 6.800000000 4.458871364600
1096.890000000 6.800000000 4.454757690400
1110.890000000 5.000000000 4.454229831700
1101.390000000 6.600000000 4.452753067000
1111.640000000 6.200000000 4.444489002200
1102.640000000 5.000000000 4.440391540500
1095.390000000 9.800000000 4.436540603600
1112.140000000 9.800000000 4.436280727400
1113.890000000 6.000000000 4.431206703200
1113.390000000 6.200000000 4.428917408000
1094.890000000 8.800000000 4.424704551700
1101.140000000 9.200000000 4.423614025100
1101.890000000 9.600000000 4.417980670900
1114.140000000 6.000000000 4.416089534800
1101.640000000 9.000000000 4.414998531300
1109.890000000 9.800000000 4.403744697600
1109.890000000 9.600000000 4.401585102100
1111.140000000 5.600000000 4.400182724000
1101.890000000 9.200000000 4.393988132500
1097.390000000 7.200000000 4.388588428500
1102.890000000 6.000000000 4.387590408300
1096.140000000 8.000000000 4.386922359500
1104.390000000 9.200000000 4.385084629100
1112.140000000 6.400000000 4.370047092400
1096.890000000 5.800000000 4.353563785600
1097.640000000 7.200000000 4.352011203800
1113.640000000 6.000000000 4.345911979700
1100.390000000 9.400000000 4.345819473300
1102.890000000 6.200000000 4.341200828600
1095.640000000 9.800000000 4.337483882900
1096.390000000 9.600000000 4.333563327800
1113.640000000 9.000000000 4.331750392900
1104.140000000 8.800000000 4.321918010700
1107.640000000 5.200000000 4.316066265100
1114.140000000 8.800000000 4.309651374800
1102.640000000 5.400000000 4.301366329200
1102.890000000 5.800000000 4.298590660100
1094.890000000 9.400000000 4.292943477600
1113.140000000 6.400000000 4.285975456200
1103.140000000 7.600000000 4.283505916600
1101.390000000 6.200000000 4.280370712300
1096.140000000 8.200000000 4.271893978100
1103.390000000 5.200000000 4.271061897300
1097.140000000 7.000000000 4.267652988400
1103.140000000 5.400000000 4.264392852800
1111.390000000 6.000000000 4.262569904300
1103.140000000 9.200000000 4.248672008500
1097.140000000 5.800000000 4.244802475000
1096.640000000 6.400000000 4.235537529000
1101.140000000 8.200000000 4.231070995300
1096.140000000 6.800000000 4.230290412900
1102.890000000 9.200000000 4.224977970100
1103.890000000 8.400000000 4.223783969900
1103.390000000 8.000000000 4.222090721100
1095.140000000 9.800000000 4.220290660900
1100.640000000 9.400000000 4.216753482800
1102.890000000 9.400000000 4.214064121200
1101.640000000 5.000000000 4.206857204400
1096.890000000 6.600000000 4.206023216200
1097.390000000 5.800000000 4.204545497900
1094.890000000 8.600000000 4.197341442100
1102.390000000 5.600000000 4.191421032000
1102.890000000 6.400000000 4.188728809400
1102.140000000 9.400000000 4.188261985800
1103.140000000 9.400000000 4.186299800900
1103.640000000 5.000000000 4.186249733000
1110.140000000 9.800000000 4.183615684500
1111.140000000 5.400000000 4.182120800000
1100.890000000 9.400000000 4.178606510200
1100.890000000 8.800000000 4.173254489900
1101.890000000 5.400000000 4.169116497000
1101.640000000 5.200000000 4.165995121000
1104.390000000 9.400000000 4.164524078400
1101.390000000 7.000000000 4.163949966400
1096.390000000 9.800000000 4.156636238100
1103.140000000 9.000000000 4.154557228100
1101.890000000 9.000000000 4.136713028000
1097.390000000 7.000000000 4.129618644700
1101.390000000 6.400000000 4.127916812900
1102.640000000 9.400000000 4.123538970900
1100.640000000 9.200000000 4.119433879900
1103.390000000 9.200000000 4.117545127900
1102.640000000 9.200000000 4.109433651000
1102.140000000 9.200000000 4.108672618900
1108.140000000 5.200000000 4.104884624500
1113.390000000 6.000000000 4.088229179400
1102.140000000 9.600000000 4.087306976300
1103.390000000 9.000000000 4.084630489300
1095.140000000 8.200000000 4.081903457600
1112.890000000 6.400000000 4.080756664300
1095.640000000 8.000000000 4.080002307900
1101.890000000 9.800000000 4.076267242400
1102.890000000 5.600000000 4.065079689000
1103.640000000 8.200000000 4.064777851100
1101.140000000 9.000000000 4.064664840700
1113.640000000 5.800000000 4.063776969900
1095.890000000 9.800000000 4.063213348400
1102.390000000 9.400000000 4.062166214000
1096.640000000 5.800000000 4.059096813200
1103.140000000 7.800000000 4.057024955700
1102.890000000 9.000000000 4.051843166400
1104.390000000 9.800000000 4.051372051200
1102.140000000 5.600000000 4.050680637400
1113.890000000 5.800000000 4.050010681200
1096.390000000 6.400000000 4.044431209600
1095.890000000 8.000000000 4.043202877000
1104.390000000 9.600000000 4.042469501500
1101.390000000 8.800000000 4.039536476100
1101.640000000 8.800000000 4.032101631200
1113.890000000 9.000000000 4.022336959800
1102.390000000 9.200000000 4.019062995900
1111.890000000 6.200000000 4.012291908300
1112.390000000 6.400000000 4.007460594200
1097.140000000 6.800000000 4.007173538200
1108.140000000 5.000000000 3.985438823700
1102.890000000 6.600000000 3.973422765700
1102.890000000 9.600000000 3.966897487600
1114.140000000 5.800000000 3.965723753000
1103.390000000 9.400000000 3.959048986400
1102.640000000 9.600000000 3.958790540700
1102.390000000 9.600000000 3.957536697400
1102.640000000 5.600000000 3.947945356400
1107.890000000 5.200000000 3.945426702500
1104.140000000 9.000000000 3.945019722000
1111.140000000 5.200000000 3.939708948100
1097.390000000 6.000000000 3.936241149900
1101.140000000 8.400000000 3.929877758000
1094.890000000 9.600000000 3.929574489600
1113.390000000 5.800000000 3.927986145000
1107.640000000 5.000000000 3.926355600400
1096.390000000 5.600000000 3.922994613600
1103.140000000 9.600000000 3.920838356000
1112.640000000 6.400000000 3.916303873100
1113.390000000 9.400000000 3.911884307900
1103.890000000 8.600000000 3.904617786400
1095.390000000 8.000000000 3.903273344000
1103.390000000 8.800000000 3.897148609200
1103.140000000 8.800000000 3.897110700600
1102.890000000 5.200000000 3.888117551800
1096.890000000 6.400000000 3.883758544900
1113.140000000 9.800000000 3.881031036400
1101.640000000 5.400000000 3.869966745400
1102.890000000 5.000000000 3.868433237100
1102.640000000 9.000000000 3.852741956700
1097.390000000 6.800000000 3.852299213400
1096.140000000 9.800000000 3.833422184000
1103.390000000 8.200000000 3.832726717000
1102.140000000 9.000000000 3.821561098100
1103.640000000 9.000000000 3.807650089300
1103.140000000 8.000000000 3.796782732000
1096.140000000 6.600000000 3.794500351000
1094.890000000 8.400000000 3.787347316700
1111.390000000 5.800000000 3.783712863900
1096.640000000 6.200000000 3.781593561200
1103.140000000 5.200000000 3.768915414800
1100.890000000 9.000000000 3.765929937400
1102.890000000 8.800000000 3.756759405100
1103.640000000 9.200000000 3.748072385800
1103.640000000 8.800000000 3.739839553800
1097.140000000 6.600000000 3.738234043100
1102.890000000 6.800000000 3.737293005000
1101.890000000 8.800000000 3.730059385300
1097.390000000 6.200000000 3.729389905900
1102.890000000 5.400000000 3.728121757500
1102.390000000 9.000000000 3.723024368300
1111.640000000 6.000000000 3.721661329300
1102.140000000 9.800000000 3.717395305600
1103.390000000 5.000000000 3.713978767400
1114.140000000 9.000000000 3.710389614100
1101.890000000 5.600000000 3.705105543100
1113.640000000 9.200000000 3.696497917200
1101.140000000 8.800000000 3.696348190300
1103.640000000 8.400000000 3.694358348800
1107.890000000 5.000000000 3.692563533800
1096.140000000 5.000000000 3.692366123200
1113.640000000 5.600000000 3.687225580200
1101.390000000 7.200000000 3.673202514600
1095.890000000 7.400000000 3.670240402200
1103.390000000 9.600000000 3.668687820400
1102.390000000 5.800000000 3.661501646000
1096.890000000 6.000000000 3.651749610900
1104.140000000 9.200000000 3.649379015000
1113.390000000 5.600000000 3.641548872000
1111.140000000 5.000000000 3.640478134200
1101.390000000 8.600000000 3.635744810100
1103.390000000 8.600000000 3.631139755200
1095.890000000 7.200000000 3.630473136900
1112.140000000 6.200000000 3.622361898400
1097.140000000 6.000000000 3.615873098400
1113.890000000 5.600000000 3.612862110100
1101.140000000 8.600000000 3.599317550700
1113.140000000 6.200000000 3.592304468200
1103.890000000 8.800000000 3.589021921200
1101.640000000 8.600000000 3.576732158700
1100.890000000 9.200000000 3.574410200100
1102.890000000 9.800000000 3.572476863900
1103.140000000 8.600000000 3.569358110400
1102.390000000 9.800000000 3.563586235000
1097.390000000 6.600000000 3.562546014800
1094.890000000 9.800000000 3.554606437700
1097.390000000 6.400000000 3.554057836500
1102.640000000 9.800000000 3.551819801300
1095.890000000 7.600000000 3.550227403600
1113.140000000 6.000000000 3.544699430500
1112.640000000 5.000000000 3.544175148000
1103.640000000 9.400000000 3.540310859700
1103.640000000 8.600000000 3.535769224200
1094.640000000 9.000000000 3.531364202500
1102.640000000 8.800000000 3.528513193100
1096.390000000 6.200000000 3.520658254600
1102.890000000 7.000000000 3.515583276700
1112.390000000 5.000000000 3.514787197100
1095.140000000 8.000000000 3.502400875100
1096.890000000 6.200000000 3.499992847400
1102.640000000 5.800000000 3.494865894300
1103.140000000 9.800000000 3.493948936500
1103.140000000 8.200000000 3.493866920500
1113.140000000 5.800000000 3.493425607700
1102.140000000 5.800000000 3.491796255100
1114.140000000 5.600000000 3.491679191600
1096.390000000 5.800000000 3.485404253000
1102.640000000 6.000000000 3.477365970600
1102.140000000 8.800000000 3.472615957300
1111.390000000 5.600000000 3.470968723300
1096.140000000 5.200000000 3.469033956500
1095.890000000 7.000000000 3.466842889800
1094.640000000 9.200000000 3.462788820300
1101.390000000 7.400000000 3.459090232800
1095.640000000 7.800000000 3.447684049600
1113.890000000 9.200000000 3.445978403100
1103.390000000 8.400000000 3.439891338300
1104.140000000 9.400000000 3.433879137000
1094.640000000 8.800000000 3.432904005100
1096.140000000 5.400000000 3.431855440100
1097.140000000 6.400000000 3.430431366000
1096.640000000 6.000000000 3.426485776900
1101.640000000 5.600000000 3.426113605500
1095.890000000 7.800000000 3.407208204300
1101.390000000 7.600000000 3.395114183400
1103.890000000 9.000000000 3.393289089200
1113.390000000 9.800000000 3.389965534200
1102.390000000 8.800000000 3.382738351800
1113.390000000 9.600000000 3.368441343300
1102.890000000 8.600000000 3.365421533600
1101.640000000 6.800000000 3.363429784800
1103.140000000 5.000000000 3.356389284100
1101.890000000 8.600000000 3.354042768500
1094.890000000 8.200000000 3.350407362000
1102.640000000 6.200000000 3.347147226300
1104.140000000 9.800000000 3.346289873100
1096.140000000 6.400000000 3.331356763800
1102.890000000 7.200000000 3.331114292100
1096.140000000 5.600000000 3.329922437700
1113.140000000 5.600000000 3.327282190300
1101.390000000 7.800000000 3.324244260800
1111.890000000 6.000000000 3.320963621100
1112.390000000 6.200000000 3.317425966300
1104.140000000 9.600000000 3.305055141400
1112.890000000 6.200000000 3.292713165300
1101.640000000 6.600000000 3.290773868600
1101.640000000 5.800000000 3.278749942800
1113.390000000 5.400000000 3.278277874000
1103.890000000 9.200000000 3.273723125500
1113.640000000 5.400000000 3.271466255200
1095.390000000 7.800000000 3.265513658500
1094.640000000 9.400000000 3.265240669300
1103.390000000 9.800000000 3.264508962600
1111.390000000 5.400000000 3.250234842300
1103.640000000 9.600000000 3.230725288400
1101.390000000 8.000000000 3.229384422300
1101.640000000 7.000000000 3.227128505700
1103.140000000 8.400000000 3.221801757800
1095.890000000 6.800000000 3.208059072500
1102.890000000 7.400000000 3.204163551300
1101.390000000 8.400000000 3.200610160800
1094.390000000 9.800000000 3.198866844200
1112.640000000 6.200000000 3.184384822800
1094.640000000 8.600000000 3.184028148700
1111.640000000 5.800000000 3.175995349900
1114.140000000 9.200000000 3.172395944600
1101.640000000 8.400000000 3.170224905000
1113.890000000 5.400000000 3.167598724400
1101.890000000 5.800000000 3.164245843900
1101.640000000 6.000000000 3.162242412600
1096.390000000 6.000000000 3.140908479700
1113.640000000 9.400000000 3.136764049500
1112.890000000 5.000000000 3.133325576800
1094.640000000 6.800000000 3.133004665400
1102.890000000 7.600000000 3.126097202300
1102.640000000 6.400000000 3.125484705000
1096.140000000 5.800000000 3.113136291500
1094.640000000 7.000000000 3.112699270200
1102.640000000 8.600000000 3.110642433200
1101.390000000 8.200000000 3.092267751700
1097.140000000 6.200000000 3.092228412600
1102.390000000 6.000000000 3.088782787300
1103.890000000 9.800000000 3.082072258000
1095.890000000 5.200000000 3.079585075400
1102.140000000 8.600000000 3.072702169400
1113.140000000 5.400000000 3.064379692100
1103.890000000 9.400000000 3.063313245800
1095.890000000 5.400000000 3.061752557800
1111.390000000 5.200000000 3.048528671300
1102.890000000 7.800000000 3.035915374800
1114.140000000 5.400000000 3.031085729600
1103.640000000 9.800000000 3.021541595500
1112.140000000 6.000000000 3.018144130700
1101.640000000 6.400000000 3.015330791500
1112.390000000 5.200000000 3.009300470400
1094.640000000 9.800000000 3.003466367700
1102.890000000 8.400000000 3.001043081300
1101.640000000 6.200000000 2.981548786200
1103.890000000 9.600000000 2.976878166200
1112.640000000 5.200000000 2.969747304900
1102.390000000 8.600000000 2.964398622500
1094.390000000 7.000000000 2.958887100200
1094.390000000 6.800000000 2.958137273800
1094.640000000 8.400000000 2.946329593700
1095.890000000 5.000000000 2.942162036900
1113.890000000 9.400000000 2.940789222700
1095.890000000 5.600000000 2.937609434100
1095.140000000 7.800000000 2.935774326300
1101.640000000 7.200000000 2.933076143300
1101.890000000 8.400000000 2.928313493700
1094.640000000 6.600000000 2.919899702100
1094.640000000 9.600000000 2.909351587300
1102.140000000 6.000000000 2.906166791900
1102.890000000 8.000000000 2.903982400900
1095.890000000 6.600000000 2.902681350700
1112.140000000 5.000000000 2.895202159900
1113.390000000 5.200000000 2.889003515200
1094.640000000 7.200000000 2.869922876400
1094.390000000 9.600000000 2.868488550200
1096.140000000 6.200000000 2.858184814500
1102.640000000 6.600000000 2.856155872300
1113.640000000 5.200000000 2.855723857900
1113.640000000 9.800000000 2.853427887000
1094.890000000 6.800000000 2.844056129500
1095.640000000 7.600000000 2.840137720100
1111.640000000 5.600000000 2.834209442100
1094.890000000 8.000000000 2.817881345700
1111.390000000 5.000000000 2.816855907400
1111.890000000 5.800000000 2.806401491200
1094.390000000 8.600000000 2.796182632400
1096.140000000 6.000000000 2.784979105000
1102.640000000 8.200000000 2.780365228700
1094.390000000 6.600000000 2.769246578200
1112.390000000 6.000000000 2.768319845200
1102.640000000 8.400000000 2.764588832900
1094.390000000 7.200000000 2.763441085800
1094.890000000 7.000000000 2.763088226300
1094.390000000 5.000000000 2.757804870600
1114.140000000 9.800000000 2.754414796800
1113.140000000 5.200000000 2.748782873200
1094.390000000 8.800000000 2.742363691300
1113.890000000 5.200000000 2.741487741500
1102.640000000 8.000000000 2.741248130800
1095.640000000 5.200000000 2.740103244800
1112.890000000 5.800000000 2.737771749500
1112.890000000 6.000000000 2.732858419400
1101.640000000 8.200000000 2.727268457400
1102.890000000 8.200000000 2.707834005400
1114.140000000 9.400000000 2.707014799100
1094.890000000 6.600000000 2.703471660600
1102.140000000 8.400000000 2.701767206200
1095.890000000 5.800000000 2.694279909100
1102.390000000 8.200000000 2.686109066000
1095.390000000 7.600000000 2.685492277100
1094.390000000 5.200000000 2.685258626900
1094.390000000 8.400000000 2.684243202200
1113.140000000 5.000000000 2.682315826400
1095.640000000 5.400000000 2.681577444100
1112.890000000 5.600000000 2.679827928500
1094.640000000 8.200000000 2.676894426300
1094.390000000 9.200000000 2.676773786500
1114.140000000 5.000000000 2.673180818600
1102.390000000 8.400000000 2.670787334400
1113.640000000 9.600000000 2.666621208200
1095.640000000 5.000000000 2.657649993900
1102.390000000 8.000000000 2.651493787800
1094.390000000 9.000000000 2.646125078200
1102.640000000 7.800000000 2.644553661300
1111.640000000 5.400000000 2.626648664500
1095.640000000 7.200000000 2.625879764600
1101.640000000 7.400000000 2.619114637400
1101.890000000 6.000000000 2.613612175000
1094.390000000 9.400000000 2.613111019100
1112.640000000 6.000000000 2.612043380700
1095.640000000 7.400000000 2.603315115000
1114.140000000 5.200000000 2.602256059600
1094.640000000 5.000000000 2.595846414600
1112.890000000 5.200000000 2.589947700500
1112.140000000 5.800000000 2.585341692000
1113.890000000 9.800000000 2.578275203700
1102.640000000 6.800000000 2.578240156200
1095.890000000 6.400000000 2.576119899700
1114.140000000 9.600000000 2.574944257700
1101.890000000 6.600000000 2.574509382200
1101.890000000 6.800000000 2.562475442900
1112.390000000 5.400000000 2.561971426000
1102.390000000 7.800000000 2.559530496600
1095.640000000 7.000000000 2.556300163300
1102.390000000 6.200000000 2.554836034800
1112.140000000 5.200000000 2.552322149300
1101.890000000 8.200000000 2.549525737800
1112.890000000 5.400000000 2.546775817900
1094.640000000 6.400000000 2.535473823500
1101.890000000 7.000000000 2.522047281300
1095.640000000 5.600000000 2.517977953000
1101.890000000 6.400000000 2.516500234600
1113.390000000 5.000000000 2.515757560700
1113.890000000 9.600000000 2.514974117300
1094.390000000 5.400000000 2.511147260700
1111.890000000 5.600000000 2.501788616200
1094.890000000 7.200000000 2.500101089500
1102.640000000 7.600000000 2.494021654100
1113.890000000 5.000000000 2.493579626100
1094.640000000 5.200000000 2.492375135400
1095.140000000 7.600000000 2.490623951000
1095.390000000 5.200000000 2.490556478500
1094.640000000 7.400000000 2.481490373600
1112.640000000 5.400000000 2.473409175900
1113.640000000 5.000000000 2.467368602800
1111.640000000 5.200000000 2.465499401100
1094.890000000 5.000000000 2.457779407500
1094.390000000 8.200000000 2.455582380300
1095.390000000 5.000000000 2.451406478900
1094.890000000 5.200000000 2.451254606200
1094.390000000 6.400000000 2.442285776100
1102.140000000 8.200000000 2.439505815500
1094.890000000 7.800000000 2.438575983000
1095.640000000 6.800000000 2.432902813000
1095.140000000 5.200000000 2.420942783400
1094.390000000 7.400000000 2.419818639800
1102.140000000 8.000000000 2.413370609300
1102.390000000 7.600000000 2.409693956400
1095.140000000 5.000000000 2.405195713000
1101.890000000 6.200000000 2.401048660300
1112.390000000 5.800000000 2.392293453200
1095.390000000 5.400000000 2.392188310600
1095.890000000 6.000000000 2.376959323900
1094.890000000 6.400000000 2.374269247100
1101.640000000 7.600000000 2.357085228000
1101.890000000 7.200000000 2.354496479000
1102.140000000 6.200000000 2.350603103600
1094.890000000 5.400000000 2.342208862300
1112.140000000 5.600000000 2.341167926800
1094.640000000 8.000000000 2.336559295700
1102.140000000 7.800000000 2.336062192900
1111.890000000 5.400000000 2.331816673300
1095.140000000 6.800000000 2.331353187600
1102.640000000 7.000000000 2.322779178600
1094.640000000 5.400000000 2.313237190200
1101.640000000 8.000000000 2.303757190700
1095.140000000 5.400000000 2.303167581600
1102.640000000 7.400000000 2.299965381600
1111.640000000 5.000000000 2.292817831000
1095.640000000 6.600000000 2.287757635100
1095.140000000 6.600000000 2.280853986700
1102.140000000 6.600000000 2.275772571600
1095.890000000 6.200000000 2.265153169600
1095.390000000 7.400000000 2.263417720800
1095.640000000 5.800000000 2.256832838100
1102.140000000 6.800000000 2.247751712800
1095.140000000 7.000000000 2.243720531500
1112.140000000 5.400000000 2.238700628300
1094.390000000 5.600000000 2.236444950100
1102.140000000 6.400000000 2.234576702100
1112.640000000 5.800000000 2.224635601000
1111.890000000 5.000000000 2.215506553600
1112.390000000 5.600000000 2.211216926600
1102.390000000 7.400000000 2.210541725200
1095.390000000 5.600000000 2.206536531400
1102.140000000 7.600000000 2.205254077900
1111.890000000 5.200000000 2.202682495100
1094.390000000 8.000000000 2.191662311600
1101.890000000 8.000000000 2.172767639200
1102.390000000 6.400000000 2.169651269900
1094.890000000 7.400000000 2.168834924700
1101.640000000 7.800000000 2.157420158400
1102.140000000 7.000000000 2.142354726800
1095.640000000 6.400000000 2.136317491500
1101.890000000 7.400000000 2.135014295600
1094.890000000 5.600000000 2.132956504800
1095.390000000 7.000000000 2.124396801000
1095.390000000 6.800000000 2.123125553100
1094.640000000 5.600000000 2.118657350500
1095.140000000 7.400000000 2.114254951500
1102.640000000 7.200000000 2.110364198700
1095.140000000 5.600000000 2.102385044100
1095.140000000 6.400000000 2.101924896200
1095.140000000 7.200000000 2.085341453600
1112.640000000 5.600000000 2.084501981700
1095.390000000 6.600000000 2.084346294400
1095.390000000 7.200000000 2.077898740800
1101.890000000 7.800000000 2.073159933100
1094.890000000 7.600000000 2.072978258100
1094.640000000 6.200000000 2.070360660600
1094.390000000 6.200000000 2.040817976000
1094.640000000 7.600000000 2.038230896000
1102.140000000 7.400000000 2.027720451400
1094.390000000 7.600000000 2.024486541700
1102.140000000 7.200000000 2.004010915800
1095.390000000 6.400000000 1.983226299300
1094.640000000 7.800000000 1.981352210000
1102.390000000 7.200000000 1.979317784300
1101.890000000 7.600000000 1.970484614400
1095.640000000 6.200000000 1.955638408700
1095.640000000 6.000000000 1.949018359200
1094.890000000 6.200000000 1.942027807200
1095.390000000 5.800000000 1.939001679400
1102.390000000 6.600000000 1.916922807700
1094.390000000 7.800000000 1.887681484200
1094.390000000 5.800000000 1.878473281900
1094.890000000 5.800000000 1.871163249000
1094.640000000 5.800000000 1.865061402300
1095.140000000 5.800000000 1.834278702700
1102.390000000 7.000000000 1.830997467000
1095.390000000 6.200000000 1.801856994600
1095.140000000 6.200000000 1.795979023000
1102.390000000 6.800000000 1.789799809500
1095.390000000 6.000000000 1.640123724900
1094.390000000 6.000000000 1.615490078900
1094.640000000 6.000000000 1.593894720100
1094.890000000 6.000000000 1.574723601300
1095.140000000 6.000000000 1.539608359300
