1553.420000000 6.000000000 472.972381591800
1553.170000000 6.000000000 468.789123535200
1553.670000000 6.000000000 463.118225097700
1552.920000000 6.000000000 432.115844726600
1553.920000000 6.000000000 421.521667480500
1553.420000000 6.500000000 398.137359619100
1553.670000000 6.500000000 397.117248535200
1553.420000000 5.500000000 387.959045410200
1553.170000000 5.500000000 386.582855224600
1553.920000000 6.500000000 368.434295654300
1552.670000000 6.000000000 368.082366943400
1553.170000000 6.500000000 367.910247802700
1553.670000000 5.500000000 365.968109130900
1554.170000000 6.000000000 364.009185791000
1552.920000000 5.500000000 353.489471435500
1552.920000000 6.500000000 330.104766845700
1553.920000000 5.500000000 329.821319580100
1554.170000000 6.500000000 324.270660400400
1554.420000000 6.000000000 304.046356201200
1552.670000000 5.500000000 301.248321533200
1552.420000000 6.000000000 296.788330078100
1554.170000000 5.500000000 281.908294677700
1554.420000000 6.500000000 276.009765625000
1552.670000000 6.500000000 274.326660156200
1553.670000000 7.000000000 257.933044433600
1553.420000000 7.000000000 254.595947265600
1553.420000000 5.000000000 251.786468505900
1554.670000000 6.000000000 248.921615600600
1552.420000000 5.500000000 244.801010131800
1553.170000000 5.000000000 243.685607910200
1553.920000000 7.000000000 243.653152465800
1553.670000000 5.000000000 239.474349975600
1554.420000000 5.500000000 233.184158325200
1553.170000000 7.000000000 232.443496704100
1552.170000000 6.000000000 231.817077636700
1554.670000000 6.500000000 230.317520141600
1554.170000000 7.000000000 218.457046508800
1552.920000000 5.000000000 217.928817749000
1552.420000000 6.500000000 216.485794067400
1553.920000000 5.000000000 212.575805664100
1547.670000000 6.000000000 201.259750366200
1554.920000000 6.000000000 201.115509033200
1547.420000000 6.000000000 200.447814941400
1552.920000000 7.000000000 197.488693237300
1547.170000000 6.000000000 193.641357421900
1552.170000000 5.500000000 193.529464721700
1547.920000000 6.000000000 193.089172363300
1547.670000000 5.500000000 193.006454467800
1547.920000000 5.500000000 191.722793579100
1548.170000000 5.500000000 190.888015747100
1547.420000000 6.500000000 190.214920043900
1547.170000000 6.500000000 189.894531250000
1554.920000000 6.500000000 189.787673950200
1554.420000000 7.000000000 189.468841552700
1554.670000000 5.500000000 189.339675903300
1547.420000000 5.500000000 185.127197265600
1546.920000000 6.500000000 184.167190551800
1546.920000000 6.000000000 184.081222534200
1552.670000000 5.000000000 183.245285034200
1554.170000000 5.000000000 182.649719238300
1547.670000000 6.500000000 182.516937255900
1548.170000000 6.000000000 182.071609497100
1548.420000000 5.500000000 179.573760986300
1551.920000000 6.000000000 178.205108642600
1546.670000000 6.500000000 176.950164794900
1546.670000000 6.000000000 174.301910400400
1547.170000000 5.500000000 172.588821411100
1548.420000000 6.000000000 168.728271484400
1546.420000000 6.500000000 166.859039306600
1547.920000000 6.500000000 166.209442138700
1546.420000000 6.000000000 165.950012207000
1552.170000000 6.500000000 165.867782592800
1547.920000000 5.000000000 164.036331176800
1547.670000000 5.000000000 161.799972534200
1546.920000000 7.000000000 161.603790283200
1554.670000000 7.000000000 161.597229003900
1555.170000000 6.000000000 160.649795532200
1547.170000000 7.000000000 160.608657836900
1546.170000000 6.000000000 159.894180297900
1552.670000000 7.000000000 159.312622070300
1546.920000000 5.500000000 159.283477783200
1548.170000000 5.000000000 158.242950439500
1548.670000000 5.500000000 158.113769531200
1547.420000000 7.000000000 157.599609375000
1555.170000000 6.500000000 157.480819702100
1545.920000000 6.000000000 156.307373046900
1553.670000000 7.500000000 156.244216918900
1546.170000000 6.500000000 156.189682006800
1546.670000000 7.000000000 154.887100219700
1545.670000000 6.000000000 154.577529907200
1547.420000000 5.000000000 154.246978759800
1553.420000000 4.500000000 154.238616943400
1545.420000000 6.000000000 153.024902343800
1553.420000000 7.500000000 152.243255615200
1554.920000000 5.500000000 152.119949340800
1554.420000000 5.000000000 151.776947021500
1553.670000000 4.500000000 150.967727661100
1551.920000000 5.500000000 150.833557128900
1553.920000000 7.500000000 150.376388549800
1545.170000000 6.000000000 148.743011474600
1552.420000000 5.000000000 147.946777343800
1545.920000000 6.500000000 147.918045043900
1548.670000000 6.000000000 147.816497802700
1546.670000000 5.500000000 147.510192871100
1553.170000000 4.500000000 145.852691650400
1547.670000000 7.000000000 145.630966186500
1548.170000000 6.500000000 143.908676147500
1546.420000000 7.000000000 143.608489990200
1548.420000000 5.000000000 141.797592163100
1547.170000000 5.000000000 141.662963867200
1554.920000000 7.000000000 141.499877929700
1545.670000000 6.500000000 141.338073730500
1544.920000000 6.000000000 138.592895507800
1546.420000000 5.500000000 138.334045410200
1553.170000000 7.500000000 138.230163574200
1553.920000000 4.500000000 137.731628418000
1554.170000000 7.500000000 137.728958129900
1551.670000000 6.000000000 136.019561767600
1545.420000000 6.500000000 135.434982299800
1546.170000000 5.500000000 132.073089599600
1546.170000000 7.000000000 130.701126098600
1548.920000000 5.500000000 130.444869995100
1545.170000000 6.500000000 128.934677124000
1545.920000000 5.500000000 128.551544189500
1552.920000000 4.500000000 128.498962402300
1546.920000000 5.000000000 128.188537597700
1545.670000000 5.500000000 127.099380493200
1545.420000000 5.500000000 126.380203247100
1547.920000000 7.000000000 126.196113586400
1548.420000000 6.500000000 125.391754150400
1551.920000000 6.500000000 125.152801513700
1547.670000000 4.500000000 124.542030334500
1552.420000000 7.000000000 124.326240539600
1545.170000000 5.500000000 124.321716308600
1546.920000000 7.500000000 124.001708984400
1554.670000000 5.000000000 123.864036560100
1548.920000000 6.000000000 122.500000000000
1554.420000000 7.500000000 122.070610046400
1544.670000000 6.000000000 121.908752441400
1555.170000000 7.000000000 121.704566955600
1547.170000000 7.500000000 121.418823242200
1555.170000000 5.500000000 121.311561584500
1547.420000000 4.500000000 120.982940673800
1547.920000000 4.500000000 120.682594299300
1544.920000000 6.500000000 120.252021789600
1554.170000000 4.500000000 119.126296997100
1546.670000000 7.500000000 118.964141845700
1544.920000000 5.500000000 118.658836364700
1545.920000000 7.000000000 117.901870727500
1548.670000000 5.000000000 117.891052246100
1552.920000000 7.500000000 117.498954772900
1551.670000000 5.500000000 116.795272827100
1552.170000000 5.000000000 116.638099670400
1547.420000000 7.500000000 116.403282165500
1546.670000000 5.000000000 116.132949829100
1547.170000000 4.500000000 112.780342102100
1546.420000000 7.500000000 109.469139099100
1554.670000000 7.500000000 109.253395080600
1548.170000000 4.500000000 108.534347534200
1544.670000000 6.500000000 108.480682373000
1544.670000000 5.500000000 108.370040893600
1552.670000000 4.500000000 107.175270080600
1546.420000000 5.000000000 106.414237976100
1545.670000000 7.000000000 106.103530883800
1547.670000000 7.500000000 104.073028564500
1548.670000000 6.500000000 103.634422302200
1551.420000000 6.000000000 103.611579895000
1548.170000000 7.000000000 103.106773376500
1546.920000000 4.500000000 102.535362243700
1549.170000000 5.500000000 102.149620056200
1544.420000000 6.000000000 102.081573486300
1554.920000000 5.000000000 100.236442565900
1554.420000000 4.500000000 99.569366455100
1546.170000000 5.000000000 99.198951721200
1545.420000000 7.000000000 98.965744018600
1546.170000000 7.500000000 98.436416626000
1549.170000000 6.000000000 97.135841369600
1554.920000000 7.500000000 97.050186157200
1553.670000000 8.000000000 96.674209594700
1553.670000000 4.000000000 96.613952636700
1553.420000000 4.000000000 96.294364929200
1553.920000000 8.000000000 95.162429809600
1544.420000000 5.500000000 94.845825195300
1552.670000000 7.500000000 94.691474914600
1552.170000000 7.000000000 94.527702331500
1544.420000000 6.500000000 94.417892456100
1545.920000000 5.000000000 94.300300598100
1548.920000000 5.000000000 94.236457824700
1551.670000000 6.500000000 93.681472778300
1547.420000000 4.000000000 93.115074157700
1545.170000000 7.000000000 92.983467102100
1553.420000000 8.000000000 92.774871826200
1546.670000000 4.500000000 92.481086731000
1545.670000000 5.000000000 91.332160949700
1551.920000000 5.000000000 90.766197204600
1547.170000000 4.000000000 90.747482299800
1548.420000000 4.500000000 90.659614563000
1553.920000000 4.000000000 90.653961181600
1551.420000000 5.500000000 90.337593078600
1547.670000000 4.000000000 89.942314147900
1545.420000000 5.000000000 89.710403442400
1554.170000000 8.000000000 89.510810852100
1553.170000000 4.000000000 89.480827331500
1545.170000000 5.000000000 88.601470947300
1546.920000000 8.000000000 88.128356933600
1545.920000000 7.500000000 87.682525634800
1544.920000000 7.000000000 87.661354064900
1544.920000000 5.000000000 86.956108093300
1547.920000000 7.500000000 86.726387023900
1546.670000000 8.000000000 86.401489257800
1552.420000000 4.500000000 86.135330200200
1547.170000000 8.000000000 85.047500610400
1555.170000000 7.500000000 84.987144470200
1546.920000000 4.000000000 84.840698242200
1544.170000000 6.000000000 84.158004760700
1544.670000000 5.000000000 83.771614074700
1553.170000000 8.000000000 83.665817260700
1546.420000000 4.500000000 83.656806945800
1544.670000000 7.000000000 82.412612915000
1548.420000000 7.000000000 82.388229370100
1548.920000000 6.500000000 81.777404785200
1554.670000000 4.500000000 81.715293884300
1554.420000000 8.000000000 81.711540222200
1544.170000000 5.500000000 81.381286621100
1555.170000000 5.000000000 80.833404541000
1546.420000000 8.000000000 80.795661926300
1547.920000000 4.000000000 80.725906372100
1554.170000000 4.000000000 80.595329284700
1544.170000000 6.500000000 80.274230957000
1551.170000000 6.000000000 79.240188598600
1547.420000000 8.000000000 79.103492736800
1544.420000000 5.000000000 78.577285766600
1552.920000000 4.000000000 78.121032714800
1545.670000000 7.500000000 78.109565734900
1549.420000000 5.500000000 77.701339721700
1546.670000000 4.000000000 77.552757263200
1544.420000000 7.000000000 76.607147216800
1546.170000000 4.500000000 76.519088745100
1549.420000000 6.000000000 75.264831543000
1554.670000000 8.000000000 75.239913940400
1546.170000000 8.000000000 73.565010070800
1552.420000000 7.500000000 73.400878906200
1548.670000000 4.500000000 72.078018188500
1543.920000000 6.000000000 72.018165588400
1545.420000000 7.500000000 71.943962097200
1544.170000000 5.000000000 71.819168090800
1543.920000000 5.500000000 71.520294189500
1549.170000000 5.000000000 71.141586303700
1545.920000000 4.500000000 71.140174865700
1552.920000000 8.000000000 71.116073608400
1551.920000000 7.000000000 70.789054870600
1546.420000000 4.000000000 70.408363342300
1551.170000000 5.500000000 70.281219482400
1551.670000000 5.000000000 70.178215026900
1551.420000000 6.500000000 69.862739563000
1544.170000000 7.000000000 69.860115051300
1543.920000000 6.500000000 69.312179565400
1554.420000000 4.000000000 69.086402893100
1547.670000000 8.000000000 68.475875854500
1548.170000000 7.500000000 68.224952697800
1554.920000000 8.000000000 68.034393310500
1545.170000000 7.500000000 67.661911010700
1552.170000000 4.500000000 67.659736633300
1545.670000000 4.500000000 67.556289672900
1548.170000000 4.000000000 67.328994751000
1554.920000000 4.500000000 67.092727661100
1545.920000000 8.000000000 66.291290283200
1543.920000000 5.000000000 66.227645874000
1543.670000000 5.500000000 65.730354309100
1545.420000000 4.500000000 65.445755004900
1552.670000000 4.000000000 64.978363037100
1544.920000000 7.500000000 64.339218139600
1545.170000000 4.500000000 64.300704956100
1546.170000000 4.000000000 64.206123352100
1543.670000000 5.000000000 64.179534912100
1548.670000000 7.000000000 64.139144897500
1543.670000000 6.000000000 63.806072235100
1543.420000000 5.000000000 63.717372894300
1544.920000000 4.500000000 63.560169220000
1543.420000000 5.500000000 63.440967559800
1553.920000000 8.500000000 62.951095581100
1544.670000000 4.500000000 62.570545196500
1549.170000000 6.500000000 62.508419036900
1543.920000000 7.000000000 62.458072662400
1553.670000000 8.500000000 62.222057342500
1543.170000000 5.500000000 61.964237213100
1543.670000000 6.500000000 61.873184204100
1544.670000000 7.500000000 61.643009185800
1550.920000000 6.000000000 61.611427307100
1546.670000000 8.500000000 61.334316253700
1554.170000000 8.500000000 61.121818542500
1543.170000000 5.000000000 61.116428375200
1544.420000000 4.500000000 60.796791076700
1555.170000000 8.000000000 60.706619262700
1543.420000000 6.000000000 60.447601318400
1546.920000000 8.500000000 59.942848205600
1543.170000000 6.000000000 59.861934661900
1545.670000000 8.000000000 59.794509887700
1546.420000000 8.500000000 59.743976593000
1542.920000000 5.500000000 59.594600677500
1542.920000000 6.000000000 59.386184692400
1549.670000000 5.500000000 59.321365356400
1545.920000000 4.000000000 59.232894897500
1544.420000000 7.500000000 59.120208740200
1549.670000000 6.000000000 58.732784271200
1553.420000000 8.500000000 58.520698547400
1543.420000000 4.500000000 58.196552276600
1544.170000000 4.500000000 58.111362457300
1554.670000000 4.000000000 58.031051635700
1554.420000000 8.500000000 57.839080810500
1543.670000000 7.000000000 57.793468475300
1543.420000000 6.500000000 57.661304473900
1542.670000000 6.000000000 57.548175811800
1552.670000000 8.000000000 57.514312744100
1543.670000000 4.500000000 57.423320770300
1542.920000000 5.000000000 57.412837982200
1547.170000000 8.500000000 56.932304382300
1542.920000000 6.500000000 56.597496032700
1543.170000000 4.500000000 56.513175964400
1542.670000000 5.500000000 56.417579650900
1546.170000000 8.500000000 56.377376556400
1544.170000000 7.500000000 56.251350402800
1542.670000000 6.500000000 56.178840637200
1543.920000000 4.500000000 56.043231964100
1545.420000000 8.000000000 55.898429870600
1543.170000000 6.500000000 55.791431427000
1550.920000000 5.500000000 55.728034973100
1547.920000000 8.000000000 55.542510986300
1545.670000000 4.000000000 55.481952667200
1552.170000000 7.500000000 55.378967285200
1555.170000000 4.500000000 55.009021759000
1554.670000000 8.500000000 54.465103149400
1542.420000000 6.000000000 54.246532440200
1551.420000000 5.000000000 54.195064544700
1542.420000000 6.500000000 54.088867187500
1548.920000000 4.500000000 54.084640502900
1543.420000000 7.000000000 53.537708282500
1542.670000000 5.000000000 53.465759277300
1548.420000000 4.000000000 53.291881561300
1542.920000000 4.500000000 53.175880432100
1545.170000000 8.000000000 52.973930358900
1542.670000000 7.000000000 52.895641326900
1542.420000000 5.500000000 52.792510986300
1545.420000000 4.000000000 52.787612915000
1543.920000000 7.500000000 52.697231292700
1551.670000000 7.000000000 52.510505676300
1551.920000000 4.500000000 52.444946289100
1545.920000000 8.500000000 52.375114440900
1542.920000000 7.000000000 52.307788848900
1552.420000000 4.000000000 52.239849090600
1551.170000000 6.500000000 52.220706939700
1553.170000000 8.500000000 52.171741485600
1549.420000000 5.000000000 52.159248352100
1542.420000000 7.000000000 51.978565216100
1543.170000000 7.000000000 51.914443969700
1548.420000000 7.500000000 51.550781250000
1542.170000000 6.000000000 51.428211212200
1542.170000000 6.500000000 50.983921051000
1547.420000000 8.500000000 50.916233062700
1545.170000000 4.000000000 50.884963989300
1544.920000000 8.000000000 50.654701232900
1542.170000000 5.500000000 50.549972534200
1542.420000000 5.000000000 50.532974243200
1543.670000000 7.500000000 50.504333496100
1554.920000000 8.500000000 50.360099792500
1542.170000000 5.000000000 50.045742034900
1542.670000000 4.500000000 49.956764221200
1550.670000000 6.000000000 49.933971405000
1541.920000000 5.000000000 49.700771331800
1541.920000000 5.500000000 49.596225738500
1541.920000000 6.500000000 49.526371002200
1544.920000000 4.000000000 49.440376281700
1541.920000000 6.000000000 49.366790771500
1542.170000000 7.000000000 49.296356201200
1541.670000000 5.500000000 49.055591583300
1542.170000000 4.500000000 48.989818573000
1545.670000000 8.500000000 48.976593017600
1541.670000000 6.000000000 48.951835632300
1542.670000000 7.500000000 48.804420471200
1541.670000000 6.500000000 48.765625000000
1544.670000000 8.000000000 48.695091247600
1541.920000000 4.500000000 48.646987915000
1541.670000000 5.000000000 48.584442138700
1542.420000000 7.500000000 48.555980682400
1541.420000000 6.500000000 48.554264068600
1541.920000000 7.000000000 48.544067382800
1542.420000000 4.500000000 48.375343322800
1541.420000000 6.000000000 48.346553802500
1554.920000000 4.000000000 48.343513488800
1548.920000000 7.000000000 48.273143768300
1543.170000000 4.000000000 48.253086090100
1543.420000000 4.000000000 48.184406280500
1544.670000000 4.000000000 48.103786468500
1549.920000000 6.000000000 48.060863494900
1541.420000000 7.000000000 47.990940094000
1541.420000000 5.500000000 47.927421569800
1543.420000000 7.500000000 47.743148803700
1542.670000000 4.000000000 47.604057312000
1541.670000000 7.000000000 47.581180572500
1542.920000000 7.500000000 47.473670959500
1549.920000000 5.500000000 47.454971313500
1541.170000000 6.500000000 47.437908172600
1549.420000000 6.500000000 47.263046264600
1542.920000000 4.000000000 47.208389282200
1543.170000000 7.500000000 47.151470184300
1541.170000000 6.000000000 47.136390686000
1541.670000000 4.500000000 47.135036468500
1544.420000000 8.000000000 46.877498626700
1541.170000000 7.000000000 46.773319244400
1544.420000000 4.000000000 46.615104675300
1541.420000000 5.000000000 46.528575897200
1543.670000000 4.000000000 46.528236389200
1542.420000000 4.000000000 46.469692230200
1542.170000000 7.500000000 46.459526062000
1545.420000000 8.500000000 46.446929931600
1542.170000000 4.000000000 46.339859008800
1550.670000000 5.500000000 46.155643463100
1541.920000000 7.500000000 45.968521118200
1555.170000000 8.500000000 45.906211853000
1541.920000000 4.000000000 45.839637756300
1541.420000000 7.500000000 45.736198425300
1541.170000000 5.500000000 45.719562530500
1540.920000000 6.500000000 45.451450347900
1541.670000000 7.500000000 45.092029571500
1544.170000000 8.000000000 45.046474456800
1540.920000000 7.000000000 44.936641693100
1544.170000000 4.000000000 44.932903289800
1552.420000000 8.000000000 44.776985168500
1541.170000000 7.500000000 44.774261474600
1541.420000000 4.500000000 44.575408935500
1542.420000000 8.000000000 44.508396148700
1540.920000000 6.000000000 44.402519226100
1543.920000000 4.000000000 44.378875732400
1545.170000000 8.500000000 44.292312622100
1552.920000000 8.500000000 44.189231872600
1542.670000000 8.000000000 44.176143646200
1541.670000000 4.000000000 44.018493652300
1550.420000000 6.000000000 43.817195892300
1541.170000000 5.000000000 43.519729614300
1550.170000000 6.000000000 43.158802032500
1543.920000000 8.000000000 43.129299163800
1548.170000000 8.000000000 42.855365753200
1547.670000000 8.500000000 42.846458435100
1542.170000000 8.000000000 42.816501617400
1541.920000000 8.000000000 42.505500793500
1540.920000000 7.500000000 42.479618072500
1544.920000000 8.500000000 42.400390625000
1540.920000000 5.500000000 42.267330169700
1543.670000000 8.000000000 42.261631012000
1551.170000000 5.000000000 42.108940124500
1542.920000000 8.000000000 42.022827148400
1541.420000000 8.000000000 41.858676910400
1540.670000000 6.500000000 41.778587341300
1540.670000000 7.000000000 41.748992919900
1550.170000000 5.500000000 41.689167022700
1541.670000000 8.000000000 41.640388488800
1541.420000000 4.000000000 41.428096771200
1550.420000000 5.500000000 41.412963867200
1543.170000000 8.000000000 41.357315063500
1552.170000000 4.000000000 41.279300689700
1543.420000000 8.000000000 41.245437622100
1541.170000000 4.500000000 41.244537353500
1551.920000000 7.500000000 40.999942779500
1551.670000000 4.500000000 40.750839233400
1544.670000000 8.500000000 40.651069641100
1541.170000000 8.000000000 40.611476898200
1540.670000000 6.000000000 40.308219909700
1555.170000000 4.000000000 40.245586395300
1540.920000000 5.000000000 40.023635864300
1548.670000000 4.000000000 40.014968872100
1542.420000000 8.500000000 39.768947601300
1550.920000000 6.500000000 39.668903350800
1540.670000000 7.500000000 39.408210754400
1542.170000000 8.500000000 39.351135253900
1549.170000000 4.500000000 39.173748016400
1544.420000000 8.500000000 38.978282928500
1541.920000000 8.500000000 38.825828552200
1551.420000000 7.000000000 38.743190765400
1542.670000000 8.500000000 38.637615203900
1549.670000000 5.000000000 38.583488464400
1540.670000000 5.500000000 38.567966461200
1548.670000000 7.500000000 38.318161010700
1541.170000000 4.000000000 38.122848510700
1540.420000000 6.500000000 37.948280334500
1540.920000000 8.000000000 37.853721618700
1541.670000000 8.500000000 37.703117370600
1540.920000000 4.500000000 37.405735015900
1544.170000000 8.500000000 37.396022796600
1540.420000000 7.000000000 37.171722412100
1541.420000000 8.500000000 36.885124206500
1540.420000000 6.000000000 36.843780517600
1542.920000000 8.500000000 36.610603332500
1549.670000000 6.500000000 36.361614227300
1540.670000000 5.000000000 36.133235931400
1543.920000000 8.500000000 35.980258941700
1552.670000000 8.500000000 35.816738128700
1549.170000000 7.000000000 35.664531707800
1543.670000000 8.500000000 35.392406463600
1543.170000000 8.500000000 35.188262939500
1543.420000000 8.500000000 34.945320129400
1540.420000000 7.500000000 34.844429016100
1541.170000000 8.500000000 34.766334533700
1540.420000000 5.500000000 34.683547973600
1540.670000000 8.000000000 34.524673461900
1540.170000000 6.500000000 34.290721893300
1540.920000000 4.000000000 34.236240387000
1547.920000000 8.500000000 34.201522827100
1552.170000000 8.000000000 33.913593292200
1550.920000000 5.000000000 33.670162200900
1540.170000000 7.000000000 33.580631256100
1540.170000000 6.000000000 33.295074462900
1540.670000000 4.500000000 33.255924224900
1551.920000000 4.000000000 32.391567230200
1540.420000000 5.000000000 32.163692474400
1548.420000000 8.000000000 31.977031707800
1551.420000000 4.500000000 31.780715942400
1540.920000000 8.500000000 31.517456054700
1550.670000000 6.500000000 31.480831146200
1540.170000000 5.500000000 31.345163345300
1539.920000000 6.500000000 30.731143951400
1539.920000000 6.000000000 30.226556778000
1549.920000000 5.000000000 30.179828643800
1540.670000000 4.000000000 30.122129440300
1540.420000000 8.000000000 30.072151184100
1551.670000000 7.500000000 29.957674026500
1540.170000000 7.500000000 29.919704437300
1549.920000000 6.500000000 29.571685791000
1540.420000000 4.500000000 29.330938339200
1539.920000000 7.000000000 29.321979522700
1548.920000000 4.000000000 29.013727188100
1551.170000000 7.000000000 28.635154724100
1540.170000000 5.000000000 28.593967437700
1550.670000000 5.000000000 28.301847457900
1549.420000000 4.500000000 28.167392730700
1548.920000000 7.500000000 28.061111450200
1552.420000000 8.500000000 28.040674209600
1540.670000000 8.500000000 27.969661712600
1539.920000000 5.500000000 27.919004440300
1550.420000000 6.500000000 27.198087692300
1539.670000000 6.500000000 27.188869476300
1539.670000000 6.000000000 26.786937713600
1550.170000000 6.500000000 26.574607849100
1549.420000000 7.000000000 26.347179412800
1548.170000000 8.500000000 26.225442886400
1540.420000000 4.000000000 26.180618286100
1550.170000000 5.000000000 26.148118972800
1550.420000000 5.000000000 25.704158783000
1539.920000000 7.500000000 25.602695465100
1540.170000000 4.500000000 25.470638275100
1551.670000000 4.000000000 25.191749572800
1551.920000000 8.000000000 25.187522888200
1540.170000000 8.000000000 25.106166839600
1551.170000000 4.500000000 24.882053375200
1539.920000000 5.000000000 24.850440979000
1539.670000000 7.000000000 24.697965621900
1539.670000000 5.500000000 24.284456253100
1540.420000000 8.500000000 23.945104599000
1548.670000000 8.000000000 23.390216827400
1539.420000000 6.500000000 23.336139679000
1539.420000000 6.000000000 23.138149261500
1540.170000000 4.000000000 22.306692123400
1551.420000000 7.500000000 21.894084930400
1539.920000000 4.500000000 21.627582550000
1550.920000000 7.000000000 21.533920288100
1552.170000000 8.500000000 21.391054153400
1539.670000000 7.500000000 21.203340530400
1539.670000000 5.000000000 21.177043914800
1539.420000000 5.500000000 21.032827377300
1549.670000000 4.500000000 20.811801910400
1549.170000000 4.000000000 20.721458435100
1539.420000000 7.000000000 20.452245712300
1549.170000000 7.500000000 20.366422653200
1539.920000000 8.000000000 20.236516952500
1549.670000000 7.000000000 19.953720092800
1540.170000000 8.500000000 19.867731094400
1550.920000000 4.500000000 19.803932189900
1548.420000000 8.500000000 19.562120437600
1539.170000000 6.000000000 19.555505752600
1539.170000000 6.500000000 19.525348663300
1551.420000000 4.000000000 19.505430221600
1539.920000000 4.000000000 18.628524780300
1551.670000000 8.000000000 18.452323913600
1539.170000000 5.500000000 18.030462265000
1539.670000000 4.500000000 17.955581665000
1539.420000000 5.000000000 17.949045181300
1539.420000000 7.500000000 17.083923339800
1550.670000000 7.000000000 16.970050811800
1548.920000000 8.000000000 16.943517684900
1539.170000000 7.000000000 16.794364929200
1538.920000000 6.000000000 16.642057418800
1539.670000000 8.000000000 16.499500274700
1549.920000000 4.500000000 16.476507186900
1550.670000000 4.500000000 16.393602371200
1551.170000000 7.500000000 16.120729446400
1538.920000000 6.500000000 16.103893280000
1539.920000000 8.500000000 16.064767837500
1549.920000000 7.000000000 16.053802490200
1551.920000000 8.500000000 16.010457992600
1538.920000000 5.500000000 15.354063034100
1539.670000000 4.000000000 15.260581970200
1551.170000000 4.000000000 15.129434585600
1539.170000000 5.000000000 15.041271209700
1549.420000000 4.000000000 14.918519973800
1549.420000000 7.500000000 14.880121231100
1539.420000000 4.500000000 14.824493408200
1550.420000000 7.000000000 14.626369476300
1550.420000000 4.500000000 14.612815856900
1550.170000000 4.500000000 14.555962562600
1548.670000000 8.500000000 14.341339111300
1550.170000000 7.000000000 14.327998161300
1538.670000000 6.000000000 14.204078674300
1534.170000000 4.000000000 13.690822601300
1538.920000000 7.000000000 13.649777412400
1534.420000000 4.000000000 13.531114578200
1539.170000000 7.500000000 13.492975235000
1533.920000000 4.000000000 13.458044052100
1551.420000000 8.000000000 13.411429405200
1539.420000000 8.000000000 13.292091369600
1538.670000000 6.500000000 13.291249275200
1534.670000000 4.000000000 13.276627540600
1534.920000000 4.000000000 13.129643440200
1538.670000000 5.500000000 13.124230384800
1535.170000000 4.000000000 13.055791854900
1535.420000000 4.000000000 12.868351936300
1539.670000000 8.500000000 12.717164039600
1538.920000000 5.000000000 12.560841560400
1533.670000000 4.000000000 12.489955902100
1535.670000000 4.000000000 12.300627708400
1539.420000000 4.000000000 12.276268959000
1538.420000000 6.000000000 12.274754524200
1549.170000000 8.000000000 12.259790420500
1539.170000000 4.500000000 12.115335464500
1550.920000000 7.500000000 12.080891609200
1536.420000000 6.000000000 11.970116615300
1536.170000000 5.500000000 11.947175025900
1536.420000000 5.500000000 11.928744316100
1536.170000000 6.000000000 11.913964271500
1550.920000000 4.000000000 11.892531395000
1551.670000000 8.500000000 11.817420959500
1535.420000000 4.500000000 11.730821609500
1535.670000000 4.500000000 11.695547103900
1536.670000000 6.000000000 11.638309478800
1535.920000000 5.500000000 11.606109619100
1535.920000000 6.000000000 11.533111572300
1536.670000000 5.500000000 11.516927719100
1535.170000000 4.500000000 11.445210456800
1538.420000000 5.500000000 11.397886276200
1535.920000000 5.000000000 11.301767349200
1535.920000000 4.000000000 11.206558227500
1549.670000000 7.500000000 11.192954063400
1535.920000000 4.500000000 11.186699867200
1535.670000000 5.000000000 11.164415359500
1549.670000000 4.000000000 11.161036491400
1538.420000000 6.500000000 11.150649070700
1538.670000000 7.000000000 11.110001564000
1536.170000000 5.000000000 11.074797630300
1534.920000000 4.500000000 11.044638633700
1535.670000000 6.000000000 11.039277076700
1535.670000000 5.500000000 11.025233268700
1536.920000000 6.000000000 11.013684272800
1538.170000000 6.000000000 10.884644508400
1535.920000000 6.500000000 10.831939697300
1536.920000000 5.500000000 10.819800376900
1534.670000000 4.500000000 10.777557373000
1536.170000000 6.500000000 10.772365570100
1535.420000000 5.000000000 10.765745163000
1535.670000000 6.500000000 10.716024398800
1534.420000000 4.500000000 10.672772407500
1539.170000000 8.000000000 10.546581268300
1538.670000000 5.000000000 10.542068481400
1538.920000000 7.500000000 10.532390594500
1534.170000000 4.500000000 10.519917488100
1536.420000000 5.000000000 10.479245185900
1548.920000000 8.500000000 10.416288375900
1535.420000000 6.500000000 10.415957450900
1536.420000000 6.500000000 10.410676956200
1535.420000000 6.000000000 10.370594978300
1535.420000000 5.500000000 10.333577156100
1537.170000000 6.000000000 10.322125434900
1533.420000000 4.000000000 10.320581436200
1536.170000000 4.500000000 10.198463439900
1538.170000000 5.500000000 10.185967445400
1535.170000000 5.000000000 10.184464454700
1533.920000000 4.500000000 10.143979072600
1537.170000000 5.500000000 10.061051368700
1537.920000000 6.000000000 10.029603004500
1539.420000000 8.500000000 9.880477905300
1538.920000000 4.500000000 9.849009513900
1539.170000000 4.000000000 9.837058067300
1535.420000000 7.000000000 9.821840286300
1537.420000000 6.000000000 9.818373680100
1536.670000000 6.500000000 9.815680503800
1535.170000000 6.500000000 9.814659118700
1551.170000000 8.000000000 9.757988929700
1535.170000000 6.000000000 9.711469650300
1535.670000000 7.000000000 9.711460113500
1537.670000000 6.000000000 9.688433647200
1550.670000000 4.000000000 9.678626060500
1538.170000000 6.500000000 9.640688896200
1535.170000000 5.500000000 9.620750427200
1536.170000000 4.000000000 9.616399765000
1536.670000000 5.000000000 9.606377601600
1535.170000000 7.000000000 9.600366592400
1534.920000000 5.000000000 9.598522186300
1550.670000000 7.500000000 9.493042945900
1537.420000000 5.500000000 9.481916427600
1537.920000000 5.500000000 9.478625297500
1534.420000000 8.500000000 9.354815483100
1535.920000000 7.000000000 9.348679542500
1537.670000000 5.500000000 9.257068634000
1534.670000000 5.000000000 9.231364250200
1534.170000000 8.500000000 9.229846000700
1538.420000000 7.000000000 9.153501510600
1536.920000000 6.500000000 9.127614975000
1534.670000000 8.500000000 9.121275901800
1533.670000000 4.500000000 9.102260589600
1549.920000000 4.000000000 9.022645950300
1534.920000000 5.500000000 9.019970893900
1534.920000000 7.000000000 8.996254921000
1538.420000000 5.000000000 8.979008674600
1549.920000000 7.500000000 8.970113754300
1535.170000000 7.500000000 8.959643364000
1549.420000000 8.000000000 8.956137657200
1534.920000000 6.500000000 8.935069084200
1534.920000000 8.500000000 8.913208007800
1536.170000000 7.000000000 8.903516769400
1534.920000000 6.000000000 8.894922256500
1534.920000000 7.500000000 8.886034965500
1536.420000000 4.500000000 8.880209922800
1534.420000000 5.000000000 8.772909164400
1534.670000000 8.000000000 8.772304534900
1535.420000000 7.500000000 8.747094154400
1534.420000000 8.000000000 8.697655677800
1537.920000000 6.500000000 8.685326576200
1551.420000000 8.500000000 8.643561363200
1536.920000000 5.000000000 8.620101928700
1534.920000000 8.000000000 8.596092224100
1533.920000000 8.500000000 8.586143493700
1534.670000000 7.500000000 8.559330940200
1537.170000000 6.500000000 8.529024124100
1535.170000000 8.500000000 8.520593643200
1550.420000000 4.000000000 8.435469627400
1534.670000000 5.500000000 8.430639267000
1538.670000000 7.500000000 8.344707489000
1535.670000000 7.500000000 8.322134017900
1534.170000000 8.000000000 8.318818092300
1536.420000000 7.000000000 8.281214714100
1535.170000000 8.000000000 8.273915290800
1538.920000000 8.000000000 8.252338409400
1534.670000000 7.000000000 8.242739677400
1537.670000000 6.500000000 8.218371391300
1537.420000000 6.500000000 8.188042640700
1550.170000000 4.000000000 8.182364463800
1550.420000000 7.500000000 8.165202140800
1534.170000000 5.000000000 8.098844528200
1534.420000000 7.500000000 8.044722557100
1534.670000000 6.000000000 8.021127700800
1538.670000000 4.500000000 7.998885631600
1550.170000000 7.500000000 7.993765831000
1534.670000000 6.500000000 7.980599880200
1535.420000000 8.500000000 7.922942161600
1539.170000000 8.500000000 7.896280288700
1535.420000000 8.000000000 7.889668941500
1538.170000000 5.000000000 7.861159324600
1535.920000000 7.500000000 7.823392868000
1538.920000000 4.000000000 7.786981582600
1537.170000000 5.000000000 7.772251606000
1536.420000000 4.000000000 7.764620780900
1538.170000000 7.000000000 7.715165138200
1534.420000000 5.500000000 7.714507579800
1533.920000000 8.000000000 7.674374580400
1549.170000000 8.500000000 7.551411151900
1536.670000000 7.000000000 7.541829109200
1536.670000000 4.500000000 7.503360748300
1534.420000000 7.000000000 7.484733581500
1533.670000000 8.500000000 7.475716590900
1534.170000000 7.500000000 7.447041511500
1533.170000000 4.000000000 7.281365871400
1533.920000000 5.000000000 7.260829925500
1533.420000000 4.500000000 7.260106086700
1535.670000000 8.000000000 7.241287231400
1550.920000000 8.000000000 7.240190506000
1537.420000000 5.000000000 7.194464683500
1537.920000000 5.000000000 7.191277027100
1534.420000000 6.000000000 7.159072399100
1534.420000000 6.500000000 7.128402710000
1536.170000000 7.500000000 7.099584579500
1535.670000000 8.500000000 7.078623771700
1537.670000000 5.000000000 6.975878238700
1534.170000000 5.500000000 6.867513179800
1536.920000000 7.000000000 6.829301834100
1534.170000000 7.000000000 6.759508132900
1538.420000000 7.500000000 6.746679782900
1537.920000000 7.000000000 6.738092899300
1549.670000000 8.000000000 6.727787017800
1533.670000000 8.000000000 6.703896045700
1533.920000000 7.500000000 6.650931358300
1535.920000000 8.000000000 6.598427295700
1538.420000000 4.500000000 6.587435722400
1534.170000000 6.500000000 6.412230014800
1534.170000000 6.000000000 6.394788265200
1538.670000000 8.000000000 6.379630088800
1536.920000000 4.500000000 6.327166557300
1551.170000000 8.500000000 6.313021183000
1537.170000000 7.000000000 6.292556762700
1536.420000000 7.500000000 6.265674114200
1538.920000000 8.500000000 6.213990688300
1537.670000000 7.000000000 6.190788745900
1533.420000000 8.500000000 6.141873836500
1533.670000000 5.000000000 6.133564949000
1538.670000000 4.000000000 6.099111080200
1537.420000000 7.000000000 6.054107666000
1533.920000000 7.000000000 6.040730476400
1535.920000000 8.500000000 5.993001461000
1536.670000000 4.000000000 5.970775127400
1533.920000000 5.500000000 5.955636978100
1536.170000000 8.000000000 5.851747036000
1533.920000000 6.500000000 5.780118942300
1533.670000000 7.500000000 5.768161773700
1533.920000000 6.000000000 5.692016601600
1550.670000000 8.000000000 5.663355827300
1533.420000000 8.000000000 5.567444324500
1538.170000000 4.500000000 5.531671047200
1549.420000000 8.500000000 5.522058486900
1538.170000000 7.500000000 5.518027782400
1536.670000000 7.500000000 5.438878536200
1537.170000000 4.500000000 5.366708755500
1549.920000000 8.000000000 5.365844249700
1533.670000000 7.000000000 5.317046642300
1533.670000000 6.500000000 5.153995037100
1533.670000000 5.500000000 5.069517135600
1536.170000000 8.500000000 5.068554878200
1533.670000000 6.000000000 5.019707202900
1536.420000000 8.000000000 5.005234718300
1533.170000000 4.500000000 4.982240200000
1533.420000000 7.500000000 4.933311462400
1538.420000000 8.000000000 4.899781703900
1533.170000000 8.500000000 4.848610401200
1537.920000000 4.500000000 4.839297771500
1550.420000000 8.000000000 4.833748817400
1533.420000000 5.000000000 4.822302341500
1538.420000000 4.000000000 4.821562767000
1538.670000000 8.500000000 4.798666477200
1537.420000000 4.500000000 4.750731468200
1550.170000000 8.000000000 4.749767303500
1536.920000000 7.500000000 4.707785606400
1550.920000000 8.500000000 4.676401615100
1537.920000000 7.500000000 4.643260002100
1533.420000000 7.000000000 4.600834846500
1537.670000000 4.500000000 4.567086219800
1536.920000000 4.000000000 4.531685829200
1533.420000000 6.500000000 4.478224277500
1533.170000000 8.000000000 4.443951129900
1532.920000000 4.000000000 4.367473125500
1533.420000000 6.000000000 4.358232021300
1533.420000000 5.500000000 4.319627285000
1536.420000000 8.500000000 4.221744060500
1537.170000000 7.500000000 4.192976951600
1549.670000000 8.500000000 4.153067588800
1536.670000000 8.000000000 4.151921272300
1537.670000000 7.500000000 4.129016876200
1533.170000000 7.500000000 4.074161529500
1537.420000000 7.500000000 3.983453750600
1533.170000000 7.000000000 3.871789932300
1538.170000000 4.000000000 3.813277483000
1538.170000000 8.000000000 3.793592453000
1533.170000000 6.500000000 3.749100208300
1532.920000000 8.500000000 3.745784759500
1533.170000000 5.000000000 3.730989456200
1533.170000000 6.000000000 3.698405265800
1533.170000000 5.500000000 3.652546644200
1538.420000000 8.500000000 3.651224851600
1550.670000000 8.500000000 3.620234727900
1537.170000000 4.000000000 3.517379283900
1532.920000000 8.000000000 3.447032213200
1536.920000000 8.000000000 3.407634019900
1536.670000000 8.500000000 3.397651433900
1549.920000000 8.500000000 3.325750827800
1532.920000000 5.000000000 3.308698177300
1532.920000000 7.500000000 3.246292591100
1532.920000000 4.500000000 3.225252151500
1532.920000000 7.000000000 3.154411554300
1532.920000000 5.500000000 3.140099048600
1537.920000000 4.000000000 3.128279209100
1532.920000000 6.500000000 3.103713512400
1550.420000000 8.500000000 3.066810369500
1537.920000000 8.000000000 3.050022125200
1532.920000000 6.000000000 3.041614532500
1550.170000000 8.500000000 2.972175836600
1537.420000000 4.000000000 2.949219465300
1532.670000000 5.000000000 2.892299413700
1537.170000000 8.000000000 2.870886564300
1532.670000000 8.500000000 2.867432594300
1537.670000000 4.000000000 2.833259582500
1538.170000000 8.500000000 2.781980037700
1532.670000000 4.500000000 2.762355566000
1532.670000000 5.500000000 2.739640712700
1536.920000000 8.500000000 2.687617301900
1537.670000000 8.000000000 2.659650564200
1532.670000000 8.000000000 2.615230560300
1537.420000000 8.000000000 2.608071088800
1532.670000000 7.500000000 2.494235515600
1532.420000000 5.000000000 2.491123676300
1532.670000000 4.000000000 2.490078926100
1532.670000000 7.000000000 2.476645231200
1532.670000000 6.500000000 2.475891590100
1532.670000000 6.000000000 2.447148084600
1532.420000000 5.500000000 2.357367754000
1532.420000000 4.500000000 2.321450233500
1532.420000000 8.500000000 2.225787401200
1537.920000000 8.500000000 2.200198888800
1537.170000000 8.500000000 2.172052860300
1532.170000000 5.000000000 2.106876134900
1532.420000000 4.000000000 2.038869142500
1532.420000000 8.000000000 2.021513223600
1532.170000000 5.500000000 1.984278917300
1532.420000000 6.000000000 1.959807753600
1532.420000000 6.500000000 1.940664768200
1532.170000000 4.500000000 1.916600704200
1537.670000000 8.500000000 1.908702611900
1537.420000000 8.500000000 1.903378725100
1532.420000000 7.500000000 1.895994305600
1532.420000000 7.000000000 1.873689174700
1532.170000000 8.500000000 1.838435888300
1531.920000000 5.000000000 1.736151576000
1532.170000000 4.000000000 1.634880304300
1531.920000000 5.500000000 1.617869854000
1532.170000000 6.000000000 1.578887581800
1532.170000000 8.000000000 1.567113995600
1531.920000000 4.500000000 1.551537156100
1531.920000000 8.500000000 1.500312805200
1532.170000000 6.500000000 1.462186574900
1532.170000000 7.500000000 1.390051126500
1531.670000000 5.000000000 1.380429029500
1532.170000000 7.000000000 1.367430090900
1531.920000000 4.000000000 1.289545178400
1531.670000000 5.500000000 1.269455075300
1531.920000000 6.000000000 1.233418822300
1531.670000000 4.500000000 1.225383162500
1531.670000000 8.500000000 1.207265377000
1531.920000000 8.000000000 1.187502622600
1531.920000000 6.500000000 1.055100441000
1531.170000000 8.500000000 1.053413391100
1531.420000000 5.000000000 1.052579164500
1531.420000000 8.500000000 1.034044385000
1531.670000000 4.000000000 1.008817195900
1531.920000000 7.500000000 0.984450638300
1531.920000000 7.000000000 0.965819835700
1531.420000000 5.500000000 0.960579931700
1531.420000000 4.500000000 0.939330995100
1531.670000000 6.000000000 0.936581254000
1531.670000000 8.000000000 0.887126445800
1531.170000000 8.000000000 0.844471395000
1531.420000000 8.000000000 0.821341872200
1531.420000000 4.000000000 0.789949834300
1531.170000000 5.000000000 0.772855579900
1531.670000000 6.500000000 0.765464425100
1531.170000000 5.500000000 0.710711956000
1531.420000000 6.000000000 0.701171875000
1531.170000000 4.500000000 0.698902070500
1531.670000000 7.500000000 0.685007035700
1531.670000000 7.000000000 0.673539996100
1531.170000000 7.500000000 0.667527258400
1531.170000000 4.000000000 0.622189700600
1531.420000000 7.500000000 0.603468895000
1531.420000000 6.500000000 0.584038794000
1531.170000000 7.000000000 0.543824911100
1531.170000000 6.000000000 0.530546128700
1531.420000000 7.000000000 0.511217474900
1531.170000000 6.500000000 0.503767609600
