-103.877 29.2151 1
-103.877 29.4855 2
-103.877 29.7559 3
-103.877 30.0263 4
-103.877 30.2967 5
-103.877 30.5671 6
-103.877 30.8375 7
-103.877 31.1079 8
-103.566 29.2151 9
-103.566 29.4855 10
-103.566 29.7559 11
-103.566 30.0263 12
-103.566 30.2967 13
-103.566 30.5671 14
-103.566 30.8375 15
-103.566 31.1079 16
-103.255 29.2151 17
-103.255 29.4855 18
-103.255 29.7559 19
-103.255 30.0263 20
-103.255 30.2967 21
-103.255 30.5671 22
-103.255 30.8375 23
-103.255 31.1079 24
-102.944 29.2151 25
-102.944 29.4855 26
-102.944 29.7559 27
-102.944 30.0263 28
-102.944 30.2967 29
-102.944 30.5671 30
-102.944 30.8375 31
-102.944 31.1079 32
-102.632 29.2151 33
-102.632 29.4855 34
-102.632 29.7559 35
-102.632 30.0263 36
-102.632 30.2967 37
-102.632 30.5671 38
-102.632 30.8375 39
-102.632 31.1079 40
-102.321 29.2151 41
-102.321 29.4855 42
-102.321 29.7559 43
-102.321 30.0263 44
-102.321 30.2967 45
-102.321 30.5671 46
-102.321 30.8375 47
-102.321 31.1079 48
-102.01 29.2151 49
-102.01 29.4855 50
-102.01 29.7559 51
-102.01 30.0263 52
-102.01 30.2967 53
-102.01 30.5671 54
-102.01 30.8375 55
-102.01 31.1079 56
-101.699 29.2151 57
-101.699 29.4855 58
-101.699 29.7559 59
-101.699 30.0263 60
-101.699 30.2967 61
-101.699 30.5671 62
-101.699 30.8375 63
-101.699 31.1079 64
